5632785
3127035
16490640
40102893
21242697
103979755
14192804
22537453
3637244
11631117
69450689
131682054
49892867
19824654
85095464
23671562
64531230
24114282
16859925
319506995
64297448
118521833
132828810
220266826
21979181
286979104
81754913
15591138
329165782
76114560
91575324
2917958
57572577
155939042
202024940
190405711
69630617
10603573
200748543
273895054
96538863
142644514
21990721
44574053
145537655
216731583
188665589
489401402
43085397
95695029
157994413
325497475
510155115
147200725
509771600
97254530
275676320
568252995
170125947
153018890
13908545
261705247
296030515
268811471
65279286
19146856
363762200
267227759
393363111
545807446
340597375
758157605
745724357
363029458
670163700
326535504
419206014
653963725
599453357
217301220
147029483
755418610
108078910
1070896320
15351388
662142143
947785699
215748928
146498807
1050453662
78746288
1143222979
1115591185
580964552
987059892
1006070169
39492143
7200033
241101057
226628134
1069755319
558468190
84716428
10837182
727851211
1016648832
474527206
1579041
651082632
1155318648
243887788
239903282
1253678909
1467083063
280051310
260573335
406684914
22213661
996316460
1667094001
1873652784
259333212
73207605
739981076
1193001554
777801945
1910429615
35348014
813249734
748368096
626018522
1084901456
837960669
1179650721
64356473
1589120591
1479029020
1170033309
328729225
1762593174
318878631
1959799478
670214818
1877529938
549402761
1173027225
1217160963
348216146
55424462
1251089935
573256089
402600800
888541167
647089085
2127924554
1063964390
1471541666
2016170762
682728050
308372341
860889131
1198103753
1285322975
351020054
1030022492
811983591
1201985497
1883811905
85142133
130298851
533944669
1311749587
1647089137
1181617849
1846445158
133113261
920790931
930286710
48680189
576318509
291260507
1440011367
1302465673
1394856249
1701806183
1044793682
1906451991
430802717
918889327
700104861
2566245095
1330328459
110131556
925772697
854481813
2052276682
469212914
530131209
668440282
370057736
2097459923
1694084248
48093256
796184564
844377044
258814243
217741936
2467502481
402561381
2865716876
113036599
502853923
1105470448
2144513155
583148734
1642535048
810822705
743363274
1595576383
2057450103
1752365211
80432832
826157852
706419518
2750169197
733693343
2442163441
641928414
2573712264
1375443406
2105665874
125213963
1916424613
800144014
41564376
1342932543
416257834
1058584290
417806660
1220048828
2152226302
266301311
990306154
688662280
2014705691
2125479874
3546349602
3218759332
177909356
2933395670
698789743
434873351
1071445857
3216689040
2303001814
731203011
2436692111
2355077468
124437131
1324005691
2296068205
584247458
538577227
559247865
2299889642
1764361969
750099722
216477445
9138616
1250901823
1235566491
1110215722
1759028659
662815172
795124477
266756117
2341349475
206573902
1315142628
4068613
860262770
767330509
423626485
1126653366
396516840
74225679
2646284820
1314749761
2856074174
1562819033
826210765
3705235950
27540883
934527875
111654887
1440645383
655932196
1551974650
595674985
1052151406
2915501774
3424297241
523803207
2449028378
3010636719
1424367736
2300853979
644893441
1430912305
2165403463
3829303639
1791930161
1941916845
2080046267
1916963596
1794419809
32335179
920773858
586596608
2341268401
2159121776
917304245
320615985
3210244019
2305279688
3842037070
904466514
3908961693
2000762121
3056007505
