25
12 -219
-14 -245
-135 -196
-243 -141
-220 -39
-172 153
-171 -43
-164 115
-61 238
26 226
-13 158
-33 122
113 189
-97 -42
43 103
104 66
121 66
217 197
249 -229
195 -185
116 8
105 -76
-62 -58
-97 -108
-115 -149
25
-238 -36
-247 -30
-247 131
-242 187
-125 170
95 62
79 109
45 234
184 189
137 143
193 33
219 30
59 -48
7 -158
82 -137
206 -59
205 -202
156 -141
99 -189
-4 -177
190 -220
50 -233
-18 -182
-8 -140
-22 -184
25
-237 -138
-244 -32
-170 46
-207 44
-185 129
-151 205
-120 138
-170 25
-82 164
-97 134
-178 -40
13 213
115 247
213 249
222 237
229 167
226 122
125 106
92 29
218 -29
87 -131
160 -185
-136 -203
-61 -157
-233 -192
25
-52 -100
-34 -136
-16 -183
-56 -241
-80 -202
-246 -143
-159 -123
-133 -66
-200 170
-68 157
-27 111
41 233
122 197
164 151
139 129
161 126
63 87
-35 57
130 72
211 118
169 -40
159 -169
91 -116
67 -82
-46 -100
25
-100 162
-39 185
29 188
73 233
24 133
214 157
228 -9
82 -101
233 -135
81 -130
78 -156
21 -154
22 -228
-27 -185
-55 -131
-35 -127
-105 -110
-97 -68
-67 10
-165 -86
-243 -220
-179 40
-240 148
-242 213
-89 108
0
