25
-243 201
-103 237
114 201
3 188
22 90
103 152
206 97
217 63
141 25
184 31
86 -41
71 -45
3 -109
82 -112
208 -215
203 -216
177 -235
102 -244
-6 -243
150 -197
113 -183
-81 -193
-129 16
-61 22
-35 63
25
-204 67
-184 75
-161 147
-106 197
-105 188
-38 244
26 207
151 199
29 173
126 170
223 118
-1 126
-125 98
106 66
246 17
93 -76
-40 -67
-12 0
-123 54
-137 -3
-121 -25
-62 -133
-51 -153
-106 -140
-202 6
25
192 208
105 106
114 72
241 234
226 29
235 27
191 -54
175 -35
145 -105
36 -125
-20 -167
89 -29
-58 -153
54 23
14 -11
-210 -240
-185 -184
-158 -115
-239 12
-197 29
-158 99
-121 -27
-1 101
74 158
-119 197
25
-109 215
-17 184
56 18
47 97
87 46
138 -11
162 125
243 -176
-23 7
120 -107
-100 28
62 -79
181 -151
-48 -99
235 -212
18 -239
-193 -244
-235 -26
-224 5
-193 170
-181 211
-204 237
-208 241
-178 245
56 181
25
24 -32
52 11
14 195
89 234
139 139
218 196
217 166
148 18
215 24
222 7
200 -205
96 -192
48 -189
-7 -164
-143 -182
-157 -6
-161 8
-230 45
-182 114
-192 156
-116 236
-50 197
-52 161
-61 133
-60 133
0
