25
219 20
139 -188
120 -155
95 -172
125 -126
80 -162
-96 -167
-129 -106
-178 -20
-146 -35
-131 -7
-60 -42
-121 -4
-94 -18
-184 34
-195 129
-127 67
-12 234
-5 178
116 163
3 127
49 0
123 113
151 166
89 -91
25
234 -179
0 -218
20 -210
-30 -195
-97 -206
-127 -142
-217 -203
-156 -92
-46 -116
-78 86
-187 -40
-208 -25
-222 46
-116 141
-61 215
-35 236
132 240
7 144
-28 102
-11 93
136 114
112 -16
192 -37
221 -85
216 -91
25
248 224
210 48
128 25
184 -22
196 -97
187 -95
122 -32
23 -61
148 -199
-75 -237
8 -207
-124 -244
92 69
-176 -201
-80 -95
-178 -190
-132 -63
-30 37
-79 9
-227 77
-118 103
-8 187
-8 135
91 139
198 216
0
