10
37 -22
6 -72
-40 -97
-23 -72
-55 -92
-49 -80
-57 -61
-66 40
8 39
42 97
10
22 -42
22 42
-8 -44
-40 -42
-64 -56
-28 74
28 89
61 66
91 -80
51 -10
10
90 35
64 -5
74 -38
44 -43
22 -9
33 -94
-71 -35
-42 24
-10 51
62 86
10
4 48
95 -36
-3 47
-25 -53
-48 13
-54 14
-73 -97
-71 49
-52 54
15 47
10
-30 27
90 -9
23 4
10 1
17 -89
-57 -63
-92 11
-39 64
0 76
7 52
10
-91 73
18 88
44 74
99 50
75 -35
53 10
19 22
92 -97
-84 -44
-64 52
10
-18 6
-21 -36
-70 -53
-65 90
-59 97
-50 72
19 50
81 43
34 -75
30 -9
10
-94 47
78 98
-59 44
98 60
97 -32
58 -40
25 -45
-14 -67
-26 -71
-85 26
10
-24 -96
-84 -80
-80 65
-22 41
5 64
35 62
87 51
7 16
48 -13
41 -85
10
72 76
-91 -9
8 79
51 99
77 79
96 53
98 -30
40 -84
-26 -63
-28 -30
0
