25
-126 -239
-158 -53
-219 115
-216 136
-109 227
-78 243
-25 220
-45 224
-55 201
96 190
151 177
106 -56
160 29
156 6
143 -28
197 27
239 -87
145 -156
122 -172
23 -90
-39 -137
-3 -243
-30 -238
-69 -211
-81 -203
25
-65 128
-39 190
51 58
134 213
232 93
213 69
216 -50
225 -84
126 -37
60 -7
106 -173
111 -208
27 -180
-22 -28
-87 -144
-90 90
-102 -43
-145 -140
-144 118
-230 15
-215 105
-166 158
-210 203
-129 208
-97 208
25
136 -25
39 -46
186 -81
70 -88
168 -208
114 -240
59 -247
-146 -177
-221 -95
-219 -83
-32 -39
40 41
-18 4
-87 -40
-181 -51
-94 88
-70 125
-86 133
50 219
61 157
63 167
117 179
171 121
192 -8
112 38
25
97 16
136 20
161 22
174 -55
117 -191
-15 -151
-80 -119
-158 -60
-225 -42
-160 -4
-247 28
-176 192
-196 64
-96 200
-69 221
-106 135
-91 110
-35 164
-30 207
61 208
77 165
211 201
164 117
182 61
-10 30
25
-170 -145
-180 -216
-206 -193
-231 -135
-248 -100
-232 143
-205 8
-205 220
-71 236
210 233
207 218
127 175
-91 46
27 82
145 70
197 37
9 12
132 -162
223 -236
29 -148
-185 127
59 -216
-115 -209
-65 -171
-162 -147
0
