25
54 217
108 244
-33 -43
-36 -55
181 59
117 7
212 -17
57 -67
93 -80
10 -200
-62 -156
-157 -218
-165 -195
-228 -205
-220 244
-210 -76
-208 125
-208 144
-141 236
-111 230
-142 -98
-78 71
-66 168
-26 209
-16 147
25
29 232
79 238
209 210
15 156
-50 70
39 -23
45 -35
203 155
244 141
211 -60
46 -88
104 -176
32 -109
-28 -170
-37 -124
-21 -98
-63 -113
-11 -17
-48 -34
-193 -107
-237 -58
-235 87
-205 191
3 215
-54 146
25
10 -240
-146 -237
-155 -150
-163 -113
-147 -119
-146 -40
-155 -37
-229 154
-211 144
-180 106
-188 243
-168 229
-89 73
-92 177
192 157
217 62
208 24
150 -208
117 -189
98 -175
84 -174
82 -162
114 -68
-12 -169
13 -187
25
-119 155
-13 203
188 232
240 124
110 121
103 103
164 61
154 59
202 29
3 55
76 11
186 -20
143 -18
93 -43
171 -212
11 -195
-3 -236
-2 -112
-24 -105
-61 4
-60 -132
-123 -6
-183 -57
-231 -75
-163 120
25
202 152
220 136
247 125
235 -48
212 -203
115 -186
85 -147
27 -171
19 -30
-90 -234
-81 -154
-141 -177
-241 -197
-173 -16
-129 -61
-123 37
-54 42
-178 149
-222 191
-180 172
-173 212
-113 186
35 103
-2 175
136 59
0
