25
-199 -164
-179 55
-226 -5
-209 229
-206 243
0 204
-80 173
20 187
173 181
161 126
131 75
-23 -20
-64 -66
37 -84
185 15
168 -4
53 -167
183 -64
238 -119
197 -209
144 -197
106 -234
-84 -243
-209 -215
-134 -180
25
202 182
219 43
243 -104
247 -151
245 -212
157 -127
185 71
115 -119
-26 -193
33 -146
-34 -180
-36 -148
-154 -161
-236 -120
-219 7
-212 90
-115 211
14 205
-18 102
-4 124
46 114
39 69
-68 -22
-124 -133
54 -90
25
0 -29
13 -86
105 -247
5 -204
5 -225
-94 11
-103 -99
-173 -174
-195 -122
-179 154
-163 96
-149 130
-213 238
-5 248
-10 197
-8 187
-41 121
100 166
140 67
13 39
53 28
185 59
222 -6
241 -29
169 -6
25
-28 -64
-121 -90
-195 -157
44 96
-239 -165
-168 -13
-115 145
-185 169
-143 203
154 216
127 92
142 62
221 119
134 2
90 -21
53 -64
74 -83
182 -226
118 -184
30 -180
23 -246
-169 -245
-45 -144
-178 -230
-197 -197
25
186 188
30 56
74 74
236 61
107 6
49 -29
200 6
222 5
161 -75
63 -243
66 -209
91 -71
-66 -152
-147 -246
-244 -209
-214 -165
-164 -107
-230 53
-165 137
-183 77
-93 137
-51 57
-2 50
-13 107
200 226
0
