25
-243 -235
-249 5
-229 130
-203 -140
-202 111
-163 150
-172 33
-149 96
-77 118
-116 235
-22 231
208 184
24 1
146 76
62 -13
57 -55
171 13
244 -155
197 -154
106 -175
214 -215
-27 -188
-28 -139
-54 -153
-120 -203
25
237 63
247 47
240 -122
96 -213
62 -234
74 -121
-52 -169
-204 -33
-190 -18
-232 88
-236 221
-159 170
-85 96
-56 45
-39 38
-4 52
-5 129
69 94
78 156
7 140
239 218
246 189
21 -5
209 78
212 69
25
199 53
240 16
236 -35
103 -82
168 -153
188 -175
172 -177
-10 -221
-132 -245
-151 -232
-79 -183
-114 -177
-43 -124
-191 -203
-229 -163
-156 -116
-240 -150
-247 -135
-220 -45
-125 136
-48 19
19 176
122 69
123 207
150 10
25
130 -162
128 -235
-117 -223
-164 -236
-168 -221
37 -133
71 -42
19 -50
-121 -116
-241 -206
-245 -73
-169 -8
-166 -13
-76 76
-32 112
39 143
72 140
38 54
105 75
135 162
148 122
239 -47
156 -38
224 -56
242 -118
25
-238 78
-77 202
151 225
96 186
-69 85
-80 100
-193 27
-18 53
-38 -111
32 -133
43 -59
29 54
28 82
176 -48
204 -30
248 213
244 -219
-11 -144
-33 -138
12 -244
-92 -128
-206 -231
-204 -144
-217 -171
-245 -33
0
