25
105 -84
180 -157
132 -161
5 -69
-2 -46
-43 -46
-13 -62
-42 -184
-190 -231
-216 -162
-165 -50
-177 -33
-174 62
-217 -74
-220 219
-22 175
7 146
14 239
124 240
197 -8
135 -32
179 -113
162 -120
65 -13
42 -14
25
58 66
70 70
105 -70
163 -54
241 -120
194 -148
-19 -26
-66 -60
205 -246
106 -222
-92 -159
-240 -248
-128 -43
-62 23
-101 -13
-35 68
-55 73
38 105
-209 102
-170 213
-166 236
-90 212
-86 121
71 216
208 155
25
134 -181
-56 -173
115 -192
54 -225
-146 -200
-128 -173
-170 -74
31 -140
-246 -19
17 31
-240 63
-242 238
-43 216
9 155
-2 221
92 187
41 121
94 155
220 216
226 188
245 161
218 109
129 -88
242 -5
182 -169
25
-204 -190
-235 37
-243 -23
-249 200
-223 192
-152 240
-125 151
-177 69
-139 77
61 -11
65 23
-24 216
15 170
70 38
126 6
146 10
239 71
178 -15
-6 -59
-126 -62
55 -100
-200 -186
77 -170
163 -172
-44 -215
25
-78 -99
-93 -110
-114 -53
-128 -230
-228 -126
-220 9
-191 -43
-135 -129
-197 143
-197 189
-88 86
-65 35
-53 9
47 238
-39 -19
42 151
166 195
31 125
79 30
163 -134
38 -157
208 -151
92 -218
67 -207
-19 -182
0
