25
-232 78
-234 208
-158 151
-97 105
-66 47
-50 102
-64 192
36 31
159 144
205 43
148 63
191 -1
143 -51
230 -75
152 -67
-2 -21
-34 -36
48 -55
48 -61
90 -92
183 -89
171 -108
152 -199
68 -161
-237 -156
25
98 -177
50 -168
65 -183
7 -169
-73 -61
-116 11
-162 -199
-179 -40
-216 -105
-189 -4
-134 123
-130 73
-80 151
-218 127
-233 161
1 215
119 163
157 123
217 59
202 -32
201 -75
170 -60
116 -219
133 -33
123 -93
25
-140 -131
-185 -117
-171 -68
-210 -56
-249 -154
-242 -119
-144 179
-15 245
3 181
14 170
42 207
6 124
157 239
154 225
184 221
227 220
212 172
147 83
150 -72
206 -198
221 -239
200 -209
88 -119
-5 -135
-65 -109
25
-217 -149
-203 8
-176 162
-176 187
-75 183
-15 87
-30 40
38 54
96 100
132 129
130 25
105 -19
150 -57
137 -56
-119 7
149 -120
129 -154
242 -197
229 -221
-91 -243
-57 -204
62 -186
2 -130
-167 -187
-222 -248
25
-100 -240
-155 -214
-231 -115
-221 51
-151 -3
-106 -25
-195 196
-86 151
-8 194
67 214
26 88
54 32
-86 -27
-53 -40
170 71
240 -65
159 49
-68 -112
-36 -121
9 -95
118 -7
130 -184
-82 -219
65 -231
2 -241
0
