10
-44 -68
-55 -97
-69 -20
-78 24
-63 34
-75 52
-14 47
-15 43
42 76
56 -86
10
94 6
74 -11
87 -47
66 -54
-9 -69
-8 12
-69 35
74 68
5 29
10 18
10
-14 -46
-34 -89
-36 -26
-74 10
-97 57
28 78
12 46
17 -7
9 -16
62 -48
10
-20 12
-86 27
-55 35
-26 44
-58 39
97 95
-3 14
58 20
77 -70
-43 -3
10
13 95
23 -5
53 -48
62 -99
3 -35
-15 -48
-62 -3
-42 -8
6 89
-53 50
10
-94 97
23 26
72 4
57 -1
84 -76
37 -33
-67 7
-27 -6
-27 11
-87 43
10
-46 -86
-73 -15
-10 4
-70 5
-42 59
-17 55
34 48
46 -40
-8 -38
27 -95
10
67 18
-17 39
66 -19
8 -34
73 -90
-65 -77
-97 -80
-76 -7
-73 94
0 63
10
74 57
85 -36
3 -77
96 -56
-4 -90
-23 -79
-96 -50
-3 -17
-79 14
-42 47
10
-44 81
-24 82
8 93
46 -24
7 -57
-85 -84
-64 -57
-96 -65
-98 7
-50 55
0
