14 14 90
1 2 46
1 3 49
1 4 84
1 5 89
1 6 74
1 7 26
1 8 18
1 9 39
1 10 83
1 11 88
1 12 43
1 13 25
1 14 75
2 3 27
2 4 68
2 5 90
2 6 79
2 7 100
2 8 49
2 9 19
2 10 91
2 11 29
2 12 45
2 13 74
2 14 23
3 4 4
3 5 65
3 6 16
3 7 49
3 8 72
3 9 30
3 10 41
3 11 56
3 12 92
3 13 70
3 14 88
4 5 29
4 6 99
4 7 29
4 8 96
4 9 84
4 10 56
4 11 100
4 12 21
4 13 5
4 14 79
5 6 97
5 7 68
5 8 89
5 9 18
5 10 64
5 11 22
5 12 71
5 13 1
5 14 49
6 7 62
6 8 70
6 9 88
6 10 8
6 11 69
6 12 41
6 13 67
6 14 42
7 8 89
7 9 8
7 10 80
7 11 92
7 12 50
7 13 4
7 14 3
8 9 13
8 10 20
8 11 70
8 12 94
8 13 10
9 10 57
9 11 56
9 12 6
9 13 78
9 14 66
10 11 25
10 12 30
10 13 24
10 14 91
11 12 63
11 13 22
11 14 43
12 13 92
12 14 17
13 14 91
9
10 7 13 13 13 6 9 1 12
