16 16 119
1 2 97
1 3 18
1 4 56
1 5 89
1 6 91
1 7 66
1 8 9
1 9 28
1 10 19
1 11 43
1 12 44
1 13 92
1 15 19
1 16 49
2 3 67
2 4 6
2 5 96
2 6 19
2 7 75
2 8 57
2 9 96
2 10 42
2 11 54
2 12 53
2 13 81
2 14 62
2 15 65
2 16 66
3 4 63
3 5 18
3 6 73
3 7 64
3 8 60
3 9 83
3 10 69
3 11 54
3 12 3
3 13 10
3 14 70
3 15 57
3 16 99
4 5 51
4 6 29
4 7 46
4 8 56
4 9 76
4 10 76
4 11 35
4 12 18
4 13 85
4 14 27
4 15 90
4 16 94
5 6 35
5 7 61
5 8 70
5 9 77
5 10 16
5 11 60
5 12 50
5 13 28
5 14 36
5 15 65
5 16 63
6 7 92
6 8 93
6 9 71
6 10 33
6 11 37
6 12 60
6 13 41
6 14 17
6 15 22
6 16 41
7 8 62
7 9 82
7 10 38
7 11 34
7 12 89
7 13 26
7 14 74
7 15 93
7 16 17
8 9 10
8 10 33
8 11 59
8 12 15
8 13 28
8 14 81
8 15 73
8 16 33
9 10 67
9 11 48
9 12 29
9 13 49
9 14 96
9 15 69
9 16 88
10 11 39
10 12 28
10 13 96
10 14 39
10 15 19
10 16 18
11 12 91
11 13 62
11 14 78
11 15 15
11 16 7
12 13 89
12 14 71
12 15 3
12 16 51
13 14 29
13 15 33
13 16 46
14 15 59
14 16 41
15 16 43
4
3 5 15 2
