18 6 152
1 2 93
1 3 61
1 4 58
1 5 20
1 6 6
1 7 6
1 8 11
1 9 66
1 10 98
1 11 37
1 12 74
1 13 55
1 14 64
1 15 41
1 16 98
1 17 20
1 18 84
2 3 33
2 4 66
2 5 96
2 6 66
2 7 36
2 8 71
2 9 56
2 10 31
2 11 85
2 12 37
2 13 74
2 14 21
2 15 71
2 16 64
2 17 18
2 18 56
3 4 47
3 5 48
3 6 55
3 7 36
3 8 22
3 9 77
3 10 66
3 11 40
3 12 44
3 13 13
3 14 64
3 15 62
3 16 36
3 17 2
3 18 75
4 5 80
4 6 78
4 7 5
4 8 47
4 9 61
4 10 91
4 11 95
4 12 97
4 13 12
4 14 72
4 15 18
4 16 20
4 17 4
4 18 94
5 6 95
5 7 14
5 8 53
5 9 24
5 10 57
5 11 52
5 12 69
5 13 97
5 14 58
5 15 6
5 16 14
5 17 16
5 18 96
6 7 45
6 8 31
6 9 57
6 10 67
6 11 23
6 12 10
6 13 58
6 14 61
6 15 72
6 16 50
6 17 42
6 18 83
7 8 9
7 9 85
7 10 24
7 11 74
7 12 49
7 13 15
7 14 51
7 15 60
7 16 35
7 17 47
7 18 89
8 9 27
8 10 99
8 11 64
8 12 78
8 13 10
8 14 76
8 15 32
8 16 50
8 17 27
8 18 78
9 10 54
9 11 17
9 12 17
9 13 79
9 14 86
9 15 97
9 16 56
9 17 3
9 18 30
10 11 93
10 12 89
10 13 56
10 14 89
10 15 50
10 16 70
10 17 71
10 18 58
11 12 95
11 13 29
11 14 80
11 15 30
11 16 93
11 17 24
11 18 4
12 13 90
12 14 86
12 15 53
12 16 9
12 17 57
12 18 5
13 14 59
13 15 30
13 16 21
13 17 3
13 18 45
14 15 60
14 16 75
14 17 80
14 18 24
15 16 92
15 17 72
15 18 89
16 17 35
16 18 69
3
18 16 8
