12 9 65
1 2 95
1 3 80
1 4 12
1 5 88
1 6 24
1 7 85
1 8 60
1 9 49
1 10 46
1 11 34
1 12 75
2 3 58
2 4 32
2 5 73
2 6 37
2 7 75
2 8 94
2 9 13
2 10 23
2 11 49
2 12 85
3 4 85
3 5 4
3 6 28
3 7 97
3 8 46
3 9 97
3 10 34
3 11 67
3 12 95
4 5 19
4 6 49
4 7 51
4 8 1
4 9 71
4 10 91
4 11 56
4 12 56
5 6 87
5 7 36
5 8 69
5 9 61
5 10 2
5 11 96
5 12 22
6 7 81
6 8 50
6 9 69
6 10 60
6 12 52
7 8 33
7 9 87
7 10 80
7 11 66
7 12 70
8 9 22
8 10 63
8 11 28
8 12 24
9 10 56
9 11 86
9 12 66
10 11 87
10 12 16
11 12 24
7
5 2 4 1 8 12 11
