15 3 104
1 2 60
1 3 92
1 4 93
1 5 52
1 6 73
1 7 28
1 8 95
1 9 79
1 10 77
1 11 88
1 12 39
1 13 16
1 14 49
1 15 21
2 3 20
2 4 75
2 5 32
2 6 47
2 7 69
2 8 65
2 9 6
2 10 65
2 11 21
2 12 38
2 13 82
2 14 17
2 15 87
3 4 85
3 5 25
3 6 83
3 7 39
3 8 2
3 9 42
3 10 85
3 11 38
3 12 78
3 13 76
3 14 6
3 15 38
4 5 16
4 6 12
4 7 31
4 8 94
4 9 19
4 10 12
4 11 41
4 12 69
4 13 89
4 14 48
4 15 65
5 6 12
5 7 70
5 8 66
5 10 12
5 11 1
5 12 27
5 13 89
5 14 18
5 15 73
6 7 9
6 8 81
6 9 21
6 10 26
6 11 89
6 12 11
6 13 1
6 14 61
6 15 93
7 8 59
7 9 84
7 10 2
7 11 68
7 12 13
7 13 47
7 14 74
7 15 18
8 9 44
8 10 43
8 11 20
8 12 74
8 13 3
8 14 33
8 15 83
9 10 41
9 11 74
9 12 98
9 13 46
9 14 84
9 15 37
10 11 52
10 12 1
10 13 88
10 14 56
10 15 45
11 12 35
11 13 99
11 14 27
11 15 21
12 13 81
12 14 78
12 15 94
13 14 29
13 15 38
14 15 98
9
12 12 9 5 2 1 4 7 11
