17 16 135
1 2 3
1 3 9
1 4 5
1 5 46
1 6 86
1 7 71
1 8 7
1 9 56
1 10 49
1 11 81
1 12 34
1 13 2
1 14 37
1 15 7
1 16 72
1 17 7
2 3 72
2 4 8
2 5 13
2 6 49
2 7 92
2 8 96
2 9 45
2 10 37
2 11 58
2 12 54
2 13 49
2 14 29
2 15 59
2 16 46
2 17 8
3 4 17
3 5 25
3 6 42
3 7 85
3 8 69
3 9 23
3 10 93
3 11 87
3 12 46
3 13 82
3 14 64
3 15 8
3 16 35
3 17 23
4 5 96
4 6 67
4 7 50
4 8 37
4 9 3
4 10 6
4 11 43
4 12 97
4 13 11
4 14 87
4 15 20
4 16 10
4 17 4
5 6 29
5 7 82
5 8 98
5 9 1
5 10 41
5 11 39
5 12 74
5 13 54
5 14 17
5 15 20
5 16 9
5 17 3
6 7 8
6 8 36
6 9 85
6 10 76
6 11 39
6 12 42
6 13 57
6 14 3
6 15 72
6 17 80
7 8 86
7 9 70
7 10 86
7 11 85
7 12 2
7 13 58
7 14 84
7 15 88
7 16 93
7 17 31
8 9 1
8 10 37
8 11 52
8 12 63
8 13 95
8 14 43
8 15 100
8 16 53
8 17 31
9 10 94
9 11 49
9 12 25
9 13 52
9 14 32
9 15 74
9 16 61
9 17 79
10 11 23
10 12 66
10 13 1
10 14 23
10 15 16
10 16 23
10 17 47
11 12 52
11 13 98
11 14 58
11 15 53
11 16 46
11 17 32
12 13 31
12 14 64
12 15 35
12 16 1
12 17 82
13 14 46
13 15 16
13 16 86
13 17 98
14 15 46
14 16 28
14 17 12
15 16 2
15 17 35
16 17 93
3
7 7 11
