17 14 135
1 2 57
1 3 67
1 4 64
1 5 83
1 6 87
1 7 100
1 8 29
1 9 16
1 10 55
1 11 82
1 12 70
1 13 79
1 14 95
1 15 81
1 16 20
1 17 90
2 3 20
2 4 62
2 5 93
2 6 4
2 7 76
2 8 28
2 9 37
2 10 73
2 11 31
2 12 41
2 13 59
2 14 60
2 15 15
2 16 36
2 17 30
3 4 56
3 5 38
3 6 49
3 7 17
3 8 80
3 9 9
3 10 86
3 11 78
3 12 26
3 13 54
3 14 56
3 15 46
3 16 37
3 17 85
4 5 2
4 6 95
4 7 29
4 8 78
4 9 57
4 11 90
4 12 28
4 13 33
4 14 67
4 15 35
4 16 55
4 17 24
5 6 74
5 7 31
5 8 10
5 9 57
5 10 47
5 11 56
5 12 39
5 13 71
5 14 32
5 15 47
5 16 44
5 17 23
6 7 54
6 8 19
6 9 89
6 10 74
6 11 22
6 12 8
6 13 81
6 14 69
6 15 66
6 16 98
6 17 71
7 8 8
7 9 99
7 10 27
7 11 3
7 12 91
7 13 49
7 14 82
7 15 65
7 16 41
7 17 3
8 9 41
8 10 70
8 11 22
8 12 67
8 13 78
8 14 70
8 15 72
8 16 21
8 17 69
9 10 49
9 11 30
9 12 68
9 13 97
9 14 56
9 15 20
9 16 60
9 17 8
10 11 87
10 12 17
10 13 75
10 14 20
10 15 64
10 16 57
10 17 69
11 12 44
11 13 31
11 14 33
11 15 37
11 16 6
11 17 72
12 13 33
12 14 71
12 15 50
12 16 24
12 17 46
13 14 19
13 15 86
13 16 32
13 17 16
14 15 11
14 16 83
14 17 89
15 16 1
15 17 96
16 17 60
7
4 12 11 17 11 12 15
