20 3 189
1 3 7
1 4 7
1 5 92
1 6 65
1 7 63
1 8 80
1 9 6
1 10 21
1 11 57
1 12 13
1 13 86
1 14 75
1 15 31
1 16 93
1 17 77
1 18 22
1 19 5
1 20 81
2 3 76
2 4 81
2 5 26
2 6 12
2 7 20
2 8 25
2 9 15
2 10 69
2 11 4
2 12 67
2 13 76
2 14 60
2 15 33
2 16 56
2 17 54
2 18 32
2 19 50
2 20 54
3 4 76
3 5 87
3 6 12
3 7 77
3 8 6
3 9 2
3 10 71
3 11 74
3 12 63
3 13 45
3 14 18
3 15 6
3 16 17
3 17 15
3 18 95
3 19 54
3 20 99
4 5 41
4 6 46
4 7 65
4 8 78
4 9 48
4 10 24
4 11 84
4 12 8
4 13 26
4 14 15
4 15 65
4 16 49
4 17 81
4 18 16
4 19 58
4 20 14
5 6 48
5 7 24
5 8 76
5 9 40
5 10 85
5 11 51
5 12 65
5 13 37
5 14 28
5 15 34
5 16 99
5 17 34
5 18 12
5 19 31
5 20 54
6 7 52
6 8 75
6 9 22
6 10 29
6 11 78
6 12 41
6 13 42
6 14 88
6 15 55
6 16 51
6 17 84
6 18 28
6 19 8
6 20 85
7 8 11
7 9 32
7 10 38
7 11 49
7 12 77
7 13 71
7 14 29
7 15 14
7 16 61
7 17 93
7 18 39
7 19 73
7 20 22
8 9 6
8 10 98
8 11 34
8 12 27
8 13 44
8 14 27
8 15 49
8 16 95
8 17 1
8 18 29
8 19 7
8 20 66
9 10 81
9 11 69
9 12 3
9 13 97
9 14 65
9 15 36
9 16 70
9 17 99
9 18 8
9 19 34
9 20 10
10 11 32
10 12 40
10 13 92
10 14 25
10 15 14
10 16 49
10 17 88
10 18 49
10 19 65
10 20 26
11 12 2
11 13 59
11 14 35
11 15 28
11 16 95
11 17 41
11 18 38
11 19 23
11 20 22
12 13 64
12 14 13
12 15 78
12 16 3
12 17 82
12 18 69
12 19 86
12 20 47
13 14 6
13 15 19
13 16 98
13 17 59
13 18 25
13 19 36
13 20 94
14 15 28
14 16 77
14 17 29
14 18 69
14 19 35
14 20 61
15 16 77
15 17 87
15 18 23
15 19 56
15 20 13
16 17 59
16 18 28
16 19 89
16 20 10
17 18 69
17 19 33
17 20 42
18 19 71
18 20 35
19 20 71
3
5 9 15
