20 17 189
1 2 90
1 3 36
1 4 28
1 5 50
1 6 88
1 7 78
1 8 45
1 9 3
1 10 77
1 11 30
1 12 72
1 13 50
1 14 10
1 15 2
1 16 98
1 17 35
1 18 39
1 19 16
1 20 90
2 3 3
2 4 4
2 5 99
2 6 87
2 7 92
2 8 80
2 9 9
2 10 77
2 11 49
2 12 11
2 13 24
2 14 23
2 15 3
2 16 21
2 17 42
2 18 96
2 19 57
2 20 69
3 4 34
3 5 16
3 6 76
3 7 82
3 8 69
3 9 65
3 10 14
3 11 35
3 12 97
3 13 29
3 14 84
3 15 10
3 16 71
3 17 83
3 18 5
3 19 28
3 20 47
4 5 61
4 6 24
4 7 47
4 8 28
4 9 76
4 10 21
4 11 79
4 12 53
4 13 94
4 14 65
4 15 13
4 16 23
4 17 43
4 18 4
4 19 1
4 20 67
5 6 75
5 7 26
5 8 75
5 9 91
5 10 98
5 11 8
5 12 25
5 13 13
5 15 78
5 16 87
5 17 15
5 18 24
5 19 5
5 20 35
6 7 99
6 8 93
6 9 19
6 10 90
6 11 89
6 12 7
6 13 14
6 14 31
6 15 81
6 16 42
6 17 2
6 18 73
6 19 92
6 20 89
7 8 84
7 9 3
7 10 1
7 11 48
7 12 69
7 13 34
7 14 73
7 15 5
7 16 76
7 17 40
7 18 68
7 19 77
7 20 96
8 9 87
8 10 21
8 11 98
8 12 47
8 13 29
8 14 100
8 15 46
8 16 36
8 17 86
8 18 84
8 19 14
8 20 54
9 10 96
9 11 56
9 12 32
9 13 76
9 14 1
9 15 33
9 16 78
9 17 8
9 18 14
9 19 51
9 20 84
10 11 71
10 12 75
10 13 6
10 14 71
10 15 11
10 16 71
10 17 53
10 18 83
10 19 24
10 20 53
11 12 46
11 13 6
11 14 63
11 15 67
11 16 49
11 17 78
11 18 80
11 19 98
11 20 22
12 13 69
12 14 58
12 15 79
12 16 8
12 17 71
12 18 68
12 19 48
12 20 91
13 14 8
13 15 10
13 16 6
13 17 4
13 18 50
13 19 8
13 20 17
14 15 92
14 16 1
14 17 54
14 18 68
14 19 66
14 20 29
15 16 94
15 17 83
15 18 53
15 19 12
15 20 21
16 17 10
16 18 61
16 19 1
16 20 44
17 18 80
17 19 41
17 20 44
18 19 98
18 20 20
19 20 73
3
2 11 16
