20 19 189
1 2 6
1 3 38
1 4 81
1 5 32
1 6 29
1 7 10
1 8 4
1 9 28
1 10 5
1 11 53
1 12 20
1 13 12
1 14 59
1 15 38
1 16 92
1 17 36
1 18 24
1 19 30
1 20 54
2 3 73
2 4 75
2 5 27
2 6 21
2 7 50
2 8 80
2 9 20
2 10 22
2 11 93
2 12 8
2 13 56
2 14 72
2 15 88
2 16 96
2 17 11
2 18 31
2 19 69
2 20 89
3 4 82
3 5 1
3 6 6
3 7 73
3 8 25
3 9 63
3 10 100
3 11 46
3 12 45
3 13 57
3 14 27
3 15 91
3 16 27
3 17 25
3 18 29
3 19 48
3 20 51
4 5 81
4 6 19
4 7 86
4 8 13
4 9 32
4 10 1
4 11 56
4 12 29
4 13 74
4 14 43
4 15 23
4 16 77
4 17 22
4 18 50
4 19 28
4 20 79
5 6 55
5 7 52
5 8 71
5 9 60
5 10 70
5 11 42
5 12 94
5 14 17
5 15 27
5 16 28
5 17 79
5 18 44
5 19 54
5 20 16
6 7 19
6 8 13
6 9 84
6 10 84
6 11 67
6 12 80
6 13 98
6 14 26
6 15 69
6 16 66
6 17 45
6 18 57
6 19 87
6 20 56
7 8 55
7 9 61
7 10 33
7 11 27
7 12 13
7 13 58
7 14 16
7 15 10
7 16 17
7 17 29
7 18 50
7 19 72
7 20 97
8 9 64
8 10 41
8 11 18
8 12 57
8 13 59
8 14 52
8 15 84
8 16 78
8 17 94
8 18 39
8 19 43
8 20 59
9 10 72
9 11 18
9 12 10
9 13 5
9 14 93
9 15 92
9 16 71
9 17 53
9 18 57
9 19 40
9 20 5
10 11 57
10 12 29
10 13 53
10 14 91
10 15 3
10 16 81
10 17 74
10 18 52
10 19 12
10 20 70
11 12 91
11 13 56
11 14 1
11 15 4
11 16 91
11 17 22
11 18 82
11 19 40
11 20 14
12 13 84
12 14 80
12 15 12
12 16 54
12 17 30
12 18 13
12 19 91
12 20 2
13 14 79
13 15 1
13 16 15
13 17 37
13 18 48
13 19 15
13 20 12
14 15 29
14 16 27
14 17 57
14 18 83
14 19 77
14 20 11
15 16 52
15 17 26
15 18 47
15 19 36
15 20 47
16 17 30
16 18 32
16 19 69
16 20 61
17 18 62
17 19 37
17 20 96
18 19 13
18 20 6
19 20 51
10
14 19 17 4 15 5 12 13 4 3
