15
88 10
4 406 349 11 77 22 1 2 1 2 1 1 1 1 1 
15
38 64
148 88 166 22 194 49 63 159 156 103 24 35 165 51 199 
15
59 55
553 1651 559 126 23 198 3 33 76 1 2 16 1 2 1 
15
81 84
135 13 110 15 9 198 71 133 102 106 112 194 127 98 6 
15
19 35
47 166 109 70 2 5 86 197 63 89 44 149 137 187 196 
11
15 75
51 84 75 85 198 64 132 4 174 224 34 
14
70 92
6 24 468 66 2294 9 11 18 11 24 30 616 2852 11 
15
70 66
579 1892 767 843 161 126 226 12 6 1 3 1 1 1 1 
15
32 88
5 142 132 77 8 200 5 106 2 16 50 67 124 99 100 
15
78 37
1161 1026 525 60 35 65 4 3 1 1 1 1 1 1 1 
0
