15
57 72
2126 1523 397 6 35 2 3 2 3 2 1 1 1 1 1 
13
88 24
640 168 192 324 3 231 42 21 18 84 108 224 57 
15
84 46
79 8 45 174 2 193 112 175 155 18 115 160 111 73 38 
15
39 37
1247 9 134 18 4 16 6 1 1 1 2 1 1 1 1 
15
10 27
24 126 47 31 160 108 153 118 140 97 143 126 95 127 116 
15
14 89
857 90 219 58 3 8 3 1 1 1 1 1 1 1 1 
15
98 91
67 176 119 185 108 152 10 175 63 188 123 170 34 181 107 
14
24 17
40 18 9 9 216 3 5 48 12 6 4 8 12 18 
15
61 58
199 161 109 125 135 28 144 112 88 113 135 158 43 143 179 
13
46 60
20 414 1488 315 42 3 21 192 23 3 21 172 46 
0
