15
45 40
165 151 189 189 105 191 200 184 195 101 166 16 162 118 144 
15
32 13
7 151 7 191 159 123 52 131 86 23 98 34 99 69 27 
15
53 73
98 26 66 133 171 50 10 151 73 129 58 157 114 148 133 
15
18 25
144 185 96 29 5 71 163 102 178 91 73 200 130 104 143 
12
21 24
12 140 56 20 36 156 12 10 28 12 10 12 
15
77 68
3507 891 509 25 251 28 6 6 3 2 3 1 1 2 1 
15
21 92
189 165 45 42 276 189 24 42 525 21 140 10 126 36 102 
11
49 88
1274 2156 7 33 99 20 10 33 15 637 28 
15
1 85
99 49 37 172 154 200 24 93 90 34 68 122 158 5 15 
15
52 44
143 56 187 147 126 185 18 157 41 72 136 19 43 105 98 
0
