15
65 66
3410 235 441 167 7 17 1 2 3 1 1 1 1 2 1 
15
76 88
26 163 74 98 35 58 53 18 135 123 27 109 190 72 53 
15
62 26
1 38 109 61 165 191 92 65 69 176 123 3 94 42 177 
12
96 66
3564 126 896 28 14 168 112 42 160 792 248 186 
13
71 22
350 434 308 8 26 264 8 24 11 11 48 62 8 
15
28 98
773 600 1002 117 78 150 8 5 5 1 1 1 1 1 1 
15
55 17
693 183 2 35 4 5 1 1 3 3 1 1 1 1 1 
9
18 97
97 36 97 81 130 469 54 260 522 
10
28 77
180 56 148 74 962 28 490 45 145 28 
15
63 71
117 194 60 81 154 82 130 43 26 86 26 59 108 48 43 
0
