15
85 11
6 90 135 164 159 136 97 80 107 191 41 200 54 18 62 
10
100 69
69 3726 69 1725 138 84 207 744 69 69 
15
34 5
121 17 18 1 1 3 1 1 1 1 1 1 1 1 1 
15
66 28
2 2 85 29 25 70 85 129 18 62 95 136 142 67 141 
11
65 76
900 228 45 896 45 76 45 144 45 176 2340 
15
3 93
93 156 193 47 73 76 23 169 12 21 101 20 14 119 41 
15
31 51
1248 263 26 31 2 2 1 1 1 1 1 1 1 1 1 
14
16 70
16 64 12 10 10 320 4 16 90 170 340 24 20 24 
10
66 39
637 102 35 351 4 4 35 1274 24 108 
15
78 80
64 68 123 176 25 155 35 119 185 87 164 27 49 109 130 
0
