15
49 91
69 4 62 76 32 47 149 132 151 130 19 24 192 68 87 
15
85 57
94 104 193 156 100 182 176 138 69 22 129 70 148 107 151 
15
60 74
442 81 357 204 135 1700 85 35 34 32 676 27 442 170 20 
15
45 59
84 28 62 148 25 137 86 180 144 128 47 13 181 15 133 
15
93 88
2904 1484 551 1320 32 176 231 64 64 198 440 84 32 528 76 
15
97 53
2851 670 786 293 442 44 30 7 12 1 1 1 1 1 1 
15
41 4
65 14 45 16 8 6 2 1 1 1 1 1 1 1 1 
15
44 46
69 126 94 43 124 153 32 152 94 167 193 47 192 140 189 
15
81 85
6444 30 79 8 92 91 61 21 11 31 2 6 3 4 2 
13
100 12
6 318 372 93 12 32 6 234 93 3 10 3 18 
0
