15
69 6
355 12 17 11 2 6 2 2 1 1 1 1 1 1 1 
15
95 95
5341 601 1542 1356 47 22 60 2 5 41 1 4 1 1 1 
15
78 14
778 239 40 24 1 1 1 1 1 1 1 1 1 1 1 
15
68 78
130 145 8 75 45 91 199 170 195 42 110 46 66 181 164 
15
34 26
128 71 655 4 1 7 7 2 2 2 1 1 1 1 1 
15
4 80
158 136 5 3 6 2 2 1 1 1 1 1 1 1 1 
15
50 67
2689 319 125 106 35 17 36 9 7 2 1 1 1 1 1 
15
46 22
113 97 189 96 101 196 86 191 79 148 69 16 55 74 39 
11
92 43
2336 276 73 32 76 512 38 64 511 19 19 
14
87 66
3526 50 168 10 45 60 27 1476 5 56 155 56 90 18 
0
