11
34 29
13 15 19 19 306 34 527 4 13 6 30 
10
58 99
88 352 3069 99 11 6 88 24 2002 3 
14
56 38
495 180 231 121 340 43 270 40 126 50 4 43 75 110 
15
53 90
41 21 128 73 110 47 186 157 16 145 39 73 80 141 125 
15
23 20
98 99 154 141 117 121 6 32 6 13 16 144 171 55 137 
14
17 87
170 153 50 25 150 25 25 25 50 731 9 18 30 18 
15
86 24
138 25 120 102 67 228 172 86 603 134 122 25 108 48 86 
15
37 71
1179 1148 187 12 21 31 39 2 2 1 1 1 1 1 1 
15
31 94
151 136 94 79 93 44 79 34 65 197 12 53 69 121 86 
15
90 93
6704 190 860 15 47 144 226 85 83 4 8 1 1 1 1 
0
