15
48 79
12 163 131 120 137 171 93 11 111 149 196 79 51 32 75 
15
86 34
2535 12 183 138 16 28 3 2 1 1 1 1 1 1 1 
15
20 90
52 104 181 15 3 96 170 91 94 129 119 132 64 73 107 
15
83 24
109 90 153 70 113 15 54 26 130 32 116 117 144 127 107 
15
7 66
309 114 10 18 1 1 1 1 1 1 1 1 1 1 1 
15
14 49
193 184 74 97 179 77 106 168 66 26 7 47 51 54 120 
15
40 9
204 26 106 10 3 2 1 1 1 1 1 1 1 1 1 
15
20 40
94 198 100 109 116 194 28 41 183 94 37 88 27 152 91 
15
37 67
156 169 174 137 30 170 119 159 61 36 111 146 53 126 149 
15
29 33
68 187 21 24 120 102 48 132 3 34 8 16 24 68 102 
0
