1102 1120
480 -909 193 236 -295 -550 -970 872 424 734 434 -518 150 -935 -889 63 922 886 732 -735 701 -570 333 -625 -974 764 547 893 -127 -78 -722 -85 -655 279 -792 655 -286 678 -28 -437 -114 -527 645 140 326 752 -598 397 -231 148 -300 37 497 -755 -864 353 -732 -758 299 887 915 -99 -967 -657 702 151 -804 569 -276 170 -957 341 -837 -468 -660 247 193 750 359 -558 -642 822 -942 534 -547 -421 653 -362 756 -278 343 -622 -906 -184 165 569 -622 -840 242 -327 -650 277 -617 975 640 -42 -172 823 -114 -157 814 -363 304 -271 21 -963 409 91 843 30 -212 492 -254 -149 -99 -360 -546 186 289 498 -51 335 -83 -785 -720 -212 -472 -968 438 811 -501 684 -503 -523 570 -816 582 261 -828 805 -180 627 499 584 854 -285 38 -544 332 -912 -66 353 448 607 -43 68 -831 -340 634 37 522 -909 839 -960 793 509 -55 -251 257 -907 -245 113 -904 85 -389 -728 26 -934 -87 -33 378 980 -350 -599 639 -280 -783 37 887 773 844 -510 458 -30 -828 551 -26 336 -190 -284 337 -645 134 -975 -671 113 -819 -178 152 -78 -99 244 -181 611 362 -685 -53 83 -847 -810 165 -138 136 156 -354 682 -22 469 720 -885 633 633 880 -204 -503 169 77 -772 -648 993 648 -513 337 472 780 -457 323 509 -425 788 684 713 888 972 -178 787 510 -353 -556 -838 -643 308 711 -220 -25 848 -509 -714 796 -252 603 -965 946 391 513 708 288 -859 129 -616 -508 354 936 906 833 199 -706 880 -753 -792 -531 -377 607 683 -568 -564 480 -883 477 -762 339 -701 248 193 -244 945 932 -130 -736 825 -37 -160 196 729 -253 -60 -821 -554 -210 925 828 141 -583 -296 -408 -440 -979 -883 -974 -353 271 -495 210 57 439 199 -692 388 -435 -999 528 567 -663 515 -794 544 172 -897 505 -834 376 653 -504 -347 858 -874 -167 65 -214 -665 25 -599 -343 -320 62 -991 162 -469 363 891 -164 6 -697 897 -645 -460 315 -393 -280 548 -717 -127 -43 -714 -230 126 74 -517 998 -369 -379 -910 153 785 873 -24 692 -559 -761 161 -805 304 -615 -844 -296 398 -545 541 -912 906 -389 -956 -358 631 24 793 -809 -623 -190 -22 155 -759 9 -870 -390 -628 -874 475 -200 696 -920 -451 611 658 812 94 -501 706 412 -867 617 360 531 -766 -649 -189 -846 -124 -428 -850 518 -314 -980 687 -236 -559 -621 -830 327 873 231 922 -69 -354 184 910 674 574 353 265 584 -327 14 66 873 621 -918 -414 -741 242 502 -381 867 800 -793 313 792 -498 956 -882 601 -769 -268 571 118 152 764 949 -7 474 79 824 -82 11 -334 -197 -510 -674 154 -311 588 -674 592 -112 980 -876 478 -983 -422 -467 -137 586 -217 985 -806 902 -939 -496 725 -907 -999 534 390 -819 -306 242 -768 -474 -48 -157 -716 153 724 -933 -524 488 447 -914 -5 -244 450 -750 -101 867 169 430 -339 973 763 632 211 -907 392 613 395 195 -470 -301 -603 -376 31 -976 339 -183 339 -860 -938 -866 564 231 818 791 -932 -893 -114 -812 768 485 -427 -97 -442 959 -853 -375 817 -810 -899 27 -120 -792 -882 -88 -282 -901 -417 573 -562 214 -966 -280 593 965 154 680 -824 303 914 -543 298 930 -731 -636 625 -353 -529 -204 144 855 -830 144 785 -909 -376 639 -39 -346 931 -129 -386 450 95 -436 252 -934 359 -457 -390 -474 -148 762 -65 165 -265 -421 722 -394 -849 896 -54 -929 -346 -184 -383 -344 -580 726 920 402 -809 215 47 499 473 675 972 682 688 56 -714 212 591 -385 -428 -292 -391 832 -55 986 430 389 -990 -87 -243 -383 842 -542 -217 -217 714 -583 -174 162 -754 759 -331 229 396 -431 294 196 -791 532 44 -538 59 196 -827 -795 727 176 -181 172 836 330 -668 179 -498 -959 514 594 -826 -359 192 74 816 865 -537 -162 -374 -644 481 241 720 154 648 180 -292 -874 859 88 -417 810 -394 323 -872 131 383 -65 -266 446 936 -126 848 137 548 367 441 -52 -851 -454 -21 293 447 284 -6 -513 867 -176 -207 122 0 176 121 763 352 -154 -941 246 -697 626 -995 449 -352 -232 481 831 -953 766 -107 -122 551 73 225 -510 39 463 -707 434 430 627 -454 916 325 220 530 -596 -362 -571 260 -528 897 46 -128 -676 -730 599 -957 -483 495 796 -721 -477 515 570 104 -823 8 -774 -783 134 -150 -747 664 613 462 -729 584 93 825 688 69 -275 -395 -958 978 87 -302 623 459 357 -158 37 -454 735 160 364 810 204 -504 824 -302 -525 -345 548 802 -68 185 -60 -355 932 -460 664 -211 -219 277 -729 -458 493 347 773 -138 -620 -60 -124 969 615 -373 -781 -999 -968 -701 61 -994 586 150 284 573 712 172 -610 664 -985 -809 -415 -66 -209 650 -563 136 -209 -89 -337 351 984 -964 506 -333 753 835 -428 296 -755 -641 551 249 334 164 -85 811 -94 244 -163 -830 -822 -545 -897 -523 272 -380 -194 -846 -780 -897 85 -515 680 29 -833 341 -522 -782 -957 -225 -459 -985 205 -633 -919 49 -926 -201 339 -877 305 536 753 280 555 -645 854 -772 -305 -668 267 -86 511 531 -901 717 -837 27 120 -505 -567 -522 -264 -240 -752 388 684 -821 -926 -711 447 680 -879 -535 308 -355 955 213 787 658 -275 740 403 605 -154 972 -762 539 -902 602 -757 -851 718 -593 764 -523 -549 -324 -264 -48 -594 741 -710 -318 418 252 407 795 744 -93 -62 251 -177 -715 -653 -293 921 994 716 -659 133 -730 -341 191 59 25 -575 456 -606 431 330 541 -758 327 37 799 -369 -731 -147 252 797 255 541 -762 -779 212 60 -467 498 -248 761 -635 -773 -919 -584 903 540 -998 -612
134 958
622 706
273 381
413 1095
84 819
176 726
325 1086
131 947
202 272
512 682
755 877
447 810
171 686
488 992
172 1052
197 1069
54 340
444 614
286 967
0 564
3 770
160 260
677 971
145 706
762 909
751 837
242 1043
561 719
806 1001
91 1055
73 762
333 430
740 767
582 642
110 387
21 276
203 784
876 913
328 684
34 175
858 875
47 651
643 672
393 699
131 973
419 1051
419 902
98 648
304 693
248 913
31 496
52 655
448 1039
64 1004
34 394
409 491
399 645
266 648
475 745
494 898
64 471
431 548
367 822
413 466
704 976
88 648
437 776
563 588
334 646
795 1018
371 834
54 1033
25 935
472 793
875 882
671 1050
352 592
492 861
1038 1082
109 1085
551 985
1013 1082
400 784
383 1037
156 376
281 989
22 961
429 784
110 159
952 1002
584 1047
534 581
526 889
82 247
1 725
823 844
685 804
531 995
139 413
161 215
641 1016
1040 1099
15 849
928 1025
735 1004
324 672
99 128
207 387
598 885
148 271
264 647
565 683
541 975
91 294
130 920
103 448
386 646
44 606
14 406
276 482
645 1037
390 430
183 788
350 484
380 685
550 806
275 430
208 600
161 715
551 588
553 639
436 748
332 962
953 1065
139 634
366 454
44 119
13 838
85 751
208 754
146 960
590 675
177 840
154 785
410 843
425 1077
69 452
368 571
145 683
328 481
331 957
470 825
460 1062
272 1065
332 443
193 738
121 614
608 979
464 825
47 572
376 1031
595 935
731 959
404 582
382 578
142 787
214 691
198 205
198 428
203 417
577 1091
104 822
729 1000
201 263
361 469
295 1042
459 605
242 918
439 811
251 925
287 326
532 839
53 350
64 853
260 762
209 736
249 933
108 583
59 744
181 278
382 634
173 814
823 1035
190 864
148 979
330 459
845 1100
952 995
2 131
25 311
23 73
29 939
498 823
276 740
145 196
15 305
307 349
423 945
154 884
307 343
518 906
329 469
443 799
93 247
57 546
769 907
345 1068
89 660
33 906
517 1081
10 373
247 762
119 737
199 201
120 658
724 942
86 988
687 915
738 754
34 175
868 1094
267 569
704 867
682 1004
131 535
476 927
391 737
262 740
540 1072
524 1063
652 1067
107 796
244 833
758 1009
946 1069
309 339
6 613
343 802
356 784
119 1084
548 740
759 1074
199 1046
1036 1054
363 381
18 642
864 1072
205 998
393 1094
98 219
124 476
113 881
361 787
22 705
436 1001
759 1060
822 1012
245 1044
735 1090
49 876
83 907
127 208
139 852
515 783
668 744
119 126
647 933
265 324
376 1001
518 1084
376 1058
301 320
330 351
16 369
218 305
663 858
310 1046
523 836
111 464
586 742
23 904
273 390
7 328
373 393
36 644
161 651
404 961
40 241
43 143
355 558
52 830
312 1047
237 770
99 564
370 1003
666 773
638 722
372 613
75 558
4 886
617 695
448 760
745 1097
268 651
115 831
274 444
70 1021
745 1008
155 789
266 431
199 1075
186 502
168 212
623 821
112 259
25 373
392 950
30 402
396 876
721 908
188 745
752 862
179 1071
338 968
649 802
296 325
312 960
788 951
251 480
133 824
779 935
230 425
326 512
241 600
946 1030
352 580
160 377
459 488
49 912
280 551
429 629
148 618
928 1070
421 525
208 698
589 876
603 876
780 858
677 1036
234 674
160 758
379 574
117 128
8 25
410 677
165 182
118 825
182 353
115 303
382 903
332 910
57 744
369 382
177 436
53 1055
381 488
117 680
427 975
22 966
14 114
15 202
704 1087
342 416
629 1045
18 178
373 960
42 730
425 499
689 959
749 1011
620 855
258 580
326 768
107 205
338 501
292 589
281 927
473 609
532 650
484 987
934 981
214 276
332 393
210 581
95 1064
32 128
353 790
167 904
3 636
239 994
132 911
312 536
200 785
811 1054
940 948
407 993
46 983
243 481
148 592
153 901
307 824
338 486
957 1041
23 934
475 1019
622 787
201 596
61 446
781 836
449 733
376 997
264 996
242 912
477 977
158 223
413 860
97 455
185 355
694 885
334 373
37 786
562 608
205 347
722 1084
695 1036
535 768
20 994
109 236
38 222
644 1012
284 1000
103 331
778 1028
131 675
352 405
266 633
730 1079
877 1017
208 1006
108 727
167 238
704 856
818 1005
52 107
711 754
85 683
814 826
690 732
217 670
109 525
108 516
299 946
96 798
864 867
307 742
421 1052
110 875
15 113
299 781
102 204
372 992
216 876
93 579
323 1076
70 486
485 765
774 778
98 267
440 1066
352 398
1020 1064
82 626
250 924
365 917
311 611
399 813
7 659
84 155
433 567
384 389
732 1023
291 585
755 884
428 935
154 537
194 749
438 842
154 890
842 1069
144 353
51 803
191 397
327 361
743 826
2 475
101 740
188 757
536 1097
436 615
107 275
65 212
442 629
529 962
666 1092
7 98
194 255
50 550
39 816
49 1005
590 794
180 524
251 454
380 909
238 943
971 1050
869 1073
663 782
440 1088
319 1064
332 343
408 943
221 819
5 782
497 870
521 668
212 940
67 879
327 543
201 756
753 973
87 1052
289 880
54 773
728 884
734 895
411 799
855 981
801 859
117 1044
617 933
867 974
758 845
250 598
62 399
250 969
319 628
30 401
776 950
528 1073
439 488
25 892
314 957
316 827
926 1078
365 967
636 1017
175 659
298 686
716 957
352 750
376 989
634 956
100 589
320 938
716 805
827 1044
324 778
89 313
154 772
449 1034
148 625
931 1004
909 1040
38 235
682 1078
856 856
473 889
381 519
317 562
237 777
555 733
1069 1085
215 680
734 1086
96 465
96 820
35 701
319 1015
71 822
659 967
901 904
773 960
76 149
835 1036
37 155
356 1093
779 979
661 1040
764 826
263 998
518 686
956 979
29 458
8 930
164 203
97 1018
76 675
179 734
501 743
474 484
179 225
27 727
8 336
209 823
56 236
76 1011
450 991
310 1019
284 788
589 1032
354 667
722 1003
171 248
130 853
55 681
205 742
273 451
629 750
74 639
247 650
125 462
162 782
370 975
256 1014
487 705
454 1087
385 850
603 633
490 672
210 692
10 90
109 926
606 724
178 547
356 1041
737 873
454 478
62 1013
164 461
202 1086
253 334
58 432
710 969
353 971
57 716
124 321
217 445
718 881
275 883
617 647
603 779
166 1058
357 1040
309 546
160 901
303 908
648 927
70 984
166 586
96 1020
397 1075
692 976
640 997
509 831
756 1044
97 903
397 806
551 553
801 1052
666 984
149 320
86 210
264 864
600 1051
152 971
82 608
21 532
147 396
487 581
82 1088
192 692
115 915
522 1026
342 444
473 1043
412 823
865 886
107 716
430 636
636 719
177 743
96 782
465 668
340 718
807 978
48 638
314 809
659 700
229 1057
444 985
158 1060
734 1069
29 803
65 675
426 741
80 209
233 394
90 586
855 1062
150 1032
161 879
63 758
358 619
696 784
88 813
503 915
495 509
113 521
423 1083
409 901
252 302
763 901
243 418
231 478
599 1037
656 670
269 900
300 893
216 824
138 406
868 909
155 969
60 793
82 734
716 918
278 451
284 357
492 1016
509 728
31 482
200 728
130 744
249 295
81 243
500 912
773 891
118 702
223 708
311 582
161 298
687 746
233 630
471 684
626 805
136 157
355 669
895 1020
466 958
306 404
194 380
310 776
112 947
294 826
672 849
233 371
191 1085
859 1003
831 1075
133 678
595 1002
102 524
446 834
20 535
125 1088
536 920
509 852
514 1064
204 267
52 944
85 198
434 806
94 268
660 876
606 956
16 956
915 1101
20 986
381 1046
182 201
221 307
406 632
330 910
838 1063
374 981
557 798
302 633
823 892
638 1018
699 1028
280 640
80 653
170 1082
95 556
98 1008
85 892
122 585
50 609
505 1058
151 196
574 1077
475 646
811 950
183 982
418 457
783 809
243 1061
214 681
407 840
314 824
456 547
300 666
547 638
388 478
47 858
299 580
710 796
333 369
217 772
907 923
303 642
810 1092
47 760
644 1027
928 1050
27 352
429 641
298 748
198 980
970 1037
221 707
323 385
793 806
75 587
70 969
279 674
48 568
105 107
439 629
82 271
562 730
313 760
55 112
39 124
297 655
80 161
673 720
19 264
766 816
1004 1009
1062 1074
35 1053
78 552
598 832
604 695
843 1030
607 850
197 660
458 529
502 734
102 226
456 828
559 641
125 306
84 156
542 682
244 450
780 922
57 575
836 971
341 906
486 852
794 874
8 532
40 978
408 908
270 712
132 825
195 518
452 879
801 853
430 1098
79 995
196 828
383 710
798 1062
255 993
289 400
277 627
236 624
801 843
168 746
163 910
18 863
181 352
82 735
59 456
54 529
40 1060
822 962
121 1041
239 924
304 537
523 620
238 998
584 959
201 755
273 945
464 1090
528 618
417 564
291 1065
48 64
197 864
567 767
217 684
766 853
216 917
662 825
264 509
121 667
356 495
414 1048
246 601
72 237
771 869
517 608
212 301
347 383
89 258
207 1032
801 910
219 605
149 632
404 426
345 1057
202 347
42 1049
1005 1077
538 760
774 843
35 818
57 438
61 127
45 350
842 939
428 1031
168 984
303 375
331 985
688 1056
894 1101
423 508
242 531
570 950
170 233
461 785
717 830
13 596
616 1014
435 666
136 428
749 1025
449 510
53 904
576 672
143 360
894 1007
73 373
630 784
30 663
39 1032
710 1098
302 469
337 453
301 949
279 906
127 157
110 759
7 807
5 562
172 762
0 875
145 546
588 921
641 673
273 776
459 696
477 525
365 426
2 664
263 866
498 766
349 803
401 410
454 980
55 642
298 585
517 841
89 948
222 740
11 91
568 1044
26 838
848 972
132 814
192 489
692 893
404 462
305 737
185 998
281 849
654 1015
193 467
526 1098
847 1099
148 282
310 490
560 860
34 823
74 1096
280 450
84 983
424 470
94 533
32 152
137 857
671 1067
63 512
515 569
238 536
461 1083
329 629
346 727
636 1085
226 551
525 663
8 83
112 555
476 835
42 345
22 48
242 997
117 729
70 182
345 586
721 1088
218 551
739 957
767 1061
630 942
521 783
267 804
228 809
293 770
720 992
39 763
802 958
149 277
574 1063
75 753
586 750
238 303
44 152
665 906
1059 1088
57 274
205 346
290 483
876 974
724 752
531 827
556 883
232 1089
226 1034
77 833
785 842
206 886
427 665
54 797
178 899
