80 60
-641 94 711 973 -472 -69 856 -969 -12 54 -765 -402 550 923 -790 -235 312 490 759 187 398 501 433 -543 -318 -487 670 610 -399 676 -771 -185 956 69 -654 -886 -743 -660 -143 -737 -670 -327 915 -703 665 -363 -957 -625 -978 880 -636 -235 -961 777 -714 -219 -460 -294 -758 -469 -149 -670 -533 -954 551 -204 -43 382 970 994 -431 26 338 -219 662 -294 932 -941 741 669
21 69
29 41
13 44
14 30
19 23
8 40
77 78
6 44
6 28
9 75
6 30
69 79
70 71
6 28
10 48
16 61
78 79
39 60
10 34
54 60
39 71
41 63
22 58
6 11
1 50
39 67
19 52
26 67
7 14
0 9
2 3
24 77
4 36
59 66
65 74
16 59
23 31
4 6
52 58
31 32
13 38
34 67
0 79
2 65
48 72
9 57
4 14
56 62
42 63
2 36
18 53
3 7
12 21
32 37
32 70
50 75
17 48
56 79
32 60
34 51
