351 358
338 845 -85 101 -26 561 -158 -996 728 -166 851 -838 -100 -221 194 -60 -837 -821 -788 -924 865 950 958 943 -552 679 233 991 -644 51 -888 291 -147 -64 -928 246 -875 -270 1 898 -161 974 996 -645 24 -428 -22 837 -270 -326 -246 -190 783 729 -697 959 621 589 -539 -493 778 -367 -21 846 -507 815 -836 998 -238 814 -935 -880 -442 740 901 -162 -691 -200 720 89 314 364 462 -712 -15 -381 443 -261 -683 -283 135 -903 -521 -613 -939 -932 434 -369 404 136 -537 -245 652 -735 -203 -158 626 -881 -89 925 966 483 998 447 -574 181 393 -463 550 701 -273 -56 564 -467 -417 -370 593 -307 -844 380 -746 722 994 702 -760 -175 -484 578 474 234 670 620 -115 701 -590 -39 -521 435 -642 -131 664 -91 591 -767 295 857 142 639 -75 855 949 642 166 88 544 518 684 439 -763 -176 -763 -762 353 -232 516 329 -506 -976 691 16 664 205 -308 -673 452 -866 866 -362 -862 -95 279 -667 -599 -173 585 -913 -765 -722 -304 143 -219 -948 702 961 -593 468 -746 -655 242 850 127 919 -482 850 -838 -932 -585 -720 810 719 235 -623 489 63 909 -60 -306 -150 -883 767 -388 127 778 812 -604 256 -41 -728 125 133 -49 474 -404 -93 -435 -680 716 644 -117 895 650 -36 -728 971 507 369 423 814 425 28 673 -22 632 723 -840 996 -160 751 316 -801 -738 718 -526 -468 896 -977 624 -409 610 711 315 -719 405 -489 526 305 153 -19 -553 124 946 -202 563 620 -926 415 915 576 797 597 -784 -774 -82 779 -280 -514 69 326 -557 100 223 828 -20 836 80 775 943 964 -385 273 -457 877 421 108 -375 -641 623 -914 83 -385 -230 713 824 295 -786 -862 149 889 -99 -849 456 -757 50 -301 444 -713 -72 -813 -96 993 -554
163 198
137 302
67 79
28 69
98 255
81 331
93 334
202 321
266 309
47 218
78 78
150 307
53 57
274 314
20 263
154 281
61 313
23 142
174 347
184 241
61 281
231 269
112 191
17 295
283 323
101 155
70 81
53 56
36 109
42 76
188 256
65 274
256 263
162 236
297 310
16 48
296 328
131 151
340 343
175 323
55 143
60 215
193 215
36 54
46 70
42 142
29 114
93 207
30 32
121 232
78 209
119 203
75 230
12 216
169 221
145 323
50 257
83 175
120 265
221 239
112 334
6 222
4 62
136 306
96 257
59 79
246 335
45 175
90 233
74 203
50 316
21 237
205 297
41 298
121 283
15 136
191 271
69 269
214 290
281 305
46 249
192 295
239 322
94 135
86 289
62 128
9 119
161 163
109 240
165 205
11 283
179 191
280 298
84 339
56 122
3 268
158 246
120 328
13 46
112 224
198 265
35 339
140 143
86 131
52 81
13 212
165 224
202 339
280 332
122 313
230 319
13 147
94 208
199 344
118 275
96 106
8 264
52 302
46 293
50 207
243 325
30 318
208 280
44 187
41 226
201 346
75 253
116 116
297 320
17 20
88 143
3 128
156 243
52 148
44 169
34 225
71 249
43 209
16 344
123 135
47 232
67 288
207 308
7 208
146 241
53 91
139 269
5 144
34 259
270 314
126 208
32 281
39 283
152 347
173 324
192 341
221 272
48 300
303 336
108 348
105 253
82 189
7 153
88 115
265 276
63 349
88 297
13 309
242 294
182 208
108 202
29 104
276 307
45 342
27 260
92 227
95 162
37 56
154 305
207 225
66 191
40 229
121 212
190 201
79 298
13 215
101 328
60 102
286 345
214 286
68 213
92 303
43 103
69 116
138 170
22 97
154 217
41 270
49 53
93 221
2 150
99 159
87 172
158 309
219 314
105 308
284 291
20 142
205 240
294 296
76 244
8 295
219 244
187 243
195 282
238 301
20 73
115 328
74 117
1 286
120 265
73 99
27 303
234 321
166 235
117 227
229 236
117 262
100 325
119 329
163 258
24 125
143 253
154 268
26 299
139 297
211 336
102 317
148 167
204 262
88 113
166 268
146 223
177 295
144 261
59 169
19 263
73 232
32 326
187 338
166 302
10 258
298 335
125 238
14 67
39 101
68 69
9 125
13 128
223 326
45 240
91 339
116 301
82 254
10 29
81 197
203 303
54 285
161 278
192 270
264 327
26 316
306 330
75 122
58 69
20 253
6 350
88 243
159 180
31 59
33 126
24 204
129 334
8 113
310 315
149 220
170 290
137 345
1 99
232 237
7 170
88 338
212 275
93 265
124 197
138 175
179 257
192 303
16 327
225 307
58 342
80 99
215 350
59 102
2 274
232 304
32 144
102 111
52 107
300 305
12 303
109 283
65 340
12 200
136 274
181 279
5 184
16 146
204 233
192 242
68 190
144 241
156 182
81 201
44 118
78 132
54 81
173 291
160 196
24 316
10 172
166 198
156 213
80 300
74 296
258 285
269 337
159 237
128 286
102 224
236 329
245 319
272 281
106 303
210 226
235 347
19 45
223 301
230 325
28 262
124 237
1 150
318 337
56 264
41 344
70 89
152 269
67 249
