578 64
421 894 181 402 -470 -488 -668 834 -681 -342 595 514 -570 -36 -770 -221 596 -618 325 687 338 905 78 233 -241 313 -968 995 -642 -951 920 -280 472 -769 -394 -948 -430 392 -684 704 -554 714 -842 -500 312 871 -424 857 -404 711 -236 -903 -574 -109 -282 702 134 242 -867 -862 -280 676 -863 336 -854 178 -722 -511 -855 -28 -989 -506 -115 -894 -609 944 461 92 901 -274 782 -194 689 -562 -661 -438 337 -617 -332 308 478 102 -282 -153 -134 990 235 796 -553 913 -405 429 -921 919 692 361 -843 673 -933 -268 -169 197 406 592 -727 359 566 887 -533 -626 506 762 -257 793 -926 332 -270 753 -43 109 -24 -79 562 23 -833 209 98 210 -52 -834 884 731 234 -646 -95 -53 317 407 649 168 629 -707 -24 -931 725 765 -686 -512 -660 473 -533 -395 342 -240 990 106 -79 375 770 -902 613 304 960 863 220 558 146 -789 982 279 -62 801 837 540 578 -94 831 716 773 -235 -445 -732 -660 -772 642 -173 -118 610 227 -56 -450 -69 -127 -638 659 242 641 -67 -327 439 -450 -182 87 -491 599 -223 747 -843 844 -249 81 686 -779 -720 -660 390 845 -583 794 -947 711 725 966 827 316 -486 -359 -437 340 390 460 640 171 521 555 606 412 197 -903 -331 -841 -632 -568 371 -70 427 -594 706 -222 469 -915 -705 494 43 967 -888 -352 84 378 -637 -844 102 412 -958 609 275 -648 -8 269 767 -828 502 -709 463 823 -481 -487 896 -343 -244 894 -924 922 526 435 251 -65 -175 438 294 387 760 168 -728 -637 329 -255 -128 49 403 -348 -27 693 -327 -882 82 -449 -831 549 652 -110 -919 -745 -22 -976 -477 -858 -526 -814 -36 -621 -487 -1 -792 -56 -374 -922 -105 331 -750 517 -95 -715 78 -188 413 388 -830 721 443 -400 -821 -413 -819 -203 -191 -84 -101 461 -642 963 -757 -726 -991 -655 -998 -698 -842 -751 349 -518 -3 -70 908 888 365 -385 -839 719 -681 242 803 -522 489 -345 21 -680 109 928 -394 -273 -420 -315 79 -451 -550 613 -733 792 393 -499 759 184 98 -975 155 167 -855 611 323 589 -227 581 -959 234 863 680 -726 -509 -440 442 -822 -226 -920 -546 608 744 -348 -209 -784 215 875 -617 153 -964 437 85 974 328 999 991 -743 -901 668 3 292 911 -391 -317 -928 597 996 897 237 175 80 -697 420 -987 -422 -321 -851 -891 920 -867 521 509 -957 200 -972 -688 -968 -624 41 -284 543 834 -982 546 -945 361 762 -715 -103 788 491 -757 -931 -807 573 -111 590 -625 -49 -743 -376 911 -190 187 100 -233 69 -193 -126 -179 455 -976 -916 701 -471 -334 -691 839 -353 -671 -856 911 482 38 -435 766 -923 -993 198 287 -407 -819 598 -693 688 23 -62 -262 184 743 -826 53 998 -28 129 -213 710 792 -7 -576 250 366 267 371 -910 -894 -391 -912 664 -618 564 -627 884 -349 232 -905 774 -163 530 -384 -457 -464 -887 735 -876 130 -593 830 284 685 510 105 44
128 338
250 465
429 575
280 531
419 522
462 483
21 343
32 127
198 365
111 277
342 493
19 179
40 160
332 384
122 147
171 444
277 303
196 518
77 148
10 191
189 475
284 402
141 262
418 535
211 408
413 526
228 249
106 262
30 489
201 504
217 371
362 540
492 547
124 345
315 409
69 432
434 577
174 562
29 266
364 566
376 388
507 538
176 331
293 524
263 474
534 536
531 549
186 528
253 437
167 470
212 564
78 129
320 519
179 577
310 401
338 395
1 511
182 188
85 110
199 334
442 548
43 479
15 374
194 282
