250 470
-601 893 -615 -471 728 141 -930 807 58 -562 211 78 780 -428 214 -46 -554 825 779 824 805 601 603 -282 277 230 596 -626 361 -327 803 196 120 -150 -668 184 687 31 710 -414 707 14 -762 -442 423 -443 511 -931 305 755 906 -858 -830 -156 984 631 -786 373 -648 -887 647 980 -351 134 89 445 485 -648 -63 -208 508 590 -143 65 879 -924 87 832 880 -855 991 -452 -344 -63 -717 -946 578 -186 856 609 971 -642 -359 733 689 -862 673 -999 -185 820 -427 332 426 361 310 -617 -301 613 12 616 -650 28 417 -352 -358 -171 -781 947 -75 -411 -80 472 -219 -693 687 834 -598 202 -917 -917 -186 -957 -854 427 -175 253 -800 -249 -210 -168 -602 993 -394 111 588 -759 -13 -378 -489 855 -40 -413 -292 -760 385 -414 -156 -198 673 869 615 498 -2 -335 -578 467 219 -581 249 -309 -231 575 158 -583 -276 844 -663 -244 -155 -456 -94 482 -233 -10 -141 -566 663 3 128 527 -726 247 -860 -956 154 505 -871 -39 -985 320 -986 470 -227 364 663 207 -67 -768 -413 -640 -107 -994 611 -107 -668 -466 351 -936 -738 -959 -236 -991 -362 991 -869 -484 -654 -937 -50 -962 -978 -529 -363 846 -784 -350 996 -947 -140 87 346 -779 579 848 -960 -975 284 -986 992 390
113 130
133 209
67 97
140 210
24 161
53 201
195 199
85 98
31 74
11 210
21 37
224 247
90 125
82 181
30 158
153 180
105 154
71 104
105 241
47 116
204 245
12 41
124 143
136 226
166 189
44 242
113 214
74 116
35 184
37 71
132 227
97 150
110 227
5 49
33 73
30 75
9 123
40 154
113 150
30 131
153 197
50 224
121 180
56 105
10 60
41 116
26 57
202 224
218 228
55 206
181 196
56 204
37 40
34 64
41 245
83 220
85 181
83 170
31 205
160 190
3 122
24 72
42 61
36 192
9 211
17 128
52 187
100 158
163 241
59 119
88 121
166 201
54 158
36 105
25 46
7 105
0 190
200 229
140 227
26 102
16 33
44 135
114 128
115 203
173 205
94 131
109 154
11 149
96 227
21 156
220 229
126 150
74 202
82 110
25 247
152 238
48 155
34 101
161 227
51 175
104 113
143 219
21 206
30 114
102 225
69 98
118 151
161 175
146 181
11 49
69 80
54 107
9 198
30 109
75 92
177 231
148 246
17 245
15 27
56 63
51 194
128 143
152 155
121 226
124 169
88 191
91 192
133 205
81 210
84 248
207 241
105 217
78 186
98 107
7 114
35 152
11 231
228 239
152 196
12 174
96 176
155 236
61 154
110 115
27 88
124 135
61 65
84 141
225 230
19 248
114 193
5 10
129 134
97 204
108 233
56 222
113 219
43 216
54 77
17 140
115 180
26 209
114 166
46 203
84 123
54 96
5 145
33 91
24 51
7 129
49 177
207 234
61 163
9 90
10 180
152 155
46 81
216 227
189 213
30 78
142 196
136 198
58 111
150 206
138 171
4 206
43 62
5 248
70 155
225 238
104 147
59 125
217 235
195 207
71 136
3 31
120 159
193 194
70 244
6 112
182 243
136 171
26 46
181 236
86 138
74 147
133 245
126 236
214 240
66 118
172 243
164 231
14 144
93 158
74 184
4 148
1 153
50 197
47 87
65 120
0 130
133 196
103 231
110 126
161 180
46 111
142 234
183 197
184 184
26 103
185 190
53 238
38 105
106 166
68 236
191 222
95 162
60 233
1 83
35 73
241 245
22 59
69 126
230 247
57 154
29 85
14 245
12 171
93 150
140 232
35 210
102 173
190 209
32 190
128 223
216 238
33 201
239 244
160 217
82 214
72 120
130 186
148 236
26 51
0 42
71 108
158 199
49 196
139 152
60 236
15 187
21 191
7 107
77 215
15 204
46 182
96 192
236 244
90 193
46 196
5 39
14 72
235 239
69 99
71 99
83 193
41 220
5 114
68 72
20 202
1 108
108 181
2 194
41 81
147 189
141 209
10 231
37 72
15 116
41 151
175 228
67 163
5 12
72 125
41 223
133 138
7 206
32 223
109 130
79 80
71 122
125 216
78 212
26 74
154 200
150 184
30 49
139 238
6 243
163 173
149 219
171 206
27 100
124 208
56 232
111 183
65 181
9 14
142 178
25 149
91 241
133 241
130 145
69 81
167 203
10 237
18 57
179 245
8 162
210 240
167 190
37 224
52 157
131 144
20 160
16 108
76 130
216 218
53 196
12 126
93 181
44 164
206 216
112 124
17 58
7 175
88 96
238 249
177 182
113 144
41 91
91 147
132 226
125 126
21 175
14 236
99 232
114 220
102 103
73 99
67 249
46 104
50 138
119 225
191 215
64 205
42 156
43 134
108 224
22 129
113 184
48 183
90 217
76 210
181 201
178 211
6 23
133 197
65 229
44 100
81 162
19 142
138 156
198 200
155 222
66 160
31 121
36 51
227 248
144 244
124 208
74 78
181 196
87 160
45 49
96 121
30 170
63 73
134 175
55 163
58 188
172 229
87 241
101 153
92 197
80 111
229 239
98 225
18 153
44 221
165 202
235 240
18 110
198 234
35 83
73 177
151 192
137 140
53 78
1 159
179 229
31 121
50 60
3 50
42 93
111 237
132 206
55 132
14 208
68 69
53 176
4 207
78 210
9 158
129 152
151 225
208 215
114 146
9 249
100 242
35 235
91 137
129 131
63 126
130 145
91 106
42 164
49 72
159 248
64 192
80 89
78 139
214 220
167 176
6 177
14 248
116 162
86 223
88 176
57 60
