398 868
523 343 -968 -19 814 945 306 925 946 -827 -799 -896 700 -150 -856 -287 468 754 -177 240 -985 38 -717 902 -505 -320 -580 132 -885 -77 -487 965 48 -207 -997 392 -22 -601 -317 296 869 874 -765 777 855 881 -467 723 -896 -692 922 -54 512 -661 -147 -756 -892 981 613 185 310 543 762 994 -432 -383 784 91 139 -222 803 903 723 -385 -385 734 189 -731 -848 -149 941 88 -380 785 316 -655 668 280 382 -130 109 866 -752 45 24 269 -251 -501 -493 -142 -605 -281 691 841 -597 411 -503 942 747 827 -976 -25 281 -384 -716 -656 -897 -781 -75 849 -287 -927 -826 -427 -76 -114 860 40 -715 -699 -479 90 748 -840 -35 453 73 -49 1 -521 -282 159 753 -533 -45 596 -759 580 697 680 -92 39 -966 994 781 73 979 829 419 -455 -361 568 -866 300 -909 850 76 -429 -325 -397 -543 549 -806 682 -969 -814 315 660 -719 563 -182 -1 -765 432 -953 968 362 -5 -797 -307 188 -979 802 522 -385 366 -526 -667 61 -731 669 -836 -94 -34 -84 -132 637 490 -17 -881 403 -269 -912 -495 613 -155 725 505 66 -659 -715 -404 987 -809 -470 -185 -305 790 89 -780 -956 368 793 869 596 -839 -730 240 -818 473 860 221 65 391 -226 -670 332 345 -436 304 -251 -773 561 -29 -779 -978 -889 282 -937 -317 30 419 -265 -578 -693 871 -508 -312 43 377 -882 472 367 382 443 -33 -706 157 -479 -17 -662 984 480 -611 -734 -705 134 -273 -643 -320 -627 -970 -465 -108 -322 737 993 508 767 -787 -332 165 -770 71 197 -294 -584 250 963 232 142 -941 842 -901 535 -324 786 -643 -196 -997 -656 -296 -514 -820 499 658 6 -148 -592 52 805 21 229 539 392 -660 -678 -24 577 899 245 851 -254 615 -109 635 -594 557 652 -753 -855 -451 932 -525 -25 -401 -795 -208 -65 -194 -618 -805 201 764 -42 746 -444 98 -518 401 981 -814 -249 -140 -33 -321 80 -252 -206 369 293 612 160 48 749 -206 126 870 -659 -581 269 -123 267 819 261 -791 -264 333
111 301
43 131
94 393
47 212
228 284
32 373
174 369
271 388
132 200
316 374
191 365
118 371
92 187
6 191
152 316
34 298
209 303
207 336
92 248
35 267
183 236
138 345
37 211
250 319
280 379
69 365
13 194
19 322
287 300
168 383
203 208
141 311
217 267
51 222
79 346
295 393
125 129
78 367
2 151
119 332
6 251
20 123
79 340
92 160
272 329
28 297
339 346
77 392
334 383
5 56
57 186
167 338
13 160
133 243
10 350
58 81
234 343
117 300
216 282
216 262
171 179
137 300
123 279
155 299
170 374
81 330
55 308
234 275
298 310
156 279
30 149
30 314
77 350
71 271
167 386
215 334
147 255
291 394
84 319
175 383
162 206
57 255
138 296
214 254
62 77
119 341
71 186
24 229
26 55
45 222
57 250
143 196
276 391
227 319
61 149
124 215
135 334
35 119
107 274
8 348
256 283
56 303
56 134
3 193
298 319
150 339
97 184
84 374
141 264
209 290
319 363
126 367
208 395
149 384
204 330
305 322
152 255
171 347
256 384
187 385
264 341
27 154
219 261
81 315
210 395
43 122
113 185
357 371
179 356
18 245
203 364
229 243
100 373
50 150
198 356
181 215
250 358
93 226
134 251
28 355
81 324
198 243
73 128
137 293
123 183
0 224
130 300
99 261
139 272
42 292
14 334
120 233
30 241
278 344
110 299
207 381
166 252
0 172
6 203
188 328
191 298
246 324
16 194
114 317
13 292
165 302
142 170
35 236
140 170
131 360
354 362
155 307
127 204
89 308
310 375
140 250
287 326
155 322
295 376
193 309
125 252
107 378
205 276
325 391
67 186
98 230
131 147
94 363
173 331
40 207
19 122
128 329
55 286
58 190
9 182
139 198
251 341
158 324
31 67
187 287
98 333
155 321
188 278
323 380
147 362
42 207
314 365
29 105
190 352
173 223
24 57
150 283
261 269
54 303
294 380
44 215
274 384
111 182
53 351
63 279
147 176
4 205
31 397
228 278
182 318
159 160
156 175
187 378
162 273
0 356
102 175
251 345
160 192
66 337
44 109
113 337
57 144
132 145
280 302
200 279
37 266
266 278
176 230
212 375
332 367
258 272
56 245
311 317
141 395
85 97
104 338
104 213
169 366
96 176
51 162
95 394
266 312
40 179
95 222
88 203
127 396
129 343
157 265
250 380
23 359
296 373
121 169
14 93
300 365
134 227
121 143
217 303
317 319
320 367
189 283
90 252
65 249
290 361
180 279
103 319
152 379
256 337
329 381
59 130
47 291
3 247
10 84
34 63
140 314
132 313
88 146
83 333
66 156
254 292
183 319
237 327
55 245
150 328
300 301
146 198
249 252
181 338
284 374
120 294
120 303
119 205
90 339
109 291
162 238
75 297
21 366
240 253
144 206
4 258
363 366
53 375
111 144
19 208
91 180
15 69
259 279
200 365
142 159
127 391
13 74
14 279
60 161
46 342
23 127
159 329
20 122
267 370
204 229
66 169
45 128
234 348
20 254
47 106
55 108
140 264
145 373
106 167
121 133
165 335
137 236
323 390
23 130
142 303
84 198
114 169
1 19
114 159
177 264
49 95
0 72
128 308
66 348
45 48
270 341
13 345
258 381
47 389
189 301
224 372
113 143
139 179
25 380
159 356
268 395
154 183
143 348
216 312
72 158
237 296
291 336
110 388
111 332
89 332
5 356
180 266
134 146
147 219
31 306
90 397
349 356
10 66
132 298
127 283
19 147
206 387
281 296
56 277
255 362
46 139
245 327
365 392
137 291
61 194
183 376
384 386
357 383
290 351
77 160
56 223
143 285
157 248
20 62
29 250
95 179
53 325
153 325
110 128
254 389
181 377
4 94
30 393
111 302
35 160
214 318
72 340
228 341
84 361
221 269
245 321
267 392
273 391
97 276
7 323
234 380
223 234
181 192
200 372
215 232
60 375
37 47
82 280
127 283
196 272
101 144
73 225
252 254
268 381
182 241
191 366
103 332
21 122
193 370
263 299
141 364
9 192
26 170
113 305
281 302
61 237
126 192
66 187
39 108
98 180
126 149
156 229
296 311
124 153
57 324
167 177
78 182
20 392
7 309
181 368
197 336
49 57
123 368
195 285
24 31
113 123
4 243
54 362
111 335
99 168
49 163
83 385
291 301
15 177
122 182
254 278
24 84
155 376
4 291
4 307
213 368
58 296
322 343
27 371
16 54
109 151
207 245
250 255
36 355
81 391
124 299
35 52
105 257
246 316
12 312
145 202
102 124
56 80
200 335
193 226
60 212
113 365
139 168
54 307
253 299
61 204
95 185
211 386
274 355
142 318
2 123
80 121
54 361
301 322
288 311
150 225
215 309
140 149
226 362
49 235
87 299
92 158
11 144
122 351
26 363
150 276
15 295
143 346
145 320
30 115
60 351
373 396
49 125
14 48
36 85
93 104
273 391
258 392
29 46
4 50
98 351
39 163
203 372
203 372
95 130
242 312
57 271
224 230
55 117
112 133
81 181
292 339
29 290
98 342
163 169
76 345
262 310
254 285
99 387
92 206
39 182
120 341
204 384
158 322
130 281
199 362
79 174
73 128
161 378
185 201
263 309
15 58
324 332
252 283
40 379
103 262
118 334
58 220
314 320
127 252
176 357
254 289
201 337
40 339
112 290
62 81
171 271
87 283
30 49
90 332
303 319
23 340
215 317
160 196
59 265
45 110
95 219
76 386
115 127
96 233
113 207
244 387
40 222
68 159
17 332
182 328
77 213
83 138
175 302
103 221
221 356
168 252
193 281
163 237
95 262
10 71
16 35
90 100
222 277
367 388
205 390
159 227
130 225
200 272
96 351
46 376
159 309
61 73
186 223
178 201
330 357
108 164
213 338
7 280
66 362
298 324
229 256
42 333
40 119
160 372
15 63
182 244
103 301
134 187
201 253
142 221
2 249
322 363
48 353
37 174
310 351
102 190
26 332
244 369
135 382
245 307
279 327
229 362
98 308
37 185
138 285
28 363
222 241
9 375
209 368
12 239
61 296
126 179
106 322
145 234
45 214
140 354
307 318
31 283
270 365
31 319
40 362
87 359
70 288
125 236
63 142
38 203
56 224
4 342
103 152
56 166
133 214
168 357
88 238
77 188
23 304
91 138
178 306
155 162
64 239
188 303
53 92
62 293
310 356
14 163
18 319
132 369
140 286
41 54
18 289
220 300
38 288
110 275
8 103
19 382
194 350
139 320
106 362
141 170
84 220
275 286
111 271
68 123
46 102
153 162
175 337
88 351
11 139
101 391
120 333
30 75
189 351
126 293
26 300
311 385
308 336
129 216
376 396
351 374
15 87
69 319
235 391
122 390
116 142
101 197
229 343
65 175
95 322
84 120
295 308
324 391
91 133
215 362
34 135
218 349
142 211
301 343
2 210
19 95
74 115
59 98
289 304
124 374
65 118
278 374
78 390
43 267
117 393
185 200
38 128
300 336
34 280
275 290
226 338
128 160
69 85
103 260
19 101
155 355
146 365
92 325
143 148
239 320
91 232
178 387
178 328
89 248
41 293
55 316
112 355
109 310
27 342
7 84
174 320
201 315
148 213
224 394
94 356
24 202
86 131
244 290
185 354
91 386
175 196
260 358
42 390
32 342
123 274
60 258
78 198
11 21
132 162
71 254
48 91
8 131
13 342
67 370
313 376
363 381
53 206
238 244
141 315
103 253
145 327
57 179
60 96
135 373
238 375
45 97
154 393
202 205
233 279
30 338
73 118
36 198
317 321
13 392
318 354
6 236
208 233
112 193
49 122
120 162
282 286
357 390
42 182
234 314
95 376
43 53
35 115
38 73
231 332
68 305
198 359
281 371
110 179
250 281
153 346
207 215
42 171
162 212
144 362
223 331
25 131
25 235
