1121 74
605 393 546 -967 371 648 -205 754 -464 998 194 456 230 36 181 304 -852 957 -313 -150 490 745 -348 192 -193 -687 972 888 -882 -327 -680 -854 -582 -913 785 446 423 61 999 102 475 -138 -601 922 -106 180 381 -9 971 345 -316 482 -845 502 268 988 623 -615 -963 -184 501 337 -80 484 -779 -269 -351 583 -478 184 749 28 -951 -18 -645 590 91 313 -666 737 657 282 -906 935 -330 -712 563 -76 -19 461 453 -130 736 504 -420 -562 302 663 -699 -117 -472 -359 -882 494 298 931 30 494 -849 -367 -109 -311 441 -240 379 -478 525 -183 843 771 -757 -110 353 834 664 588 -3 348 87 280 242 537 316 482 -860 837 655 -416 227 412 -821 -482 -899 121 451 582 -673 -697 -13 980 -128 175 421 830 -791 -771 151 430 -166 412 157 -469 560 -29 289 -315 -687 756 -793 126 834 366 553 -225 -514 166 968 94 -428 74 -908 595 380 -357 -827 -261 327 -927 838 802 -537 205 742 -76 425 -142 121 665 -159 -929 -811 796 -923 368 -833 -358 -730 -922 -586 709 -174 630 -343 -587 48 -198 57 382 101 374 -869 906 -281 409 -38 -984 846 357 -986 258 143 966 982 133 -485 -830 -297 -719 -603 730 119 386 641 252 764 -136 29 -102 780 -922 -493 -618 721 -629 645 -920 96 -578 -831 125 -310 -264 846 743 -887 236 549 -978 -648 541 -236 -144 -696 -108 156 -782 23 -691 -821 40 -556 204 615 -411 315 510 -505 -607 815 -688 -679 -940 646 -954 -961 -179 764 -243 409 911 840 947 232 566 592 549 341 -203 -432 535 -429 205 -446 -63 -427 984 -606 -438 738 -617 443 -91 321 299 -102 822 -226 -512 -240 401 414 69 -595 205 -879 -172 251 983 -994 -252 -445 -488 982 241 11 -241 618 -211 717 -551 -702 -294 445 -259 -733 227 742 867 563 -601 830 678 -782 970 318 198 717 485 705 375 800 72 -588 -362 655 362 363 462 -430 -523 -690 520 67 138 -59 -608 852 215 -8 172 -625 -425 -907 -844 564 -424 -129 -7 -991 491 -485 -790 948 -484 846 743 -458 392 310 136 -656 761 477 -447 -359 817 -51 1 596 629 241 -96 -606 -98 -175 -46 -473 -652 -875 581 -542 922 402 -719 -232 819 -172 83 307 782 699 680 -72 -412 45 757 582 -1000 133 508 110 -174 -401 -337 -235 638 447 -503 771 487 422 -360 223 -783 -274 -573 416 -45 862 595 -926 -153 522 45 -94 412 612 273 -843 313 -445 663 92 -840 -544 476 93 -848 777 -736 -208 683 -380 772 -815 688 3 804 878 649 -30 900 432 15 177 739 -805 166 803 -583 -896 997 -569 -735 -931 472 -32 299 443 690 -470 791 926 -381 -397 -742 430 255 -356 -386 -21 -136 -301 -209 -77 -914 -47 574 546 -718 511 191 -888 -337 616 674 164 -155 -930 -480 91 855 828 166 92 -277 533 -435 -746 -536 957 -137 -619 807 -632 -251 -196 -773 -460 -85 -455 434 410 519 334 535 -878 -452 326 858 -779 -44 -475 -379 -69 32 48 415 589 -668 921 -525 -852 -882 330 -829 -427 677 -455 -279 -723 -815 121 -466 -812 -489 -613 -792 -643 -645 -404 328 402 -899 -803 831 -995 -911 386 -896 -275 -363 395 816 78 749 -594 -849 -819 911 -925 -535 405 -141 282 -11 819 455 597 -609 373 -636 100 67 863 -618 513 693 -642 591 -467 443 422 -25 -638 -622 249 674 -969 -571 -669 470 -464 -520 555 217 873 -549 788 815 -2 914 877 903 -451 -121 631 906 -406 34 -796 343 -495 828 681 533 462 425 815 875 207 177 186 46 526 148 -488 -906 -424 809 -391 -262 339 -281 -30 601 -260 308 262 -43 273 -204 -102 -542 -351 646 278 921 -202 334 326 381 276 -186 436 765 857 -778 -789 -870 412 -804 -430 804 828 -128 153 142 809 145 324 -250 -909 288 -301 356 -845 -475 -740 -320 436 -900 735 532 663 -2 291 185 553 68 -19 522 -517 491 -769 265 -117 799 827 15 220 -584 -580 -820 802 190 762 -746 -960 -410 700 281 648 91 -112 218 380 -121 -265 -965 848 -573 -950 -235 979 558 927 58 387 48 539 515 -218 397 919 74 369 -704 -864 -66 918 703 -557 -126 671 31 -217 -865 -725 853 -974 -515 186 -602 299 -586 -576 259 15 549 -820 784 483 743 135 99 -37 -320 471 -985 531 -277 -523 -280 610 -210 450 522 -182 -464 33 -449 196 876 724 203 -997 81 183 -303 -626 -466 -434 -715 757 97 6 279 723 438 -510 130 -208 260 -750 242 -909 -211 -604 26 -218 -274 172 855 -452 482 577 -321 -912 -575 -548 -287 411 -265 555 201 602 -460 -294 940 389 958 -226 -964 -831 -518 852 -895 55 311 375 -626 -880 -935 -450 383 410 255 -927 -467 -376 -834 -486 147 802 310 623 799 -591 -165 -863 567 -73 785 -368 -755 312 138 983 896 -312 974 468 17 -76 -279 -642 -254 -116 580 2 334 85 326 -259 828 -754 -160 -797 -42 -780 296 283 647 -927 -361 -166 639 763 -474 -568 686 -44 -422 -286 -230 -570 -339 375 -449 97 768 -390 21 -909 -766 -666 -427 974 590 -306 -322 -527 -454 -535 652 -408 925 858 -286 219 -499 75 545 -906 101 117 -433 529 -592 963 891 -555 313 -388 -345 -90 520 842 450 -774 505 701 -171 256 -985 -413 -947 -734 475 -105 -164 -980 -778 116 -220 -390 -297 136 -542 504 -955 -428 608 -649 -864 -825 404 -792 -128 -867 261 -720 956 -709 643 -450 -318 645 57 405 800 -153 489 160 404 -898 696 -711 -530 -555 -138 293 956 238 29 259 -161 -315 -439 -196 530 -322 555 -823 -253 -254 -529 -509 -414 715 -382 -910 842 -423 519 779 815 -331 81 688 -330 931 311 -775 -424 -167 -520 389 955 -517 -717 907 540 -728 372 -512 860 802 785 363
221 1035
157 964
101 361
290 975
93 518
512 598
481 1001
245 524
15 929
801 823
199 557
225 380
86 782
0 339
632 1086
60 909
148 531
284 823
191 1103
735 779
303 1042
92 198
888 980
638 978
388 433
293 312
37 710
513 988
234 654
682 912
94 649
786 849
746 913
253 627
198 650
135 619
422 1005
625 1005
617 850
68 794
348 568
494 635
489 637
116 219
81 1072
288 541
293 1080
584 844
249 910
51 655
61 914
768 973
226 596
608 676
123 694
10 1019
53 523
61 350
537 1018
299 915
391 773
355 363
264 486
234 884
213 953
525 1030
618 685
246 967
747 1100
340 1118
193 806
319 1068
553 770
67 792
