-976
-977
-935
-928
-976
-977
-977
-977
-977
-976
720
-977
-697
-977
-976
-977
-977
-939
-977
-948
-977
-840
-976
-977
-926
-881
-935
-697
-939
-935
-948
-976
-22
-976
-784
-928
-914
-760
-757
-977
-939
-976
-948
-875
-935
-939
-939
-976
-888
-976
-976
-976
-976
-976
-976
-977
-976
-939
-976
-883
-977
-996
-996
-977
-976
-935
-977
-939
-976
-976
-977
-976
-977
-977
-977
-939
-948
-976
-977
-926
-976
-977
-977
-939
-977
-939
-939
88
-976
-976
-977
-866
-926
-977
-939
-996
-976
-977
-928
-976
-948
-977
-115
-939
-935
-976
-976
-977
-926
-977
-977
-939
-976
-977
-977
-735
-976
-977
-977
-976
-977
-977
-977
-976
-976
-977
-976
393
-784
-924
-939
-996
-976
-939
-939
-976
-976
-976
-977
-844
-976
-977
-977
-996
-976
-935
-976
-996
-976
-977
-976
-977
-977
-977
-977
-977
-883
-977
-914
-977
-976
-976
-996
-939
-977
-977
-977
-977
-977
-948
-976
-939
-926
-977
-976
-976
-932
-697
-977
-932
-976
-976
-976
-948
-977
-976
-977
-939
-926
-977
-976
-977
-939
-939
-767
-939
-976
-976
-326
-976
-996
-881
-939
-977
-977
-977
-553
-939
-932
-926
-976
-977
-883
-948
-977
-977
-935
-977
-939
-996
-976
-939
-977
-977
-976
-976
-604
-976
-977
-977
-976
-939
-976
-976
-977
-977
-977
-977
-767
-932
-939
-976
-976
-977
-976
-939
-976
-976
-977
-977
-977
-976
-914
-976
-928
-939
-238
-939
-939
-977
-976
-977
-977
-976
-924
-976
-977
-977
-977
-948
-977
-977
-914
-939
-836
-976
-996
-976
-976
-928
-939
-976
-977
-939
-20
-976
-977
-977
-996
-728
-996
-977
-977
-976
-976
-767
-948
-977
-977
-977
-977
-939
-977
-939
-996
-977
-939
-881
-939
-784
-977
-977
-977
-976
-976
-977
-996
-939
-932
-948
-976
-976
-976
-976
-939
-939
-935
-977
-976
-977
-939
-976
-976
-977
-977
-977
-977
-976
-977
-976
-977
-977
-977
-977
-932
-977
-928
-977
-977
-976
-976
-996
-914
-976
-977
-935
-976
-976
