-979
-976
-997
-979
-978
-997
-997
-997
-979
-997
-997
-997
-976
-997
-979
-997
-978
-997
-979
-979
-979
-997
-979
-997
-997
-997
-997
-997
-970
-997
-132
-979
-978
-979
-997
-997
-715
-997
-997
-997
-997
-997
-997
-976
-997
-997
-594
-997
-855
-997
-976
-997
-997
-979
-997
-848
-997
-979
-978
-978
-969
-979
-979
-979
-997
-997
-979
-978
-787
-979
-997
-997
-997
-979
-997
-997
-979
-997
-997
-997
-979
-979
-979
-956
-731
-997
-976
-997
-997
-979
-979
-979
-997
-997
-976
-979
-997
-976
-979
-997
-937
-979
-976
-997
-997
-997
-976
-997
-979
-978
-997
-997
-997
-997
-997
-997
-979
-997
-997
-997
-997
-997
-978
-979
-997
-976
-969
-814
-997
-997
-997
-956
-997
-976
-997
-979
-997
-979
-979
-997
-997
-956
-976
-979
-969
-997
-979
-979
-979
-979
-997
-979
-997
-997
-979
-997
-979
-997
-997
-997
-979
-997
-997
-979
-997
-979
-966
-979
-966
-997
-805
-979
-979
-979
-997
-979
-997
-997
-997
-978
-979
-997
-978
-855
-976
-979
-840
-997
-997
-979
-997
-997
-979
-976
-997
-979
-997
-997
-997
-979
-997
-997
-979
-855
-997
-979
-997
-997
-997
-979
-997
-979
-693
-979
-997
-979
-997
-969
-997
-979
-969
-997
-997
-978
-979
-455
-969
-997
-979
-997
-976
-997
-979
-997
-896
-997
-976
-840
-970
-978
-979
-882
-979
-997
-855
-937
-979
-941
-997
-752
-997
-979
-997
-976
-976
-997
-970
-976
-979
-979
-997
-997
-979
-997
-997
-997
-966
-997
-997
-979
-927
-978
-997
-855
-979
-979
-979
-997
-979
-997
-997
-997
-855
-976
-979
-997
-997
-997
-979
-979
-976
-997
-976
-978
-997
-997
-979
-997
-332
-979
-773
-997
-997
-979
-979
-979
-997
-979
-979
-979
-997
-773
-979
-997
-444
-997
-927
-997
-976
-997
-882
-997
-966
-997
-997
-997
-976
-997
-997
-997
-997
-997
-912
-976
-976
-997
-997
-896
-892
-979
-997
-976
-927
-997
-979
-855
-997
-979
-979
-966
-968
-966
-979
-892
-997
-979
-997
-896
-997
-997
-997
-997
-979
-997
-927
-969
-997
-997
-997
-969
-997
-978
-976
-978
-997
-997
-997
-997
-997
-979
-759
-979
-997
-997
-855
-997
-979
-979
-997
-997
-970
-979
-997
-976
-997
-814
-979
-979
-997
-206
-814
-997
-976
-979
-979
-979
-997
-997
-976
-997
-997
-976
-997
-997
-997
-997
-979
-976
-978
-997
-997
-997
-978
-997
-997
-997
-979
-997
-997
-956
-979
-997
-956
-997
-765
-979
-979
-978
-976
-979
-779
-997
-979
-997
-997
-997
-997
-970
-997
-997
-997
-979
-970
-979
-979
-976
-896
-976
-840
-979
-941
-966
-997
-969
-976
-997
-997
-997
-997
-892
-997
-978
-885
-927
-997
-997
-997
-976
-976
-997
-970
-997
-969
-978
-997
-997
-997
-997
-997
-979
-820
-997
-997
-976
-956
-978
-997
-997
-979
-896
-979
-978
-997
-979
-976
-892
-997
-912
-979
-997
-966
-979
-978
-979
-976
-997
-997
-979
-997
-976
-997
-997
-970
-979
-978
-759
-997
-979
-979
-976
-997
-997
-997
-979
-997
-997
-997
-997
-997
-791
-976
-997
-896
-605
-997
-997
-997
-997
-997
-976
-997
-997
-976
-978
-979
-956
-976
-927
-976
-997
-997
-997
-909
-997
-970
-978
-997
-979
-976
-997
-997
-997
-979
-997
-976
-976
-997
-979
-970
-997
-592
-978
-997
-979
-997
-979
-997
-979
-997
-978
-997
-997
-979
-848
-979
-979
-997
-997
-997
-997
-978
-979
-979
-976
-979
-997
-927
-979
-979
-997
-979
-976
-997
-997
-979
-976
-979
-979
-997
-979
-978
-979
-979
-997
-997
-752
-978
-814
-997
-979
-979
-978
-997
-997
-979
-432
-979
-979
-855
-976
-997
-997
-997
-997
-978
-997
-976
-997
-997
-979
-979
-969
-956
-979
-997
-855
-997
-976
-997
-976
-997
-997
-997
-978
-997
-997
-979
-976
-979
-997
-956
-997
-997
-997
-979
-969
-997
-979
-979
-997
-941
-997
-997
-997
-997
-997
-979
-979
-976
-979
-979
-997
-976
-976
-979
-997
-979
-976
-997
-976
-979
-866
-979
-979
-892
-979
-997
-997
-997
-997
-979
-896
-997
-978
-979
-979
-997
-997
-997
-997
-997
-966
-979
-734
-979
-976
-896
-866
-997
-997
-997
-997
-997
-997
-997
-979
-997
-997
-997
-979
-791
-814
-997
-997
-997
-997
-927
-979
-997
-976
-997
-976
-787
-855
-976
-997
-997
-997
-979
-997
-997
-997
-976
-848
-970
-997
-976
-997
-997
-979
-997
-979
-976
-997
-997
-734
-997
-966
-848
-979
-997
-997
-997
-997
-759
-997
-979
-997
-997
-979
-979
-979
-997
-979
-997
-997
-997
-978
-979
-997
-997
-997
-976
-978
-997
-997
-979
-997
-997
-997
-979
-979
-979
-985
-966
-979
-896
-997
-997
-997
-997
-814
-979
-818
-979
-979
-997
-976
-848
-997
-997
-896
-997
-132
-978
-997
-976
-979
-997
-997
-997
-997
-956
-979
-976
-966
-734
-814
-976
-978
-997
-896
-976
-896
-997
-979
-997
-997
-976
-978
-997
-912
-976
-979
-997
-997
-997
-997
