-999
-990
-999
-999
-999
-999
-999
-999
-975
-999
-995
-999
-999
-999
-999
-999
-979
-999
-999
-999
-999
-975
-999
-999
-999
-995
-999
-990
-999
-999
-999
-999
-874
-966
-999
-975
-999
-999
-999
-968
-958
-999
-934
-999
-999
-999
-999
-999
-999
-999
-999
-999
-999
-999
-999
-980
-999
-999
-999
-999
-999
-999
-999
-980
-999
-999
-999
-976
-999
-999
-999
-999
-999
-999
-525
-999
-999
-999
-758
-999
-999
-902
-999
-999
-999
-999
-999
-999
-968
-985
-999
-999
-999
-975
-999
-957
-995
-999
-999
-975
-999
-919
-999
-985
-999
-999
-963
-999
-995
-975
-999
-976
-999
-975
-999
-999
-999
-999
-999
-999
-999
-956
-999
-991
-999
-995
-999
-999
-999
-976
-976
-999
-999
-985
-999
-991
-967
-999
-999
-999
-999
-966
-999
-999
-999
-999
-999
-999
-999
-999
-999
-999
-999
-999
-999
-999
-999
-999
-999
-999
-999
-999
-999
-999
-999
-999
-999
-828
-999
-999
-999
-999
-999
-975
-991
-999
-999
-999
-999
-999
-883
-999
-999
-999
-999
-999
-999
-999
-999
-975
-999
-999
-999
-999
-999
-999
-999
-985
-974
-975
-974
-999
-999
-999
-960
-975
-999
-999
-999
-979
-999
-999
-999
-975
-999
-995
-999
-999
-999
-999
-999
-999
-999
-510
-999
-999
-999
-999
-826
-968
-999
-999
-995
-999
-999
-999
-999
-999
-999
-999
-999
-999
-999
-999
-985
-979
-999
-999
-999
-999
-990
-999
-999
-710
-991
-999
-999
-999
-999
-975
-999
-999
-999
-999
-999
-999
-999
-999
-999
-999
-999
-968
-999
-999
-990
-546
-999
-965
-999
-999
-999
-883
-999
-999
-965
-995
-999
-999
-999
-990
-999
-999
-975
-991
-999
-999
-999
-975
-968
-999
-999
-999
-999
-999
-999
-990
-990
-999
-999
-999
-966
-999
-999
-999
-999
-999
-999
-999
-999
-999
-999
-999
-960
-995
-975
-999
-999
-999
-999
-999
-999
-995
-999
-999
-995
-883
-999
-999
-999
-999
-999
-999
-999
-999
-985
-999
-999
-980
-999
-999
-999
-999
-985
-980
-999
-995
-995
-995
-999
-999
-999
-999
-546
-974
-999
-960
-999
-999
-975
-999
-999
-999
-991
-999
-999
-980
-999
-999
-999
-974
-974
-999
-999
-999
-974
-999
-999
-980
-999
-999
-995
-999
-999
-968
-999
-999
-999
-999
-999
-999
-985
-885
-999
-999
-999
-967
-999
-999
-999
-999
-999
-999
-999
-999
-755
-999
-999
-999
-999
-999
-999
-999
-985
-999
-999
-990
-999
-999
-995
-999
-999
-999
-999
-999
-975
-999
-999
-999
-995
-999
-999
-976
-979
-999
-999
-999
-999
-975
-975
-999
-999
-975
-999
-999
-991
-999
-999
-999
-999
-999
-975
-995
-999
-967
-959
-999
-707
-990
-999
-999
-999
-999
-999
-302
-999
-999
-999
-974
-999
-968
-999
-999
-999
-999
-999
-999
-851
-975
-999
-991
-902
-999
-999
-999
-999
-999
-999
-968
-999
-645
-999
-999
-995
-999
-999
-999
-999
-999
-999
-999
-999
-999
-999
-995
-999
-999
-999
-999
-999
-975
-968
-999
-999
-999
-974
-975
-999
-999
-999
-990
-999
-999
-999
-999
-985
-999
-990
-999
-999
-979
-999
-999
-999
-999
-999
-999
-999
-999
-999
-999
-999
-999
-999
-995
-995
-999
-999
-957
-999
-999
-999
-995
-999
-999
-999
-999
-999
-999
-999
-980
-999
-999
-999
-985
-999
-999
-999
-999
-999
-999
-999
-999
-999
-999
-995
-999
-999
-975
-999
-999
-999
-985
-994
-975
-999
584
-999
-980
-999
-999
-990
-758
-999
-999
-999
-999
-999
-999
-999
-999
-620
-999
-968
-999
-968
-999
-999
-999
-995
-999
-999
-985
-999
-999
-960
-999
-999
-999
-999
-327
-975
-999
-979
-999
-975
-999
-999
-999
-999
-999
-999
-999
-975
-999
-999
-999
-999
-990
-999
-999
-999
-999
-999
-999
-999
-999
-999
-966
-999
-999
-974
-999
-990
-999
-999
-995
-980
-999
-999
-999
-965
-999
-999
-999
-999
-975
-999
-995
-999
-966
-990
-999
-999
-999
-999
-999
-999
-999
-999
-999
-999
-999
-999
-999
-999
-999
-999
-933
-999
-999
-975
-968
-999
-999
-999
-999
-999
-999
-999
-999
-999
-999
-999
-999
-999
-999
-525
-999
-999
-990
-999
-999
-999
-999
-999
-999
-999
-990
-999
-999
-999
-999
-999
-999
-999
-968
-999
-999
-999
-999
-999
-999
-999
-990
-999
-999
-882
-999
-999
-999
-965
-995
-999
-999
-999
-929
-999
-999
-999
-999
-999
-999
-999
-999
-999
-999
-999
-999
-999
-999
-999
-999
-965
-975
-999
-995
-999
-999
-999
-975
-990
-999
-999
-995
-968
-999
-999
-999
-999
-999
-999
-999
-999
-995
-999
-999
-999
-999
-999
-999
-999
-999
-999
-999
-999
-999
-999
-975
-999
-968
-999
-975
-995
-999
-999
-998
-999
-999
-934
-965
-999
-999
-999
-999
-990
-999
-958
-999
-999
-999
-999
-999
-999
-999
-999
-999
-999
-999
-960
-999
-999
-999
-999
-956
-995
-999
-999
-999
-999
-999
-999
-976
-980
-999
-999
-959
-999
-999
-999
-999
-999
-999
-999
-985
-999
-999
-999
-999
-985
-999
-999
-995
-999
-999
-999
-999
-172
-999
-975
-990
-999
-967
-967
-999
-968
-990
-975
-995
-752
-730
-999
-999
-995
-966
-999
-995
-999
-983
-999
-975
-999
-976
-975
-968
-976
-999
-999
-999
-999
-999
-999
-995
-999
-999
-999
-999
-999
-999
-999
-957
-999
-999
-999
-999
-999
-999
-999
-999
-999
-957
-999
-999
-999
-999
-999
-999
-999
-999
-999
-999
-999
-999
-999
-999
-999
-999
-999
-999
-999
-999
-999
-967
-999
-990
-999
-995
-999
-995
-999
-999
-991
-999
-999
-975
-995
-999
-975
-999
-975
-999
-999
-999
-999
-956
-999
-979
-999
-926
-999
-995
-999
-999
-967
-999
-999
-999
-999
-999
-999
-999
-999
-980
-999
-999
-975
-999
-995
-999
-999
-999
-999
-999
-980
-999
-976
-999
-999
-999
-990
-999
-999
-999
-999
-999
-999
-999
-968
-999
-999
-999
-999
-999
-999
-999
-934
-999
-999
-918
-991
-999
-999
-999
-999
-910
-999
-999
-999
-999
-999
-999
-974
-999
-999
-999
-999
-999
-995
-980
-999
-999
-999
-999
-999
-999
-999
-975
-999
-995
-999
-999
-999
-999
-980
-999
-968
-999
-999
-999
-999
-999
-999
-999
-999
-999
-999
-999
-974
-999
-999
-979
-974
-999
-999
-968
-999
-999
-999
-999
-999
-999
-999
-999
-999
-999
-999
-999
-999
-975
-999
-999
-990
-965
-968
-995
-779
-975
-979
-999
-999
-959
-999
-995
-999
-999
-999
-995
-999
-999
-999
-999
