-917
-986
-999
-986
-999
-999
-985
-999
-931
-999
-668
-986
-999
-999
-999
-760
-957
-999
-994
-999
-994
-668
-957
-994
-663
-999
-994
-999
-999
-931
-994
-999
-994
-931
-931
-931
-999
-999
-957
-999
-956
-999
-957
-999
-931
-999
-931
-994
-991
-999
-956
-999
-414
-931
-999
-999
-999
-999
-999
-726
-999
-931
-931
-999
-999
-999
-999
-957
-994
-999
-999
-986
-999
-999
-762
-999
-999
-994
-994
-999
-626
-999
-917
-986
-986
-999
-957
-999
-999
-999
-991
-957
-999
-999
-999
-994
-999
-999
-994
-999
-650
-994
-999
-999
-994
-999
-957
-583
-760
-931
-924
-999
-999
-999
-946
-994
-994
-999
-626
-887
-999
-957
-760
-994
-957
-999
-999
-986
-999
-999
-994
-994
-999
-617
-999
-999
-999
-978
-956
-999
-999
-994
-999
-650
-946
-957
-351
-999
-978
-999
-957
-930
-957
-999
-994
-999
-994
-999
-924
-999
-957
-999
-957
-999
-999
-946
-999
-946
-931
-999
-999
-994
-999
-946
-999
-760
-931
-991
-994
-931
-956
-985
-999
-986
-760
-999
-931
-999
-999
-978
-957
-999
-991
-986
-999
-930
-957
-956
-999
-999
-994
-800
-762
-994
-999
-999
-994
-994
-991
-999
-994
-994
-999
-999
-999
-999
-999
-999
-946
-999
-999
-956
-994
-781
-663
-999
-994
-956
-141
-999
-726
-999
-999
-957
-999
-994
-999
-999
-931
-931
-975
-931
-999
-986
-999
-946
-999
-999
-999
-994
-999
-957
-986
-999
-994
-991
-999
-960
-994
-999
-999
-957
-994
-931
-930
-999
-985
-999
-759
-999
-999
-999
-999
-999
-999
-999
-999
-960
-999
-999
-930
-931
-947
-999
-999
-999
-999
-999
-208
-999
-999
-957
-999
-931
-760
-986
-999
-931
-999
-999
-994
-999
-930
-999
-999
-800
-999
-999
-917
-855
-999
-994
-999
-931
-986
-760
-931
-994
-999
-583
-994
-986
-999
-986
-999
-957
-999
-562
-760
-999
-999
-994
-957
-924
-986
-999
-931
-994
-999
-994
-726
-999
-999
-957
-999
-999
-999
-936
-999
-999
-999
-999
-994
-781
-931
-999
-862
-986
-456
-957
-946
-999
-994
-598
-999
-999
-994
-994
361
-999
-999
-999
-999
-994
-994
-999
-999
-999
-994
-999
-957
-999
-999
-999
-986
-994
-930
-956
-999
-999
-999
-999
-760
-986
-994
-999
-999
-931
-986
-994
-986
-924
-956
-999
-931
-999
-999
-648
-800
-999
-999
-994
-999
-957
-999
-999
-978
-994
-999
-999
-986
-947
-999
-994
-931
-999
-860
-602
-924
-999
-994
-999
-887
-931
-946
-994
-986
-999
-999
-208
-999
-999
-999
-999
-957
-994
-994
-957
-999
-994
-999
-999
-957
-999
-957
-999
-999
-887
-994
-999
-946
-999
-959
-663
-999
-999
-957
-999
-999
-887
