100
45230 63358 1543 79549
5031 32896 82107 39059
15072 70638 52020 90771
77596 16030 20285 14443
23635 77775 43666 80579
42757 61365 30504 38645
36355 1305 36841 12228
65673 57325 31373 95467
15721 32927 43376 47943
7893 73933 98095 35512
60269 57400 82175 535
68871 81563 76220 55516
96438 88177 35142 31181
89561 71493 60945 6976
63839 20651 19725 42968
30943 71259 32742 43632
72622 54312 94184 95545
41532 76959 3884 80524
57672 40992 42930 22272
58571 8233 42291 1910
27550 82648 71682 1035
57891 23 50826 66613
27117 8948 6994 60532
39962 34159 35690 83129
88168 30565 20107 83877
84809 31178 84056 29237
75180 73134 1148 80397
72529 72454 10558 17945
88958 11932 25926 59866
10463 68677 3045 15362
72884 53825 30108 33701
31818 35729 16130 9124
47599 92927 49934 42919
51524 87461 11882 87662
43339 15189 27558 45135
30325 80516 65103 51540
13623 49932 98734 81980
91929 84464 62914 32969
8779 5558 16656 70273
25874 52602 57920 70983
60978 87333 49833 89643
1253 28250 45902 7579
5700 17183 87356 8136
56127 13923 61853 50141
52578 81858 33338 92550
7888 32973 64401 5428
45369 15614 19050 42389
26756 15670 64682 10121
48011 5498 81361 62450
37679 60816 92153 62201
56680 50597 13411 74093
92166 47865 47062 63363
64796 47145 61702 2013
2992 55682 90645 58730
95354 93083 38869 59545
52126 65437 85811 38076
48165 98422 74526 47208
54840 55788 43638 36107
38132 27627 15504 187
38262 24320 45557 14306
4670 91481 64887 38906
81145 41542 68890 51161
367 23894 61293 54359
73844 89908 26622 87843
89567 25047 21985 47885
94246 18736 73630 5869
77242 45800 81956 94474
8937 87408 12045 9701
95048 26592 78216 48131
59288 94203 52868 24639
99156 59992 51738 43083
78502 72472 77702 77714
4927 62419 94939 48655
77645 85861 39000 19908
50327 91270 24208 10774
28361 44643 97364 44939
92017 99865 2037 89325
5194 71512 9316 16463
14062 49511 59254 23870
41320 37266 68713 11248
82883 5609 49911 17322
81010 98859 7931 53131
17339 64922 33945 26070
81648 72912 80568 28414
20088 83501 9502 38460
29052 46049 14649 63494
6486 4871 56015 44042
79963 93723 54109 96653
7451 72852 23638 5325
98383 97294 49110 91784
95819 42826 55408 95851
91269 89847 94903 81560
99221 537 45543 24073
1996 5069 35603 34133
69365 82632 54907 5147
62927 64280 8105 80370
57150 14669 69254 16597
4037 16138 56761 40178
35567 93071 76887 92038
68383 88260 50493 81704
