100
8964 3469 8234 8931
5064 1556 4027 858
8039 7946 8408 3498
8020 9467 9828 2215
9296 2340 6627 5658
337 2575 6629 3324
6214 352 5387 5390
6539 8608 8967 2303
810 1802 457 2801
6253 4178 3707 139
244 1360 6958 9708
5932 684 9025 8878
2242 5260 4704 5179
1930 3245 1317 9485
2311 5533 4440 6966
2397 3343 6005 6034
7517 3942 399 7163
2937 5406 6019 7548
396 120 5343 9374
7476 7980 1496 8206
3747 537 9864 1735
635 8469 6112 223
2925 3854 8934 1611
9116 4876 2194 4888
8965 1029 5900 334
2344 4523 2714 5707
4121 8304 4967 6971
7869 6358 7008 5758
8058 6875 8584 7345
1844 4031 7581 1899
6945 4814 8912 9377
101 9772 9329 2474
4217 8850 8214 229
4226 5520 8071 5162
1863 2494 1254 5208
8138 1176 2169 9016
2419 2732 4950 437
7359 4853 2657 480
239 5950 1395 1630
6252 6535 7928 2304
2099 2992 5788 4070
6418 7662 4921 2379
2623 4611 513 4245
2422 4048 4607 4011
1080 4652 8814 7975
8729 2875 4045 1697
6619 1228 2564 9482
9932 8943 8082 6457
4415 6502 9424 8709
8044 2153 3698 669
3473 3398 3264 5577
9590 4213 1537 9930
8503 1098 4733 678
8384 1961 385 8301
8562 5424 7755 4320
9235 3816 1995 9994
1697 1554 4652 7977
801 2122 1703 5441
4470 7989 1365 2129
8703 1714 5490 3411
7248 4141 9773 1038
4480 1737 1008 3709
2191 3561 6539 1724
7606 7718 7013 7737
9143 6743 114 2119
3345 1539 2138 9984
7161 8832 5318 3218
8630 4559 9879 7466
4561 557 4648 249
7744 6048 4536 4045
5535 1039 3625 7514
3158 3603 242 1532
498 3793 8557 1575
6744 9690 596 5234
3913 7826 8039 1808
7354 1730 9370 5361
2533 5204 5367 5428
9721 6833 2612 1042
7480 3966 2428 8995
2707 9116 2420 5597
2669 5140 9721 4883
1378 6699 5829 5130
7353 6499 6225 8277
2056 6312 3512 5203
8863 9915 4779 6533
9452 9035 3251 7451
4348 4974 9991 6887
9290 2738 6812 6225
8302 6354 2506 8208
2142 8460 4055 3826
4769 3986 7 3881
722 8819 2071 3632
5638 6153 8894 7898
8505 5652 4704 1766
9500 9092 6943 2948
1407 3821 5231 399
2615 4321 7716 6068
4493 8943 2321 9710
2160 2421 5458 7939
3903 177 5049 5817
