100
57675 26108 68281 31038
78301 79609 45414 22070
81900 93786 43382 97757
14168 15787 92990 63460
31773 75921 55008 16929
64752 19928 37339 68425
81441 65621 64971 26400
7810 79516 250 82195
43410 50091 74828 36653
36913 31432 84574 46800
73117 35491 63244 50515
26536 95002 95685 58475
43156 4237 98023 96206
55910 81613 52564 23514
94871 49027 87690 23474
43697 72312 40307 87931
13470 60523 43167 82862
26570 62601 94502 826
83763 80605 99921 883
69553 30936 99755 90322
44319 86727 62824 39093
43638 16223 99335 71444
87755 9000 67833 36462
32023 81287 13962 91027
17313 5385 99069 21446
99279 93766 10987 41367
70771 81225 76541 99670
61478 77697 56891 80778
3035 81265 80021 10599
57037 44155 66224 8704
25227 40269 74556 72314
61392 67085 31466 59287
70436 76770 43513 27314
73768 82895 30773 40311
76374 4118 99867 58664
23463 5824 26728 43675
39608 55344 36111 85412
28096 36639 56477 77559
603 52268 24485 49324
9098 75645 32945 78583
92889 88192 36736 48885
29752 55699 29171 22109
389 32454 37610 40488
47725 36658 60959 43678
77232 8030 53281 31932
41336 96481 17444 87974
82382 202 26302 26499
89789 70971 76592 80588
26181 41859 89836 28297
58252 39078 27271 32608
53981 74221 65432 12349
86519 73506 15854 84502
75731 34556 57556 23149
2732 53721 85172 9922
19295 33030 93270 22132
47989 99003 836 26827
33283 52987 52929 84566
4517 20880 8807 82778
35270 40296 77086 69639
99292 36008 80933 99739
59996 65057 10611 65294
17759 66583 43140 77720
86597 7653 37431 43176
1709 51454 94976 76685
86773 46432 35416 25365
64629 59110 57041 90755
86490 31912 84364 22447
45022 29171 78002 29232
88157 32592 59457 60758
36976 47515 87871 10978
5312 33505 99760 35631
66070 41496 25147 91684
10096 2943 33695 2477
11543 71022 88476 72570
76387 4528 84381 95573
38608 7101 89857 1518
50637 63937 72526 45179
5379 53047 75135 70027
76705 3618 93995 32493
90182 29771 20138 98442
44764 57497 45352 87447
43040 62563 29257 6834
7671 93843 18364 31874
12985 33583 17319 90904
7264 23220 27896 94908
60017 57799 73746 3882
90731 63588 67833 86488
15177 60523 42759 92946
17580 16885 71842 37114
99308 11466 82409 42348
80163 43500 12807 56149
43527 71175 98602 96519
13999 43972 59538 74983
82046 18299 1650 50223
52016 66924 57695 65076
62461 32219 23460 67348
4521 88345 43520 86864
36903 46328 13600 93885
5022 61488 50124 73430
68259 14732 36223 64963
