80
3388 7609 4790 1355
6721 9060 8574 6057
846 5063 762 2255
8631 8906 6508 7240
2479 5707 5320 6454
2099 8821 589 9572
5490 657 9102 3200
6600 1199 9089 107
5326 3124 8883 8836
238 6840 7406 5760
5830 1935 4122 3362
7340 5179 8249 452
4037 6673 3247 9731
5866 7638 2882 4250
6824 7781 7218 4463
5914 8772 2119 1376
1364 6524 8919 9668
2112 9289 6244 9931
4563 2158 1696 8603
2364 5101 981 6986
4579 7675 7752 6788
2708 9379 4202 8890
1328 5807 7958 6747
1232 9156 3072 1936
2067 9089 2516 2550
2990 8617 4970 5433
2234 9324 2806 1925
507 6109 2601 4030
1168 7123 5132 6651
1893 2752 1520 4244
2414 5002 2865 8797
7112 8017 4657 7165
6509 9532 3532 7633
4367 1718 7682 8874
4286 1430 6105 4731
7434 9292 7378 5620
2771 3620 6978 4437
3728 4527 9277 7266
3672 5848 8155 7001
3403 1234 406 1439
5274 5308 8997 8692
7344 5883 3633 6664
8648 4382 7698 515
7181 4246 2578 3848
2608 8968 2328 3660
4755 197 8325 865
6808 6906 2607 4554
6958 8907 8092 763
6357 4680 2293 5270
5100 5868 764 3119
6920 3866 9474 8973
2667 998 1414 5535
7961 2846 637 7106
1868 9316 6475 8778
7744 7126 2433 6139
8725 5855 2342 3339
9088 7 2139 9438
3206 9414 6800 9100
2582 3629 4772 1286
4068 6363 9449 7850
4206 4725 4789 6758
2218 4590 111 9896
929 1696 8554 5576
9378 490 928 7329
4422 5098 2371 9659
3764 9571 5682 9529
9999 7044 1620 3935
4755 2504 6499 4220
917 1696 216 4187
3798 4947 2595 9661
8290 2785 3356 9080
2631 9772 5697 2167
2747 155 1725 8022
6189 6393 9584 8505
964 3408 8906 4709
4450 5803 6619 1817
4552 6445 4450 3669
6524 4802 289 3121
2137 8502 6661 18
3199 8267 5495 2644
