50
3926 3867 5468 7092
156 4472 4251 1960
882 5130 8972 6728
2910 7838 3630 1030
3661 3102 9679 3427
8330 9558 3023 7803
5428 6581 1250 1224
5031 3214 9552 1856
2504 8024 3212 9052
55 9874 3323 2034
4003 7288 6445 8416
8530 2448 4129 4262
6688 7350 3552 105
4501 2302 48 4551
6463 1087 4518 9535
9803 8245 5011 9434
2888 9294 334 601
5727 7687 3715 6494
125 4392 9897 3643
595 4296 6621 5068
5262 4755 1739 3786
8063 428 9303 4081
462 1359 8765 9079
7822 1020 6203 83
9495 7780 9174 9051
8440 1691 4003 7851
5527 3328 4597 6478
1626 7961 8758 6931
2595 6375 5823 5493
2959 6373 765 2187
6383 3701 5332 4462
8559 3699 2221 380
9273 1041 4436 2980
3540 4862 4082 7322
7325 1353 1135 7988
534 4883 6759 6144
6624 3500 3815 934
3174 7454 2517 430
6762 5106 7893 7703
1423 1005 8081 8841
4954 4103 5715 1836
3 6527 2981 985
9053 9842 4781 9494
7073 9641 1514 6191
1013 9952 6238 506
8184 559 5184 8625
8849 5743 6084 1074
3750 9547 7346 6509
722 2364 9384 8670
3177 720 8888 1590
