50
59 0 41 25
54 13 25 29
66 58 69 58
32 47 4 7
41 4 50 17
25 62 31 1
28 23 42 94
76 13 44 68
58 8 16 49
27 67 35 49
41 92 39 61
80 17 39 57
30 58 4 30
44 95 31 46
69 27 47 98
12 76 96 67
66 10 35 6
97 7 42 80
26 69 22 53
29 99 67 57
14 34 73 95
56 8 73 79
30 3 47 3
27 88 90 27
98 35 15 66
18 61 17 91
3 78 41 32
60 90 7 86
61 10 33 83
1 83 48 51
93 94 43 31
56 27 51 44
89 79 99 66
97 43 80 49
67 91 24 20
9 46 42 59
15 53 60 82
50 52 36 17
35 72 56 51
29 28 77 91
68 9 100 61
20 50 42 91
87 79 19 4
15 84 93 66
66 74 42 12
85 82 43 74
30 54 81 21
95 78 78 2
3 40 56 3
46 89 5 5
