80
1399 6324 3419 4791
7869 5404 293 7409
8305 2242 5850 803
5322 8146 2243 578
3373 9008 3302 2436
9092 2098 2660 3103
1538 6678 8179 2786
4926 5139 3641 3049
8211 4458 358 9223
4944 9445 9756 8696
542 9868 2090 8009
4224 7071 5043 5076
8780 1147 6171 2222
1402 2993 2493 4385
6039 9651 8797 1374
9615 7980 10 2725
4873 4598 2700 9073
6958 685 4947 1522
2283 2019 2220 604
5484 2665 4364 1511
5835 3389 1360 9716
4239 9237 8959 5922
6633 9823 1132 7276
8707 5723 6439 9297
3468 4814 1650 777
7568 7279 7395 5783
1505 2489 7619 9197
1832 488 8063 2286
357 8144 2088 5697
8818 7774 5790 6421
2248 815 1985 363
4824 8880 4048 9508
3097 7388 6494 2871
1100 8831 3468 550
2837 1573 1739 5258
8395 3710 9917 4487
3497 3588 7531 7965
1668 7948 9680 5905
8035 6703 4096 2433
4043 4806 4800 787
6921 4232 573 85
112 9025 9147 3601
1491 8591 6412 6004
3430 2321 2837 2649
5522 7682 4313 8377
4008 4567 3733 5887
5056 3283 5322 2298
4534 7876 9189 8193
8964 3177 8271 7564
4481 1326 3563 9517
3329 7702 9562 7829
9926 589 9997 4488
4798 3658 986 8559
8977 1423 9742 3606
9088 7981 3932 5145
8531 7737 1959 9761
3012 5058 4615 6192
9549 1714 4402 1603
8487 519 2567 3024
5535 7446 3229 2854
8223 4401 9707 3778
8416 3778 7420 8869
6745 6615 3961 6416
1871 5372 5293 4392
5835 7706 9971 8978
8563 1342 2935 7855
2199 596 6570 5221
4302 3747 5076 990
1396 1457 3493 8425
3760 3913 7931 6775
8252 3219 4737 2356
6357 6606 3916 3967
4005 4092 5541 1728
6238 5755 3003 2637
758 5074 8477 3340
8960 8426 1844 670
7372 8337 5130 4983
5148 6462 536 6505
1284 3159 3687 1781
1668 1795 48 9092
