80
78848 37713 96402 98665
1548 17494 89609 58776
69028 68913 15600 15747
6955 46592 70436 72640
80547 69842 57596 3786
53694 56415 43392 64083
60434 33206 59587 49884
85701 41261 38315 97266
45735 10125 46532 27428
51978 76116 46692 64975
5423 85785 46126 52975
27552 24126 74402 1102
65469 6918 4672 66968
38540 80964 84608 7402
10507 52380 56735 9168
95638 15984 64768 36633
80254 11993 99810 5143
41128 6494 24933 83150
40068 52031 50535 94732
21853 67105 69791 71106
64869 83946 36176 78980
78164 50477 10479 38291
35679 10594 42410 14174
92574 8528 38318 65550
96579 58780 77103 52051
28352 63744 1216 79912
16072 38064 11368 88467
35234 64603 50612 31919
50762 36402 17304 74986
596 95497 38858 97095
23388 98247 33367 92839
92256 9411 26709 8716
48883 87408 45055 85470
48187 39578 10015 41632
75293 37420 81288 58503
83221 85966 75181 92095
66950 64829 21203 72083
25923 15939 51940 12850
58158 72521 98920 72628
88974 70138 67053 87914
58097 57923 60664 82754
12042 26968 67737 66027
50724 60036 75635 85089
17911 80746 71970 69800
83752 78660 81999 97016
4826 76813 98649 24208
12252 59942 83530 21003
3532 45094 94323 93379
1042 493 97328 67979
35166 7510 71027 46192
48092 66679 45373 33734
20368 57779 99297 75286
25714 19623 48491 4708
55693 72973 83828 25742
70191 86594 59872 29268
31920 49622 12864 50285
2012 44094 41451 49571
30665 18725 64002 40318
48335 32820 35217 12397
73793 63287 56226 64543
80747 47545 75760 58034
35961 43385 35449 25030
17719 75669 36280 92595
26013 12098 23185 74881
34467 51659 26907 10416
3667 40545 15600 76000
42003 9110 40747 15996
24783 2713 63250 78895
9524 14272 17694 13615
62320 12310 89430 26763
55284 25511 23256 43505
54090 70513 57341 25108
65586 86597 41799 44711
3413 98676 6066 45859
46165 82837 94862 93674
59902 30700 19434 97015
11772 77933 60447 25902
93906 49816 40969 26705
71991 54257 32495 72112
20081 89373 60423 27334
