100
26924 82687 20151 20353
34931 75777 62851 89855
39682 34458 17116 12263
7631 78154 67507 81161
76746 12792 31122 78480
12528 1889 87938 23592
99900 43939 56158 40433
30304 81138 98769 80323
57926 35305 5387 71277
6809 55906 19746 6114
33579 27292 8568 34431
57900 50906 88036 69026
16594 51356 4296 79283
28247 63683 31943 7498
59863 38208 98847 55319
23103 73822 70930 40249
3748 51301 77702 75120
35096 92329 79219 73032
64997 12849 72790 82251
73581 58244 4339 41261
23229 44818 74073 77276
98904 83000 34137 25918
68723 44555 10946 91556
98032 79795 17727 49238
95564 56853 33741 75371
65042 16407 36812 54454
26781 52022 63073 67605
70766 53712 65217 16631
83969 79616 38541 63670
24943 32169 58742 90389
34248 42193 60673 91910
84442 64162 35682 61961
61624 41538 55447 7569
33000 29658 1113 65061
50826 6177 45681 41459
95429 31567 37564 89110
52855 89654 89543 87231
67764 60398 25905 49836
36058 28394 84665 63457
17966 91556 91437 21782
29740 23114 6700 99278
69047 91152 59248 91351
66138 75731 10037 74541
86342 71397 28990 48088
44914 66426 4180 99648
27812 66061 63719 40143
99511 10079 83905 80068
69146 49730 71395 26290
57572 71870 69442 74221
29772 84780 28221 54758
47466 74104 58568 60670
49956 3588 4693 21974
83119 26248 98644 49686
56369 29433 62926 20320
19403 12231 91671 875
73615 46202 76665 39803
81350 95446 78145 22166
67901 61225 90102 46839
15394 77367 41171 70573
38525 73266 42878 91736
23683 83264 51733 33619
1824 26241 20516 26286
52196 86352 14003 87183
22897 70424 3767 63272
57035 93536 8029 11391
38325 30392 27428 44448
80835 38464 89678 29171
55137 41918 5381 30364
84523 76437 51896 19499
44864 36762 15448 77526
44708 57424 49715 25865
28280 60984 48751 97176
46903 82203 95233 26603
526 54746 91200 49257
66038 90580 96873 33204
9158 30321 42697 49899
13429 69553 3977 39728
94357 29962 22064 41027
8103 2962 37616 876
84651 608 3078 32346
79208 98967 80510 5007
68210 76990 34551 29700
45782 17729 61820 17712
77635 60443 77140 47677
38435 34345 63656 67418
8335 49991 83160 77498
75720 18576 10982 7511
99934 98482 38452 48279
52353 18700 37855 27919
74811 80542 36186 25277
42320 25389 3315 81130
4398 44636 86914 45856
5637 91713 70242 36668
52785 70875 40308 48866
25953 75023 67435 64189
29493 71764 3448 3039
18938 72170 76923 98111
99572 50992 45880 40551
66561 66503 56585 77786
97597 18349 11203 71180
