8163 897
98 9
55 50
19 91
17 33
7 37
33 55
13 77
53 46
62 79
63 100
9 26
24 22
61 49
16 84
12 89
27 36
100 36
44 36
88 71
75 99
53 82
79 42
15 22
100 79
62 89
2 1
67 66
94 79
91 48
18 72
45 88
58 47
16 78
56 6
49 98
67 57
41 20
83 36
10 72
22 88
40 40
63 78
92 62
91 7
63 70
67 82
21 26
94 98
31 99
69 66
40 64
45 36
40 15
16 1
95 94
83 82
84 83
8 17
45 45
5 29
90 13
1 97
78 48
96 81
57 32
60 0
73 66
56 98
36 76
98 97
89 93
90 25
95 34
77 91
73 65
97 15
4 50
75 21
62 62
95 36
17 12
100 22
81 24
37 18
79 22
60 90
83 68
17 33
88 15
4 63
99 83
12 93
1 22
42 46
19 96
25 6
8 57
97 65
54 64
95 67
7 61
94 74
35 94
81 33
25 60
34 96
94 16
87 38
78 16
75 39
11 45
34 81
4 30
34 2
10 31
84 81
9 27
35 39
33 95
85 88
63 27
21 48
20 56
27 73
10 57
1 38
91 50
17 65
39 19
84 65
93 79
72 78
62 11
37 85
16 32
47 17
46 35
78 0
1 3
27 78
80 15
37 61
56 91
96 96
27 71
47 74
12 40
74 92
48 91
20 92
9 59
46 49
11 61
65 5
80 77
70 24
56 31
88 97
1 94
68 28
84 2
8 76
51 80
86 43
85 55
43 65
61 5
15 53
11 3
26 94
19 94
7 56
16 60
41 25
17 8
27 8
74 44
89 89
1 16
85 29
36 23
86 37
22 8
38 3
67 69
80 77
59 22
40 94
12 70
50 84
81 89
92 39
53 29
33 65
41 99
83 20
71 26
35 76
81 86
35 91
68 84
18 95
54 43
93 30
15 55
89 2
36 11
70 26
23 13
35 69
2 16
16 6
92 41
78 4
36 29
80 83
86 82
3 52
28 49
70 49
30 99
25 24
86 16
39 25
37 71
1 62
57 3
60 78
48 39
16 55
16 99
22 61
38 62
88 93
75 62
71 93
97 11
27 86
22 8
71 92
34 31
38 14
32 18
79 14
52 25
9 99
61 27
53 56
47 52
80 28
68 46
60 38
71 87
47 80
45 40
14 27
48 94
16 79
24 82
6 15
80 29
65 16
78 30
82 57
11 70
17 52
41 51
52 32
43 92
14 47
75 14
57 53
72 73
72 89
13 23
71 67
81 66
16 88
3 72
73 0
49 11
14 38
50 70
87 71
40 48
41 87
14 99
22 20
77 97
79 3
36 46
77 59
39 24
41 100
97 7
85 67
11 92
26 73
79 77
38 40
4 7
87 79
12 80
46 98
37 93
90 48
7 8
71 41
73 45
79 79
75 27
67 56
41 24
39 80
67 52
62 39
57 63
9 95
68 54
24 43
77 29
95 44
17 85
61 9
19 59
25 63
37 2
37 42
28 94
69 8
35 41
38 17
22 7
43 8
23 78
66 31
9 65
65 11
52 17
66 6
47 21
77 41
96 64
7 28
67 9
17 87
20 94
95 24
72 3
20 86
16 31
13 71
97 80
5 78
49 9
69 34
61 47
61 0
87 10
10 54
85 27
5 57
37 53
40 100
14 16
34 16
84 0
64 40
91 30
50 80
4 86
34 42
85 64
36 81
19 44
77 15
15 30
67 12
60 84
8 1
2 36
21 18
91 50
19 54
92 68
19 26
70 20
20 36
17 25
30 73
11 92
55 56
26 58
35 42
88 13
11 32
96 69
3 31
24 35
23 87
46 20
19 16
92 12
20 15
62 87
33 22
9 40
35 78
32 19
6 33
45 34
11 98
42 32
93 20
88 49
66 56
50 81
33 21
16 17
39 38
58 18
91 15
85 99
41 76
7 83
77 38
69 89
95 50
41 3
57 45
64 18
5 43
33 89
26 78
72 19
45 63
61 3
52 16
20 13
22 58
7 28
11 47
68 67
72 1
22 72
24 7
96 77
38 72
86 68
54 16
57 1
59 42
48 7
23 46
72 34
19 68
88 8
25 21
29 81
45 10
80 55
37 73
47 80
38 73
76 99
43 83
83 63
52 41
100 86
26 32
73 92
98 18
98 88
45 0
43 49
55 82
37 14
41 5
11 30
17 76
88 30
67 0
86 72
77 15
2 62
28 2
60 50
15 2
33 90
1 37
36 55
64 37
72 50
38 64
50 12
24 17
29 15
25 76
28 65
64 39
18 89
69 76
64 24
100 41
81 7
38 78
51 1
72 86
4 96
91 75
24 13
32 65
11 75
49 39
85 28
82 17
28 75
88 42
15 63
24 90
33 91
45 37
52 12
59 99
3 79
16 33
47 45
50 72
5 45
44 33
44 83
80 15
91 86
27 72
26 96
89 60
14 61
40 68
20 49
43 81
75 74
96 86
87 9
65 12
61 32
72 7
91 84
85 58
10 58
46 4
67 12
29 0
55 52
31 78
2 64
20 6
81 67
8 31
70 15
61 77
17 55
53 54
92 37
65 60
100 43
15 71
45 12
4 45
76 13
39 70
29 57
24 0
20 29
4 10
17 36
43 58
78 78
11 16
72 26
19 96
44 49
97 4
82 58
23 46
45 50
1 69
33 8
70 30
86 19
26 28
6 8
99 39
32 5
27 60
96 28
19 86
6 66
23 42
10 45
6 72
78 39
99 71
95 93
94 26
83 78
42 75
40 34
4 19
65 87
98 8
22 68
39 54
70 74
29 36
91 7
79 40
26 26
29 97
28 14
39 50
39 47
51 62
77 63
66 44
5 52
75 93
70 92
21 28
65 79
20 4
6 56
33 25
100 3
93 14
53 33
4 36
89 41
97 26
15 51
66 6
78 35
4 39
24 96
33 36
25 12
36 3
57 65
1 93
44 89
1 39
34 82
95 8
68 43
52 1
67 63
35 100
62 26
58 29
98 70
2 99
79 96
42 13
66 74
45 22
97 25
27 32
74 91
37 53
35 93
7 61
11 26
76 23
7 41
6 97
14 79
12 52
97 77
63 42
13 26
60 31
53 47
46 71
33 78
82 100
78 45
53 42
99 46
24 33
46 67
84 12
81 85
40 33
44 30
69 76
75 3
82 49
3 12
91 23
96 42
31 25
94 12
7 82
47 21
96 79
20 36
79 32
61 49
54 16
32 74
90 26
81 64
6 54
12 52
51 26
16 46
66 24
10 32
22 54
57 42
1 8
35 7
85 20
57 49
91 88
79 98
24 74
20 16
46 24
20 53
33 31
76 57
78 21
62 57
21 14
43 77
76 34
39 96
51 36
14 75
68 40
19 3
76 80
33 60
68 88
32 15
90 81
23 52
22 3
70 42
41 30
76 43
87 11
32 88
100 51
30 85
7 54
67 66
91 0
46 75
33 87
25 54
42 43
64 55
77 73
10 8
9 20
64 97
30 43
45 83
41 17
44 43
43 26
8 15
88 32
37 32
38 42
14 42
59 11
44 56
88 9
42 52
67 100
28 23
93 47
59 39
15 69
36 93
46 44
81 96
1 81
27 51
4 0
89 35
23 47
19 49
48 6
36 81
26 80
18 20
99 21
57 41
93 64
100 23
35 54
70 65
97 7
79 30
44 89
13 32
21 49
17 8
35 6
90 3
46 41
93 90
95 46
16 16
73 29
36 50
85 49
6 53
69 21
6 5
97 49
88 61
8 42
78 14
4 11
68 55
31 99
38 53
8 67
58 77
56 29
93 47
18 69
12 2
70 78
67 16
36 25
89 48
30 73
78 25
33 11
95 85
25 83
10 56
4 15
84 36
58 54
11 57
54 69
59 56
42 92
14 24
15 7
66 5
4 59
10 21
8 56
88 44
49 58
77 35
41 54
68 78
84 59
74 26
18 95
64 85
10 24
89 85
84 92
6 45
49 12
21 59
82 44
65 10
95 17
46 75
42 95
6 98
10 84
63 93
89 95
35 73
90 41
95 44
55 61
72 35
42 54
98 46
30 31
82 74
70 76
23 83
26 20
55 7
28 49
56 61
10 78
31 17
54 19
9 97
95 72
100 28
74 90
38 10
79 64
84 40
71 17
42 17
33 93
63 76
17 99
87 100
77 40
98 61
90 7
79 60
77 71
4 23
84 2
11 44
90 4
33 14
19 63
17 24
43 86
67 52
30 44
1 51
50 41
87 43
2 89
61 1
83 6
48 98
23 92
54 2
81 5
70 30
87 17
20 34
27 37
98 79
76 38
28 12
39 39
85 47
25 28
53 67
61 34
42 79
4 3
88 50
86 79
84 90
43 95
47 65
22 58
1 77
9 55
9 98
24 43
38 69
80 3
51 62
54 50
86 72
96 41
30 24
41 70
52 41
45 47
66 41
62 35
46 71
58 37
69 31
76 4
72 33
30 29
49 4
26 57
41 32
68 44
85 75
97 9
59 15
22 97
10 55
58 99
49 67
95 11
43 12
46 95
57 7
1 1
24 15
37 16
48 94
8 23
34 54
61 93
35 43
37 43
100 46
44 28
41 61
62 26
82 78
9 28
84 44
17 73
7 9
10 80
36 36
48 24
8 96
77 88
45 71
48 71
51 45
7 61
34 30
6 69
15 70
91 55
6 96
33 87
88 36
68 15
11 25
2 5
15 80
37 19
60 26
20 31
64 64
100 68
30 68
75 95
90 9
83 8
97 84
35 71
64 80
18 22
85 79
64 19
5 68
60 93
82 71
88 58
8 17
67 5
79 9
29 28
19 52
70 46
60 1
36 8
74 17
87 75
100 20
53 88
12 25
28 85
32 60
30 50
24 1
34 95
45 89
91 73
98 3
17 95
49 89
96 30
57 64
88 24
20 55
34 41
23 83
89 60
98 96
1 4
74 47
64 28
5 70
83 28
80 91
71 16
66 63
88 26
47 21
30 93
59 45
1 20
71 33
43 46
36 49
82 26
79 76
86 59
66 100
86 49
43 47
13 87
2 49
89 77
21 33
34 48
87 9
79 64
22 94
41 58
88 4
99 49
98 2
80 60
51 40
96 72
91 98
50 87
11 93
91 78
38 87
26 52
12 38
21 49
62 72
13 83
35 61
9 97
92 35
48 47
92 9
11 11
84 89
37 30
10 2
87 60
41 6
100 79
32 36
71 88
96 81
28 31
69 33
42 52
57 60
87 98
24 41
45 11
21 60
96 3
91 40
83 79
70 41
25 50
49 21
99 51
45 98
18 97
12 45
71 33
49 54
60 64
60 81
99 36
2 58
87 84
77 96
78 4
49 99
28 34
99 24
19 45
56 53
14 50
37 40
41 84
4 89
23 45
16 2
2 79
21 3
6 4
87 61
8 55
14 12
54 15
36 35
64 0
90 65
34 22
74 71
45 28
29 83
70 97
1 24
88 67
58 46
29 37
41 10
33 61
87 73
30 11
79 25
9 89
42 89
68 47
78 5
44 60
28 64
17 68
84 90
44 40
2 47
70 21
52 5
93 34
97 28
6 100
64 56
59 33
56 30
39 61
61 84
3 53
60 35
18 51
9 58
8 79
31 53
21 47
78 93
87 11
88 100
96 60
73 70
49 97
68 57
54 47
73 45
89 6
83 67
6 71
72 88
100 28
15 72
99 92
71 30
4 98
44 30
65 32
10 12
45 21
14 2
8 92
22 55
24 0
78 77
9 70
70 79
70 16
83 44
70 49
71 80
7 93
49 99
76 33
57 11
11 21
70 78
26 41
52 37
6 84
41 4
64 7
36 17
87 96
86 65
24 2
37 28
57 62
67 32
68 9
68 38
76 89
24 86
22 29
55 31
21 43
53 9
13 1
64 62
33 56
92 77
33 54
94 19
88 42
34 39
75 38
2 93
62 99
20 20
20 97
11 42
81 75
59 72
70 50
68 52
49 43
50 26
59 36
80 11
20 7
53 75
99 60
1 74
70 79
99 100
54 96
8 38
30 16
20 97
92 77
36 17
65 40
19 85
76 55
29 35
95 54
98 73
32 14
74 9
86 67
55 3
79 60
67 53
1 83
23 61
9 40
34 13
36 12
33 57
77 94
6 30
6 6
67 74
50 92
56 83
68 11
98 91
85 92
23 23
9 4
67 10
28 15
20 8
82 47
47 11
98 7
96 43
65 10
16 39
64 81
40 93
78 74
32 98
90 43
26 13
91 90
32 82
7 52
69 87
3 2
29 25
91 87
45 42
85 40
39 24
7 78
56 6
90 63
4 68
46 10
50 0
94 88
56 46
27 88
19 44
80 75
32 80
21 47
33 55
23 3
31 31
52 79
81 51
81 60
45 79
41 93
6 18
55 57
16 25
49 80
27 36
1 69
64 5
89 28
2 37
24 24
80 43
6 71
36 22
31 67
9 89
2 95
41 16
40 94
88 18
15 59
42 87
46 88
58 1
89 42
59 87
62 61
75 34
57 13
94 16
47 58
9 2
22 78
3 69
61 65
29 31
16 100
57 92
25 43
74 67
26 88
96 31
26 98
88 70
75 100
17 14
68 98
38 19
44 38
34 53
41 60
24 91
54 70
2 3
77 85
83 42
67 71
56 7
36 87
89 52
18 25
15 97
62 22
61 60
33 88
33 59
11 63
59 17
81 94
69 75
28 90
84 54
91 9
86 71
84 18
59 77
18 59
46 59
85 34
52 49
93 28
81 2
55 13
54 80
71 14
23 99
47 44
88 58
12 2
55 76
94 7
6 15
96 90
59 10
77 30
71 49
49 35
3 45
18 89
46 68
36 50
97 71
64 86
88 22
38 18
47 16
87 81
81 46
52 79
91 42
12 63
75 56
80 14
32 76
60 92
53 79
70 78
50 40
8 64
90 27
89 15
40 16
3 15
12 27
27 91
44 34
78 35
19 60
27 21
31 53
41 3
36 87
100 50
52 31
84 53
11 15
44 14
43 0
27 45
76 7
39 68
96 38
79 5
56 28
72 83
28 35
26 20
52 15
34 81
61 91
93 8
55 51
98 80
71 33
1 95
83 16
31 35
29 31
74 13
22 92
88 16
69 53
49 31
25 13
63 70
82 11
85 10
92 46
33 23
88 52
95 3
16 44
37 99
29 91
72 93
21 46
14 84
18 93
34 38
83 87
12 95
57 1
37 77
58 50
60 73
45 6
11 93
28 90
31 76
4 9
94 76
27 35
86 53
76 69
31 78
89 9
44 4
86 7
74 37
53 2
23 46
90 4
25 61
26 72
9 22
35 62
76 46
73 39
16 5
44 97
96 15
77 18
45 83
61 6
75 47
67 81
63 64
24 83
70 80
57 74
2 18
70 12
45 43
38 88
100 56
60 16
25 82
94 15
94 28
9 61
93 53
46 53
84 50
33 75
79 11
36 86
69 69
26 51
10 54
95 89
66 82
66 72
92 45
54 50
36 31
75 45
13 16
52 22
86 89
2 43
45 17
79 75
70 4
60 81
14 25
48 98
84 16
95 75
22 45
57 79
69 82
22 93
49 23
84 28
46 95
12 52
21 12
97 2
23 91
60 76
72 37
77 38
87 72
70 9
35 56
57 22
12 89
20 49
71 52
40 16
26 1
43 92
29 20
13 21
51 96
76 57
54 99
70 7
59 45
19 59
90 8
91 96
66 95
43 76
40 36
15 54
22 90
12 8
68 60
9 18
43 3
48 80
35 84
1 11
65 10
5 35
19 27
7 16
79 99
55 60
44 50
46 43
52 96
85 7
33 49
60 18
83 89
51 94
49 61
99 5
37 45
6 5
30 62
26 71
56 50
99 89
73 46
53 5
30 94
28 22
99 56
83 93
34 72
78 26
86 13
16 95
12 42
68 97
87 87
91 62
63 10
46 7
19 89
38 59
6 27
2 39
6 17
36 94
84 46
42 65
51 46
92 5
40 28
7 61
69 0
15 1
33 79
78 3
90 39
60 51
52 30
1 64
3 51
47 20
56 25
75 68
98 59
61 12
16 2
65 7
88 27
27 51
82 67
93 47
93 11
90 40
66 86
21 68
4 87
99 53
22 96
85 36
46 64
43 27
21 41
40 17
97 28
35 78
13 21
80 41
52 27
36 34
50 46
23 25
75 49
12 19
26 3
84 13
67 98
69 53
1 94
23 27
79 21
60 71
5 17
76 41
38 95
23 76
76 86
74 38
32 28
66 25
29 70
78 39
43 34
9 84
4 97
54 90
93 72
95 55
35 50
8 31
47 42
44 11
49 64
26 21
14 42
21 83
3 92
73 16
15 60
79 50
52 50
62 69
97 60
54 58
96 46
96 98
9 38
57 56
57 61
42 90
1 90
94 14
86 52
12 69
71 11
86 63
99 40
24 45
5 47
69 35
26 64
18 96
37 92
96 27
23 29
58 43
46 92
83 73
94 41
86 84
24 25
96 37
37 73
9 24
97 60
51 42
80 19
76 94
35 48
59 24
53 68
44 24
3 98
100 6
95 48
32 13
37 73
86 66
25 40
89 12
3 23
68 2
68 34
43 18
65 22
85 94
86 79
5 4
29 35
27 84
24 25
35 70
84 66
30 93
88 98
27 30
60 71
72 60
17 19
15 69
57 38
100 60
87 54
64 10
95 57
27 95
54 56
28 80
28 28
2 82
98 44
34 13
31 74
24 76
90 45
51 10
92 30
81 98
68 46
75 98
86 87
20 33
90 97
79 39
20 18
1 4
26 26
100 67
12 62
59 97
82 42
39 55
62 28
62 61
56 20
31 8
35 39
8 61
21 94
1 44
97 54
39 9
79 6
41 9
72 12
34 81
28 28
77 55
4 60
90 8
25 67
83 81
76 86
50 58
16 40
72 32
9 57
21 96
86 37
89 15
78 72
78 2
88 85
47 5
88 62
92 7
28 57
73 98
26 48
42 70
81 89
86 71
27 4
1 84
25 30
41 34
14 11
29 80
100 79
87 17
23 65
23 58
1 87
35 1
80 47
24 33
54 51
58 69
5 58
51 55
44 88
22 68
11 71
70 37
7 98
19 84
23 14
39 56
3 77
63 70
14 54
91 35
48 16
37 34
72 0
32 15
69 27
72 47
84 40
20 67
54 15
16 41
75 34
76 14
97 29
17 30
54 52
31 97
75 2
19 91
12 54
14 17
77 57
20 5
64 8
100 8
44 66
43 99
64 74
96 70
1 59
86 19
69 5
64 76
62 61
92 88
16 8
40 38
10 45
20 86
27 60
38 93
7 32
78 77
81 20
73 8
42 41
80 46
11 17
34 66
27 3
88 75
86 22
17 14
6 3
53 62
35 0
66 88
39 54
10 69
85 29
54 7
68 28
58 34
82 43
85 64
26 42
48 17
70 48
27 7
26 94
23 7
69 7
23 96
99 5
2 24
82 68
7 66
6 45
95 64
22 79
9 34
39 83
88 5
44 50
29 69
22 49
39 66
62 39
34 69
98 33
9 5
36 10
17 46
80 63
32 98
64 1
48 4
37 43
40 32
17 74
41 1
72 78
56 94
11 32
20 38
99 74
17 33
85 88
48 75
20 43
70 88
11 54
78 64
60 35
63 2
70 47
52 83
90 7
64 62
57 96
46 82
88 23
19 70
51 52
23 29
68 19
57 11
8 7
32 25
98 83
27 50
54 63
86 30
25 9
12 0
67 72
26 58
45 68
99 4
75 53
45 91
40 59
33 18
35 24
70 5
62 91
26 64
53 56
70 65
97 59
89 21
55 19
66 18
73 54
42 15
68 52
75 49
24 45
86 57
84 22
78 32
2 46
85 94
22 25
10 86
28 77
67 23
38 75
74 62
68 72
14 89
29 32
11 0
99 96
35 4
63 60
52 64
49 58
79 54
20 55
29 73
10 2
85 91
60 70
93 9
92 74
100 17
74 75
10 91
79 41
21 38
82 61
61 53
56 51
71 35
75 37
72 10
71 6
69 63
51 35
15 32
46 15
100 73
19 13
53 30
4 18
62 61
8 44
54 89
83 53
89 70
3 18
56 17
17 19
27 96
17 95
35 49
81 83
93 29
9 19
32 34
53 54
19 79
14 84
36 51
54 38
19 29
97 98
65 93
96 31
81 56
51 100
83 43
10 38
21 76
78 92
25 55
93 32
62 22
96 92
41 99
79 84
100 75
44 68
54 41
86 66
44 27
30 68
91 7
91 74
44 71
61 7
78 36
3 40
38 82
29 4
68 40
100 70
43 6
39 94
47 46
94 76
9 5
63 53
30 66
99 14
57 86
20 70
92 56
72 58
9 59
27 84
44 32
53 23
24 68
2 4
50 25
3 79
42 56
33 80
26 81
59 46
56 95
24 94
51 73
96 35
18 72
39 28
9 39
88 30
8 74
45 69
69 91
50 75
29 3
78 53
88 17
81 85
31 9
81 44
8 51
78 99
10 6
39 49
28 4
100 81
7 10
34 80
91 58
35 57
61 85
40 46
38 53
81 93
6 76
74 99
89 90
30 50
22 8
92 83
37 20
23 96
83 20
10 55
30 51
55 8
77 8
76 27
10 81
40 79
22 34
87 59
25 22
62 22
95 36
77 13
82 56
1 28
29 59
58 94
58 3
27 25
6 83
87 17
35 18
5 55
97 12
63 8
94 64
15 21
1 17
44 72
49 45
43 49
90 41
20 64
83 93
7 10
27 0
47 35
30 17
61 36
97 22
58 68
67 45
15 87
68 39
77 92
69 59
8 17
67 63
12 12
57 21
89 53
64 99
31 64
61 93
14 40
93 78
20 58
3 52
64 62
62 0
43 66
9 28
9 9
99 23
39 13
27 83
86 49
31 39
73 15
99 68
24 31
46 18
24 3
27 88
47 3
2 73
42 21
64 8
93 78
56 34
75 22
55 20
51 7
38 100
65 23
35 27
58 33
53 27
88 44
78 77
86 61
98 39
1 13
28 89
16 62
73 20
40 16
70 55
87 72
6 60
1 15
93 36
46 61
70 73
3 88
19 94
36 86
5 86
52 19
33 8
46 5
29 78
28 45
14 1
94 0
26 79
89 21
58 50
75 86
100 80
52 78
42 93
36 77
72 81
68 42
25 99
69 68
84 62
89 92
57 8
90 45
3 21
40 18
78 62
34 85
25 86
83 96
49 19
47 90
49 36
52 66
63 11
53 86
54 94
4 11
47 75
5 57
78 18
38 97
35 55
71 38
33 87
7 68
11 67
24 43
80 5
53 100
42 62
3 24
8 13
57 51
94 34
6 4
38 60
53 84
73 6
91 13
57 6
81 38
72 9
58 86
98 72
79 33
18 33
63 70
33 1
45 0
71 99
96 91
78 7
28 19
11 15
71 98
78 25
30 36
10 12
6 73
83 60
50 69
12 8
39 37
47 36
53 12
82 30
100 75
21 35
7 94
31 98
66 65
10 80
84 45
51 76
78 29
66 50
35 2
30 12
92 31
33 41
67 98
53 82
52 22
87 74
50 39
6 36
82 93
32 92
72 70
56 49
48 57
21 38
72 99
33 0
1 4
35 9
19 45
71 43
39 44
10 25
4 96
99 8
33 20
98 69
98 41
100 5
42 77
17 19
1 46
8 22
43 22
43 34
12 70
100 82
42 11
91 51
48 72
7 79
29 88
21 61
63 58
28 79
50 53
69 74
64 60
24 7
62 87
84 93
8 68
20 15
32 83
59 92
58 86
14 9
73 69
9 61
20 0
10 68
59 54
82 38
77 90
95 46
92 72
87 21
13 4
80 52
8 36
52 78
71 9
90 50
31 10
1 31
44 31
87 22
77 95
8 62
98 57
85 37
3 26
16 9
49 36
8 38
48 36
82 68
26 67
10 75
13 49
1 62
59 34
52 38
63 5
51 54
44 4
100 100
40 75
54 22
96 21
52 7
19 10
97 89
20 67
41 20
59 24
97 32
1 65
56 93
85 51
58 92
6 60
32 73
31 86
45 34
49 24
21 21
5 73
90 70
21 8
98 89
93 79
17 60
55 73
31 98
64 12
12 68
62 72
54 34
4 74
11 79
93 66
44 0
5 0
89 10
44 50
82 86
73 59
50 63
31 16
52 12
40 1
58 44
3 74
80 64
97 3
49 17
38 45
83 88
62 27
40 22
3 85
49 54
83 11
15 75
73 39
4 20
38 62
72 41
96 65
21 67
92 52
61 11
44 90
2 32
34 21
68 90
87 74
55 74
100 76
40 98
7 5
57 23
29 14
25 80
93 26
90 39
1 44
40 92
82 18
5 5
94 23
43 39
84 63
77 13
22 7
86 36
97 8
78 32
53 36
46 19
63 64
34 81
72 51
70 61
25 49
9 26
49 51
84 39
40 76
67 79
44 5
71 78
84 19
73 62
43 68
100 22
31 8
17 60
87 3
40 21
8 53
41 50
100 51
58 58
65 62
100 69
83 19
95 9
46 91
63 65
42 36
98 6
85 28
13 92
95 66
28 47
21 54
56 25
16 47
78 20
19 39
18 73
91 55
62 91
32 90
94 28
56 31
42 18
66 60
81 98
11 31
5 81
70 71
91 79
58 22
93 79
72 6
38 18
58 21
21 36
50 18
10 30
59 29
98 60
20 8
90 7
89 26
2 68
5 46
82 98
68 32
54 44
2 45
29 64
100 64
16 77
8 61
67 42
59 83
6 5
9 16
80 58
58 82
27 80
52 37
4 81
23 98
64 40
51 1
57 8
65 98
78 68
29 57
46 72
93 18
56 28
51 7
16 76
2 85
95 88
77 93
33 87
26 65
55 60
3 63
42 10
85 85
56 68
40 53
29 18
84 36
40 75
54 18
90 69
100 15
50 92
64 75
39 55
16 30
68 56
72 85
21 37
39 78
65 3
24 95
6 2
98 26
99 13
65 64
93 49
51 13
15 47
54 81
36 73
24 80
30 93
58 44
66 19
20 1
82 61
24 21
84 65
64 38
52 18
67 100
53 94
63 18
20 82
34 79
33 93
5 12
77 50
36 59
6 66
11 58
84 96
42 86
60 10
7 55
78 19
12 49
71 43
97 20
11 22
76 30
96 87
40 78
75 34
24 59
99 64
78 21
73 76
36 75
24 51
30 32
47 28
41 2
57 59
64 9
82 24
27 40
57 48
100 69
42 95
12 9
66 63
63 56
23 86
25 60
57 64
32 72
21 3
81 88
38 97
55 79
5 100
63 30
79 7
49 38
40 9
37 44
4 94
61 86
31 21
27 24
54 87
18 23
65 86
46 60
32 59
41 27
13 73
16 12
47 99
66 88
81 12
4 37
32 61
20 69
96 38
35 86
23 94
4 80
36 15
8 53
61 84
30 98
87 97
68 45
48 80
74 19
9 9
10 72
26 23
53 90
22 60
29 91
99 83
71 9
81 92
58 13
68 32
55 36
84 69
10 15
63 56
69 39
89 18
80 26
58 29
80 69
48 83
59 50
96 12
35 58
95 54
97 81
68 85
39 93
79 13
53 75
28 70
47 100
1 60
81 91
86 63
59 30
3 2
80 60
29 63
53 84
77 29
61 53
3 87
89 19
71 10
95 3
53 99
77 12
95 93
41 36
75 87
43 98
79 41
59 51
42 21
58 96
61 26
70 32
26 75
44 72
15 12
15 73
11 23
47 36
45 8
47 15
24 25
63 58
98 23
68 67
14 84
65 2
72 0
89 65
17 93
14 52
75 85
77 67
19 94
99 32
37 95
1 49
37 71
74 29
34 42
34 32
70 19
26 16
50 89
41 45
67 48
1 65
32 93
18 95
91 62
49 9
45 82
3 39
6 63
69 2
6 63
89 53
71 65
29 55
3 74
10 38
49 56
1 19
30 86
87 46
11 62
1 33
46 60
18 12
19 32
76 58
26 6
33 3
92 6
29 80
69 78
80 33
53 66
32 68
5 72
71 93
2 30
33 18
42 13
63 34
75 47
3 82
52 53
16 39
35 8
88 56
48 66
61 1
91 62
80 82
38 59
33 74
89 72
5 83
61 3
61 22
88 66
41 60
90 64
100 97
57 39
78 52
47 18
100 36
74 21
94 66
15 37
79 67
29 51
73 0
99 29
5 92
51 28
72 26
35 47
4 81
54 92
64 39
31 43
67 58
68 58
76 82
45 100
89 4
42 0
69 84
10 49
33 25
17 78
1 17
92 80
53 21
78 62
49 35
90 48
24 69
37 33
35 98
52 64
97 26
29 13
93 56
42 34
43 85
64 80
58 86
36 8
83 87
65 71
58 61
28 67
62 81
72 30
5 38
38 95
30 72
89 4
9 92
90 12
47 3
5 5
34 18
9 39
77 67
61 87
53 97
27 80
57 12
30 39
42 5
82 95
86 15
17 39
37 65
36 39
57 6
47 50
22 2
98 46
47 67
27 12
33 12
77 5
15 72
43 28
51 33
66 98
18 73
65 16
85 9
15 28
3 18
41 56
15 44
68 6
36 86
19 44
79 96
54 6
77 84
6 57
63 86
50 92
43 55
53 29
58 39
7 50
16 70
87 57
35 39
44 79
72 89
80 71
48 7
40 73
19 59
1 34
30 88
26 95
75 84
27 49
27 94
40 1
29 50
20 24
94 27
1 68
15 22
46 16
81 99
9 40
42 18
65 36
56 10
81 52
44 32
5 95
58 3
75 79
45 83
48 6
14 67
89 61
10 48
68 26
10 36
70 83
85 92
58 100
23 85
100 82
28 15
27 78
37 46
36 66
70 4
88 59
72 6
64 89
34 75
66 22
93 7
33 75
77 34
58 83
40 88
64 99
73 13
35 91
90 14
23 30
11 2
72 15
75 96
42 66
35 23
86 35
20 42
14 6
61 39
20 51
49 43
42 46
30 45
22 16
33 36
99 81
50 63
28 57
57 100
3 54
21 42
29 87
24 90
66 23
40 12
73 47
31 91
66 70
62 41
69 29
54 52
58 73
53 22
82 90
32 20
61 93
1 1
81 4
1 30
84 56
17 7
55 51
89 4
43 41
23 70
50 41
29 96
1 84
61 87
41 66
8 60
32 28
98 67
49 97
52 4
58 79
55 23
75 91
77 72
32 88
95 24
53 54
61 72
63 53
70 71
17 89
73 37
67 16
37 15
46 5
49 56
25 92
30 21
69 28
60 29
48 52
3 22
80 64
45 7
82 32
83 43
12 38
78 4
82 41
3 49
18 65
100 75
82 53
80 6
96 7
50 60
30 93
46 63
13 45
100 99
1 43
11 40
45 76
86 30
64 89
39 8
85 59
90 54
48 36
84 75
73 31
43 60
91 77
11 13
50 63
36 48
27 64
62 7
43 66
80 29
22 58
46 43
18 36
88 90
45 84
38 64
43 70
57 63
63 48
58 67
55 33
92 46
100 88
21 45
5 67
69 19
72 30
83 100
78 8
9 81
1 51
55 6
31 88
1 59
84 59
1 7
18 49
81 42
76 79
67 4
15 2
52 8
30 20
67 36
30 66
83 29
76 97
90 90
62 6
67 41
39 8
4 34
1 53
69 92
77 58
47 79
21 57
12 20
50 94
76 90
85 33
85 84
80 4
70 9
98 16
27 65
6 93
1 71
78 12
33 37
1 15
1 39
76 96
68 83
74 93
30 82
93 41
17 97
24 72
13 0
59 44
31 16
7 38
26 76
59 39
99 38
62 57
93 70
79 74
58 10
64 98
80 55
88 88
61 20
59 10
63 8
48 77
25 99
57 10
75 23
1 96
14 44
98 88
32 93
77 85
63 24
44 48
20 24
86 31
90 57
77 34
11 76
23 23
77 4
32 78
42 35
52 68
67 64
61 98
47 98
97 68
54 61
14 53
61 83
1 52
59 24
21 83
4 10
68 42
35 87
28 77
52 76
66 90
80 9
39 76
64 69
37 31
68 32
52 65
57 61
34 24
2 71
25 8
7 90
6 16
97 57
61 3
5 19
29 29
99 83
69 27
70 46
19 56
82 79
37 77
36 4
95 70
79 8
28 36
41 28
47 73
73 61
20 66
87 5
89 48
7 45
77 83
64 6
23 76
20 78
88 71
26 37
32 89
97 49
57 77
17 67
52 49
19 3
59 44
23 87
71 45
81 61
37 29
96 52
10 87
4 6
21 68
58 65
40 74
87 8
33 39
29 24
83 44
20 94
66 31
62 9
62 7
51 98
27 57
80 9
11 22
78 45
6 33
33 62
5 55
17 48
22 76
63 34
70 51
37 97
75 33
48 89
26 60
68 70
5 37
82 87
70 91
48 93
45 57
57 84
18 9
81 35
39 52
17 67
82 69
38 14
67 15
88 20
1 77
91 93
87 44
35 61
54 54
5 22
99 35
78 10
91 93
63 37
48 61
48 18
1 62
91 65
73 55
99 25
78 97
16 31
80 77
20 44
3 5
18 24
9 86
74 60
76 54
85 82
44 99
16 6
12 55
66 53
13 58
48 93
86 78
22 6
84 37
77 64
83 89
49 92
77 43
66 6
69 33
80 74
87 83
53 91
45 54
60 3
56 29
16 6
71 0
23 46
45 40
13 38
12 14
40 64
37 85
95 15
6 7
86 48
66 38
76 25
36 42
63 28
5 2
98 60
44 36
24 21
57 39
86 57
52 10
15 28
30 85
97 23
78 45
65 26
22 54
78 32
1 53
30 99
80 55
76 75
33 37
46 6
62 64
52 76
16 13
77 41
30 7
15 48
13 5
16 80
86 39
52 73
9 67
68 79
79 46
63 63
1 15
97 25
37 86
97 88
92 22
65 83
72 83
19 29
43 72
64 38
49 11
4 59
18 45
49 46
45 94
17 52
68 7
38 1
60 28
94 57
46 17
54 62
67 16
67 35
79 90
66 35
80 4
47 17
95 27
41 69
31 30
10 91
81 85
28 32
61 35
89 39
57 22
46 18
90 23
76 55
58 70
75 92
52 23
47 9
88 57
90 75
77 45
60 69
57 22
89 79
58 59
30 46
77 33
34 11
92 21
89 63
17 84
11 48
30 73
19 66
3 15
79 38
56 53
11 42
23 76
63 88
60 24
67 27
80 59
77 87
41 12
86 11
34 84
31 88
83 27
17 99
73 17
58 36
5 72
1 47
35 37
19 83
82 58
64 0
53 33
86 53
85 99
69 66
54 0
40 88
12 90
15 88
98 15
27 49
52 45
33 48
29 90
76 3
28 12
43 78
11 26
51 5
72 95
34 29
35 69
100 95
69 49
28 7
4 8
67 3
57 73
15 31
99 64
18 93
96 40
29 70
38 12
28 59
89 88
2 29
5 60
31 32
51 80
4 89
33 77
82 43
99 13
2 65
5 15
24 84
84 78
62 96
86 88
26 72
37 77
86 75
17 25
12 56
61 12
5 53
49 47
24 42
32 9
88 86
37 2
52 67
83 8
40 70
75 42
31 50
41 20
65 87
96 64
26 96
79 3
65 94
86 84
59 37
7 47
86 68
52 8
85 38
76 38
63 61
99 69
11 2
28 46
24 80
30 9
24 54
45 100
6 28
93 86
1 11
87 82
36 98
33 20
53 40
49 32
32 49
28 29
57 98
29 95
63 81
84 33
50 68
34 28
23 53
41 43
86 17
13 41
98 56
20 3
12 16
80 71
79 36
38 32
65 50
56 21
70 54
42 9
69 90
70 89
12 93
88 84
89 76
20 9
72 33
35 17
43 13
36 2
20 22
40 34
87 21
33 85
16 33
7 81
43 5
22 70
26 93
87 25
78 46
60 26
62 16
11 55
29 27
33 92
91 2
59 72
81 32
10 78
7 30
47 37
56 31
9 97
23 27
78 36
30 65
2 76
43 92
67 2
10 10
49 2
26 83
88 18
71 50
52 44
77 41
70 73
28 0
40 97
74 5
66 49
74 18
38 69
49 93
75 40
90 18
23 25
90 65
34 38
75 46
3 92
45 74
27 93
18 22
71 69
65 4
29 3
61 18
78 59
60 82
91 36
22 100
15 66
77 2
1 43
92 35
67 92
18 28
53 64
63 8
4 68
71 29
55 74
35 99
49 42
24 29
26 27
71 59
30 86
100 3
32 26
42 8
26 37
80 16
63 76
23 1
81 65
95 63
14 82
8 65
14 100
41 91
18 25
65 49
10 18
95 73
1 15
54 74
66 81
95 91
72 78
55 19
55 53
86 58
94 74
42 26
83 55
62 12
89 95
28 82
42 10
80 81
14 42
54 15
32 33
75 69
35 88
92 57
48 31
93 4
1 43
22 69
56 61
71 98
68 16
6 72
5 65
95 23
86 5
86 60
39 31
35 50
7 71
4 93
53 67
96 17
16 64
70 7
39 38
82 29
46 96
84 68
40 56
86 22
48 67
4 41
13 68
60 61
82 83
90 69
1 85
18 80
31 70
31 47
72 98
25 31
51 88
79 92
20 16
11 34
64 9
3 36
77 52
36 6
64 19
78 60
52 21
86 57
64 6
43 40
98 89
1 36
22 23
48 52
11 4
77 87
64 20
54 83
82 4
53 61
28 7
94 27
32 1
38 93
57 36
70 52
50 17
1 15
27 27
59 20
82 22
2 31
34 55
78 7
1 62
72 80
78 69
30 93
100 90
31 1
12 30
23 41
70 4
84 8
46 74
86 58
93 13
66 1
59 28
8 56
82 74
98 100
24 15
71 68
72 10
67 36
67 79
81 69
72 74
15 37
25 58
81 83
52 7
60 9
62 36
13 61
68 59
52 70
52 53
84 24
4 26
3 58
16 83
60 40
78 27
16 45
39 82
65 19
59 19
11 83
65 8
71 59
14 95
100 88
25 8
55 80
84 1
72 70
25 16
57 36
68 74
68 60
90 25
53 35
60 20
86 39
89 25
51 47
58 73
36 52
24 15
25 11
72 3
49 96
84 6
2 12
91 44
50 33
32 60
51 61
4 38
38 56
35 45
35 66
25 99
1 56
38 85
100 43
39 35
69 88
63 43
68 40
64 72
62 86
4 95
77 14
23 73
27 57
79 74
38 5
60 2
92 14
98 35
77 46
42 90
81 20
81 95
45 40
87 5
15 16
2 85
98 74
60 93
81 82
59 99
87 14
26 5
21 71
89 47
94 4
45 0
81 93
46 20
65 33
4 76
66 66
16 67
62 63
26 69
29 92
31 53
1 45
52 67
93 33
10 67
96 39
31 89
91 0
71 29
93 44
10 57
75 83
22 69
40 24
62 98
19 87
32 52
51 37
52 46
33 7
57 5
35 30
75 13
66 36
4 98
75 88
1 39
29 57
51 9
98 75
75 78
41 79
11 13
59 94
92 17
77 8
21 78
90 71
38 80
90 87
52 62
39 7
8 37
60 88
29 44
78 4
86 33
1 30
87 23
100 16
70 83
13 89
24 93
71 35
33 21
48 20
3 37
47 11
11 69
3 12
12 65
49 95
54 47
62 46
61 72
82 14
45 88
33 15
55 37
15 10
21 68
84 61
58 32
88 93
81 33
21 50
81 68
29 83
25 15
49 95
33 40
83 83
13 3
45 91
28 32
54 30
95 82
87 83
30 33
54 78
91 76
66 30
27 58
61 56
68 3
86 87
44 34
30 36
14 17
57 42
28 52
39 91
65 78
72 72
73 33
36 98
6 55
2 23
71 16
8 3
68 23
56 84
89 63
61 33
95 72
94 22
51 1
17 18
21 87
3 97
94 3
44 39
40 11
100 21
99 32
44 18
59 81
12 60
3 72
75 23
78 82
23 65
21 81
3 70
1 10
59 91
29 50
42 84
40 32
97 43
69 58
92 37
38 72
57 81
21 88
83 28
4 74
43 28
73 23
15 79
87 51
60 42
82 28
89 68
72 73
80 86
52 11
85 3
90 61
92 26
61 82
33 3
36 35
39 83
37 0
87 38
10 93
57 78
25 88
90 92
75 17
48 61
1 14
22 16
78 85
88 45
50 63
66 20
97 18
13 6
31 30
95 0
97 22
33 78
2 96
50 28
42 36
4 30
36 82
51 25
29 36
22 91
1 33
33 40
57 51
24 74
13 11
32 8
57 39
1 47
82 74
38 27
54 41
7 55
93 53
89 22
72 78
73 59
39 29
48 84
76 3
90 43
7 90
52 64
23 58
26 0
44 30
88 38
7 88
34 0
31 11
87 6
55 30
42 100
1 79
79 63
52 28
30 23
53 48
62 15
91 62
15 3
96 58
26 44
67 13
62 35
82 95
35 33
91 86
13 27
9 47
100 2
85 81
80 6
27 92
20 72
74 50
64 23
13 50
62 47
12 1
68 61
43 58
2 5
37 93
7 25
50 90
53 77
33 41
31 8
51 99
20 73
18 78
93 75
43 81
27 49
15 63
61 65
84 7
95 29
44 13
36 74
26 56
16 63
81 93
37 27
84 2
68 34
20 13
3 29
56 5
90 87
37 65
81 55
40 86
42 57
95 35
68 18
8 16
4 25
57 88
37 28
53 40
28 14
79 53
46 52
79 36
11 25
33 45
93 11
78 26
9 44
91 51
30 74
8 4
13 48
8 48
56 16
1 99
25 66
27 39
26 33
23 12
77 64
15 97
11 49
27 41
59 5
56 63
66 36
78 32
17 58
3 99
65 4
97 86
29 97
47 93
66 75
67 7
51 48
77 44
64 96
35 92
71 2
85 1
77 39
9 46
85 32
70 89
91 61
75 3
49 78
66 41
89 73
2 56
36 97
70 52
81 29
29 90
10 43
38 44
52 29
21 86
52 61
15 71
67 35
42 1
2 68
61 34
21 35
4 1
72 59
25 57
5 27
49 52
77 39
97 2
10 88
75 27
46 69
64 22
93 58
73 7
71 29
43 68
60 65
60 6
32 91
90 80
28 61
49 76
50 15
14 83
26 67
26 95
35 39
74 23
74 41
70 43
91 26
84 66
4 17
24 44
3 63
90 28
67 83
22 63
48 77
67 11
67 100
44 91
49 17
95 35
59 8
89 20
2 86
32 21
54 89
81 4
22 78
99 36
86 44
15 22
23 57
3 35
25 44
68 8
72 36
23 66
83 65
83 89
15 21
54 27
26 56
69 43
16 0
94 9
49 60
2 100
97 64
81 9
39 81
5 95
52 32
60 93
53 9
47 31
75 52
38 5
39 62
20 22
25 52
87 41
38 44
29 31
39 25
88 62
17 75
34 57
90 46
41 18
66 41
18 82
20 53
90 20
80 91
69 25
83 91
50 18
90 93
7 76
44 56
77 66
5 13
13 23
5 75
50 36
4 6
42 51
1 49
92 21
85 79
19 42
1 44
33 34
2 93
18 11
86 43
75 77
27 8
45 33
48 65
74 77
78 10
36 57
27 67
88 13
90 13
11 97
28 74
35 34
32 91
14 24
89 54
28 6
1 56
42 83
70 52
33 17
88 52
43 26
11 80
99 17
3 40
88 94
53 3
14 81
34 10
29 64
42 69
4 26
69 61
44 9
33 89
56 16
49 97
18 59
81 65
52 23
92 52
28 86
27 13
64 17
83 17
96 1
20 72
31 89
6 80
44 24
95 27
1 35
33 34
100 67
19 12
76 65
9 99
13 3
54 62
67 78
96 41
44 56
85 94
26 93
76 81
94 36
91 14
76 92
74 39
23 65
58 94
35 61
98 10
62 40
60 93
57 33
16 40
45 83
82 55
58 49
25 57
10 98
39 52
50 42
3 7
23 5
55 48
86 42
83 100
4 57
9 70
68 45
82 51
54 30
35 5
82 54
64 83
38 86
5 93
69 77
28 16
32 31
3 9
42 42
55 59
43 2
89 30
27 12
97 80
64 82
51 72
3 3
69 13
92 84
10 89
28 80
98 71
65 66
75 11
57 19
70 94
48 80
35 58
53 24
70 26
55 68
25 41
76 50
67 16
98 9
81 52
81 24
20 85
5 81
81 48
26 92
77 2
15 66
51 24
9 8
10 46
46 88
38 57
98 75
41 53
8 2
11 44
3 56
65 67
50 82
10 2
40 89
50 98
10 45
35 19
55 36
43 32
81 100
35 12
49 71
89 98
58 22
45 13
33 100
68 51
23 12
92 20
92 12
10 12
54 69
8 23
48 51
51 59
61 43
9 91
80 34
66 59
83 36
50 25
53 70
3 39
15 63
30 91
64 21
38 34
65 93
83 86
41 65
77 69
70 5
38 88
7 29
18 17
41 31
16 48
84 53
24 72
45 61
13 63
34 30
70 49
58 6
98 81
33 49
63 86
47 96
77 6
22 49
33 34
77 47
85 40
90 17
20 99
86 55
8 33
80 39
1 78
33 95
27 7
14 43
12 46
14 28
59 80
92 87
72 49
89 53
63 19
99 18
63 66
96 13
33 44
15 3
89 26
2 18
81 2
21 90
97 91
62 43
59 73
77 48
24 17
58 73
9 6
59 97
13 32
55 69
14 42
15 25
100 9
46 90
95 15
41 56
23 5
95 80
86 69
96 54
27 86
21 36
48 13
36 92
93 34
47 61
74 87
32 0
93 93
28 54
96 86
92 69
83 84
99 19
70 36
60 98
87 12
100 64
41 65
74 15
34 37
93 51
67 30
78 15
55 100
70 95
36 59
54 68
8 14
16 74
83 10
72 81
99 97
25 11
41 79
18 48
31 97
25 48
33 15
44 25
74 89
14 86
3 37
100 18
84 41
73 36
73 9
24 69
87 2
57 15
28 89
9 16
80 14
48 99
91 10
40 68
83 31
33 49
66 13
90 32
74 16
4 62
40 29
13 93
21 77
66 16
61 15
90 29
32 97
89 96
35 65
49 71
43 49
12 31
86 97
80 46
31 74
20 72
37 38
86 42
73 91
61 89
32 30
93 8
57 61
90 13
3 84
64 30
6 19
60 25
46 86
82 12
27 18
7 47
67 38
18 79
98 97
98 34
32 16
87 21
24 66
18 16
23 35
8 71
94 13
44 5
14 39
89 40
32 2
12 36
25 92
96 77
26 59
66 11
3 51
100 77
64 22
11 6
75 31
67 16
29 1
68 5
93 50
97 51
33 22
6 95
64 61
92 67
75 93
72 4
5 68
52 67
6 93
18 77
61 74
60 63
94 17
6 27
18 94
48 95
17 81
29 8
95 58
27 51
92 69
2 0
56 4
99 29
52 51
83 11
93 40
11 62
30 95
33 19
10 12
36 66
31 36
92 5
41 53
17 3
54 94
44 55
19 32
10 98
6 53
38 32
6 38
80 94
35 45
19 68
11 78
28 42
93 41
87 0
21 64
20 39
83 0
24 39
86 51
81 65
18 79
53 51
100 93
71 95
11 78
89 50
14 92
11 57
53 60
4 2
88 52
1 1
71 92
80 36
80 95
62 52
65 46
68 61
81 18
94 1
30 0
37 34
34 76
50 47
90 38
76 44
17 42
3 5
58 60
63 32
7 100
1 36
70 29
34 58
96 90
51 36
9 69
86 70
67 95
69 87
84 47
90 18
69 2
28 65
97 58
64 64
55 5
87 64
70 94
45 63
71 71
33 32
26 54
81 53
46 63
26 40
72 93
14 97
48 61
72 22
86 72
72 33
59 11
4 40
5 76
90 100
24 99
80 70
71 4
24 61
84 52
31 98
97 53
75 31
73 95
17 20
53 29
17 90
65 6
27 29
16 37
29 60
56 88
23 10
36 54
47 31
29 23
36 18
13 71
36 34
68 24
42 71
13 54
84 33
70 39
48 75
74 30
19 9
30 22
54 75
74 1
58 54
12 57
88 64
34 30
63 86
23 75
39 1
54 78
83 41
35 49
21 80
36 10
59 66
78 23
40 97
95 28
12 95
1 20
35 68
77 36
57 25
10 87
23 8
64 87
95 28
76 45
65 93
75 23
29 54
25 27
12 22
79 40
73 29
83 41
62 73
14 79
80 4
94 78
13 91
92 51
25 12
72 74
100 100
23 100
36 89
3 71
79 14
85 81
31 51
43 50
1 41
37 57
14 92
75 95
31 73
87 19
49 80
95 81
81 47
14 79
44 22
27 28
51 3
9 93
78 62
44 11
88 43
35 64
73 77
65 61
22 80
68 9
43 77
56 31
55 78
54 83
42 41
90 87
88 67
84 82
11 27
73 62
48 25
14 51
79 0
39 16
4 20
3 34
89 15
76 21
28 22
92 14
45 25
62 80
98 76
22 97
16 90
66 86
1 74
71 74
25 24
24 47
74 93
74 15
1 26
38 6
31 10
36 58
37 46
56 3
77 35
17 80
19 29
28 67
53 16
26 31
31 29
1 99
29 33
62 46
43 8
80 48
64 42
55 53
14 9
4 98
59 31
43 55
41 30
100 26
77 84
5 73
40 48
26 51
7 22
67 69
40 48
1 7
50 73
88 46
58 59
92 93
94 67
21 59
62 42
13 57
74 59
92 16
41 33
39 54
89 69
88 83
81 29
56 50
76 33
4 26
45 85
67 48
64 41
29 63
40 20
72 52
97 57
71 61
30 59
71 95
73 95
83 21
27 80
4 75
15 6
62 90
51 1
17 88
47 41
63 67
50 13
24 42
88 48
86 18
47 47
64 72
68 20
70 3
64 52
20 9
34 4
3 44
5 84
23 77
64 97
62 35
34 92
32 13
50 73
95 92
13 56
68 35
11 55
80 100
2 92
21 59
3 99
89 67
10 30
90 1
42 63
35 74
4 74
64 72
7 72
15 11
63 82
97 34
5 91
90 78
13 48
10 0
28 12
79 83
46 30
43 64
87 55
41 53
99 69
53 98
3 70
66 20
57 7
62 8
27 18
93 84
90 93
68 46
61 90
7 75
96 10
18 13
19 57
7 85
22 26
71 43
12 81
68 96
25 14
94 16
31 15
95 79
94 46
99 20
57 95
8 64
23 1
58 100
83 9
49 90
97 26
83 98
59 13
68 100
67 13
63 60
63 44
92 2
72 54
14 98
66 11
62 36
76 56
58 34
96 81
12 27
23 100
19 19
57 7
49 59
50 57
75 45
28 53
52 33
26 63
36 42
68 7
20 19
100 77
80 76
38 28
87 25
61 57
49 45
27 0
19 29
68 41
60 81
24 89
1 48
27 13
22 88
63 4
36 50
22 88
76 13
10 4
21 93
5 0
77 40
21 60
34 0
29 43
97 66
82 40
65 88
74 26
25 62
72 57
78 3
87 32
83 69
1 5
35 19
12 23
45 91
55 51
18 75
8 34
31 15
94 12
31 92
87 56
19 36
31 1
15 79
60 5
15 50
38 43
81 64
2 12
18 68
18 69
87 95
21 73
91 91
30 80
1 37
2 7
16 41
59 75
79 2
35 79
80 72
47 98
95 22
82 76
100 65
7 50
83 68
26 59
96 100
79 29
21 26
26 77
66 13
73 99
54 80
5 89
53 36
6 65
3 46
11 85
25 44
68 88
94 98
19 35
1 67
4 7
8 29
89 82
83 33
85 81
31 85
58 19
2 18
38 98
47 81
79 76
60 61
33 31
9 42
11 73
32 92
19 86
84 68
90 91
89 41
9 71
13 73
83 93
34 84
44 74
24 54
96 46
59 30
41 46
48 41
83 87
62 4
41 38
68 3
41 18
60 11
97 62
19 24
4 7
19 44
89 74
94 46
90 61
56 10
53 22
17 73
93 29
30 70
78 7
99 8
83 4
93 91
42 73
57 58
51 26
80 71
81 93
70 92
54 1
12 23
2 53
95 24
59 59
27 53
72 52
69 63
35 93
22 15
48 24
63 89
43 89
4 38
64 7
71 33
23 60
81 20
58 56
3 80
27 87
55 79
83 43
78 76
63 92
5 82
50 21
61 98
48 59
33 23
88 39
74 86
74 79
92 29
21 96
84 34
9 53
63 78
91 8
37 90
25 29
7 19
31 12
91 65
24 17
71 37
92 81
25 67
67 1
60 65
13 61
31 8
87 10
38 68
39 3
59 63
81 1
88 87
22 15
64 49
77 12
17 63
5 82
62 41
42 40
34 89
77 13
1 14
68 14
36 70
15 42
17 89
86 92
86 20
58 77
80 50
61 40
94 75
66 17
36 20
42 56
45 37
68 71
53 23
74 1
3 23
88 95
99 28
93 93
22 70
50 43
53 32
76 31
75 60
53 21
13 29
34 58
58 78
23 51
57 97
50 42
68 55
39 58
36 40
39 75
53 34
16 17
14 89
59 67
98 86
72 42
62 74
68 77
6 25
86 13
31 68
14 13
37 39
91 85
33 79
61 31
58 15
65 87
82 90
47 49
84 48
12 41
8 97
5 36
87 23
41 60
22 93
50 71
57 9
50 46
96 6
48 72
68 59
64 40
45 91
74 87
1 18
17 93
83 100
65 67
50 80
71 21
64 52
12 61
51 59
76 22
75 85
74 87
35 30
60 36
10 56
28 66
88 40
2 87
27 73
17 61
96 89
43 28
62 65
82 11
82 71
29 9
7 12
22 33
37 69
46 90
27 89
69 67
72 94
17 82
45 79
20 21
48 75
76 81
25 17
95 97
90 76
6 76
61 27
7 99
45 43
21 31
4 60
23 4
8 15
17 96
39 60
26 25
10 25
49 94
62 80
83 85
53 17
7 86
76 76
95 66
65 58
75 16
66 92
1 41
44 59
35 59
85 27
44 57
93 16
61 9
100 88
64 78
17 32
66 93
48 32
49 95
84 18
87 47
38 92
69 20
91 98
20 15
90 30
51 68
2 85
74 58
18 60
9 15
35 73
78 89
23 65
61 8
56 46
85 64
4 31
18 32
70 36
1 23
47 27
66 70
11 23
81 51
62 50
90 72
81 22
16 99
16 51
61 25
43 40
43 95
8 37
68 92
55 67
50 69
94 30
3 97
56 19
95 16
73 13
13 69
97 27
15 43
99 96
66 9
72 28
87 95
49 75
47 16
84 86
5 82
25 6
51 76
10 59
92 81
53 11
33 21
76 90
43 85
91 41
88 64
7 15
71 78
89 31
58 5
1 36
82 17
41 46
90 25
30 35
68 43
77 18
52 12
46 49
14 18
70 97
7 66
5 23
14 40
42 8
24 61
95 18
37 91
9 33
43 13
4 41
6 85
5 30
62 95
60 14
95 21
39 52
5 2
94 74
26 65
88 2
42 9
97 38
97 86
1 23
63 73
64 74
28 61
16 71
62 80
50 86
49 40
38 25
59 82
30 82
93 20
46 31
76 12
95 91
2 43
34 37
39 100
1 19
13 81
46 58
38 92
43 9
68 11
32 56
1 15
15 20
75 75
23 41
59 35
39 88
58 75
9 34
59 68
17 96
33 43
44 63
15 26
88 47
12 66
30 66
32 53
83 23
56 22
2 87
95 24
35 28
15 7
61 98
37 30
69 82
94 69
63 95
30 80
14 97
69 24
3 45
82 65
91 99
20 59
48 33
10 73
95 18
17 68
35 82
60 2
74 43
60 42
1 33
92 29
1 25
80 89
35 65
1 28
35 87
58 52
18 86
5 99
51 19
98 65
54 76
35 21
16 79
34 11
85 50
87 2
39 93
25 7
12 34
60 55
91 15
39 38
94 57
91 66
19 43
36 10
25 96
1 17
5 35
65 89
84 73
62 58
67 1
45 11
34 17
34 48
25 59
47 54
92 59
46 33
51 1
7 85
30 22
33 68
100 28
4 51
86 67
45 83
5 17
57 31
49 73
87 92
31 98
34 8
55 54
91 94
79 98
99 84
93 21
21 18
38 10
84 92
77 79
19 32
98 51
83 70
18 71
92 73
25 68
22 79
74 16
99 31
14 62
65 16
55 82
38 74
39 93
49 19
63 67
97 21
81 30
91 42
61 77
61 3
86 54
27 1
7 1
60 55
17 49
78 92
73 30
99 77
45 77
72 39
46 27
67 65
13 57
42 22
11 65
97 86
30 43
85 82
62 90
43 46
5 83
42 59
45 6
83 92
93 91
80 45
35 37
80 72
51 53
89 9
50 94
48 28
56 25
63 71
58 99
45 85
56 78
13 14
90 85
87 100
53 30
7 26
64 29
53 88
71 96
42 5
16 46
68 4
11 37
48 59
19 1
61 67
59 8
34 63
81 55
75 37
66 29
53 48
100 87
86 93
41 56
93 82
63 40
90 95
84 62
77 80
26 10
84 70
95 96
67 99
36 98
50 13
78 33
91 85
38 62
36 14
45 48
33 22
1 9
59 13
50 55
89 52
75 72
46 61
84 64
82 98
49 65
58 5
88 83
82 26
76 73
41 49
25 5
51 26
91 9
50 54
15 5
58 37
20 91
79 1
56 38
79 25
25 31
42 81
1 27
69 78
55 22
9 65
94 5
77 65
13 46
59 16
76 6
18 25
5 66
68 75
59 49
35 43
1 97
42 57
50 0
54 0
47 47
5 42
84 16
48 49
47 27
85 21
37 51
41 62
58 62
69 68
83 17
22 41
90 98
39 74
98 73
87 25
23 100
31 7
36 79
36 35
78 52
64 53
69 51
41 65
39 72
19 5
93 33
68 68
70 42
13 31
37 71
51 55
1 53
48 82
3 67
2 19
55 32
46 3
51 96
71 8
93 67
12 2
53 24
37 85
13 60
83 54
93 12
78 48
15 35
96 20
28 14
14 70
40 74
5 28
58 43
55 36
96 44
25 55
19 74
85 66
4 63
24 57
29 31
3 22
68 70
29 70
38 58
43 26
42 95
32 17
41 90
26 51
54 81
91 5
98 15
85 58
30 88
50 93
2 8
99 64
52 63
16 14
92 81
79 28
26 94
95 39
37 0
50 68
61 25
80 34
5 39
73 6
93 97
75 16
23 69
37 31
77 71
63 72
89 25
74 98
30 7
64 11
13 19
53 30
38 48
64 56
51 82
49 29
97 30
38 52
9 100
85 83
50 93
88 67
94 25
87 1
81 29
48 90
66 17
38 37
97 14
96 77
27 29
70 13
16 57
62 27
1 33
97 59
12 78
65 89
65 14
94 80
33 43
27 16
94 46
29 34
19 1
56 97
1 81
59 59
73 69
80 4
31 6
92 91
31 44
9 90
99 1
92 38
30 48
34 19
96 13
10 61
46 55
79 49
39 70
15 69
90 84
84 83
1 56
50 46
50 34
48 88
12 16
52 42
87 94
44 69
88 44
56 3
7 72
83 62
26 46
100 71
60 98
60 54
48 12
40 40
68 28
33 61
62 14
8 72
20 69
28 33
41 40
34 17
15 58
98 97
88 5
5 7
80 35
95 1
61 75
41 56
87 63
30 11
40 32
31 32
49 74
55 99
77 76
57 71
75 47
25 52
69 47
89 24
4 42
56 87
79 36
46 5
24 66
16 91
62 76
92 18
19 16
38 15
40 16
87 92
47 98
46 74
70 16
24 90
46 49
82 78
7 33
39 43
42 93
22 85
36 41
52 20
11 90
27 55
68 84
31 76
63 15
43 89
52 63
64 88
76 8
21 8
61 63
41 52
74 67
8 15
53 87
11 59
31 52
85 82
22 36
36 92
2 97
37 71
75 93
22 61
24 99
52 73
48 24
32 72
56 91
30 51
80 1
85 53
31 0
1 10
43 61
3 50
59 97
18 29
75 61
45 20
66 65
76 89
100 66
84 11
82 51
12 88
12 4
65 7
79 0
77 74
67 76
16 3
25 30
33 54
13 70
28 37
3 6
51 23
97 80
1 83
3 57
35 78
91 92
48 56
88 98
97 59
8 48
74 92
13 46
53 95
2 21
14 48
86 75
18 35
88 18
95 79
77 86
20 42
39 75
24 89
54 21
46 40
4 17
97 93
79 65
90 12
63 37
94 8
20 47
30 61
59 94
78 96
70 55
86 8
47 12
71 21
52 68
2 73
89 55
66 74
46 86
41 85
79 13
47 29
28 95
23 31
31 52
87 99
67 92
47 35
11 66
28 72
82 100
46 18
73 48
9 44
46 33
57 13
90 18
2 35
34 58
33 67
7 53
30 9
85 17
63 65
37 0
70 73
2 32
38 60
47 64
35 52
8 57
30 35
83 13
81 33
63 43
91 83
69 49
96 65
82 22
29 43
83 25
63 83
19 93
9 28
86 52
68 22
36 88
4 91
70 16
49 63
68 97
70 15
34 51
16 29
91 21
58 51
28 55
75 60
97 76
3 35
9 84
6 45
32 37
13 89
56 93
79 61
35 32
39 62
15 74
76 67
30 54
39 35
32 64
68 79
24 28
89 96
96 2
60 13
2 29
25 54
14 10
19 7
23 2
70 43
80 19
91 11
6 98
9 74
50 13
92 96
26 93
4 49
25 99
24 48
11 69
37 80
22 85
80 52
47 69
68 74
55 66
51 56
41 98
56 43
59 28
59 53
55 9
59 83
61 52
43 83
39 100
1 49
13 90
62 3
81 91
99 12
81 65
56 62
71 25
65 80
27 76
15 82
50 97
86 75
89 59
66 51
79 30
96 96
25 46
58 52
58 79
7 2
47 88
34 63
79 30
51 11
95 30
44 65
80 31
88 27
32 62
19 59
1 98
11 87
64 78
7 21
100 99
100 75
65 5
79 93
61 34
95 47
92 22
98 46
2 82
23 4
50 6
34 37
73 19
35 27
85 68
98 86
68 11
1 54
87 81
1 98
73 49
61 86
40 74
97 37
46 85
36 93
25 86
88 63
51 79
40 57
11 34
5 53
59 86
69 45
83 47
4 52
73 46
58 64
20 8
21 22
41 17
48 25
35 49
51 95
37 0
95 19
2 7
15 13
81 92
69 100
21 62
68 90
76 30
44 65
15 12
100 41
78 66
27 61
79 40
39 81
62 74
80 26
54 25
42 57
4 91
51 64
4 65
44 97
69 48
81 9
91 72
49 93
59 99
79 75
49 14
17 8
12 73
89 93
43 11
7 58
54 70
65 2
60 74
10 92
73 42
51 40
33 51
38 0
78 21
80 51
20 21
41 21
66 94
42 27
82 97
67 81
16 85
54 90
37 67
1 46
47 5
10 16
24 56
66 48
55 96
16 23
32 66
12 21
72 14
86 60
63 23
79 68
34 72
64 33
93 22
86 91
28 2
39 66
69 1
51 31
58 33
3 31
31 47
27 70
35 82
78 27
4 28
52 82
10 49
21 77
50 24
84 84
24 19
30 63
9 41
33 59
23 1
68 80
32 33
25 63
68 23
2 88
72 48
26 37
91 3
9 55
14 46
73 84
59 68
2 19
23 8
11 12
78 63
75 78
85 70
53 47
47 92
12 60
55 23
4 8
52 0
6 39
38 91
96 31
100 41
87 37
12 97
79 28
64 89
33 59
32 78
47 78
88 64
76 88
68 41
23 54
59 77
34 94
42 22
26 12
87 13
98 12
73 42
72 59
50 91
46 16
30 8
21 83
29 55
83 48
31 92
9 76
2 19
96 17
85 37
3 86
48 27
5 19
22 88
21 25
26 49
31 11
81 30
9 4
15 35
8 25
31 81
97 45
7 55
21 0
59 78
83 75
84 51
19 23
16 35
4 51
77 22
5 65
27 58
32 42
1 82
70 81
36 48
5 62
83 21
54 27
83 31
54 67
96 31
92 96
4 31
89 42
66 98
94 66
75 53
4 64
36 72
25 57
49 36
20 25
83 64
5 59
68 88
98 58
58 99
25 18
89 12
48 4
84 39
7 51
70 37
31 9
94 61
55 56
67 3
90 50
8 0
12 7
61 87
57 60
32 52
69 34
91 47
88 2
64 40
97 61
5 76
21 21
48 1
99 61
98 42
79 63
44 40
83 18
20 81
50 56
96 69
65 20
44 21
76 41
59 2
69 48
30 97
75 52
80 58
20 33
56 17
100 63
4 16
37 31
11 57
58 42
41 55
43 92
61 95
58 56
77 80
26 24
56 61
95 83
82 60
54 82
22 12
44 62
80 21
76 64
20 74
52 14
5 37
41 98
3 16
40 79
86 93
58 26
3 100
7 53
47 92
59 9
14 99
65 28
72 51
57 38
18 26
37 54
41 71
39 79
45 52
62 27
54 77
4 50
31 37
12 58
31 46
6 53
88 81
59 1
17 58
80 100
7 66
25 85
16 2
2 69
66 57
13 95
9 59
50 60
48 98
87 22
1 42
39 87
76 65
47 37
35 76
96 44
75 93
72 59
87 34
5 95
11 33
28 52
95 35
73 68
72 11
55 23
29 22
24 75
94 60
25 87
47 19
29 99
41 63
83 41
36 52
7 4
66 42
91 61
99 39
53 77
14 8
45 57
42 26
55 19
50 81
20 47
64 28
27 44
52 26
98 55
38 20
23 7
47 4
18 55
36 17
96 26
69 25
78 75
71 46
81 70
19 86
53 99
25 11
65 23
3 3
2 50
95 29
49 81
57 31
89 46
57 38
88 94
63 86
7 10
18 12
76 98
70 93
91 50
71 12
72 99
57 94
47 63
95 50
97 62
76 81
16 40
35 23
72 43
62 74
49 88
87 81
43 36
50 69
92 25
1 59
6 100
69 8
99 85
1 22
87 10
63 81
60 20
51 94
19 37
99 90
52 69
28 31
51 44
46 25
31 17
70 78
5 3
60 9
88 80
75 68
38 79
72 97
85 77
85 61
67 69
56 54
69 60
74 26
84 10
66 90
93 63
40 56
8 79
61 61
92 98
83 30
69 12
36 36
77 65
29 53
23 69
83 16
46 51
35 50
5 35
56 36
92 27
86 84
93 31
68 28
22 56
17 37
65 48
13 40
52 56
40 44
66 74
79 16
74 22
5 58
84 36
54 74
18 0
81 85
48 0
55 80
95 32
5 84
98 57
55 23
34 36
73 55
97 86
9 97
80 89
24 43
20 38
66 37
13 63
75 11
77 64
37 33
61 2
100 47
47 4
35 60
79 48
39 66
90 10
34 46
94 72
91 20
90 90
91 98
6 19
47 94
66 1
76 6
87 86
99 83
66 77
19 74
5 16
70 3
85 35
93 14
52 45
60 33
34 43
8 85
34 47
63 33
11 75
32 21
5 84
17 18
88 23
57 45
51 12
95 99
37 50
5 51
22 27
47 90
97 29
78 76
77 80
75 10
38 80
41 45
23 87
71 59
45 71
62 58
87 19
47 82
27 13
85 56
67 64
83 96
27 16
38 4
96 7
7 31
83 3
80 64
23 40
33 38
12 40
56 43
88 5
30 34
17 43
54 15
4 42
85 65
6 76
23 42
68 49
32 83
63 27
31 51
39 2
95 68
16 30
83 78
50 82
50 93
69 25
44 48
78 51
100 40
24 47
89 85
49 79
32 20
56 66
16 28
4 92
45 73
69 44
10 42
58 31
72 88
72 6
51 2
4 93
19 55
57 29
84 9
41 30
54 37
61 28
21 74
34 51
91 27
50 9
57 32
47 6
60 75
51 55
65 78
77 95
52 56
76 46
26 63
9 75
97 38
62 57
71 28
15 37
26 20
97 57
8 34
26 16
41 65
78 45
57 86
38 31
63 71
52 69
25 69
50 61
66 22
42 89
37 65
100 52
76 6
27 42
42 82
38 29
11 76
60 18
19 29
76 1
61 52
95 47
27 26
97 88
80 1
67 94
48 17
58 82
63 35
29 67
60 21
32 95
55 82
65 77
99 26
71 77
30 33
72 93
46 78
99 88
59 66
13 37
37 76
36 69
72 25
17 27
58 37
32 65
85 35
95 1
2 31
6 72
54 16
30 73
46 57
84 32
84 90
100 15
19 80
43 82
87 17
62 54
10 82
25 48
2 73
11 7
37 11
3 84
75 85
32 81
70 70
83 93
91 15
42 21
75 59
21 22
7 36
59 56
60 89
45 37
26 56
100 6
29 25
39 55
51 3
7 12
29 100
19 56
32 20
27 38
78 13
17 43
80 30
30 4
12 16
3 69
30 68
58 98
1 92
15 69
85 47
58 77
84 58
64 21
64 54
36 27
96 77
68 43
78 74
66 38
83 61
72 62
61 20
13 74
94 86
6 96
38 43
7 20
30 79
78 16
41 88
37 57
7 45
3 78
19 63
71 43
23 18
14 81
42 3
15 9
93 63
8 88
42 75
8 70
20 78
83 55
35 74
49 61
41 58
55 28
82 34
75 97
24 88
43 18
79 90
70 66
56 50
20 57
77 60
69 43
25 95
78 49
33 93
36 33
2 72
47 35
1 36
33 13
98 30
1 77
83 5
80 59
97 21
48 72
35 32
22 5
69 98
12 54
9 2
57 48
25 33
37 7
15 53
58 100
5 95
96 21
62 88
34 21
22 51
72 70
10 28
28 47
82 73
36 82
10 31
13 16
90 34
2 69
89 37
42 39
78 33
68 83
44 69
17 40
61 7
92 60
58 75
1 4
6 96
36 29
85 44
2 40
89 30
51 2
64 82
95 22
82 14
4 7
56 20
69 46
52 27
28 53
45 59
54 8
33 58
59 49
97 18
77 69
63 17
29 45
78 89
2 63
76 40
99 44
85 51
69 38
26 28
62 29
43 68
84 23
20 85
28 53
67 69
16 77
34 11
97 75
92 42
56 22
88 28
20 23
30 82
98 21
96 98
67 38
80 39
40 51
33 30
75 65
64 35
13 28
4 61
94 59
89 20
39 53
36 31
57 32
96 59
57 92
96 12
61 32
42 9
73 85
90 56
16 37
68 82
42 51
1 74
6 91
15 0
79 89
21 71
17 16
86 20
81 67
56 12
100 89
19 22
12 65
14 80
34 21
22 99
90 25
53 62
28 76
17 54
100 54
23 5
70 94
78 62
68 72
99 24
10 88
73 77
5 100
57 67
30 41
80 54
11 48
4 37
39 35
57 77
79 20
60 9
32 35
93 16
87 8
98 92
30 92
51 53
20 3
44 86
66 33
87 44
35 40
48 5
13 93
39 33
66 43
71 44
56 98
23 42
77 86
81 48
11 6
89 12
41 79
44 7
53 91
14 90
10 16
86 28
28 6
89 25
92 8
2 34
97 70
53 76
90 21
66 30
100 9
95 41
19 69
100 94
78 92
81 90
59 92
70 30
96 29
39 23
42 54
57 3
44 92
34 26
15 50
39 34
44 5
19 95
48 92
95 78
46 44
19 15
70 97
91 66
74 35
75 23
32 51
27 70
48 80
35 37
1 74
24 2
12 87
90 63
73 15
91 84
98 54
64 16
48 74
60 66
27 71
92 12
99 65
57 64
96 46
58 64
60 13
23 25
51 84
61 64
55 45
87 83
63 26
64 23
33 38
27 48
11 85
89 81
37 38
44 7
74 46
87 2
94 42
77 49
24 74
89 84
37 33
50 2
19 25
14 95
24 48
10 21
70 95
37 65
38 64
94 82
51 64
96 14
98 50
59 70
13 16
44 43
31 54
8 20
6 41
26 98
32 12
87 23
96 75
96 74
78 25
76 13
54 83
30 56
22 52
72 43
23 70
89 35
62 89
89 73
85 64
80 7
6 64
49 25
31 85
51 81
87 30
100 35
3 58
39 83
3 9
8 11
75 55
66 31
35 96
37 84
18 12
90 42
9 83
21 45
63 26
81 0
92 91
21 80
20 71
71 0
18 65
84 24
23 71
53 85
72 71
97 40
32 4
40 13
72 40
69 16
15 17
74 70
48 53
53 28
6 33
91 27
9 8
97 100
15 77
55 3
61 57
60 29
29 43
31 71
39 32
34 76
13 57
39 95
36 1
12 75
67 10
20 18
35 21
94 23
57 31
67 5
4 91
14 28
2 74
8 63
96 59
41 37
75 34
25 18
5 54
86 94
54 57
41 98
35 9
87 20
91 78
9 61
100 30
12 90
64 14
77 89
78 54
64 43
23 77
57 9
62 79
50 87
68 53
36 70
5 25
72 37
93 2
95 66
42 38
44 97
46 51
54 60
41 92
29 84
71 56
58 4
49 78
8 91
42 79
48 8
24 72
48 35
12 33
3 10
1 57
81 36
42 30
62 23
32 33
72 80
64 72
100 21
69 91
10 42
16 43
32 82
38 73
71 25
21 27
77 97
65 80
84 11
36 7
34 97
98 79
47 28
11 23
78 59
61 47
20 41
20 11
47 67
52 46
43 18
37 40
44 65
10 17
87 2
59 13
10 22
68 75
51 12
56 38
39 41
8 15
50 30
31 74
67 70
52 12
49 42
41 14
20 65
54 48
67 18
79 34
30 78
29 92
45 22
44 100
39 4
90 51
77 2
30 13
53 74
94 61
53 46
45 75
7 87
67 68
30 1
77 69
2 69
94 6
51 60
12 63
40 33
38 50
88 63
19 48
52 3
58 85
57 49
55 5
23 45
3 10
60 98
1 89
42 54
10 72
5 52
91 40
60 83
15 11
78 10
77 100
44 93
82 11
85 32
80 46
89 33
73 72
77 11
33 78
19 99
76 34
22 7
56 56
76 64
51 43
37 88
55 1
92 100
86 6
55 53
18 8
94 3
83 57
39 96
14 20
52 83
7 77
67 70
86 6
81 48
44 73
34 10
1 16
34 23
2 69
64 99
64 16
18 68
67 88
84 2
48 85
40 52
21 30
70 29
98 90
11 9
63 50
18 28
18 49
53 85
91 48
35 74
66 9
15 28
85 54
73 35
87 41
17 47
62 60
56 92
9 86
77 57
45 59
33 94
7 33
15 74
78 84
97 16
11 40
94 90
7 93
59 8
16 29
90 77
85 11
30 9
74 75
31 24
53 46
87 62
98 14
96 18
4 40
28 50
20 74
8 16
34 34
79 18
71 45
5 18
28 81
22 25
93 9
89 16
20 69
40 4
26 54
33 58
93 29
64 5
76 92
44 20
76 87
2 86
43 57
46 87
87 51
66 54
27 99
33 29
93 89
20 70
30 70
75 26
22 54
14 13
62 87
15 70
69 8