1468 3885
96 57
70 57
77 10
58 10
94 31
33 81
23 14
40 72
13 66
53 65
32 86
14 46
95 57
14 46
81 56
59 88
90 9
59 10
15 27
23 69
86 71
74 28
61 0
92 77
33 4
14 95
84 35
27 43
40 82
23 98
7 58
70 95
60 65
61 86
89 65
36 94
86 17
64 6
89 56
19 1
70 68
43 23
41 78
17 86
76 6
23 67
66 45
94 63
84 13
72 79
79 48
58 88
55 70
100 55
97 7
51 14
4 5
1 19
57 22
24 60
89 96
13 31
83 22
45 19
19 79
78 41
53 26
59 75
90 3
23 0
91 77
14 14
27 70
42 63
43 2
53 12
30 4
23 36
86 47
33 85
19 28
12 40
23 64
39 86
83 10
69 39
19 41
18 41
38 16
23 6
11 36
94 55
76 93
46 43
15 85
13 70
1 49
1 56
58 60
7 98
49 59
16 52
63 15
43 37
1 91
94 14
90 94
35 49
93 63
52 70
62 0
32 37
91 15
70 82
88 52
58 43
95 4
97 6
45 83
38 11
63 98
49 54
64 53
62 94
46 37
72 60
40 95
39 10
67 5
28 26
99 77
39 85
40 18
40 99
91 65
18 32
18 59
89 31
67 4
57 18
48 26
84 3
99 51
20 80
58 12
43 10
81 21
85 94
9 8
2 81
40 93
17 39
29 71
36 39
57 6
32 64
22 45
43 72
14 21
65 56
29 22
29 27
94 85
37 48
52 96
55 88
93 94
3 72
95 48
28 100
84 55
78 89
87 8
11 39
8 39
97 98
26 8
36 26
100 60
11 3
96 92
2 43
63 64
45 8
51 52
96 90
9 71
87 45
37 95
98 4
74 60
12 0
63 17
60 13
6 96
60 9
5 24
57 99
53 65
95 61
70 44
2 15
12 100
33 79
7 11
10 70
94 68
5 52
1 86
47 79
95 78
22 5
84 55
4 18
94 56
73 35
91 93
17 38
73 25
16 26
56 87
87 50
77 24
66 74
39 53
44 2
1 18
89 69
57 17
7 36
5 48
70 27
3 66
55 22
74 28
51 59
32 91
76 42
79 19
86 81
87 63
22 56
20 7
52 67
30 23
93 32
35 6
1 71
64 79
24 70
11 99
61 29
23 57
18 89
14 64
49 25
62 15
24 4
40 7
84 4
16 54
47 25
19 49
82 33
34 96
78 74
41 38
55 49
28 50
35 48
11 54
27 47
45 47
74 78
72 58
71 21
23 40
61 78
67 31
25 32
76 50
62 49
21 71
10 55
94 7
63 57
44 51
1 27
14 9
38 82
87 84
24 61
82 59
49 23
29 80
53 7
67 10
70 42
23 49
17 17
60 0
29 2
59 99
83 77
25 1
93 75
59 17
71 92
75 88
39 10
91 12
45 2
98 92
41 29
21 73
47 13
22 16
96 80
46 65
90 17
1 22
30 88
6 90
72 28
77 10
97 0
62 60
22 98
95 37
66 38
5 28
30 99
26 89
29 73
24 56
84 45
87 21
76 66
76 97
36 67
59 10
32 24
87 21
14 54
79 11
21 30
9 68
19 6
8 98
45 62
89 90
54 37
64 61
78 55
60 60
7 94
1 21
7 15
51 46
24 33
80 95
22 93
39 53
96 91
75 26
90 87
76 65
28 20
23 37
28 26
21 26
1 45
89 77
71 89
14 96
20 25
92 70
56 82
46 14
7 56
52 74
15 15
9 62
74 69
35 8
27 23
12 79
45 93
19 26
22 49
22 0
100 20
60 24
74 12
10 20
19 27
33 17
24 12
17 86
46 79
7 33
5 32
57 72
37 86
96 100
5 40
39 39
26 90
40 32
91 14
87 7
61 50
20 47
49 88
8 10
79 40
71 17
1 68
25 26
55 24
32 39
57 49
55 48
81 41
97 87
21 30
72 6
48 20
51 15
87 20
72 89
49 90
34 83
39 14
13 11
92 42
92 35
63 91
35 45
65 87
41 71
5 72
50 3
5 12
44 8
8 48
22 14
88 1
60 85
55 100
65 99
8 10
61 94
53 39
74 83
53 3
70 24
99 54
65 23
86 48
11 69
93 92
31 90
68 85
18 38
56 79
66 8
36 47
64 98
52 91
10 29
1 76
1 37
34 60
18 12
100 86
45 2
63 0
63 58
45 26
31 4
13 79
91 17
30 7
49 2
72 35
13 87
6 78
99 100
5 1
85 45
36 21
5 2
94 83
20 71
1 32
54 61
32 26
1 97
62 24
12 54
44 40
37 29
64 8
44 61
100 91
82 77
14 95
58 65
33 15
24 21
71 63
57 18
21 17
70 83
81 37
19 58
64 49
100 8
25 70
65 7
34 96
74 28
49 74
33 48
6 32
84 81
78 96
58 48
36 7
22 85
96 64
25 7
46 45
27 48
21 45
67 38
91 12
67 62
97 27
46 54
59 83
6 89
8 86
97 78
13 78
64 58
39 57
13 58
36 97
67 19
42 65
84 56
40 53
85 48
24 61
14 32
84 41
4 56
9 70
67 28
2 66
31 17
73 19
14 24
30 17
51 37
2 82
39 10
31 38
49 55
28 61
12 92
33 85
46 41
64 31
24 80
34 68
80 100
23 88
11 52
27 47
86 23
99 11
96 41
44 39
2 60
13 61
62 44
98 3
72 59
71 3
65 44
42 7
34 92
78 36
54 63
61 38
77 55
29 34
23 60
68 18
70 78
13 86
9 92
54 57
55 5
95 42
8 62
6 65
50 26
1 86
57 53
12 59
46 47
72 94
3 69
62 85
79 95
30 40
95 96
43 19
54 58
15 94
80 67
45 33
14 97
45 82
13 34
66 33
61 39
76 98
79 29
67 62
59 18
79 23
82 21
83 23
71 76
7 99
12 80
32 65
13 39
44 74
13 81
29 57
61 39
15 61
46 37
69 43
100 52
55 21
70 34
37 27
11 27
32 88
37 37
23 37
94 41
45 90
68 54
83 39
86 50
65 32
67 14
17 78
2 98
71 18
39 49
91 90
50 65
46 86
62 25
33 87
57 58
34 51
83 63
41 45
79 27
93 98
40 6
80 87
74 7
3 73
64 84
89 85
10 79
61 38
33 74
68 19
12 13
26 70
86 32
54 68
96 23
69 34
2 88
87 63
76 2
15 94
84 56
97 68
29 24
29 41
19 86
23 41
21 26
17 96
86 77
87 3
10 59
58 54
69 19
15 39
74 73
24 70
76 78
57 85
1 85
46 37
26 85
89 86
21 24
16 68
41 71
28 13
85 33
11 63
92 13
78 81
61 100
73 38
68 86
28 6
20 68
1 50
53 23
13 45
93 19
44 64
22 35
84 79
49 17
32 13
48 38
89 18
20 22
76 70
40 41
50 74
47 17
86 38
67 32
21 24
18 4
50 95
47 50
36 90
40 61
23 70
6 8
56 86
48 75
13 30
36 75
5 30
4 45
26 51
26 68
2 98
10 38
5 21
59 29
29 8
63 38
69 26
60 45
35 31
87 12
95 62
55 7
28 88
10 91
9 89
72 67
34 99
68 63
98 40
35 60
28 43
57 64
68 73
95 25
13 86
64 6
40 58
56 22
55 29
96 72
46 72
65 82
28 29
62 2
37 82
37 73
27 83
88 62
88 75
21 17
97 67
82 18
97 45
54 2
1 41
3 89
73 28
77 52
2 51
54 91
64 14
17 36
88 77
80 38
21 8
86 49
71 78
84 25
79 44
57 22
83 32
27 97
83 63
88 36
78 38
88 55
57 9
94 87
74 40
4 80
88 10
15 38
66 20
91 96
17 54
23 15
26 14
72 1
51 18
12 39
53 34
40 95
7 63
24 68
10 37
89 42
61 39
73 18
19 82
5 54
78 78
20 18
87 27
59 34
21 41
6 10
88 42
17 30
46 17
59 97
43 26
35 18
43 16
1 70
100 35
21 18
85 100
10 15
13 23
53 81
8 100
60 46
18 90
68 8
32 97
69 79
24 98
87 70
61 72
82 76
81 39
46 78
74 94
78 91
15 99
81 78
39 55
41 17
44 51
60 13
5 72
9 38
63 22
62 83
98 42
18 10
30 8
47 100
22 15
1 91
79 91
82 17
66 19
46 26
10 25
1 41
8 5
26 72
93 34
9 25
31 55
64 61
47 71
48 20
60 23
37 51
53 36
97 43
66 35
17 79
41 84
77 25
18 28
47 67
50 32
63 44
83 73
83 64
3 70
33 58
46 0
84 68
75 31
82 7
89 74
67 40
64 40
25 24
28 43
65 70
31 76
2 0
14 95
90 59
39 17
87 12
62 91
1 81
18 9
96 34
80 19
41 22
10 37
33 78
100 65
36 74
57 36
65 50
98 12
78 29
9 28
8 5
3 46
2 80
61 82
56 98
39 24
24 40
46 87
2 81
63 11
15 75
4 100
2 13
19 53
65 21
48 42
1 74
38 38
80 24
83 9
37 68
22 91
37 55
86 44
48 80
74 82
20 15
89 24
58 84
3 34
63 69
4 14
81 60
55 6
48 51
1 0
73 70
40 55
25 88
91 50
76 30
3 21
34 54
27 79
56 45
33 68
5 65
96 57
10 6
16 91
60 72
66 76
56 37
1 89
69 62
70 0
16 29
1 0
79 83
86 91
11 94
13 0
77 65
68 38
80 34
94 15
4 73
1 69
79 85
11 69
86 93
66 51
50 95
33 6
10 10
19 2
99 66
65 13
73 55
73 10
69 62
87 92
8 70
51 86
9 11
16 41
18 7
28 82
26 60
75 35
54 33
20 83
4 7
90 81
81 38
98 72
14 61
19 28
64 12
67 44
56 25
18 8
44 72
6 76
25 49
31 33
40 66
98 43
76 2
2 70
25 64
3 2
82 84
88 65
14 9
45 78
90 29
32 99
34 63
75 86
15 58
86 94
68 13
35 23
61 16
44 39
11 28
43 83
26 80
40 79
25 60
73 20
94 95
23 89
28 8
67 77
7 61
82 91
71 25
67 22
24 83
10 69
25 87
75 8
3 51
10 98
100 35
30 31
99 17
47 33
1 92
19 87
73 1
28 89
64 67
32 17
30 3
82 2
88 98
47 45
54 82
57 23
64 84
57 41
61 75
94 37
63 90
50 52
39 61
19 46
55 53
58 23
47 31
64 48
45 9
56 14
51 36
95 12
39 83
71 83
84 69
69 84
21 80
20 82
94 88
60 100
20 99
65 46
68 17
15 20
34 88
45 9
97 63
63 95
81 30
49 1
15 71
60 16
91 55
55 53
26 58
27 33
28 8
20 82
23 65
83 69
76 85
48 38
23 20
30 54
13 54
50 69
90 100
97 91
80 89
56 2
96 84
7 69
25 6
96 54
66 86
65 78
25 59
49 21
50 2
74 5
8 69
89 59
27 19
18 8
79 23
28 79
66 43
85 62
42 60
40 56
55 76
100 25
3 85
63 80
83 88
100 1
52 84
74 72
65 1
96 35
24 93
71 46
45 42
86 75
100 84
63 81
49 56
26 23
85 10
24 19
100 8
25 31
91 32
4 51
42 26
3 89
69 90
26 38
68 23
76 34
44 52
10 94
22 69
22 33
65 61
1 1
81 48
50 88
80 29
84 24
11 2
7 47
96 54
44 89
59 85
76 17
100 87
29 72
52 55
78 98
31 48
97 47
9 59
32 29
15 46
92 78
85 73
22 25
86 29
95 60
14 76
35 48
30 66
16 8
72 95
95 91
99 43
74 2
25 59
65 34
27 57
27 10
20 96
53 75
41 59
21 26
90 55
82 31
35 61
45 8
88 31
60 94
3 10
31 58
97 51
88 89
27 99
23 78
2 64
52 38
58 36
90 65
84 22
46 6
93 45
8 93
95 54
26 11
87 27
27 45
25 72
91 42
62 38
3 64
49 40
18 93
1 57
24 34
11 29
39 61
5 8
74 38
60 12
5 40
60 18
99 82
83 74
7 65
59 60
96 8
62 81
45 66
24 30
100 39
47 38
88 19
83 72
15 4
38 43
46 80
69 55
29 70
43 87
53 78
27 95
62 67
33 40
25 51
22 46
67 67
21 7
53 84
89 19
98 97
26 46
56 54
41 11
19 71
97 69
71 36
9 76
24 6
68 26
33 58
56 6
82 48
81 90
44 19
92 34
89 92
39 20
22 24
38 65
80 56
76 13
13 87
32 84
41 67
31 13
14 20
34 20
60 41
61 52
61 56
72 6
92 32
77 59
45 52
6 96
50 12
90 26
49 57
57 58
17 88
89 99
27 8
91 39
38 64
13 9
6 74
15 70
12 68
41 23
39 27
67 87
92 42
87 95
83 34
24 85
49 78
78 50
53 40
97 65
59 12
59 20
20 44
33 4
94 70
81 56
57 40
38 69
26 60
48 43
35 74
56 54
36 18
82 86
1 24
58 69
68 20
66 6
45 73
59 9
81 69
26 68
6 62
60 73
66 94
28 52
80 78
10 56
69 2
87 22
37 51
93 0
89 100
15 32
58 3
17 27
67 67
87 8
24 57
9 92
60 42
24 96
32 29
84 31
87 70
4 28
8 44
37 69
62 34
79 12
52 26
61 92
80 66
96 93
12 24
89 8
58 7
19 73
17 72
