316 9593
36 69
72 20
42 82
53 9
83 38
30 26
75 27
25 54
84 86
25 51
5 9
56 3
66 77
1 81
92 2
70 0
21 9
2 5
99 95
47 83
61 10
85 72
1 26
79 34
41 93
3 33
58 46
77 51
18 31
51 26
36 58
54 50
11 16
19 95
11 0
3 66
86 82
16 56
1 7
75 45
5 45
23 98
50 38
77 86
6 87
21 23
54 83
22 93
84 98
21 88
77 80
74 90
76 45
68 100
14 68
9 30
22 74
84 9
100 72
4 70
83 7
79 33
25 1
18 53
9 37
11 56
34 54
48 34
61 40
19 7
63 6
73 77
88 100
78 90
40 31
66 43
81 52
85 20
90 54
10 59
82 5
26 29
96 98
16 14
65 66
67 28
1 72
1 84
94 47
1 88
5 9
6 39
11 48
1 30
87 17
25 76
75 67
53 19
32 79
6 80
2 55
85 80
10 25
67 69
53 85
42 52
89 94
23 25
27 58
25 24
29 3
27 90
13 11
79 25
59 94
48 16
57 70
6 8
64 6
12 28
87 100
20 3
41 29
2 19
99 59
61 7
73 84
81 50
31 7
28 31
63 3
66 61
5 91
91 4
76 84
50 36
56 12
63 32
30 97
24 61
50 21
1 67
35 19
89 40
56 39
72 77
90 8
37 25
91 73
65 84
61 3
47 17
1 57
57 85
23 58
25 50
71 72
85 93
46 88
9 11
52 94
43 74
31 20
58 28
63 62
82 20
53 37
69 43
7 61
52 66
48 0
68 11
45 85
44 56
39 0
30 32
65 35
94 77
36 45
2 12
37 74
9 16
85 27
77 9
79 20
16 9
76 23
83 60
22 37
59 18
4 96
60 93
18 70
38 25
26 0
58 10
12 45
94 17
62 51
17 2
7 56
11 1
19 19
72 4
15 54
56 67
92 78
67 33
18 68
25 72
23 86
96 5
78 44
30 95
91 55
49 2
21 58
86 4
55 50
62 31
35 73
53 14
9 93
56 72
4 72
64 25
96 81
42 2
4 13
15 79
23 67
99 81
32 19
38 77
13 1
36 90
100 24
15 63
80 7
92 77
13 72
98 10
39 91
6 67
42 24
83 25
27 96
21 43
73 26
58 49
43 55
73 37
4 98
11 55
71 59
60 94
91 58
16 64
97 90
53 76
21 28
25 93
42 18
95 32
71 21
95 80
22 88
93 95
14 16
90 77
9 65
20 62
29 70
60 38
67 87
31 79
67 46
14 52
95 94
55 85
32 51
19 71
85 30
58 17
1 17
2 84
95 25
41 68
6 6
2 10
65 62
56 37
24 77
24 0
28 4
64 81
44 52
19 94
13 69
84 83
43 57
2 3
69 5
31 79
78 54
75 48
52 33
58 60
24 92
79 37
100 2
8 86
87 20
19 48
61 81
70 31