267 3739
39 1
42 25
41 61
79 44
13 48
4 9
1 33
61 57
31 66
33 8
57 14
72 31
64 100
43 81
23 54
50 85
77 54
92 32
6 93
6 44
98 28
51 82
1 27
84 73
1 22
48 70
42 88
37 32
31 67
57 31
17 66
38 10
26 8
40 24
24 1
65 82
23 60
7 53
91 82
56 26
5 40
76 85
40 49
75 32
76 30
6 97
24 31
14 87
59 36
69 28
85 52
84 49
43 8
44 1
39 49
83 23
32 96
22 9
57 83
17 65
75 99
79 70
93 100
66 28
8 43
1 22
63 59
16 67
44 23
7 61
31 63
67 89
4 47
46 15
80 63
96 0
84 49
63 38
100 0
4 43
86 82
37 37
45 58
68 34
60 12
43 2
89 47
99 81
77 9
12 10
95 71
74 35
14 62
77 57
1 55
35 52
5 76
75 0
90 4
50 19
30 84
13 9
92 76
84 71
68 13
55 72
29 52
86 100
19 42
69 94
54 18
31 23
74 49
58 52
20 6
87 72
72 27
80 59
45 1
75 23
27 90
10 11
20 59
56 40
51 98
4 22
56 97
70 72
100 20
59 9
90 45
49 66
62 93
10 97
67 11
49 62
68 7
62 13
20 21
3 81
53 18
18 73
2 73
85 72
85 86
52 76
18 13
33 70
12 85
39 94
1 99
21 55
79 25
18 39
19 63
58 74
62 82
92 57
84 81
13 0
21 79
58 75
97 7
73 38
96 81
50 56
58 81
41 30
56 42
35 22
63 55
100 5
17 63
64 8
93 32
62 26
93 49
22 59
83 17
36 45
61 71
96 48
79 63
83 8
83 44
84 30
69 91
74 79
94 23
34 46
44 87
86 74
99 89
85 2
51 55
60 8
20 1
18 85
58 4
13 67
49 56
79 2
77 70
34 84
68 97
14 9
38 84
8 17
60 31
6 4
10 36
87 6
6 48
33 90
86 38
25 87
35 93
51 57
55 13
42 60
68 85
63 67
74 57
89 47
4 98
87 4
86 57
27 7
82 41
68 72
39 95
45 39
56 6
2 37
27 93
56 19
8 49
10 64
88 40
22 84
3 47
49 7
57 6
28 83
73 70
40 62
46 48
38 68
29 40
69 68
100 69
12 4
42 20
75 18
76 83
87 68
22 85
21 44
42 21
58 63
13 52
83 15
37 41
35 94
36 74
11 86
90 41