255 107
53 97
48 93
95 45
30 76
5 62
3 77
73 12
31 83
7 66
100 63
21 33
13 18
77 86
92 90
39 24
17 88
90 81
73 22
72 57
91 75
87 27
5 53
12 22
98 82
49 27
11 40
61 73
56 85
82 55
91 54
42 6
97 65
8 56
8 26
84 89
70 81
60 95
35 83
31 0
35 63
37 50
89 73
91 60
11 52
99 32
31 36
77 97
9 70
18 11
88 54
92 36
48 1
84 79
57 2
97 18
46 28
20 87
30 73
63 94
7 0
32 73
16 57
35 16
58 37
49 62
22 46
51 71
62 1
7 76
52 74
36 37
45 65
92 24
7 99
23 60
37 35
44 0
58 28
3 78
61 47
72 57
37 80
42 54
42 71
93 6
80 4
49 31
41 59
75 8
57 46
55 36
97 64
100 90
97 43
90 8
14 7
89 61
28 12
36 47
97 46
64 60
45 84
56 69
90 25
19 92
88 2
50 15
45 77
20 57
97 54
53 70
77 70
30 76
73 62
86 62
6 45
55 19
63 48
25 74
80 79
24 22
77 46
8 94
3 7
44 27
25 25
62 39
85 11
74 26
61 55
11 23
30 45
50 81
31 69
53 64
64 3
45 91
26 22
51 14
25 62
67 78
41 82
92 97
31 38
97 62
38 38
82 90
77 23
45 18
91 55
70 70
69 99
50 8
10 52
40 8
27 71
31 83
5 26
72 56
50 43
61 60
4 23
2 38
42 96
39 35
91 62
85 12
85 78
13 70
12 21
56 38
90 55
49 28
61 55
96 48
31 1
6 76
100 26
92 90
29 24
3 11
66 26
47 75
92 68
65 93
1 7
20 87
36 29
79 36
19 44
65 60
87 47
99 33
92 43
71 12
30 40
97 100
49 76
84 40
61 9
51 66
99 82
45 63
28 42
51 40
5 74
76 16
3 72
5 53
30 19
30 91
88 89
49 42
58 29
47 26
54 11
62 13
12 49
10 12
30 37
40 71
25 59
5 41
33 50
54 8
77 79
9 86
88 75
95 85
89 86
94 23
52 89
3 85
60 65
47 40
54 89
93 24
43 39
66 34
1 43
30 55
52 36
60 88
55 83
79 20
27 50
92 24
98 78
40 98
43 6
95 96
46 68
44 21
4 71
50 12