9238 10
29 47
1 90
11 29
59 93
54 48
100 100
8 71
69 34
53 98
89 26
47 35
80 87
92 96
53 6
64 6
80 5
87 53
72 10
48 18
42 73
36 7
21 57
65 1
32 45
64 36
31 18
40 100
28 76
53 0
85 12
40 4
48 30
65 56
92 75
70 13
70 65
70 50
62 18
15 26
51 21
100 81
82 79
23 20
73 90
33 70
37 65
61 78
37 26
38 29
29 45
88 80
98 100
1 69
43 52
97 41
28 34
81 24
77 63
55 56
35 93
75 15
75 48
41 6
6 49
52 50
78 29
73 83
11 92
84 4
61 57
32 64
12 80
32 72
21 1
50 94
36 5
48 83
88 49
74 8
62 36
21 74
21 54
31 59
24 50
44 34
97 51
53 88
24 67
57 32
24 2
17 19
69 97
93 37
1 14
68 35
24 91
39 6
25 33
15 61
96 36
78 29
65 99
80 48
85 52
73 49
63 87
12 92
73 37
14 97
63 24
69 64
61 100
61 75
35 42
27 94
100 53
18 79
75 65
81 7
74 6
38 2
96 82
68 38
44 1
48 96
30 75
57 98
65 74
64 69
78 100
15 51
12 68
43 39
46 18
71 98
75 82
7 66
28 59
36 30
95 67
39 49
13 52
26 86
76 50
51 44
71 30
63 53
26 33
67 85
5 20
2 52
40 99
8 60
79 36
57 23
39 0
62 96
27 2
7 59
36 43
84 16
14 61
13 78
34 80
20 40
46 45
28 76
12 12
60 72
72 50
7 32
5 99
56 91
55 29
68 38
14 97
61 25
73 21
89 74
86 63
100 23
39 14
51 87
19 51
71 92
40 68
24 81
24 66
77 55
74 15
31 82
69 75
82 4
20 89
70 44
49 9
29 73
9 97
63 15
63 77
100 6
71 30
22 12
28 59
61 60
83 73
72 51
74 71
84 75
97 84
75 24
35 24
1 35
2 19
6 52
30 64
51 21
69 11
76 80
22 46
58 68
75 44
98 20
60 12
16 55
76 3
24 32
72 51
24 88
46 13
55 68
99 27
8 4
81 1
53 7
11 20
86 76
11 35
7 90
61 39
1 37
73 75
87 42
43 89
85 92
46 100
2 24
71 47
40 49
30 24
53 22
4 100
46 61
58 95
17 5
26 31
69 68
24 31
51 44
49 74
83 55
46 58
17 64
84 42
13 35
80 19
38 20
23 96
41 63
35 34
64 39
18 34
93 24
58 63
39 40
79 81
33 78
83 28
17 32
2 99
78 40
12 29
61 67
49 32
65 87
27 9
90 78
33 76
100 78
86 51
91 4
94 40
89 95
61 27
70 57
48 74
51 75
65 88
7 42
65 58
57 41
27 67
97 64
51 8
42 80
97 48
96 68
55 74
13 20
77 1
87 9
35 73
67 86
83 28
84 73
70 3
98 16
66 81
52 12
99 22
88 29
62 30
3 74
98 75
31 19
95 28
27 90
44 58
81 23
15 61
13 20
63 34
32 93
24 5
97 50
59 63
86 3
88 100
85 81
86 4
1 47
42 48
88 97
75 70
20 62
84 69
27 53
46 18
66 44
35 52
49 19
76 13
95 43
61 49
29 19
72 15
52 94
43 0
67 1
13 90
38 25
87 42
59 4
50 71
98 22
42 92
75 19
48 39
48 53
18 75
1 73
52 32
72 87
28 76
11 0
18 53
99 15
71 39
32 11
49 35
70 42
6 87
1 62
38 27
1 32
96 19
86 44
22 0
72 44
53 6
1 36
51 47
95 82
54 100
8 95
20 63
7 27
31 100
21 88
61 36
23 27
45 42
87 58
98 51
45 78
64 1
23 76
42 68
85 11
45 76
5 18
57 3
60 62
40 55
56 49
38 5
9 19
76 33
13 86
48 79
44 77
76 0
54 46
56 40
87 25
18 67
79 73
8 59
49 11
51 23
4 89
3 9
81 70
100 1
78 83
61 64
43 81
98 91
72 43
29 22
12 95
58 78
30 64
27 38
93 75
63 22
3 43
50 82
14 47
100 46
29 91
54 21
89 20
15 75
35 63
68 1
30 11
12 70
66 53
82 96
63 58
53 83
46 96
74 91
70 50
50 79
17 50
87 22
52 48
57 59
65 87
11 16
77 31
12 39
26 74
52 90
30 88
36 73
76 55
26 86
18 6
47 49
73 41
8 76
60 79
68 39
25 95
28 16
61 31
80 98
42 16
56 79
94 85
8 73
26 30
79 88
59 43
71 18
98 63
68 28
24 96
35 14
62 83
30 60
70 80
17 3
6 97
33 72
17 61
88 13
65 58
99 52
59 85
49 99
62 83
90 25
79 26
80 43
81 16
45 31
50 83
8 19
2 76
87 90
38 19
42 69
66 78
60 47
42 30
75 45
49 82
95 19
3 5
3 87
75 17
3 96
72 49
17 51
4 100
18 35
17 0
21 73
60 95
5 79
84 16
38 29
37 53
67 18
86 79
46 40
34 79
92 43
78 56
43 23
20 13
33 33
29 79
97 65
46 90
82 21
45 86
94 15
35 52
2 69
56 51
25 15
48 65
72 45
32 84
22 94
34 32
52 93
74 21
20 72
83 97
35 30
28 2
3 11
58 43
44 83
13 8
85 81
44 27
33 85
60 50
16 36
48 87
8 90
19 46
95 81
88 65
28 86
4 79
96 42
70 77
94 56
98 72
58 42
94 12
10 39
77 64
21 12
71 63
84 39
5 33
90 82
47 15
25 5
10 20
22 79
22 90
22 9
60 66
19 61
31 13
55 98
44 56
71 91
1 76
71 21
40 26
10 11
60 12
63 19
1 54
99 83
18 2
48 42
65 40
65 62
68 35
60 43
7 76
36 52
87 97
69 1
57 49
57 9
19 15
65 83
55 13
38 88
48 96
4 82
46 91
25 100
65 11
8 28
34 27
98 11
76 53
32 10
46 16
95 75
52 74
27 42
17 67
15 61
52 2
25 78
76 95
59 48
27 32
40 14
52 88
99 2
55 45
89 16
35 78
26 54
45 5
49 59
63 17
74 30
16 29
3 48
69 32
27 82
67 88
67 61
23 100
95 90
1 41
53 59
67 20
4 81
77 0
86 19
34 4
91 23
21 53
92 7
94 52
4 9
29 52
3 4
13 100
76 10
93 12
56 56
96 34
37 7
59 61
52 1
87 74
71 61
47 7
55 36
61 63
43 69
51 15
8 41
24 72
83 93
15 99
44 51
58 78
36 33
66 92
22 39
45 36
23 36
11 83
62 40
7 52
59 75
29 7
12 58
17 35
10 67
75 11
7 12
47 12
38 57
5 23
27 6
15 63
9 73
79 97
83 94
8 0
66 58
95 47
49 10
32 89
17 10
93 18
8 90
95 94
17 85
90 100
57 56
18 6
44 14
74 70
60 21
82 67
28 39
27 5
8 95
68 81
71 16
27 46
55 0
88 99
13 65
65 22
48 52
87 98
77 79
87 1
80 47
42 60
45 55
54 26
97 59
4 95
77 68
84 47
14 57
85 8
73 9
81 66
19 56
48 14
22 12
80 41
89 45
3 35
41 32
93 99
22 47
35 61
88 95
14 87
23 26
25 28
67 17
80 57
23 38
17 85
93 11
52 3
1 45
5 60
75 57
8 93
94 27
79 35
71 99
63 33
22 13
62 25
88 48
51 55
27 51
3 60
33 46
93 76
84 28
26 18
90 6
70 96
37 93
79 20
85 60
19 80
38 5
59 89
25 64
31 59
14 72
30 39
15 29
95 3
53 72
30 73
16 71
70 47
36 4
81 54
67 72
67 79
86 42
22 43
1 73
48 97
68 73
91 100
45 38
42 1
47 50
36 66
58 91
71 50
31 62
68 23
93 34
48 95
80 73
10 60
50 89
19 67
88 22
87 25
53 22
53 85
46 62
59 2
51 93
16 28
66 89
36 96
17 90
27 64
22 46
54 7
70 26
70 12
60 29
65 78
76 78
20 97
2 85
99 97
83 80
52 69
42 34
7 29
34 31
86 80
47 58
65 28
25 58
11 58
2 96
24 12
62 47
45 93
15 55
66 22
51 41
4 24
78 13
15 61
57 7
38 4
88 7
10 15
2 36
63 30
33 67
33 63
95 89
58 31
53 13
1 48
48 60
70 6
91 82
21 91
98 74
94 59
91 98
87 43
41 98
19 85
26 93
44 10
8 51
11 52
87 100
51 51
45 45
69 42
14 76
55 39
86 73
17 79
96 87
68 73
59 100
39 74
62 82
65 29
90 30
61 98
33 94
95 82
48 27
25 71
29 41
72 65
93 20
12 25
10 17
31 20
97 16
11 22
77 33
29 74
34 35
69 80
95 10
33 58
47 22
10 58
28 8
27 29
23 9
14 4
3 10
79 18
32 79
33 70
20 18
53 2
60 25
15 10
3 78
82 47
9 67
87 15
20 87
71 18
65 49
35 47
100 12
51 54
81 55
31 68
4 74
95 39
19 46
1 42
9 48
68 51
41 13
63 80
4 9
11 22
39 51
61 2
70 38
31 58
38 69
55 40
85 30
9 14
93 63
14 61
75 68
57 63
82 17
41 3
62 95
80 97
80 17
15 29
57 40
44 29
35 64
72 54
86 33
65 94
7 84
81 44
21 39
30 13
43 37
26 95
51 69
79 16
39 66
38 45
63 52
80 29
27 1
53 59
38 6
41 33
1 67
87 63
16 1
21 67
37 21
14 77
14 54
22 21
25 61
47 40
33 63
31 41
63 72
64 20
72 56
1 70
62 40
94 10
100 76
4 38
92 78
49 100
98 84
9 1
94 58
77 57
30 57
42 96
15 14
26 46
90 56
17 46
59 53
83 52
54 52
25 77
24 18
51 12
33 73
4 81
68 25
26 70
28 84
55 4
93 56
100 42
95 62
38 70
41 71
12 55
80 42
83 10
91 99
17 81
97 74
76 33
22 81
70 52
96 33
85 83
41 84
76 45
36 10
31 66
36 75
88 100
89 42
58 29
27 37
19 95
37 7
96 54
97 89
2 47
79 7
24 26
29 31
10 74
92 6
37 71
9 23
20 92
86 29
47 92
36 96
78 47
90 6
69 90
24 83
93 68
5 87
83 66
76 48
2 5
85 81
51 81
6 47
9 97
1 46
27 100
83 86
6 43
21 11
98 74
20 21
74 73
41 93
94 80
10 61
89 90
52 55
66 73
10 54
92 35
54 20
32 97
88 75
77 16
72 59
93 37
34 32
39 48
41 11
46 26
57 82
52 72
77 53
27 59
83 81
63 57
93 1
20 25
19 37
95 56
94 84
95 75
40 91
32 5
63 45
14 57
30 88
80 87
14 5
97 99
23 98
10 10
53 20
79 44
71 34
2 11
86 28
97 99
50 17
84 44
36 100
95 14
14 82
36 7
77 96
73 88
54 35
11 16
44 22
3 24
85 44
59 98
63 33
33 45
10 52
75 4
92 81
42 32
27 3
49 40
66 35
11 59
34 68
93 65
75 88
19 5
15 35
57 48
40 47
37 86
49 65
76 13
73 89
94 82
84 65
90 100
69 27
94 80
16 76
28 46
57 35
63 90
9 35
37 65
92 3
39 52
30 87
7 83
16 91
42 12
7 8
10 3
3 87
12 65
78 99
81 79
31 39
96 88
48 62
74 94
7 14
9 87
87 7
34 80
40 82
62 20
83 84
23 54
16 69
1 23
17 64
62 37
68 11
51 84
40 5
60 21
78 16
60 38
55 7
14 88
53 93
99 55
52 96
30 97
57 38
37 86
85 2
90 55
70 45
85 74
28 90
9 22
52 61
71 46
41 70
53 59
76 20
67 84
5 100
27 59
17 98
91 30
53 7
56 47
23 45
11 1
93 41
53 9
38 3
35 85
86 38
2 46
80 90
92 25
11 7
10 72
66 31
90 28
90 15
60 75
3 54
84 57
51 2
43 98
3 100
72 9
10 43
63 30
14 49
25 76
66 22
13 34
23 35
87 44
72 66
47 24
59 39
53 14
30 95
4 60
15 86
11 80
30 34
11 4
10 41
4 82
11 50
29 4
61 87
6 64
81 48
10 85
23 94
12 79
21 7
86 39
14 93
12 32
28 95
1 8
80 8
5 80
16 12
73 10
75 0
39 21
69 64
78 27
20 32
7 6
67 38
38 3
85 6
58 44
79 77
47 76
81 41
2 31
71 8
31 93
52 60
91 0
79 94
23 23
100 11
25 88
76 57
61 11
26 8
44 36
37 71
41 30
31 1
26 57
15 66
15 50
92 16
3 63
35 90
85 3
44 39
96 50
8 23
44 59
41 32
36 24
97 22
51 65
49 73
86 46
14 90
96 9
55 16
80 51
84 8
30 80
22 34
43 11
77 13
82 45
91 65
68 45
72 27
35 42
24 10
52 92
13 0
77 98
3 15
43 68
23 81
66 67
33 54
48 84
27 23
1 82
49 49
13 86
28 95
72 39
50 61
17 21
49 22
68 54
68 53
33 38
18 69
56 92
4 10
63 56
18 5
24 94
37 18
90 23
86 68
57 93
76 39
3 0
26 26
25 3
85 50
14 36
25 81
59 53
10 81
18 24
15 3
87 77
4 79
96 29
27 5
94 48
98 44
41 28
1 71
83 58
34 50
77 16
25 2
20 63
38 24
61 6
5 7
3 87
31 57
56 96
1 59
44 27
39 27
33 10
49 46
36 68
9 65
67 81
93 59
93 33
34 69
5 68
57 80
80 44
26 8
64 65
96 36
35 61
71 48
19 74
31 19
28 16
35 47
69 9
26 43
18 61
47 67
35 10
31 60
40 33
1 67
72 27
75 36
25 96
76 78
86 96
40 71
36 40
9 14
25 33
60 16
31 42
85 65
62 74
1 3
27 3
12 4
10 51
99 88
82 80
85 56
97 75
9 18
41 6
3 66
3 61
65 91
11 45
68 21
63 98
45 69
47 64
100 92
39 42
37 81
42 88
54 16
1 27
50 62
58 65
1 85
84 62
93 34
46 50
65 19
31 94
65 61
39 95
80 8
72 53
11 37
81 19
74 4
49 80
55 9
64 24
47 63
28 60
19 93
97 97
13 80
85 74
98 32
3 32
11 31
7 17
77 68
21 7
18 3
70 22
52 13
13 5
17 31
11 54
70 100
88 93
54 92
10 88
51 92
17 39
27 31
98 59
14 44
31 26
52 66
7 63
94 0
21 45
27 1
80 52
34 63
34 62
29 70
77 21
37 10
20 23
46 61
80 52
39 81
60 47
96 22
87 64
26 58
94 93
86 98
1 22
43 95
42 85
54 20
54 52
91 37
29 21
74 29
57 48
94 43
26 26
42 89
91 75
30 19
70 67
10 82
61 14
74 22
64 67
30 52
38 92
13 90
21 35
32 80
3 94
11 52
29 53
88 32
40 70
1 78
53 45
26 38
22 11
60 20
1 74
45 64
60 46
17 36
8 74
58 53
8 66
61 35
17 10
72 31
100 29
93 29
77 19
13 79
66 47
38 97
3 26
63 84
100 11
32 45
62 11
78 31
39 83
82 6
27 28
6 15
28 68
72 3
82 95
68 40
81 33
17 45
9 17
30 16
15 21
73 75
91 82
1 48
80 21
3 43
100 5
63 43
41 35
41 60
99 45
89 37
85 29
50 21
50 8
40 83
48 43
32 59
34 46
69 2
80 68
95 79
24 10
56 20
37 74
97 76
48 61
31 57
33 75
4 12
2 64
88 38
40 38
95 5
52 66
98 35
17 15
45 38
69 58
29 52
15 7
2 16
57 31
67 77
69 2
52 52
7 17
97 64
59 59
72 96
37 72
58 39
38 48
83 93
17 0
16 84
66 17
71 24
87 74
57 33
86 93
32 61
23 72
79 66
10 36
9 44
73 67
24 1
3 72
73 86
75 94
6 39
85 53
82 42
100 63
89 54
20 60
22 23
72 33
59 31
44 64
92 95
5 53
30 81
97 55
1 38
22 93
21 11
46 13
66 32
7 99
52 22
50 88
34 79
65 32
24 72
91 44
67 55
100 4
22 13
29 33
97 43
15 48
9 75
94 88
19 88
59 27
39 75
64 89
48 4
4 59
17 11
8 86
95 18
39 64
94 5
25 46
73 40
47 43
96 85
86 47
76 74
46 20
1 13
77 72
7 90
55 15
84 81
68 88
96 11
42 77
52 56
34 68
61 2
82 45
16 66
5 63
6 36
25 65
61 53
16 65
64 74
59 19
85 53
8 87
32 65
73 58
21 79
18 10
95 77
8 34
99 65
62 34
61 46
27 60
83 59
35 76
98 53
3 0
82 8
52 97
44 66
46 92
69 9
65 76
76 53
73 91
41 69
19 50
83 53
33 7
95 8
58 3
1 1
39 18
53 84
76 38
8 95
20 21
35 23
32 3
1 27
2 23
43 33
27 47
26 22
26 91
23 3
75 69
15 79
93 72
76 50
29 10
84 91
35 59
92 4
47 68
43 42
38 97
63 35
44 100
97 66
27 96
24 27
48 12
82 21
41 35
90 50
97 3
6 94
2 63
51 34
5 3
46 84
58 47
75 36
13 60
33 99
13 34
87 45
7 39
82 25
62 51
91 64
65 45
7 37
100 29
15 61
29 0
59 58
73 11
53 79
34 85
89 82
87 18
82 44
68 61
17 90
26 18
31 82
45 53
42 24
76 57
90 59
8 65
53 58
13 8
31 15
30 54
19 93
21 76
72 83
40 55
19 60
96 8
83 88
90 39
1 92
62 58
4 68
48 84
81 36
28 60
90 93
98 99
6 86
57 59
75 0
20 59
62 99
91 5
3 24
34 94
54 38
32 13
24 82
78 78
32 95
42 56
91 28
98 36
68 45
62 80
27 15
29 47
4 42
1 94
34 82
13 10
10 50
11 6
99 46
97 18
18 92
44 90
87 5
20 69
90 42
16 5
66 17
1 74
71 2
40 41
96 63
71 7
2 87
14 4
20 92
73 98
48 20
40 35
90 2
81 45
5 41
26 76
97 30
81 85
92 82
5 62
90 38
21 52
10 41
15 75
86 26
100 71
4 90
26 70
24 53
37 93
30 22
66 100
18 50
54 16
66 95
83 52
22 31
7 46
27 22
13 98
50 43
42 59
56 11
36 83
18 41
99 87
60 66
25 86
99 95
63 100
27 94
5 7
43 75
37 83
94 16
20 25
94 88
18 87
61 44
60 92
14 6
77 96
69 46
28 15
52 64
18 100
34 31
68 97
17 72
79 93
31 95
86 23
34 57
88 16
47 49
25 14
58 83
62 55
69 94
49 38
19 83
13 16
8 32
85 43
82 73
79 40
42 5
49 57
99 60
20 44
76 35
50 38
95 15
16 17
9 87
49 6
75 57
54 43
11 58
90 100
63 30
68 97
9 1
9 76
90 43
59 3
5 68
68 9
100 31
58 57
5 62
53 98
64 61
14 66
68 13
50 62
1 90
22 99
51 4
91 31
97 21
11 75
16 62
94 43
78 96
86 42
79 62
63 48
48 50
98 49
83 77
24 65
37 79
54 87
22 60
86 0
82 78
15 76
23 92
29 26
66 70
27 31
62 60
85 6
32 61
59 61
73 60
75 32
88 78
44 38
47 42
69 4
50 46
74 58
69 18
40 89
44 82
63 64
82 46
14 37
38 42
96 95
15 78
98 15
67 64
89 23
53 56
4 93
39 72
48 10
43 10
69 45
5 58
58 84
100 13
99 74
31 93
59 46
57 61
7 35
36 39
8 91
80 26
17 26
13 69
97 83
1 92
74 67
49 60
33 56
59 1
27 6
62 11
86 36
22 74
85 12
29 72
94 80
17 8
22 39
70 90
74 33
97 36
38 38
43 21
47 96
24 54
85 85
57 45
21 33
74 40
35 40
93 11
2 81
21 74
15 8
4 65
64 71
2 75
58 1
43 10
74 10
1 14
57 39
72 99
27 40
10 43
80 81
6 48
22 18
98 100
62 94
60 98
73 7
85 72
10 27
23 65
40 87
40 76
11 3
62 71
2 9
56 57
52 97
36 68
93 96
20 94
52 57
7 11
79 23
36 67
76 86
70 59
14 58
5 91
72 80
42 27
59 17
82 12
33 21
34 64
38 8
11 94
34 86
18 15
71 2
84 30
25 74
73 82
77 39
97 55
56 16
87 14
65 88
71 78
98 3
69 88
52 59
4 14
51 69
54 96
10 7
93 49
33 44
22 0
77 92
63 14
28 13
26 94
26 35
1 2
53 61
23 25
96 14
39 87
76 24
17 54
94 94
50 57
11 11
37 65
89 14
66 74
44 89
51 74
64 12
39 61
68 11
27 32
46 46
23 88
46 67
85 84
19 9
37 78
72 69
12 49
58 41
14 39
50 13
53 76
67 50
23 83
44 58
23 1
15 6
100 41
87 40
21 91
68 95
59 8
64 56
85 8
43 53
86 63
52 5
40 92
50 39
84 61
91 90
14 96
18 95
49 87
16 90
19 62
32 10
14 33
97 85
78 10
25 100
6 3
37 92
20 61
98 38
16 89
47 81
47 55
51 47
74 99
100 87
3 22
31 82
68 42
56 89
19 61
1 2
28 19
93 75
62 80
49 11
24 50
16 18
53 92
21 79
29 64
51 59
98 8
96 54
78 71
92 95
18 88
62 96
25 16
55 67
2 82
42 1
78 32
35 46
40 98
66 8
80 19
73 93
86 38
84 67
40 15
84 10
65 2
86 59
76 60
10 39
13 69
54 99
28 82
87 66
45 3
43 36
94 48
17 59
51 54
35 7
29 72
19 58
27 86
91 67
29 62
20 91
50 82
3 17
75 48
48 64
61 93
71 52
98 90
84 25
39 80
33 85
44 30
19 15
68 96
61 27
12 81
63 64
58 70
77 76
29 71
40 26
27 90
48 83
35 91
18 22
8 65
56 58
78 37
8 76
61 76
8 42
91 91
97 84
96 80
76 29
7 49
91 52
56 53
87 49
46 85
45 2
75 37
81 33
1 99
58 3
97 78
47 48
19 100
39 78
24 70
24 68
37 85
61 12
2 0
24 60
80 65
6 34
57 39
82 40
11 0
76 76
10 95
25 73
25 88
87 42
78 77
62 73
39 70
16 35
95 41
10 62
7 87
80 88
76 51
76 2
10 11
73 70
54 41
8 82
70 70
51 45
33 22
9 5
28 70
56 17
50 40
22 38
79 36
87 15
24 88
18 89
54 65
51 48
80 14
84 30
5 17
69 54
84 49
1 90
28 24
86 14
11 69
62 63
40 60
99 13
96 67
21 4
4 36
16 15
53 23
10 11
56 7
90 8
25 72
82 14
13 48
99 53
72 0
88 1
2 64
80 6
42 98
34 80
35 65
53 62
58 27
59 8
36 64
44 4
10 84
37 16
39 46
38 16
77 100
39 12
85 0
38 75
18 26
66 61
26 19
48 33
8 85
28 99
39 11
9 20
7 15
9 70
83 80
37 57
92 43
28 79
13 12
77 27
95 45
47 60
80 1
51 21
48 4
83 37
55 78
79 80
88 12
66 97
15 48
35 43
81 2
19 84
57 14
99 15
55 6
24 82
67 73
76 70
76 7
15 27
26 97
57 78
22 99
87 97
90 76
59 99
25 5
75 52
14 55
43 19
14 19
68 38
18 54
9 97
98 96
31 8
12 45
75 22
55 80
91 63
36 22
30 76
93 27
56 39
83 43
56 32
76 17
20 60
23 100
16 17
15 39
4 58
75 60
44 92
31 30
39 25
67 49
14 71
38 1
50 95
23 44
27 60
85 28
2 15
18 81
68 34
7 59
92 97
34 27
67 63
100 5
92 61
87 67
26 62
4 55
12 4
35 60
25 11
3 92
39 35
19 12
22 78
95 76
4 30
81 33
4 45
21 86
60 25
25 56
30 86
47 71
83 46
11 52
94 33
81 72
33 71
23 60
32 47
70 45
83 8
39 55
100 43
18 89
28 68
47 31
78 38
27 80
44 31
54 95
40 62
9 71
2 55
7 0
9 44
16 7
34 5
15 99
51 48
11 89
61 28
99 10
15 81
76 72
84 22
15 87
89 59
1 60
5 37
43 49
88 40
87 24
93 1
52 91
96 94
85 51
38 40
61 72
90 95
10 27
25 2
86 9
1 1
4 89
40 76
22 33
73 19
93 29
61 11
16 31
16 98
31 12
49 59
97 81
85 25
24 99
40 62
20 78
81 36
5 35
47 36
22 71
95 37
49 91
98 85
23 64
57 68
51 91
24 44
4 21
100 25
10 3
100 24
25 56
86 53
15 99
76 17
7 99
43 96
27 45
1 64
1 25
26 47
56 25
94 48
52 67
58 12
75 54
59 38
74 21
14 26
93 19
61 69
71 40
39 75
14 13
85 29
35 24
5 28
48 85
69 91
67 95
84 20
29 33
42 69
90 42
6 32
8 33
35 5
96 80
57 18
43 82
24 4
73 57
12 83
14 58
88 8
76 38
51 98
85 90
86 91
5 90
58 73
37 43
73 46
91 35
27 35
18 31
73 86
50 26
99 85
72 19
87 3
69 82
81 62
25 10
52 98
5 51
100 6
11 48
57 2
43 53
46 37
89 99
48 82
38 21
32 23
70 21
43 85
45 52
72 31
79 7
72 35
52 47
55 51
80 28
87 23
78 57
41 7
76 71
50 70
36 7
60 57
98 29
2 83
54 39
97 52
45 17
3 82
89 58
7 50
35 61
42 35
12 43
4 99
89 34
37 90
91 36
75 57
64 46
23 32
26 77
4 26
13 1
61 67
96 10
75 3
84 19
73 12
90 41
45 19
65 69
36 90
13 9
32 98
77 56
33 4
58 1
82 72
1 3
40 84
34 48
22 26
50 28
98 23
74 41
6 94
88 81
12 35
57 42
8 91
61 99
28 51
96 12
87 19
14 32
6 2
88 45
62 92
1 81
47 13
80 33
22 61
100 54
74 60
51 97
97 82
41 64
46 71
9 39
100 69
86 37
94 31
90 82
100 55
79 38
23 79
47 13
89 27
56 31
83 0
20 69
68 11
1 10
20 98
64 28
61 80
39 36
51 25
99 10
85 15
8 100
66 50
94 24
79 58
15 62
85 31
11 40
97 7
85 65
70 59
46 29
45 23
68 25
6 75
51 58
17 0
93 90
71 36
31 9
83 90
96 92
23 4
8 12
64 82
93 92
11 60
21 82
76 42
69 29
3 7
78 71
87 38
33 99
47 53
97 15
56 58
71 64
54 77
76 60
69 49
84 24
16 12
52 85
23 38
38 50
9 98
34 39
32 37
2 0
41 50
4 95
83 27
31 87
1 85
59 91
87 46
76 75
52 6
21 41
5 80
47 5
51 0
54 100
37 12
6 7
58 57
20 87
59 31
57 9
2 45
95 28
56 60
90 39
58 67
50 98
88 38
66 48
90 5
65 51
79 31
35 40
84 54
78 3
6 91
54 34
78 92
88 44
92 55
15 25
55 24
97 6
13 25
12 11
3 52
19 49
24 91
25 4
61 97
45 94
28 68
75 58
16 67
50 9
83 59
33 33
77 77
41 23
42 83
87 0
80 71
61 27
58 56
56 27
58 3
72 62
60 81
88 1
77 64
46 2
26 52
96 75
26 70
1 3
13 51
66 99
46 71
1 92
29 83
96 20
68 48
44 61
57 50
16 13
74 23
47 44
6 100
11 2
75 53
90 52
83 98
69 58
76 11
2 95
3 64
96 74
56 33
86 59
62 79
35 7
16 64
93 5
1 56
36 34
21 44
83 33
71 91
88 25
33 73
50 92
39 52
27 34
97 58
42 1
99 70
84 93
60 54
70 26
92 1
98 69
90 8
52 100
27 85
2 2
100 42
65 28
28 99
61 98
36 97
54 63
6 98
65 34
51 29
78 27
50 42
23 90
3 1
94 63
13 17
37 29
65 84
94 9
67 84
27 75
59 92
84 96
3 51
24 89
96 42
66 99
41 74
44 32
25 19
38 85
60 69
60 27
4 69
73 57
55 57
26 11
48 87
75 65
11 76
80 27
68 23
62 65
87 74
62 40
29 89
10 39
35 64
81 27
48 91
23 10
13 55
4 66
14 94
20 42
55 30
39 14
67 28
75 9
90 35
82 69
62 88
3 92
54 10
29 0
10 33
44 98
39 68
10 34
95 100
25 89
83 58
93 27
20 72
51 78
99 95
52 86
48 15
44 98
21 46
77 100
59 17
12 23
47 63
65 95
92 87
99 22
15 45
20 78
52 94
1 59
25 84
51 66
15 78
13 41
49 77
25 42
59 26
59 93
72 42
89 34
23 70
61 68
96 94
62 94
27 36
48 77
100 67
56 81
85 14
41 84
23 10
5 18
75 96
23 87
11 14
63 24
35 16
84 49
70 31
70 36
80 23
74 41
27 93
94 99
67 2
11 46
6 27
95 8
84 34
36 61
97 10
68 73
39 10
60 84
31 86
56 96
55 13
3 80
79 22
3 56
77 9
42 65
25 17
26 65
13 63
69 87
76 7
59 57
73 4
20 46
23 57
79 39
27 12
96 96
98 74
95 68
76 41
76 99
67 87
50 62
38 6
13 28
4 23
35 19
45 98
19 14
77 13
22 50
36 7
33 24
48 24
69 78
50 34
93 44
65 12
62 55
98 81
1 19
28 19
52 44
64 39
62 12
16 83
61 2
37 76
94 75
58 90
85 50
68 35
7 9
2 15
84 27
29 82
52 28
97 70
40 93
88 0
75 83
69 48
85 40
10 1
32 87
42 16
26 78
98 55
3 44
41 99
71 27
13 99
45 70
50 78
17 42
78 44
10 42
55 65
40 75
18 77
86 19
9 92
71 32
1 65
14 15
100 80
6 99
68 55
77 31
63 1
71 48
74 38
69 81
83 13
90 12
22 57
72 18
72 4
8 9
44 4
96 10
90 36
77 97
70 22
52 90
72 15
94 4
18 18
75 36
24 64
85 27
69 76
43 36
31 57
73 90
14 30
97 73
16 41
68 1
18 9
16 69
47 49
34 17
4 68
33 33
69 69
5 62
70 58
90 24
27 77
86 18
27 6
35 80
41 70
83 44
98 59
94 96
19 17
1 29
69 74
43 15
28 94
32 97
53 22
26 54
69 38
99 23
67 7
77 71
63 81
80 98
91 51
100 13
41 22
61 54
74 35
25 72
1 6
93 80
83 21
2 14
77 97
80 13
29 38
11 42
58 48
23 87
62 13
18 53
81 4
81 27
19 10
83 96
66 44
83 55
70 0
5 81
44 54
10 9
39 55
54 24
32 87
91 1
4 8
40 96
43 51
57 81
51 39
65 23
18 72
61 62
16 30
59 5
55 50
31 70
87 22
22 64
70 42
3 61
7 79
54 78
37 17
63 99
96 96
36 55
30 54
86 94
28 95
55 57
71 59
72 34
34 37
50 10
32 99
12 61
1 30
66 43
46 88
54 5
62 58
8 77
92 14
15 11
2 46
20 94
15 46
47 55
68 48
58 60
13 87
1 82
29 30
50 34
19 32
33 50
15 28
15 95
16 2
84 43
25 87
90 90
60 26
59 76
90 10
52 55
25 18
80 15
59 57
5 31
94 63
59 6
33 59
31 44
76 81
24 54
93 53
94 53
6 83
69 55
23 70
72 41
30 52
61 90
28 5
22 84
97 35
8 27
90 77
7 94
32 26
27 37
27 73
70 52
67 55
10 32
8 9
95 80
49 14
18 0
30 82
85 88
18 87
59 37
1 19
34 29
41 18
89 51
64 11
80 68
40 11
61 25
22 34
9 67
27 17
22 41
99 66
31 89
26 0
44 95
24 42
36 10
61 62
73 48
33 24
22 62
16 19
13 24
86 22
9 55
67 3
19 57
35 89
64 89
35 31
60 30
26 95
6 43
85 19
35 39
82 4
31 68
92 75
64 53
58 7
13 3
64 54
86 32
42 62
94 24
63 15
2 96
1 76
32 80
8 78
1 70
93 35
8 6
8 17
65 51
67 83
30 14
74 8
40 19
72 85
83 61
21 21
37 84
56 19
34 32
21 30
53 11
21 94
63 49
44 82
85 49
55 22
84 97
17 9
32 65
67 53
15 98
9 99
79 97
67 94
62 2
60 35
22 73
19 92
12 35
23 80
38 34
90 91
44 71
32 78
84 27
61 97
57 80
77 15
54 75
93 3
52 8
5 10
67 62
80 19
69 29
17 17
65 44
7 90
64 83
46 41
18 90
3 37
9 26
76 49
94 84
48 4
70 58
32 90
32 95
64 29
82 78
47 3
42 72
14 69
74 3
36 93
63 16
56 75
69 30
94 36
41 13
29 26
71 63
7 85
81 96
46 41
21 62
80 2
12 4
85 56
99 52
13 85
13 10
62 72
40 16
64 28
43 79
47 9
22 48
55 1
30 17
26 79
100 52
74 7
95 85
65 73
75 36
49 54
13 27
33 58
79 30
70 59
4 19
38 100
55 75
24 67
4 36
73 45
2 6
22 67
81 5
80 31
87 26
93 68
75 63
84 10
21 43
41 93
46 69
93 18
52 64
34 84
53 23
69 33
71 45
35 1
49 72
13 81
56 49
9 89
59 51
79 98
83 64
42 35
32 60
98 55
60 80
28 95
1 2
35 33
97 61
56 76
20 70
17 4
72 67
45 25
40 21
81 12
2 13
98 93
44 19
86 90
81 94
8 84
12 39
93 66
23 51
21 49
78 55
28 36
74 55
92 55
93 14
80 64
27 50
67 52
75 100
25 94
64 90
14 24
34 64
44 2
28 100
14 71
17 17
92 87
10 82
89 71
53 67
37 29
69 1
56 37
10 75
54 32
40 86
86 72
46 1
61 83
16 9
22 59
92 75
25 74
37 30
23 78
70 66
80 76
64 73
20 63
63 48
68 4
21 5
56 38
9 35
74 2
27 73
66 3
46 70
72 24
34 30
29 97
96 13
6 65
56 57
5 35
88 100
44 47
53 86
5 51
11 39
61 100
36 86
16 50
8 68
87 38
3 2
34 61
96 90
98 49
98 8
61 98
59 38
28 88
66 98
49 50
39 0
90 28
87 44
45 16
94 59
51 27
99 81
53 61
25 0
90 15
92 55
70 84
51 37
82 1
8 72
17 91
42 88
11 10
28 51
4 33
79 74
71 6
37 49
7 28
25 33
89 44
65 84
22 65
95 68
1 88
84 99
22 40
25 6
57 42
22 8
63 75
9 96
10 85
91 91
9 68
66 87
82 53
82 59
96 2
83 54
27 95
15 58
63 82
54 75
13 0
78 25
66 13
35 58
59 35
96 83
61 83
6 10
71 91
28 17
61 39
20 14
99 49
66 33
58 68
93 92
39 69
28 41
9 64
49 9
31 7
67 72
14 75
77 66
83 16
42 87
93 33
16 36
7 38
75 11
3 51
24 37
74 8
88 81
90 12
73 77
11 3
29 39
79 5
52 39
1 51
25 51
55 87
80 88
16 17
9 93
42 69
89 16
13 28
64 36
97 48
18 69
39 86
72 81
88 17
37 99
90 66
77 44
63 40
35 5
12 89
85 0
67 45
70 47
35 62
43 82
10 39
66 6
52 98
9 86
34 56
53 34
40 38
17 2
62 37
66 7
10 92
94 88
14 45
81 51
89 46
37 70
14 57
2 48
84 29
48 43
1 23
93 20
1 54
59 6
17 77
14 49
24 57
1 50
72 33
80 52
76 55
49 12
29 44
68 34
53 8
88 46
67 47
36 100
1 16
41 100
15 87
80 41
19 50
17 78
3 46
28 11
40 98
6 24
19 56
21 14
33 84
39 47
7 71
80 93
27 97
95 24
2 50
52 33
4 42
34 60
90 64
1 12
24 17
30 80
12 61
8 35
39 23
64 45
95 94
79 5
47 12
59 17
72 22
59 53
13 16
12 62
48 62
87 80
22 7
66 87
57 87
3 99
82 16
1 30
90 30
1 9
41 76
97 28
98 14
65 100
64 12
17 23
40 61
80 34
58 41
94 13
62 86
84 54
13 33
17 62
1 64
6 57
74 32
8 40
54 53
47 53
29 55
36 43
21 41
73 3
65 39
32 41
84 57
26 67
99 4
67 36
42 94
81 28
22 21
16 11
79 78
39 15
65 12
27 83
50 61
75 30
19 0
78 31
12 37
24 23
71 83
90 8
60 75
11 82
17 61
51 88
30 54
94 17
83 34
52 91
76 42
97 22
23 31
54 61
88 9
17 51
33 71
47 34
51 76
32 45
43 16
37 18
26 94
6 24
32 63
41 19
38 46
65 39
17 2
32 7
52 26
71 87
13 49
48 76
55 37
48 27
73 91
24 43
79 33
87 57
9 32
73 37
84 89
6 96
85 89
49 42
83 97
97 4
54 48
73 82
8 11
23 18
14 77
52 30
87 25
5 33
14 10
37 46
33 62
65 88
50 4
38 4
17 13
8 6
22 32
93 20
4 67
22 20
5 5
88 82
100 22
33 93
81 59
17 8
84 97
84 49
47 52
55 59
58 16
49 73
55 3
57 47
58 71
70 29
80 98
33 91
70 15
57 44
36 77
91 87
97 23
66 69
82 15
46 52
95 10
93 40
58 55
100 77
46 32
46 9
69 11
26 76
27 28
20 78
77 94
100 49
49 0
16 88
85 25
42 8
25 77
83 8
5 71
31 30
93 46
95 51
46 52
29 93
21 82
57 65
57 50
24 53
12 33
69 55
55 50
95 12
21 93
82 64
1 73
1 15
56 93
11 22
39 93
54 56
76 84
41 45
13 4
39 73
89 5
88 4
64 4
6 51
76 7
51 43
55 73
51 0
42 52
100 19
2 67
24 68
65 68
24 39
49 53
84 70
87 61
9 38
92 72
90 14
41 99
42 64
9 20
32 13
16 74
30 6
58 43
11 6
66 40
40 49
82 10
92 69
62 1
30 93
3 38
6 96
64 87
48 0
15 42
3 15
69 23
65 39
13 27
11 67
91 49
57 90
13 88
78 38
60 54
2 77
33 84
56 21
78 62
49 62
66 28
35 84
90 78
94 89
2 2
1 33
54 28
11 10
100 69
35 62
20 48
82 90
70 23
49 47
80 86
29 98
94 46
45 42
31 30
50 60
53 59
63 20
65 11
15 46
78 19
38 48
39 83
83 33
88 50
1 18
43 79
41 69
29 44
77 18
26 86
27 74
26 65
76 90
32 58
55 96
1 25
68 87
37 70
33 0
83 64
95 71
92 28
100 59
59 18
64 84
52 65
77 86
88 36
26 21
90 29
99 87
45 36
45 2
51 94
64 67
10 42
5 57
93 24
6 49
38 56
11 72
33 45
66 33
49 69
82 83
43 59
64 24
1 79
67 67
8 81
7 62
51 100
35 73
77 41
46 15
48 25
15 63
1 86
5 9
3 52
31 1
32 90
81 42
85 17
85 23
72 56
69 69
10 98
77 21
96 52
96 45
95 98
50 37
62 93
23 14
69 66
59 52
34 84
26 96
37 7
88 49
6 75
54 80
6 35
89 4
61 47
88 78
86 12
30 82
29 40
60 47
66 25
27 11
26 11
47 78
57 52
12 24
71 18
69 12
29 2
39 75
19 82
72 35
80 12
49 71
17 18
46 44
6 83
23 60
93 19
49 53
81 79
65 89
70 96
95 80
47 11
4 85
20 74
54 20
22 78
21 51
22 86
97 80
5 37
84 82
51 94
28 95
89 62
28 85
12 4
99 47
88 93
56 46
7 9
100 17
54 80
72 62
40 60
3 27
15 25
13 4
66 62
63 84
12 70
83 89
85 82
20 20
59 89
43 7
24 89
19 66
71 24
77 87
74 71
41 67
88 18
8 18
96 55
65 57
83 48
43 6
36 64
15 86
28 99
9 43
95 23
97 12
98 55
64 25
3 21
31 92
15 22
33 47
55 56
74 76
1 36
91 62
91 47
70 42
98 50
54 5
4 31
71 46
81 62
96 55
69 10
51 60
44 49
15 84
84 80
19 96
52 21
44 68
92 9
99 23
73 71
92 50
28 8
73 63
26 16
2 38
47 69
97 28
4 34
79 72
37 97
13 85
87 69
72 54
60 28
76 92
38 57
53 4
31 10
59 14
20 23
65 58
59 39
7 61
39 4
10 98
49 47
1 90
14 81
54 83
20 43
19 30
49 23
100 30
28 52
45 47
65 51
31 13
32 64
36 20
60 79
53 98
69 72
45 85
25 66
17 34
88 72
19 51
89 50
78 92
37 13
36 16
84 32
98 63
72 71
54 64
4 66
9 21
27 39
62 25
37 51
4 17
83 36
56 100
94 65
81 13
54 95
66 62
73 50
73 100
100 88
32 60
79 72
51 65
42 32
43 76
67 61
71 91
3 70
92 81
26 32
57 64
34 3
11 4
97 22
69 73
14 55
86 29
60 64
30 17
95 34
9 11
26 19
18 43
8 35
79 47
33 10
62 4
71 11
66 30
89 58
69 95
66 85
61 31
37 86
78 37
99 10
70 46
71 66
8 37
47 37
73 64
60 90
73 25
57 11
69 67
52 3
47 10
60 47
47 50
82 35
75 61
75 73
63 48
6 9
28 82
60 9
55 78
90 10
4 47
36 56
42 51
58 52
100 35
27 38
94 82
77 27
26 98
31 14
57 95
29 14
43 76
91 98
9 3
65 37
53 85
29 12
28 58
18 21
63 78
13 98
63 29
34 42
62 2
71 75
7 44
26 65
56 91
19 6
9 50
6 37
36 35
73 4
67 87
31 32
52 46
45 50
77 38
75 23
2 21
40 18
55 96
1 6
94 75
29 10
13 38
95 59
79 16
85 82
75 64
90 87
16 99
49 19
46 61
4 79
51 16
92 25
74 0
23 52
33 93
51 97
23 13
47 99
17 8
83 53
95 95
100 34
46 50
60 45
67 49
85 80
44 94
14 89
7 5
78 31
17 12
94 68
1 15
38 17
80 4
79 39
73 53
92 90
8 19
30 93
22 4
2 19
46 8
86 58
2 82
31 28
83 2
82 83
9 40
11 53
75 76
31 77
56 95
56 44
40 15
31 27
11 42
70 82
12 76
100 99
64 56
77 45
91 24
77 72
27 18
92 95
92 22
2 72
63 100
17 97
82 63
27 42
93 55
71 45
77 54
74 0
56 19
48 3
94 99
30 34
48 66
62 51
13 78
32 30
1 87
60 97
42 77
14 32
81 65
42 78
1 8
29 57
56 2
76 80
12 91
98 15
52 6
87 9
89 22
22 86
52 71
35 84
23 31
93 5
94 14
62 28
36 3
91 29
88 33
5 23
75 82
25 87
51 62
43 79
17 8
52 30
95 33
80 92
8 91
11 52
8 88
63 96
14 10
16 95
91 63
5 93
61 90
50 45
44 18
78 30
8 22
17 69
82 54
96 31
2 92
10 52
72 33
63 10
50 44
14 42
17 69
1 9
14 32
72 77
100 78
18 73
34 9
49 76
100 92
44 7
5 4
19 68
64 72
32 41
92 66
40 20
10 50
43 16
47 100
21 52
48 46
52 90
21 63
12 41
16 46
11 16
38 3
75 18
6 15
83 5
70 12
37 47
85 91
67 6
93 62
67 41
63 85
31 4
3 89
89 55
91 82
66 89
76 19
57 81
96 45
82 100
50 51
99 9
55 96
4 6
35 2
35 98
91 83
50 0
23 73
39 33
97 92
89 5
99 32
27 16
56 54
66 10
22 97
23 41
8 42
87 37
83 96
60 61
78 64
57 84
74 30
72 50
8 46
16 69
41 25
6 30
58 41
54 18
13 36
85 70
22 42
84 98
81 31
36 59
74 78
16 95
29 94
55 7
29 0
83 88
15 83
6 40
44 65
20 85
44 47
20 0
87 33
64 91
9 90
35 72
43 99
71 23
86 85
35 51
96 19
77 48
58 35
43 5
1 2
67 27
57 54
99 33
64 78
95 0
75 54
62 96
9 69
92 97
77 100
5 52
57 5
57 30
99 76
53 59
30 73
77 80
77 38
94 11
94 5
25 45
61 24
56 55
97 26
5 76
30 94
65 41
35 87
51 5
35 41
48 88
36 18
33 32
63 30
73 50
53 43
18 93
2 75
30 1
1 61
21 13
96 28
46 30
41 15
68 23
27 15
61 9
94 50
1 56
56 19
91 92
70 83
17 89
1 99
62 45
7 60
48 12
47 65
42 65
14 69
76 84
30 41
41 81
10 17
15 15
90 86
9 66
11 87
81 29
98 48
91 78
16 35
45 40
65 12
68 29
25 62
65 20
9 10
16 3
80 92
81 9
66 22
79 85
78 52
79 45
65 6
2 24
100 7
17 27
98 83
10 7
30 78
54 61
7 28
17 64
38 59
69 28
78 16
99 19
11 47
7 1
15 20
18 62
15 95
51 82
15 91
38 55
72 69
16 67
36 78
68 35
25 43
23 100
100 98
58 9
71 20
45 57
29 92
63 40
41 83
1 50
97 98
63 99
12 22
67 94
10 15
83 86
9 3
56 98
87 72
40 54
17 59
25 64
78 16
7 10
10 81
94 79
40 82
91 8
10 53
29 30
60 85
90 74
90 55
60 78
28 76
85 65
69 46
9 93
70 91
61 6
13 79
20 29
17 52
30 81
1 0
87 3
62 35
88 27
37 9
87 86
55 6
69 23
2 18
14 37
95 71
32 5
2 38
2 35
43 80
81 40
16 83
60 44
73 75
45 100
38 44
13 4
59 6
16 12
11 81
8 8
66 3
24 70
30 11
16 39
74 95
47 42
38 46
83 48
17 2
96 46
69 5
84 65
43 24
42 0
32 61
47 46
32 50
86 61
18 64
77 91
87 17
56 37
18 1
58 18
70 30
48 37
32 33
12 76
62 8
8 52
17 24
80 59
94 65
15 56
25 29
11 16
84 69
61 78
8 45
13 48
86 7
45 12
18 38
42 40
34 68
81 51
79 95
59 68
59 2
43 57
47 48
3 50
17 77
26 18
80 51
92 55
42 39
20 68
49 97
68 51
44 45
17 46
41 87
15 44
31 79
18 12
58 3
34 47
18 25
48 52
100 76
16 3
67 50
54 28
32 81
84 96
1 56
54 49
63 41
8 2
37 97
55 53
13 29
37 10
99 89
84 72
99 31
68 52
55 39
77 17
93 72
23 82
18 47
100 94
88 67
53 43
54 21
40 66
62 27
18 24
94 3
55 30
63 80
52 94
83 79
6 31
67 35
62 81
24 71
41 60
58 54
89 39
81 64
39 41
21 68
52 76
33 50
27 48
83 96
43 12
31 74
24 22
98 16
29 28
36 51
12 57
67 17
84 88
42 52
64 50
54 60
94 77
83 56
60 75
61 34
44 74
34 92
76 12
27 29
40 23
9 33
41 2
73 9
72 91
53 88
89 67
38 91
58 29
29 21
58 46
16 32
23 90
35 12
35 95
11 70
75 87
24 45
11 34
85 95
46 57
25 49
8 91
10 62
82 86
44 23
64 39
13 38
8 9
86 95
1 8
68 12
29 87
52 83
45 41
36 18
81 76
23 0
79 23
67 57
30 32
89 55
33 75
19 95
20 29
45 56
74 28
14 3
24 73
89 23
97 89
95 7
31 40
72 70
46 93
47 37
81 93
6 56
46 100
27 57
26 13
37 30
1 22
82 10
50 41
11 82
97 51
56 58
43 65
10 71
60 70
19 49
79 82
62 69
86 76
77 72
85 86
26 86
68 80
6 42
65 25
45 73
94 18
16 44
66 59
69 37
95 67
99 92
99 93
73 39
96 8
67 44
57 7
55 91
60 22
95 73
100 49
26 15
87 39
75 25
96 78
15 46
50 86
55 71
80 69
22 60
40 0
53 73
29 62
58 89
55 55
26 59
50 61
42 87
34 88
90 25
9 14
84 22
38 63
22 38
34 0
29 81
47 85
50 22
26 36
95 44
94 68
83 24
98 83
1 57
73 95
89 53
97 83
14 37
43 86
43 5
42 46
6 0
75 92
89 86
16 55
4 47
34 9
75 33
22 32
7 53
43 50
90 95
31 16
60 91
83 6
10 28
53 67
78 21
89 83
87 34
49 33
21 69
99 85
30 15
42 47
30 93
32 12
83 52
40 14
19 47
68 94
29 56
85 62
30 89
1 58
91 21
45 67
44 5
41 81
77 39
91 42
91 9
64 12
58 62
35 67
7 100
13 87
65 19
40 21
2 11
12 77
94 55
6 99
79 34
80 31
14 28
67 26
75 85
21 80
8 87
40 71
96 31
22 82
39 17
31 13
44 42
64 98
1 53
79 8
87 89
19 95
89 1
42 86
63 43
66 73
56 70
4 88
71 85
91 88
77 17
29 56
9 37
7 7
23 86
2 11
89 18
47 32
61 56
12 70
73 72
19 6
8 23
91 86
54 94
20 28
17 82
42 48
7 99
20 62
83 5
74 70
21 97
6 31
36 47
87 37
31 3
94 52
94 84
29 67
60 48
1 43
3 82
94 45
24 3
52 63
6 90
74 71
52 35
47 35
4 23
99 63
29 18
38 9
35 82
92 71
72 88
15 38
34 86
29 62
72 47
61 37
78 53
93 4
46 11
42 60
33 2
9 33
66 66
15 91
33 3
48 28
64 68
49 79
81 17
11 38
53 98
91 84
97 23
80 99
90 18
78 77
15 81
36 53
81 20
11 10
74 16
95 4
92 75
22 1
48 35
81 16
52 70
53 45
49 6
34 14
51 65
79 72
47 39
21 93
61 81
18 8
15 83
53 14
48 1
18 99
67 83
80 52
77 25
3 46
53 49
1 51
45 37
57 3
84 10
90 70
46 40
86 27
76 17
57 53
4 54
52 21
71 11
35 39
86 86
17 71
26 9
62 54
46 94
88 84
37 38
66 53
42 35
85 91
16 19
24 50
13 28
29 60
53 27
53 49
59 73
46 59
43 24
99 50
85 27
22 97
79 62
56 76
63 63
93 25
71 69
28 40
8 83
62 92
6 76
39 46
2 1
35 66
84 15
32 13
64 44
76 28
83 16
94 32
17 66
46 71
32 81
11 79
57 6
52 22
40 67
84 89
69 46
87 28
41 69
53 53
64 43
94 2
36 3
11 97
36 5
47 80
81 16
55 75
24 18
5 13
21 9
89 22
82 81
84 29
52 56
7 15
59 83
72 34
86 9
94 80
1 17
27 33
25 54
96 68
37 14
5 99
77 49
81 78
69 29
69 21
85 25
67 81
48 21
53 3
80 86
11 84
59 54
83 55
21 58
42 92
7 63
55 24
20 15
59 29
54 18
76 70
51 41
43 36
21 68
84 79
83 79
30 1
98 27
15 98
37 2
25 61
50 9
75 94
8 48
44 32
84 32
86 55
19 15
34 90
37 31
32 58
46 91
17 20
37 84
43 70
57 71
48 47
93 72
5 81
28 79
16 48
57 45
57 73
64 16
33 43
4 23
26 35
64 18
34 48
81 26
93 6
54 28
82 36
53 15
64 18
83 98
37 3
77 37
67 85
27 50
2 2
54 5
100 92
4 24
42 56
9 20
64 88
17 8
66 17
77 49
74 65
33 0
81 42
61 45
84 2
56 34
16 83
98 96
19 36
21 42
72 81
99 20
91 78
5 83
12 28
1 44
59 79
1 26
3 19
17 97
50 73
53 81
65 18
84 2
44 93
44 42
92 76
91 41
56 41
68 47
99 28
83 5
69 91
62 65
61 94
49 92
88 45
68 26
16 65
55 51
80 54
1 77
29 49
22 85
33 11
67 22
87 13
35 20
22 44
54 72
5 17
24 7
36 84
78 76
68 15
63 12
35 13
36 64
78 28
65 29
100 82
81 98
51 42
22 44
6 38
16 31
89 78
5 81
96 66
6 60
71 22
10 48
12 80
82 50
15 59
14 26
67 70
33 0
21 38
69 0
80 3
1 4
44 84
22 64
46 82
91 44
49 50
22 92
3 87
14 2
18 41
48 47
51 40
64 81
69 29
14 64
38 23
65 82
18 63
11 87
84 94
13 65
61 22
74 10
48 71
24 87
61 62
33 6
58 96
69 16
30 68
46 65
8 41
21 75
83 54
18 51
83 19
87 84
68 44
95 31
90 94
48 20
13 33
66 36
87 26
3 63
58 66
73 25
24 25
55 20
24 12
83 6
20 49
9 97
69 55
78 85
93 76
51 59
88 16
86 44
96 6
26 35
73 3
31 25
22 47
84 39
8 59
38 90
68 28
97 72
63 99
25 45
98 51
85 29
38 63
92 13
21 70
52 51
77 7
61 38
74 2
10 30
16 21
27 57
40 18
22 99
31 87
33 94
19 9
20 49
71 19
42 58
3 2
68 44
75 55
14 50
40 91
69 5
97 49
87 51
46 50
17 7
80 91
79 67
80 69
82 93
92 6
8 65
76 23
51 70
63 45
92 95
2 35
78 14
26 96
47 78
54 10
72 82
73 50
74 39
34 6
56 72
31 86
9 56
72 47
92 65
84 24
61 52
3 19
89 88
35 38
4 99
9 58
79 56
56 20
55 53
41 8
86 80
92 78
32 9
63 74
96 37
30 33
84 19
5 96
82 11
51 16
49 56
52 10
87 77
44 12
53 89
9 37
17 21
100 13
57 53
23 36
71 29
83 33
2 68
61 60
81 22
44 35
39 62
91 51
20 15
8 10
77 96
35 51
66 40
95 84
89 29
18 18
28 9
16 49
95 44
56 6
69 26
23 47
37 18
2 83
44 37
1 64
60 1
8 37
83 1
86 16
80 15
3 92
48 14
18 26
18 85
97 59
1 95
67 99
74 46
24 17
86 19
4 73
86 6
66 41
1 99
20 63
51 45
40 42
1 62
91 4
57 39
63 26
65 83
52 26
17 53
83 70
28 7
7 14
49 44
47 78
57 49
32 79
61 14
80 98
86 51
16 71
85 50
29 29
88 84
9 92
13 95
55 39
15 98
16 73
5 64
86 62
30 5
8 54
2 97
65 56
44 6
92 34
13 6
29 92
15 100
69 59
49 99
62 81
46 98
17 9
67 18
90 94
61 36
92 73
94 48
42 74
35 18
82 9
23 11
87 19
95 17
29 30
86 13
18 6
82 85
69 67
36 94
43 15
73 43
50 53
2 46
48 91
20 61
77 35
99 1
63 18
46 1
72 42
26 17
29 100
40 84
38 3
54 92
64 55
10 0
7 94
6 100
13 18
17 46
38 10
79 45
32 9
16 89
33 66
51 32
3 59
96 78
21 33
41 17
48 83
1 4
28 53
33 35
69 40
60 38
96 56
10 28
37 85
45 94
91 23
21 73
41 94
72 31
26 87
100 23
64 98
30 45
90 58
48 66
83 52
28 100
92 30
5 10
93 36
53 13
20 13
36 57
89 72
75 43
56 73
22 5
3 55
17 71
79 39
68 81
83 50
15 13
51 96
26 98
48 96
96 12
81 42
29 72
86 46
85 28
44 82
71 79
76 36
65 65
67 5
33 75
74 15
74 79
67 36
2 42
87 81
98 39
56 80
2 29
75 55
70 36
31 6
1 92
8 24
79 36
40 59
90 12
24 72
72 86
92 29
1 100
11 41
43 64
30 60
8 9
77 67
41 29
3 21
45 63
48 18
8 18
6 96
24 37
77 72
65 93
12 58
25 41
43 35
62 83
25 38
21 100
86 15
13 19
28 34
19 89
21 83
76 83
91 99
58 5
94 80
37 42
76 27
14 59
22 81
56 29
34 17
9 16
60 97
27 20
99 16
76 97
11 1
4 56
39 36
93 67
71 19
18 86
9 33
74 30
23 68
27 94
5 81
9 53
20 18
57 94
64 92
1 89
39 68
78 3
27 64
11 42
82 84
41 26
97 66
62 66
67 96
82 57
26 18
49 90
34 1
49 13
99 57
8 26
72 34
35 25
85 31
32 30
32 79
20 79
5 6
59 81
68 26
50 85
83 38
37 54
60 83
18 35
5 77
45 90
24 24
77 80
26 24
55 87
46 70
49 26
13 58
81 90
28 43
100 98
59 2
19 33
47 11
61 96
53 66
41 33
2 75
58 19
76 77
70 86
41 91
46 3
83 86
68 58
70 36
23 51
79 4
66 74
48 6
51 44
25 13
17 85
15 35
40 62
29 44
38 35
51 91
33 41
75 79
10 19
92 61
58 86
64 75
38 12
9 45
13 21
87 19
20 62
9 14
98 54
20 89
56 0
44 75
91 23
32 74
22 76
84 89
2 63
35 94
23 32
65 20
85 83
4 1
18 87
31 46
4 76
70 50
10 50
22 20
1 1
83 86
42 68
39 5
69 73
95 76
100 32
55 34
48 21
81 85
87 81
65 23
54 67
5 62
16 1
51 73
18 97
94 36
1 13
1 10
25 70
16 71
13 58
9 65
15 52
90 74
68 28
9 95
38 13
45 92
22 73
83 25
40 7
30 68
19 93
1 15
90 50
84 66
17 2
96 99
86 18
17 8
86 2
32 81
66 17
41 57
46 29
64 49
82 75
13 74
79 73
19 48
48 31
8 51
76 59
50 72
17 28
76 76
11 24
70 28
90 15
18 10
22 7
88 78
58 91
89 24
18 95
72 48
91 13
84 85
88 27
79 12
54 88
90 44
28 84
84 71
34 0
70 26
28 24
94 57
100 1
17 53
47 89
90 71
7 52
46 28
2 19
44 38
1 54
65 28
70 65
51 71
71 16
1 99
47 53
15 45
84 6
39 46
52 32
82 84
17 53
26 81
38 72
58 51
16 39
22 37
92 38
27 15
83 18
44 29
100 28
87 60
57 43
53 19
58 5
50 70
73 91
58 32
34 46
69 97
37 7
95 0
87 50
71 82
16 100
56 84
72 72
79 45
25 29
96 88
83 61
12 82
95 64
9 51
94 41
69 90
71 62
97 99
86 34
34 85
71 21
51 61
89 24
66 0
84 41
60 38
12 15
65 28
66 53
65 11
75 69
14 30
26 30
69 2
41 27
13 42
52 70
38 85
22 59
12 41
12 59
52 83
24 28
50 34
70 50
76 55
39 89
36 4
25 65
95 62
43 72
11 27
78 13
13 82
1 9
77 53
22 19
72 67
77 20
61 36
3 99
9 84
7 5
15 27
96 100
68 89
75 54
8 42
12 42
67 17
13 66
61 66
54 85
21 87
53 1
34 43
67 95
68 22
1 87
79 26
64 36
66 6
31 20
89 1
49 87
3 88
6 11
30 48
92 8
84 16
84 55
1 63
18 18
57 99
81 87
16 86
86 58
51 39
55 64
83 20
24 77
40 42
29 45
14 71
35 59
42 78
68 71
37 89
32 44
74 68
62 77
80 61
63 30
66 52
71 81
14 99
78 2
32 51
56 41
73 17
30 28
31 29
55 7
12 13
26 99
4 29
79 63
40 22
41 27
56 54
82 70
54 79
65 44
92 89
85 2
29 87
7 47
28 22
3 61
54 43
34 94
89 76
61 77
15 53
96 77
1 79
28 34
19 32
54 99
100 54
64 69
27 47
72 68
51 87
22 27
70 99
5 19
19 25
5 30
45 93
1 62
42 9
75 64
19 86
60 49
62 6
21 80
85 23
57 71
73 43
1 62
15 73
76 92
2 8
14 37
98 9
80 0
42 64
36 68
53 95
70 32
100 71
94 92
26 56
43 48
93 19
53 57
46 24
70 50
85 15
44 85
53 72
39 26
35 51
36 1
39 58
58 63
71 78
40 95
79 10
36 97
79 8
39 87
58 5
83 18
68 48
15 34
17 74
15 19
24 74
49 64
58 0
14 56
34 95
15 94
6 41
32 56
81 7
46 34
3 3
55 42
23 37
43 67
65 11
64 76
94 69
30 17
53 63
57 33
74 67
82 88
61 0
87 76
51 94
28 24
13 65
1 93
60 57
80 50
86 8
96 13
29 54
13 67
71 41
81 72
99 31
80 29
1 69
67 14
20 94
1 15
24 38
19 9
32 19
43 27
3 32
95 76
55 50
57 81
35 60
63 43
89 88
18 65
75 24
3 100
92 12
47 56
19 10
99 83
90 73
1 73
36 89
76 0
51 59
70 57
77 87
15 74
93 88
100 12
78 34
80 53
80 46
74 24
73 100
98 2
21 57
47 7
14 87
39 24
23 30
39 70
70 17
31 85
72 46
19 23
53 92
29 8
37 41
37 16
6 20
78 50
30 2
53 27
94 91
61 91
2 35
64 81
26 16
54 66
70 69
39 9
81 2
10 94
76 66
17 16
32 91
3 34
90 78
85 15
32 50
15 99
35 51
63 99
17 51
67 42
86 84
58 83
98 88
16 92
16 35
32 29
11 69
8 75
37 41
73 2
36 1
95 28
33 93
6 4
4 1
86 97
16 68
12 93
34 71
21 80
21 61
34 73
8 68
73 100
100 32
58 79
1 64
77 41
94 49
6 57
30 30
25 6
42 93
74 13
55 54
50 47
8 86
88 28
66 33
36 19
98 38
32 37
74 71
40 23
68 64
18 30
6 33
3 71
41 60
25 13
28 2
23 77
20 34
20 50
87 35
7 12
96 81
51 61
46 14
53 30
36 68
70 1
70 57
54 61
2 13
70 3
69 91
82 8
28 91
25 82
64 16
42 66
9 31
25 49
55 43
24 52
44 73
22 95
16 82
10 83
88 83
50 45
28 96
21 73
56 7
33 85
85 19
55 35
98 85
70 48
21 44
97 6
66 40
18 24
77 12
66 54
23 39
85 25
18 35
98 73
12 40
99 37
80 12
17 60
3 84
12 92
79 38
25 80
88 9
95 31
28 26
28 90
65 98
35 97
39 71
69 32
75 25
26 20
74 10
16 14
36 62
40 89
52 28
25 93
21 11
53 80
10 0
8 13
80 54
79 97
71 33
50 16
32 90
43 61
50 22
85 42
33 34
99 82
46 29
71 38
92 27
46 19
84 38
17 88
4 98
8 40
69 12
28 55
2 54
1 92
73 34
27 11
43 5
24 70
82 18
49 88
4 15
95 61
69 45
39 87
58 65
48 14
50 80
81 50
25 74
1 45
6 84
93 72
87 31
89 59
58 38
81 95
81 72
54 4
78 8
58 79
71 58
63 84
65 97
97 51
100 39
11 59
66 39
2 41
6 1
47 54
91 92
84 67
9 39
30 24
13 5
4 0
45 99
96 85
69 62
85 7
49 47
49 58
43 53
22 75
61 28
33 54
16 94
97 22
93 54
41 67
38 95
94 57
52 17
26 44
93 65
50 6
80 2
1 42
3 36
77 40
33 87
15 71
78 88
84 31
27 75
39 59
95 50
74 47
85 61
60 48
47 33
4 29
54 87
100 44
34 69
5 55
32 73
2 7
64 16
70 90
9 64
27 53
72 1
63 39
55 91
49 87
1 38
72 100
2 89
36 57
82 31
7 93
80 33
68 25
68 95
80 88
7 20
20 80
63 96
83 67
97 24
59 81
56 23
93 48
40 61
16 17
73 32
25 52
66 4
36 92
4 93
98 84
11 68
23 86
52 31
67 4
12 18
1 71
9 57
94 61
94 20
61 25
50 94
30 23
8 48
98 61
61 53
22 49
97 43
83 64
70 52
99 51
33 6
16 53
16 98
78 18
59 92
69 23
91 36
84 69
37 85
49 48
49 31
43 2
80 55
19 10
41 88
87 71
45 15
34 17
10 85
1 13
58 87
30 61
6 69
60 15
7 3
42 28
81 96
31 78
76 100
39 81
78 37
71 26
16 22
7 97
85 74
24 74
68 45
19 30
69 40
93 88
1 98
35 7
75 17
92 46
8 80
25 64
54 72
22 32
84 36
73 43
69 77
23 99
63 9
88 30
43 28
75 63
97 38
8 10
84 62
58 31
17 22
99 8
81 19
55 41
43 91
13 97
97 18
62 11
60 57
25 73
38 23
100 12
29 3
68 7
6 72
7 11
67 89
17 80
57 77
56 90
38 82
69 0
32 38
90 71
14 90
57 4
57 18
89 79
75 36
22 73
36 84
33 73
91 0
62 17
86 56
100 23
46 27
96 58
6 3
100 64
95 70
19 31
48 44
41 83
35 86
39 68
22 24
31 87
48 48
51 37
19 27
89 83
94 49
49 18
24 25
31 87
95 38
12 5
54 65
81 14
51 92
90 87
96 2
54 1
10 68
94 41
44 74
73 77
10 49
91 78
95 40
8 29
64 28
1 39
17 39
51 45
6 62
67 40
89 40
26 38
20 91
26 95
50 4
1 83
61 10
50 48
76 44
45 53
49 10
32 34
19 59
79 27
67 21
92 72
85 5
50 39
58 24
50 93
61 75
53 72
70 73
61 75
16 59
12 98
83 90
91 65
40 11
10 38
82 16
88 43
99 4
22 42
91 84
87 63
20 78
51 27
84 4
13 63
69 50
95 15
5 62
51 83
57 27
48 23
43 87
92 0
49 90
74 40
37 49
54 7
90 40
22 13
21 17
44 33
64 10
82 9
44 30
1 56
91 9
9 67
95 53
75 71
4 82
94 64
15 61
20 45
37 84
63 19
69 48
18 28
35 4
19 38
67 5
32 97
9 16
59 18
22 49
59 94
67 17
43 69
85 40
35 41
34 74
15 73
85 96
1 16
80 40
26 98
51 5
7 22
19 79
74 68
54 68
78 100
98 1
27 35
1 45
39 63
86 91
38 10
49 81
5 3
56 51
51 8
59 96
66 10
83 39
48 61
26 59
56 22
39 99
11 24
60 21
85 85
91 42
46 54
58 72
14 64
99 87
74 16
52 63
54 69
42 56
62 34
92 9
100 68
47 42
29 23
14 12
17 21
61 93
13 2
89 75
24 53
18 8
31 49
29 32
74 25
59 0
71 9
40 43
7 6
45 9
8 85
44 49
33 51
77 63
61 27
18 29
55 95
33 94
48 100
5 44
75 51
13 57
30 60
61 18
47 94
29 76
99 1
95 43
81 41
91 46
35 33
18 69
33 50
92 76
21 45
17 95
88 77
2 68
8 13
28 98
77 76
30 46
87 92
40 43
59 75
33 4
29 98
19 61
8 94
5 58
63 44
4 39
24 70
3 60
36 50
38 10
80 87
13 67
85 38
23 58
48 70
82 0
39 76
61 23
52 47
20 15
75 21
57 14
30 10
40 47
30 45
90 94
33 79
16 84
64 66
43 18
6 13
20 24
87 93
68 8
76 79
29 66
28 83
65 47
80 39
53 70
50 85
76 15
93 7
44 14
42 64
37 36
31 86
64 68
27 54
90 91
38 16
73 68
54 62
43 14
34 17
91 94
73 39
90 38
95 59
4 77
93 6
99 83
97 13
78 93
44 3
31 64
10 91
82 26
85 14
21 15
84 48
33 33
17 13
62 48
57 52
66 14
21 90
4 10
17 36
29 86
23 97
70 87
99 66
93 12
12 77
10 97
65 55
39 69
35 82
26 91
89 22
30 86
4 92
1 49
29 31
80 24
7 13
17 68
59 35
76 13
87 70
91 42
27 21
55 97
63 31
95 36
67 38
37 65
64 2
32 92
63 89
21 67
87 28
45 94
59 25
49 31
13 23
99 26
67 91
33 85
68 53
7 59
63 55
26 79
51 6
97 97
71 46
10 88
33 27
36 13
60 66
34 37
61 5
9 61
7 50
76 54
34 40
61 55
83 76
1 74
34 12
33 70
100 100
34 61
97 21
12 41
14 91
87 2
53 53
54 48
51 36
15 89
14 22
76 14
57 63
84 18
51 85
23 10
20 82
86 87
10 60
7 41
87 33
69 70
17 97
47 27
47 45
93 6
54 68
57 74
53 25
60 84
29 95
1 11
39 38
51 80
55 58
70 12
92 91
74 10
50 66
2 85
60 73
92 63
68 98
9 51
19 75
47 56
55 25
40 84
100 18
4 58
67 15
29 1
66 90
58 35
40 99
86 31
1 9
91 92
71 74
17 11
96 26
70 47
43 72
59 5
69 62
68 61
42 53
72 80
40 20
54 31
46 28
49 25
5 0
57 42
40 80
37 99
91 54
40 69
52 37
28 60
52 12
69 92
36 20
22 21
13 85
58 95
84 86
39 73
2 55
8 66
9 84
93 5
4 66
64 62
87 77
59 6
89 83
69 17
61 44
62 25
32 22
97 50
72 26
17 48
32 56
6 97
69 75
36 49
18 29
5 9
24 30
47 72
1 9
32 69
31 80
40 51
68 73
3 68
31 71
57 85
95 73
63 68
14 14
16 63
94 27
67 80
55 62
57 17
87 57
61 99
90 48
91 80
72 36
46 44
11 25
57 41
4 95
80 86
54 99
36 33
29 65
81 97
59 71
79 8
43 68
1 49
56 8
2 86
33 59
96 31
93 73
42 80
67 86
63 11
56 49
98 66
59 29
56 43
45 72
59 48
75 54
60 60
33 1
47 23
77 47
71 54
40 69
50 28
56 41
39 22
45 100
72 45
41 45
66 28
9 58
82 60
91 21
25 58
68 67
8 64
5 40
24 93
96 47
43 33
6 29
68 64
93 34
11 33
72 80
44 17
20 4
33 75
84 31
30 96
69 7
96 31
50 50
14 43
99 22
99 8
8 52
70 98
86 93
27 99
25 20
28 34
93 10
37 13
56 83
12 41
57 25
89 69
88 22
90 26
6 81
18 59
1 28
86 98
80 52
12 46
13 41
77 30
67 2
74 78
70 0
43 75
56 16
23 41
64 75
90 66
6 30
74 37
50 64
77 95
23 71
12 59
86 32
68 13
17 86
5 61
2 43
56 36
49 89
30 63
75 2
71 99
42 17
4 90
53 71
77 48
34 19
74 68
70 64
67 5
46 78
50 91
65 75
5 34
19 88
40 71
25 74
54 30
60 57
79 27
47 77
1 60
18 50
83 85
62 32
19 97
1 47
67 88
19 3
19 91
23 28
65 62
72 88
79 83
21 89
74 24
37 84
50 61
10 6
64 24
20 68
90 26
1 61
11 23
37 67
47 42
60 3
76 13
48 19
63 33
78 91
39 90
32 12
91 6
47 35
1 83
2 4
74 69
55 38
81 87
40 10
98 85
3 92
35 83
72 30
37 31
19 50
5 54
9 43
21 86
24 29
1 90
83 92
15 2
39 63
26 65
61 78
16 80
15 35
52 31
38 76
73 95
14 51
59 68
27 44
88 83
82 41
54 26
92 12
7 17
94 47
28 45
96 20
52 65
83 62
15 99
81 80
15 88
100 32
71 90
92 30
42 25
31 13
51 48
7 66
33 18
58 71
89 83
5 32
44 73
86 20
43 18
68 60
40 0
17 27
21 85
20 35
55 12
44 61
63 7
33 86
23 39
29 5
25 39
78 25
80 69
74 88
62 15
93 34
90 49
36 35
6 52
38 36
73 59
91 20
33 47
8 75
55 98
63 38
24 67
90 30
37 14
97 63
71 49
86 24
66 82
55 84
16 85
79 1
76 89
4 9
71 0
10 86
43 53
33 90
41 84
15 81
41 43
66 40
94 59
12 55
62 44
92 34
85 53
26 72
22 1
72 74
57 39
82 4
15 67
98 9
70 71
38 98
66 3
5 11
67 3
63 98
61 25
33 64
26 34
89 21
100 94
99 37
40 11
72 87
24 12
46 55
47 43
32 20
32 13
87 22
53 94
77 83
9 84
54 85
27 84
11 84
63 33
77 93
98 73
99 38
25 92
25 82
50 97
69 79
39 47
37 71
39 0
5 88
85 50
47 34
99 35
18 96
68 16
28 14
72 57
58 8
33 94
12 67
68 74
85 60
58 38
13 7
72 90
4 36
1 55
17 74
64 85
72 40
33 70
18 45
21 89
40 50
31 2
73 0
15 99
51 98
85 46
4 35
32 91
86 11
91 99
74 36
16 9
55 3
99 72
85 79
29 30
16 78
72 49
71 67
64 99
36 88
72 42
72 54
47 53
77 43
17 52
25 45
75 5
4 31
6 90
54 49
48 91
79 94
89 76
18 75
22 23
73 13
53 3
77 18
97 35
51 78
81 89
53 37
83 89
66 60
63 19
25 100
100 16
30 3
18 98
53 45
15 72
32 62
78 29
97 78
1 12
55 80
99 7
27 31
29 99
90 83
35 54
98 85
30 75
66 29
89 42
46 80
33 81
77 36
29 79
11 47
21 27
32 59
22 64
3 24
10 8
38 87
23 72
86 85
58 53
48 70
74 94
53 31
38 17
94 73
28 80
14 82
30 73
77 86
95 86
11 85
66 86
23 27
92 97
7 1
56 2
60 53
41 7
19 39
60 3
6 68
8 18
45 49
71 29
19 6
62 0
67 17
17 1
37 41
64 77
81 35
36 69
67 40
4 55
47 3
57 92
20 77
28 40
59 96
11 18
58 67
5 61
28 40
99 93
97 34
14 77
96 38
80 45
11 96
82 16
67 83
97 15
75 89
18 26
68 49
32 93
85 6
9 82
73 49
71 46
54 2
4 61
45 57
67 59
77 87
69 35
100 60
31 58
35 66
31 48
43 65
42 99
84 21
7 87
65 37
64 83
53 4
33 76
66 53
75 76
37 41
79 76
66 66
69 50
57 45
66 48
15 20
59 19
92 55
67 29
7 53
77 30
8 29
15 14
80 66
80 51
20 30
45 66
72 78
43 88
80 95
85 94
72 18
42 42
11 10
15 49
27 68
78 82
69 96
44 51
41 17
97 78
74 18
64 29
1 19
13 17
65 60
81 100
46 99
49 19
54 81
1 84
90 47
61 78
78 100
16 63
77 54
97 39
43 42
78 31
17 43
51 89
21 56
98 15
100 59
66 53
82 18
50 57
47 27
32 8
1 53
19 97
70 47
33 12
37 69
7 83
78 67
11 19
86 79
68 27
84 89
1 96
21 79
60 21
71 67
69 88
40 71
33 55
51 93
59 53
29 86
91 20
66 91
93 74
16 5
75 59
19 2
34 17
54 64
24 85
31 6
86 77
80 1
98 12
20 68
80 64
34 67
42 81
96 39
1 54
19 82
45 35
31 41
57 43
22 35
52 27
15 99
41 72
27 66
87 58
81 75
88 28
41 46
83 29
13 62
28 9
28 35
12 6
57 10
44 85
67 45
73 42
67 90
75 19
95 76
65 37
94 97
70 36
24 6
23 30
62 90
50 68
10 15
32 69
24 13
25 35
5 46
80 79
76 51
11 87
62 100
47 65
80 73
69 52
48 31
35 77
91 78
25 6
59 0
73 59
89 51
72 37
81 9
97 58
47 22
28 92
34 43
4 28
16 3
56 25
2 7
55 18
17 6
66 27
58 2
43 0
8 89
51 11
86 97
54 60
58 24
75 87
77 94
90 58
84 34
24 61
12 25
92 17
51 37
56 89
73 93
95 43
42 31
15 70
35 12
29 88
73 46
69 72
54 6
45 66
78 48
26 36
84 65
35 7
69 100
60 21
5 45
30 8
20 38
86 31
25 25
78 47
16 27
66 28
37 5
87 26
95 63
96 85
59 79
32 81
10 62
45 100
26 24
97 17
7 20
96 22
90 60
71 15
38 51
24 27
19 21
38 22
2 69
78 9
62 54
10 86
15 58
26 4
97 10
34 63
6 43
16 90
97 18
17 82
68 4
24 33
31 72
99 41
60 21
47 16
51 34
57 53
80 49
8 28
29 30
73 50
54 24
66 0
39 91
13 95
74 34
75 35
41 34
44 64
38 13
43 48
10 69
93 16
62 34
91 23
32 1
49 56
2 20
53 60
91 85
62 28
11 20
97 36
83 35
11 5
81 66
21 85
14 97
88 22
77 78
72 64
81 68
87 58
60 55
46 20
31 25
56 57
99 72
36 7
40 14
72 62
65 21
75 94
65 29
60 87
52 16
46 88
11 98
3 2
54 5
38 25
94 84
35 84
9 75
8 13
78 90
44 32
49 48
40 84
55 53
28 84
8 34
50 40
59 27
77 7
8 32
34 100
5 47
33 10
88 75
43 66
28 51
37 97
73 96
48 7
100 74
35 59
93 72
61 87
21 88
5 94
54 60
81 14
42 80
84 11
13 21
7 11
28 79
66 25
67 82
45 42
54 54
99 58
51 94
68 57
51 21
5 47
33 69
64 66
34 75
1 29
92 64
25 77
27 70
35 27
43 18
30 71
52 90
54 65
80 17
86 88
18 52
83 87
93 78
11 53
18 46
17 9
88 2
33 96
22 96
98 99
25 16
1 55
18 39
1 54
100 13
86 94
35 29
23 71
47 71
63 69
100 94
39 23
54 49
6 20
92 2
97 33
9 95
96 47
49 61
28 24
22 78
33 81
35 37
29 87
4 73
97 71
17 92
38 99
28 97
76 10
81 83
66 11
38 68
49 37
74 61
15 34
28 0
40 92
100 18
37 23
99 63
77 36
5 77
3 79
81 6
56 5
42 76
1 86
10 4
98 18
74 4
90 68
61 40
9 75
81 21
88 96
94 72
65 7
66 32
57 19
54 34
17 35
94 78
90 20
86 85
56 52
83 60
85 9
3 68
91 88
21 82
99 75
99 96
91 75
48 54
28 48
47 91
12 67
91 79
38 52
79 67
11 3
98 29
65 58
2 2
70 5
46 97
50 61
40 2
40 22
70 76
77 92
63 82
6 59
70 81
41 30
23 82
19 16
70 87
89 97
29 78
62 82
1 19
56 40
40 38
82 68
87 44
70 5
60 79
90 4
59 80
1 61
97 94
47 27
14 97
74 39
45 52
78 94
27 40
47 40
1 90
97 67
89 52
7 58
72 81
23 47
54 72
37 65
45 52
3 22
99 83
29 95
27 75
13 94
3 20
19 44
93 53
47 21
3 86
7 17
63 24
81 7
1 70
6 78
8 59
37 9
40 60
41 18
97 55
90 30
73 55
28 38
44 6
54 58
84 57
51 80
23 99
17 0
12 64
65 61
7 68
95 44
38 100
72 91
59 92
84 25
73 100
36 34
45 52
63 7
73 100
97 57
49 3
45 76
38 15
5 77
41 88
34 32
70 79
1 38
98 43
11 68
78 53
36 57
85 32
89 79
26 19
18 13
93 35
14 87
78 79
27 100
47 20
71 89
7 21
74 70
78 14
31 10
87 34
15 90
12 99
28 31
62 12
72 90
63 27
75 54
40 66
16 79
40 39
13 1
75 8
22 51
11 26
99 11
33 48
7 88
47 85
21 1
66 91
12 21
75 41
16 48
72 33
9 73
19 84
73 26
18 11
14 63
70 78
81 93
32 50
5 15
41 5
61 20
2 100
33 33
99 16
85 87
12 87
90 56
74 42
86 11
49 64
81 99
23 94
14 56
92 8
84 57
31 0
83 65
75 0
43 46
78 62
51 66
83 91
31 5
18 4
11 53
47 100
83 23
18 23
49 51
44 26
60 93
44 35
17 94
19 2
72 53
100 24
11 19
25 12
100 33
2 98
24 69
97 99
45 45
98 98
15 5
45 78
59 44
76 97
39 43
1 1
56 6
10 75
21 71
78 67
63 45
44 42
26 84
63 91
13 70
67 15
16 84
54 74
39 22
12 56
60 10
74 25
89 24
15 40
14 51
99 69
83 68
80 2
41 56
80 75
50 77
75 70
7 12
1 82
62 64
25 53
20 73
73 22
31 43
35 54
53 100
43 40
67 4
90 91
96 82
71 28
51 100
55 66
86 27
96 29
83 75
16 18
1 88
15 10
61 55
34 62
42 60
32 45
71 54
67 47
10 91
1 44
62 59
18 34
2 25
39 78
1 64
16 42
35 16
41 58
46 79
50 79
94 25
91 68
41 88
10 33
63 63
55 62
76 45
58 40
95 25
56 4
8 65
46 4
57 55
37 77
1 33
63 10
9 13
58 66
58 92
32 26
43 57
12 69
17 77
14 64
51 96
67 78
2 58
96 45
27 81
75 38
80 8
72 34
26 86
20 73
78 65
1 51
79 22
19 21
30 59
84 80
46 54
58 35
57 61
14 7
29 62
91 63
90 53
76 52
97 45
77 66
18 19
77 88
13 59
28 56
82 82
81 27
22 27
20 95
18 38
99 78
5 14
25 72
21 98
43 88
98 69
87 70
17 83
60 13
100 88
47 25
96 3
7 18
35 59
57 33
44 67
13 52
36 91
34 33
80 60
35 6
19 98
21 12
45 95
71 71
75 36
88 25
90 29
48 99
9 73
7 85
21 6
27 79
1 67
63 75
95 87
39 83
33 96
90 81
22 67
25 28
88 9
43 1
72 33
23 99
51 30
62 33
11 19
68 45
77 93
52 27
52 93
29 28
69 18
34 52
13 54
16 79
15 50
18 15
98 15
35 1
37 81
19 62
29 23
62 6
36 13
94 11
90 52
99 26
94 12
82 63
20 52
9 97
44 4
35 60
83 79
64 86
44 11
73 4
77 8
55 56
83 95
3 7
76 95
52 95
18 61
94 53
61 57
25 37
32 41
14 0
7 95
28 10
43 2
53 95
3 90
49 55
85 35
46 42
72 79
99 20
93 41
67 52
31 21
47 24
19 21
27 83
71 37
81 91
62 24
11 25
21 72
3 47
38 59
84 59
14 63
47 72
92 4
10 6
75 83
58 63
58 57
80 21
19 62
46 35
9 86
98 83
63 98
81 85
10 50
56 89
46 88
79 29
46 70
96 50
82 65
55 84
70 91
2 79
74 27
92 21
98 83
79 9
65 56
1 74
35 14
97 11
83 40
64 23
14 61
62 79
92 90
82 83
45 94
19 7
78 60
16 64
73 96
7 96
24 18
46 32
2 51
7 10
20 76
58 40
67 21
71 35
34 8
53 54
58 50
22 32
93 2
6 90
98 51
83 91
59 43
64 56
56 9
82 38
14 22
91 4
69 62
91 62
43 14
43 56
82 12
95 55
40 10
62 6
1 11
29 34
94 87
38 13
25 13
94 72
99 63
33 19
73 98
1 65
74 0
70 19
72 83
58 50
35 39
42 4
43 86
36 82
53 35
81 6
79 28
99 14
9 97
34 2
69 65
31 81
10 73
67 8
9 41
56 25
96 86
21 96
46 54
3 79
100 16
3 66
9 18
43 46
33 34
68 9
75 7
76 62
62 52
26 16
88 28
70 61
17 90
7 19
6 9
49 75
98 57
21 31
57 20
42 22
3 59
69 17
8 46
82 67
81 88
43 1
14 97
17 72
12 6
47 97
32 14
32 76
49 56
21 93
65 84
3 86
86 67
71 32
79 52
16 41
70 25
83 60
36 14
41 29
61 16
77 13
57 78
77 24
56 69
78 55
67 70
16 83
51 54
57 24
1 18
76 47
92 74
10 15
8 18
18 11
69 59
93 85
97 1
57 92
71 64
94 1
78 3
48 63
64 45
48 18
67 99
100 81
73 77
85 57
49 35
20 39
67 87
47 73
66 12
28 23
23 38
61 28
94 84
61 79
89 77
87 35
84 70
12 10
15 68
1 12
10 55
30 97
32 8
8 84
7 51
24 28
60 88
1 38
13 50
83 86
72 45
98 33
85 46
3 38
100 8
92 21
58 76
92 98
1 61
47 73
1 70
60 28
4 24
20 77
71 32
35 29
16 15
52 11
72 45
69 25
6 73
98 61
28 47
47 89
93 40
93 67
72 84
88 66
1 85
1 97
59 8
77 27
