9995 0
81 54
94 23
24 78
80 75
6 75
37 51
72 20
30 74
25 23
22 62
84 84
34 100
30 44
34 30
6 27
45 25
55 44
10 31
46 3
10 45
84 28
43 39
81 99
94 84
78 27
29 36
81 15
59 35
56 93
10 17
44 24
97 29
94 57
74 25
40 34
10 51
35 43
26 95
88 20
1 84
68 34
53 40
39 91
4 37
83 68
46 69
47 62
74 49
15 0
14 93
25 15
28 76
10 9
7 9
66 47
15 67
83 59
27 26
52 72
89 64
3 34
85 21
1 16
16 71
20 87
54 80
3 30
51 50
24 98
99 78
18 99
56 17
34 20
4 46
5 5
55 65
83 47
3 39
57 62
80 35
89 27
4 58
40 87
22 42
55 3
99 20
48 30
79 0
72 27
13 67
99 5
59 24
76 62
99 30
28 92
54 44
38 53
27 45
69 5
10 10
23 58
73 43
4 33
42 85
23 4
2 82
87 24
27 63
61 98
87 85
24 71
89 6
65 72
30 40
26 55
55 95
22 51
17 67
21 57
42 63
67 10
84 84
31 23
11 7
54 15
45 52
66 58
58 24
46 49
69 1
52 19
64 81
48 19
76 56
66 88
75 31
79 32
56 95
6 5
76 6
7 84
86 81
77 10
4 65
53 22
90 100
99 47
71 49
97 59
85 70
75 93
30 54
11 78
56 35
43 95
67 56
54 57
68 4
9 94
43 12
79 53
29 64
21 41
22 58
36 56
84 58
31 52
1 11
57 84
80 99
78 43
44 33
51 22
10 70
47 69
54 76
98 15
88 50
35 57
90 57
82 57
3 38
47 81
60 52
27 64
14 91
3 25
35 19
4 85
12 10
45 52
90 54
78 43
83 13
68 88
15 46
60 8
65 44
21 79
93 72
90 49
37 29
26 41
39 17
42 22
19 57
75 10
27 84
65 6
52 38
50 54
54 46
4 6
96 34
25 54
10 1
15 26
31 7
1 84
80 23
32 3
24 43
38 9
70 49
33 45
66 64
71 42
86 85
14 50
10 70
20 56
97 22
89 63
57 14
97 48
50 39
7 56
67 55
22 22
19 56
44 77
45 90
79 20
73 67
26 38
18 25
50 100
43 36
40 55
92 12
96 20
56 76
8 54
37 55
61 20
63 73
88 48
54 40
22 51
34 35
14 77
31 88
92 37
28 52
85 74
91 32
83 12
28 17
40 75
12 71
1 84
66 92
44 83
7 97
80 96
1 80
31 15
95 15
51 49
39 56
58 6
70 7
45 17
25 60
49 55
64 33
78 18
97 52
75 77
54 55
3 53
43 25
54 63
4 38
78 68
35 28
34 46
66 53
28 40
74 2
69 65
9 0
14 24
3 15
66 4
46 83
88 3
45 90
10 21
70 73
37 91
100 84
79 73
91 74
50 68
1 25
49 91
27 30
62 57
51 50
95 66
27 47
59 53
59 28
50 49
11 32
40 57
88 85
25 84
90 13
15 79
84 56
42 22
16 9
61 9
82 58
64 41
88 41
16 29
49 27
60 8
66 15
70 0
64 75
58 65
87 15
58 53
1 0
12 81
82 78
79 56
41 35
23 83
67 17
59 88
78 71
95 52
73 53
9 80
78 88
70 8
79 82
1 21
57 14
31 19
88 95
15 39
69 56
37 30
51 98
45 8
91 30
72 61
97 41
59 79
91 51
61 63
40 99
39 23
24 47
79 65
20 84
13 26
61 86
17 30
61 60
49 6
31 14
62 81
58 23
61 3
90 26
42 24
51 52
10 84
46 9
86 64
26 76
18 22
83 39
41 72
65 98
89 12
99 69
87 86
28 24
77 44
17 69
31 36
70 41
27 4
90 80
7 6
43 23
61 45
68 12
96 64
91 75
54 47
73 43
90 97
56 71
24 15
1 68
11 99
24 81
1 3
95 66
34 29
99 95
46 3
35 89
77 46
47 12
38 91
50 8
52 24
6 62
79 98
92 50
48 17
13 11
48 90
53 17
94 88
83 60
7 66
56 93
72 31
87 0
78 58
35 74
48 97
80 63
18 68
40 90
97 88
5 17
98 40
55 14
24 24
50 15
82 47
87 93
52 65
69 89
95 2
31 51
7 28
66 86
36 59
49 96
53 21
91 67
37 60
33 88
85 86
41 70
62 65
38 95
66 99
42 95
87 32
27 90
77 97
61 83
84 96
54 14
22 61
21 74
57 32
15 93
87 21
48 92
57 41
63 28
1 97
49 52
94 96
7 60
1 82
7 93
2 27
95 39
13 25
40 78
6 66
29 85
77 84
52 61
66 53
53 84
33 14
32 94
30 19
68 96
47 7
70 96
74 18
14 31
63 19
81 88
3 51
40 60
55 72
39 30
57 5
55 86
1 11
72 37
94 43
77 7
75 48
42 59
53 68
22 68
86 55
23 59
59 90
15 48
86 44
72 64
58 51
14 83
96 47
51 57
30 1
24 89
97 34
39 89
84 13
12 51
31 88
99 72
97 21
61 71
14 49
90 29
55 86
59 87
84 30
44 27
42 38
60 32
18 0
82 81
39 92
33 74
33 32
37 79
54 68
92 27
37 8
79 32
81 12
15 71
64 28
73 64
91 37
13 15
55 84
37 69
79 90
18 20
59 9
95 76
15 16
98 83
15 18
89 66
94 90
8 19
16 56
49 69
40 94
87 62
72 57
51 33
36 6
10 100
58 27
42 98
36 82
78 7
48 94
87 96
43 70
15 47
15 28
91 73
68 54
47 74
1 19
42 80
87 35
81 36
58 10
41 11
62 16
26 36
72 96
60 68
48 17
86 63
44 23
50 75
23 17
35 47
84 48
50 71
95 24
12 23
24 74
34 82
64 38
26 37
58 86
73 19
74 78
50 56
93 49
80 77
77 68
57 69
67 36
21 84
84 60
14 0
2 92
33 16
16 37
11 60
46 32
50 11
57 22
51 6
76 33
29 50
50 10
46 61
95 80
46 11
91 54
20 45
32 85
31 93
40 50
59 44
26 47
94 78
81 57
47 99
30 2
92 79
86 48
95 38
88 66
65 12
55 97
23 24
62 78
11 60
82 73
40 80
10 58
25 95
41 59
18 28
100 21
51 62
11 35
30 53
52 38
51 65
76 50
95 43
48 96
61 11
78 80
72 91
92 73
85 24
94 74
30 51
83 80
41 14
42 11
94 89
81 90
85 86
8 54
21 98
68 69
70 79
81 26
22 25
1 25
75 82
53 82
47 16
83 46
42 3
8 51
40 39
96 28
77 94
24 33
14 18
26 18
53 83
11 96
44 49
59 84
45 44
78 48
72 38
27 48
25 86
13 85
50 59
96 40
59 34
41 20
57 30
76 34
38 85
28 93
43 36
57 63
79 13
99 47
63 37
68 73
65 56
91 50
29 70
17 81
37 51
90 46
41 48
34 44
91 90
68 4
71 23
78 50
9 92
5 34
64 25
6 54
15 86
2 84
52 11
92 56
67 77
3 6
45 68
16 75
78 28
48 87
13 28
73 22
71 9
32 49
14 93
67 72
4 11
57 3
51 74
58 15
97 13
45 23
56 76
72 73
48 34
81 76
30 100
98 3
34 98
85 9
8 80
11 66
66 73
78 21
98 27
63 11
31 89
51 43
90 65
59 15
6 66
100 90
77 40
20 77
17 12
71 2
82 4
23 66
65 38
45 61
72 46
20 59
14 33
87 49
16 37
46 96
53 41
19 15
6 27
12 29
98 69
1 84
55 79
83 18
47 28
43 71
73 70
38 3
77 46
32 96
4 11
79 100
31 91
48 18
84 89
3 35
77 97
57 2
14 61
48 13
45 40
11 38
34 58
91 64
56 86
1 3
62 31
72 26
78 14
76 92
89 89
27 88
57 38
65 33
19 34
57 91
100 66
65 59
33 78
100 49
79 23
91 42
38 30
88 66
79 71
68 53
80 70
96 70
3 5
66 5
95 86
85 93
38 30
5 27
44 60
14 71
79 12
87 83
95 80
57 55
64 34
62 55
18 35
35 65
2 57
3 57
36 81
30 18
96 10
48 45
53 57
18 44
7 96
89 46
62 54
16 46
58 44
67 22
16 56
90 76
1 45
36 21
11 21
42 61
39 56
70 100
59 69
77 87
49 43
14 8
96 96
58 82
29 47
82 44
73 94
99 93
78 12
25 86
66 16
37 70
87 75
61 55
87 89
32 63
52 38
69 41
67 94
78 20
40 23
61 51
81 73
68 96
78 71
89 93
5 93
68 41
100 44
99 48
86 46
81 97
25 33
83 81
25 88
85 55
11 91
35 95
49 26
56 40
75 1
60 76
1 31
21 33
46 98
48 50
21 49
71 2
24 71
93 93
23 96
47 92
32 1
31 55
96 50
25 69
37 0
76 85
67 44
69 48
15 41
4 44
24 53
11 52
86 45
79 63
63 70
92 29
74 11
26 91
67 62
9 85
93 67
73 2
12 81
15 35
13 36
36 54
54 7
71 79
2 81
47 76
36 13
93 26
63 47
22 29
34 27
32 81
46 21
3 85
78 40
92 3
36 16
68 82
37 39
74 94
18 87
97 68
70 63
2 41
11 92
69 80
81 49
100 66
65 4
36 21
81 100
19 65
17 72
27 86
73 82
3 34
10 30
96 57
64 49
45 83
40 98
72 76
62 64
51 83
51 9
26 14
42 27
1 21
47 62
1 75
69 34
93 28
59 35
12 1
84 23
4 60
87 77
97 32
55 15
99 90
51 45
58 6
20 85
65 91
53 61
90 70
75 56
53 97
82 51
78 69
10 0
17 28
79 66
80 89
66 11
41 92
62 48
61 62
87 27
30 25
9 58
40 30
39 31
31 86
53 30
21 65
5 74
74 5
37 4
92 9
100 23
76 54
26 55
24 71
24 85
97 47
94 99
14 68
93 91
45 63
28 6
2 77
46 71
85 66
42 45
72 85
56 87
64 73
24 15
50 48
58 85
1 71
64 98
87 48
79 59
15 71
22 60
10 91
18 13
100 5
39 66
77 26
34 44
4 63
49 50
44 90
8 99
3 14
35 86
37 4
79 25
76 52
41 40
67 56
6 70
59 62
3 3
62 43
17 73
91 42
18 52
69 60
82 22
1 96
60 49
90 93
19 55
51 84
24 9
77 66
37 77
15 94
31 54
32 43
1 41
24 72
53 54
46 62
8 58
28 83
94 2
95 39
65 21
3 2
74 58
21 17
19 30
71 75
68 22
18 82
61 99
14 7
78 21
12 64
18 86
99 43
82 17
4 21
93 48
19 61
26 65
94 22
87 51
8 70
18 2
95 30
32 85
38 30
95 85
38 18
83 20
5 7
77 21
21 13
5 6
79 46
75 48
20 61
32 19
90 72
66 28
98 38
30 46
64 99
68 21
89 2
38 40
23 50
49 14
12 27
75 90
84 1
40 69
57 48
27 27
58 38
54 5
32 36
26 38
85 33
53 49
6 15
81 75
77 48
45 8
52 15
30 41
18 20
100 74
15 26
59 27
91 100
4 55
38 26
19 33
87 11
94 73
50 85
88 30
56 72
89 87
27 39
96 51
57 11
78 52
54 63
95 50
49 43
42 9
81 89
46 27
81 1
83 36
47 28
62 20
32 61
7 92
69 42
51 21
58 58
36 21
3 61
4 20
29 94
98 62
85 29
87 53
56 31
19 16
72 10
5 79
70 90
63 19
26 93
90 26
14 62
96 12
82 79
94 97
62 31
35 40
65 35
47 47
53 18
20 41
58 12
18 48
14 48
80 38
61 40
87 52
28 85
55 56
35 15
27 31
49 43
10 52
17 18
71 81
34 97
80 72
39 46
40 31
90 60
57 44
38 59
29 89
68 76
17 68
13 4
5 10
40 15
38 100
76 59
60 94
30 46
22 51
78 42
8 56
58 66
57 20
66 48
45 17
67 88
89 63
65 36
31 71
50 28
71 86
39 75
28 41
78 94
9 81
25 77
59 53
60 50
76 89
27 31
48 43
37 35
99 28
1 95
44 84
3 18
4 25
70 52
72 60
82 26
65 76
5 74
25 34
61 59
12 17
62 70
60 78
88 64
93 6
44 76
87 42
77 39
29 52
29 15
56 21
95 31
44 64
29 26
24 45
32 85
60 100
67 38
32 7
48 36
7 56
20 70
36 2
98 21
38 8
95 99
58 31
81 32
6 89
37 96
28 82
57 54
99 88
86 89
27 73
87 17
14 16
13 22
86 99
72 55
58 67
46 76
40 45
55 69
4 62
13 25
62 75
53 76
15 46
90 58
3 89
6 76
45 17
66 73
97 1
43 46
79 86
20 90
74 55
10 37
81 99
58 94
65 90
89 40
31 11
84 64
92 7
35 13
65 14
36 29
100 29
79 78
21 64
70 17
2 88
65 71
82 38
29 50
17 41
44 94
70 76
99 77
47 44
94 4
89 76
26 82
50 81
40 5
1 3
37 8
37 17
30 16
88 36
32 11
96 69
91 29
5 3
24 65
94 79
71 57
78 29
55 42
19 1
10 31
91 73
47 34
17 43
40 67
41 4
85 33
18 56
81 59
100 15
41 75
27 83
60 7
85 27
97 95
57 18
11 91
44 100
58 47
48 68
79 8
19 11
77 93
57 40
60 69
51 1
54 65
22 77
66 58
65 82
31 57
28 49
43 5
73 26
57 84
6 73
42 97
87 9
89 96
68 19
42 75
18 55
18 78
100 76
88 93
11 60
52 32
9 59
43 15
69 8
31 90
82 89
17 78
17 97
13 26
18 15
76 26
7 50
55 34
74 13
59 77
17 1
52 75
5 38
86 79
41 84
14 5
45 26
86 1
29 53
3 81
48 55
4 32
59 20
22 81
73 17
38 44
70 15
43 37
100 80
70 13
74 79
11 84
37 88
39 64
75 59
14 52
62 28
50 48
3 100
60 89
36 78
78 66
2 54
36 94
35 58
29 12
1 93
30 14
54 9
20 20
69 10
71 99
50 50
46 32
34 3
55 54
89 36
39 69
83 68
46 88
21 94
79 85
17 46
48 100
32 35
94 29
47 16
44 61
58 35
45 90
78 50
7 98
64 10
3 87
98 81
13 0
52 76
70 58
82 67
77 92
65 29
18 39
18 68
20 91
13 84
55 98
65 28
64 34
68 84
51 53
8 14
12 24
32 10
92 34
40 4
9 99
67 94
31 59
13 89
32 49
43 69
75 10
60 40
86 79
31 30
9 92
71 90
46 4
83 25
100 31
91 99
77 10
85 34
40 54
22 43
38 82
28 88
86 43
34 44
94 94
97 75
88 1
56 87
16 84
59 42
53 16
61 42
31 96
17 92
1 83
29 96
88 96
33 42
59 10
46 71
65 12
91 63
89 56
12 10
31 97
76 73
83 0
1 2
32 50
2 31
46 50
5 80
43 56
77 41
37 91
48 64
93 37
53 3
23 1
39 82
11 49
16 67
40 11
18 42
82 51
36 78
95 74
29 45
83 8
20 30
54 48
52 36
3 48
33 27
57 18
79 21
79 27
46 7
41 67
61 70
67 85
83 80
99 22
55 53
87 80
6 90
21 54
48 46
63 67
66 56
29 59
24 19
71 99
29 72
97 89
31 6
8 79
89 36
32 7
13 24
38 66
6 47
35 80
29 36
70 23
53 4
65 54
59 95
27 43
85 40
84 99
57 58
97 39
12 21
10 44
97 5
33 41
1 55
82 56
38 5
39 89
12 24
66 3
13 8
47 76
14 48
45 24
37 16
68 84
28 16
39 66
16 87
27 65
41 69
60 50
51 66
55 100
84 58
72 57
22 51
42 40
18 61
59 52
39 15
87 27
45 83
90 81
18 43
79 61
5 25
29 55
4 89
92 18
35 83
3 54
41 68
71 57
51 97
28 46
100 76
64 50
75 60
30 13
96 62
59 95
84 51
4 86
13 70
38 45
34 70
73 91
44 77
7 19
96 80
62 40
93 57
54 1
66 92
6 48
89 76
99 83
47 23
51 29
53 21
100 47
43 25
60 83
96 52
83 42
44 82
24 75
70 7
98 69
83 58
46 2
85 2
18 97
83 85
11 19
89 98
68 76
80 2
39 63
95 81
87 21
31 42
27 77
56 17
79 7
100 20
10 54
7 13
77 16
87 95
69 36
22 38
21 5
33 79
6 53
57 78
11 94
88 60
64 80
54 16
28 67
73 40
46 83
84 96
13 61
40 24
72 19
72 96
69 77
75 37
8 92
19 4
21 48
73 59
64 30
70 67
48 96
17 64
74 72
88 95
33 61
35 61
17 11
77 79
92 71
29 96
60 94
24 0
11 69
70 67
38 52
46 84
56 93
42 25
12 52
28 38
17 85
49 3
27 90
81 56
29 49
49 94
54 17
61 56
19 52
34 77
64 88
28 98
57 69
42 39
1 54
74 54
77 69
55 10
16 44
87 77
24 28
14 91
91 69
22 39
13 88
43 89
79 93
9 54
29 30
10 26
18 14
74 72
96 44
25 78
68 85
21 37
76 20
14 54
68 13
23 78
78 21
77 93
79 44
74 68
50 79
49 86
65 29
34 19
13 97
28 23
100 82
71 58
99 59
10 14
3 63
51 1
55 94
53 60
63 92
39 10
15 71
32 7
91 25
99 51
77 50
60 25
80 95
12 19
10 6
89 23
24 76
17 22
3 10
2 8
43 31
42 25
65 71
59 19
13 49
12 10
41 53
44 42
89 69
14 71
86 46
4 39
39 26
91 8
25 62
37 37
34 5
97 11
7 41
85 39
45 91
15 50
69 80
13 12
54 0
48 62
1 33
83 99
48 79
77 88
39 6
72 79
67 30
20 84
1 52
46 35
19 43
34 82
34 26
30 79
72 42
78 26
64 71
73 16
45 0
84 12
63 37
100 29
15 83
22 25
18 46
8 40
64 49
2 32
58 30
22 63
89 93
59 57
53 61
84 27
79 63
13 82
90 75
42 6
83 85
14 79
86 70
33 94
30 7
88 41
77 37
46 33
59 0
91 87
91 2
46 74
48 37
55 32
56 52
32 6
5 79
90 56
37 13
80 26
64 65
17 17
97 34
12 42
4 84
25 50
32 16
32 49
43 1
61 91
55 37
18 89
45 77
98 25
18 17
6 47
32 71
98 86
1 74
61 29
52 82
15 64
2 49
56 93
66 77
61 22
99 36
84 90
70 28
82 84
35 34
97 59
85 78
37 26
13 46
9 28
13 63
35 34
86 15
16 82
69 91
45 80
41 70
15 27
1 51
76 27
94 10
62 55
62 41
95 35
46 56
35 10
47 86
34 6
68 68
78 15
70 70
82 100
10 81
92 22
8 44
60 11
59 92
36 66
29 6
18 77
73 43
84 78
36 55
26 68
38 27
90 53
94 48
42 33
91 94
37 77
46 31
21 29
99 30
100 56
45 92
61 31
77 73
83 42
1 36
55 39
11 52
44 79
20 59
48 76
56 71
13 40
43 17
78 20
8 34
39 97
93 93
53 35
4 35
28 80
86 51
29 32
93 69
28 80
33 27
21 62
8 30
41 84
14 64
98 36
28 49
29 80
33 18
28 95
45 45
19 72
70 1
17 53
2 30
42 11
44 93
51 69
53 27
76 86
62 49
96 57
44 90
38 35
79 41
83 75
61 42
46 34
25 18
81 85
62 23
41 89
39 88
58 5
95 55
32 58
73 28
77 63
71 49
36 53
9 63
78 66
70 3
14 19
51 6
27 74
65 95
34 7
2 58
38 33
55 5
50 94
99 29
97 3
67 49
75 89
84 93
44 4
83 18
42 73
68 47
12 19
4 37
60 98
26 84
35 30
56 78
82 32
99 70
10 44
63 45
75 4
10 7
53 65
93 71
15 31
1 51
26 93
23 3
65 39
67 62
29 87
35 27
4 7
97 27
55 62
80 52
26 84
10 22
50 55
24 98
62 66
89 5
62 36
33 93
39 47
89 33
73 64
32 44
24 30
1 69
26 94
7 75
89 73
65 52
10 34
31 32
62 29
63 28
63 36
2 63
54 14
97 44
84 83
46 91
12 62
66 22
11 57
96 34
90 26
54 58
77 36
12 33
11 77
32 41
60 17
49 7
52 85
87 87
39 73
32 50
43 42
71 59
88 60
40 99
85 18
21 77
51 92
83 68
88 1
46 25
78 51
59 88
44 92
78 57
67 40
62 3
40 1
18 25
25 93
50 36
41 45
19 76
26 77
57 45
94 30
88 64
43 33
79 5
10 50
26 7
25 100
53 40
30 21
4 32
11 1
6 53
96 94
51 26
100 81
22 8
88 27
53 90
33 63
42 28
1 78
12 85
80 69
36 34
5 3
63 73
95 49
67 93
23 89
100 2
89 75
99 0
57 48
98 79
43 8
68 49
90 61
10 91
42 50
1 25
1 13
49 78
2 66
30 10
42 58
16 38
87 77
34 17
54 96
93 12
1 7
51 42
65 46
29 34
58 89
98 92
90 24
100 78
37 29
39 43
67 98
1 57
64 74
79 64
3 41
97 41
54 100
85 6
98 1
46 68
23 12
19 36
1 29
1 19
48 10
84 52
55 6
77 100
95 66
95 40
10 72
53 83
56 8
80 80
58 89
31 91
34 52
88 73
50 87
51 29
34 14
23 80
15 65
60 37
88 68
94 1
83 100
39 96
50 1
33 52
11 75
93 20
37 50
71 25
3 59
51 60
41 27
33 94
1 0
36 60
55 66
100 41
63 13
1 60
26 72
28 10
22 93
61 62
100 78
37 14
70 90
15 86
5 95
21 30
44 76
39 48
58 46
40 33
54 66
90 12
24 15
80 10
84 23
45 81
18 6
84 40
55 12
8 66
11 31
81 17
52 90
24 95
48 20
11 20
37 31
24 9
17 9
90 29
67 38
7 89
99 20
53 43
7 11
60 37
90 8
92 98
52 34
31 30
68 16
59 70
8 31
16 37
96 78
29 29
2 49
75 44
77 31
91 88
27 35
51 96
65 70
63 38
31 36
34 54
64 4
28 31
92 24
46 45
71 26
19 50
90 11
11 65
54 54
99 50
1 52
85 40
5 58
81 55
13 70
42 2
17 53
48 32
63 49
85 82
71 48
50 3
65 50
19 72
48 69
7 45
55 38
45 16
30 0
26 50
25 91
92 69
12 61
24 73
41 4
41 2
48 34
55 79
11 5
79 33
68 18
38 66
97 90
53 29
47 68
58 48
72 89
9 5
83 9
47 74
98 11
49 94
11 62
43 37
3 29
52 17
57 26
68 78
78 11
67 31
58 15
5 13
87 58
48 45
52 96
97 54
45 28
90 27
20 36
10 75
75 93
92 99
18 4
90 80
31 25
67 75
21 42
58 62
59 16
95 46
35 28
9 84
38 17
100 40
67 21
79 57
71 28
65 54
35 47
100 74
18 21
27 63
33 29
5 64
3 31
74 1
94 19
51 75
73 63
65 54
6 4
63 30
89 23
43 48
94 6
6 22
66 36
3 54
80 61
95 87
17 4
92 64
39 5
19 4
67 99
66 11
69 19
2 22
55 96
76 65
40 94
66 43
17 44
16 57
51 90
47 63
97 86
75 45
84 39
41 44
85 51
48 84
92 27
28 73
51 70
27 88
87 45
62 82
38 66
94 80
27 27
71 8
22 93
47 34
64 28
88 23
41 69
96 76
56 59
39 15
54 82
22 37
61 54
9 62
9 3
88 94
39 54
46 4
41 2
67 50
32 97
87 6
7 61
26 52
80 89
40 96
26 27
95 47
84 73
8 90
93 6
73 44
61 9
100 73
14 30
15 86
32 94
85 84
67 4
86 24
43 76
93 40
42 37
31 55
66 79
92 96
65 90
74 63
4 58
71 46
44 12
55 66
98 69
27 26
88 37
10 61
13 79
59 14
57 23
27 45
66 65
20 35
25 44
83 59
41 23
16 52
86 90
98 93
55 43
77 74
47 18
60 80
97 28
74 36
86 0
86 91
90 68
100 32
32 69
86 100
32 29
79 84
7 96
67 24
34 97
38 47
51 57
88 45
99 67
74 20
65 8
31 97
33 63
51 49
38 13
91 1
20 38
89 49
18 89
78 83
12 75
92 93
74 42
71 78
18 53
42 50
3 34
13 100
43 27
96 26
83 17
1 96
61 2
7 63
83 71
39 32
1 43
17 35
1 54
23 5
61 57
88 87
92 100
31 81
53 53
29 19
12 58
97 44
47 56
9 94
47 42
28 31
60 76
97 71
5 77
97 43
19 9
9 20
62 19
52 40
60 1
79 65
64 2
41 28
31 92
44 91
57 32
13 7
53 63
26 77
66 63
65 21
21 63
35 6
45 45
91 67
38 34
98 34
8 12
20 62
31 15
4 31
56 69
31 22
33 53
62 8
92 11
94 64
13 76
35 96
81 19
75 66
65 41
99 57
33 27
27 89
37 90
84 71
40 54
68 56
91 64
62 94
47 15
76 95
63 31
87 5
81 19
35 20
54 25
40 13
5 78
64 26
20 61
50 91
34 84
47 76
31 26
97 37
92 1
82 54
54 69
32 69
25 73
17 39
36 90
96 37
52 89
70 11
8 65
71 96
75 61
45 53
38 43
43 29
71 91
90 16
92 44
65 66
7 29
71 25
61 78
98 12
21 18
35 71
67 19
74 18
23 6
59 75
89 60
88 12
41 82
74 15
57 69
2 90
14 86
54 68
84 66
36 69
79 32
59 88
6 99
87 70
13 82
38 5
29 64
67 37
42 78
72 88
93 37
41 71
22 32
79 32
22 12
58 97
24 3
91 52
32 93
9 43
44 51
39 82
18 85
86 8
55 6
89 16
17 32
15 96
2 96
21 14
56 45
15 86
17 69
4 98
5 60
88 44
43 58
73 31
30 81
53 72
28 99
67 32
26 78
50 0
36 37
9 26
41 38
16 64
85 43
53 62
13 62
26 13
50 37
13 95
42 10
78 82
26 9
84 35
65 98
72 35
32 66
93 29
8 91
86 40
82 89
83 85
100 42
100 19
73 3
44 93
100 58
41 44
92 98
41 62
79 28
93 84
1 15
58 72
96 74
48 48
86 48
64 11
13 88
72 54
61 34
99 75
17 10
70 64
71 46
79 8
96 22
99 45
46 22
61 76
29 1
88 77
77 14
4 31
28 57
80 92
3 15
79 65
48 80
6 41
1 42
27 58
56 1
61 12
27 61
16 97
87 16
3 79
73 99
91 37
31 80
3 72
75 94
34 6
34 94
50 98
23 7
86 13
82 44
41 88
75 39
99 5
32 30
41 5
61 22
3 25
44 99
52 19
30 53
26 42
66 79
47 83
60 88
47 20
40 43
13 1
57 2
69 64
37 99
59 91
40 82
90 96
38 56
68 80
69 55
23 8
36 91
12 70
44 34
26 75
62 63
11 32
29 44
87 36
6 62
75 2
38 23
90 48
18 80
76 40
40 11
15 55
76 41
23 14
95 46
32 29
96 81
85 57
54 35
76 3
93 16
66 25
92 87
24 76
62 41
34 97
97 68
17 78
15 55
1 37
83 31
55 84
66 74
70 94
40 98
98 21
7 17
66 33
22 77
96 43
14 37
74 71
56 7
38 9
23 28
34 44
65 61
63 40
62 48
32 82
75 87
7 20
88 89
55 60
63 2
40 93
78 80
82 78
65 61
65 65
71 72
64 19
96 85
49 63
90 78
39 100
4 39
83 78
83 26
86 29
18 23
32 36
48 96
4 47
51 37
22 37
76 53
99 72
84 56
12 91
89 27
4 81
69 95
82 58
67 26
67 94
59 19
14 80
68 11
91 87
41 38
59 22
94 97
91 25
78 39
64 92
49 55
11 9
10 74
1 45
87 54
10 58
85 65
33 28
27 36
48 30
91 60
61 76
23 65
11 51
11 74
5 81
61 66
47 25
94 45
70 66
9 47
88 35
61 81
91 94
7 82
98 93
33 29
5 100
27 13
31 33
87 52
21 7
52 78
55 5
55 42
45 98
9 42
26 50
25 12
52 44
36 28
7 14
18 71
39 12
89 63
94 36
75 83
30 34
97 34
51 52
56 74
76 30
61 48
13 95
83 9
92 82
34 72
72 58
51 40
99 51
63 19
29 96
16 56
76 86
59 25
27 92
71 4
90 32
63 42
95 58
54 56
78 27
25 65
62 57
31 87
48 40
17 21
85 38
77 40
95 64
23 22
74 32
100 11
39 57
43 61
18 96
51 16
60 45
11 86
46 38
14 97
100 38
1 46
78 48
80 50
4 97
79 100
55 51
10 44
26 22
95 97
2 29
76 5
65 60
68 58
13 98
27 3
17 47
77 27
16 44
87 98
1 4
47 56
51 60
100 8
65 31
13 26
56 78
24 69
17 30
34 46
92 53
22 63
89 45
77 58
65 29
15 25
63 42
27 94
71 43
62 22
16 64
1 27
12 71
5 50
3 30
69 1
42 51
61 81
97 84
57 57
17 74
9 14
3 47
8 84
54 5
88 79
24 60
96 33
99 63
40 23
7 37
65 1
55 15
93 53
28 34
89 86
54 30
37 36
73 34
100 10
56 94
23 80
10 18
77 6
67 60
34 57
47 76
59 52
7 99
76 70
55 24
81 37
17 73
25 100
1 81
71 29
48 19
40 31
34 85
32 65
1 7
59 100
8 14
41 46
93 31
82 86
69 59
86 26
19 4
82 16
44 64
12 42
58 19
24 20
79 95
42 55
27 5
89 60
28 84
89 59
76 12
22 75
44 62
94 59
59 49
27 10
49 65
61 29
60 58
44 81
65 0
61 9
93 75
4 12
65 60
83 68
8 69
8 33
2 70
53 66
67 72
65 21
43 55
31 34
1 91
20 27
4 55
19 2
81 8
17 82
58 80
41 78
62 18
90 48
91 41
6 50
17 2
53 57
92 21
41 65
69 29
18 78
78 48
25 8
69 21
36 26
41 23
85 50
60 92
72 0
80 6
40 13
85 43
35 86
38 41
59 36
30 67
100 18
59 95
34 71
91 9
79 99
70 21
69 15
90 44
42 5
88 100
22 30
75 87
51 41
51 7
97 28
33 91
51 95
57 91
49 92
49 53
92 41
94 4
52 51
37 69
2 15
60 44
91 43
80 96
95 64
92 47
3 95
15 87
1 78
93 89
19 89
53 54
77 34
30 19
43 72
62 71
67 86
20 24
7 98
8 57
45 28
59 2
32 44
44 92
18 83
94 0
31 1
98 40
74 93
32 49
82 39
66 94
88 40
28 68
94 65
26 83
80 90
17 63
82 0
59 99
13 65
66 31
88 77
20 51
82 79
59 33
71 40
13 59
74 5
24 8
51 16
14 66
41 63
26 65
89 3
2 48
6 13
84 42
53 26
32 33
21 79
69 15
91 18
82 3
2 91
42 39
95 7
43 81
19 75
35 58
46 58
87 96
91 65
71 42
71 65
33 89
86 86
67 86
81 89
48 1
93 4
84 40
77 40
55 13
8 68
52 29
72 89
58 65
81 37
76 100
15 48
6 45
93 23
56 37
18 25
53 93
59 84
42 99
40 83
49 44
92 98
45 21
12 60
88 71
64 39
82 16
96 18
11 65
16 0
1 66
81 11
90 58
89 11
48 57
31 76
85 65
49 32
48 40
23 78
53 44
39 71
54 23
83 0
50 38
12 26
50 27
83 50
13 87
62 93
44 8
30 62
64 50
70 68
35 22
76 6
88 62
87 69
93 28
38 79
40 79
8 91
57 10
42 65
95 66
5 52
33 2
23 65
64 8
3 91
58 77
91 10
38 48
46 20
22 56
14 36
2 70
98 20
73 78
68 30
92 35
24 80
30 66
88 11
62 8
78 65
50 5
66 36
44 74
92 74
61 75
10 98
27 29
89 33
69 66
72 99
89 85
40 57
100 13
1 41
48 65
5 18
36 10
16 77
13 36
44 1
7 59
76 30
51 3
72 51
25 87
47 69
19 19
8 58
17 78
80 6
5 96
98 0
22 41
79 6
14 43
75 36
39 73
3 74
70 61
49 7
3 99
43 68
29 66
91 6
7 21
87 32
43 66
94 52
83 6
6 46
15 100
55 65
14 50
81 24
93 38
51 39
15 3
3 35
24 33
70 48
32 40
87 55
70 9
55 6
95 62
30 99
57 76
24 62
42 18
85 60
75 69
17 33
38 67
17 23
98 11
11 76
76 33
26 14
57 88
59 78
6 22
43 23
12 11
7 39
84 5
96 48
1 52
16 54
43 84
11 88
84 59
84 20
47 15
8 32
18 40
64 84
58 93
72 82
40 98
95 45
64 86
88 98
84 56
28 91
83 82
12 21
50 59
90 2
61 80
29 29
98 19
41 20
55 37
47 63
86 21
35 19
63 96
22 57
27 87
71 5
88 19
55 7
23 90
47 81
44 89
34 1
82 28
75 21
54 24
77 25
11 67
60 36
20 15
68 51
61 18
65 13
26 59
92 11
56 25
89 4
71 98
100 98
17 25
87 68
35 66
89 27
35 42
68 20
35 29
83 13
47 63
53 48
92 66
50 42
34 50
26 14
84 78
66 39
66 6
44 75
16 81
41 100
94 24
30 30
6 81
72 50
91 0
6 68
67 8
82 50
73 47
41 75
76 75
48 60
35 93
65 98
37 30
87 85
67 69
84 5
5 47
34 25
12 36
21 62
20 58
38 72
30 47
29 70
5 67
81 53
2 29
67 79
44 96
81 85
35 16
81 77
37 78
12 16
93 56
94 30
95 32
79 28
82 40
11 32
25 18
75 36
93 44
37 100
83 88
70 27
67 72
11 35
1 56
100 13
55 72
1 47
74 8
94 100
1 6
78 75
69 31
92 30
99 30
44 88
15 37
47 97
17 25
21 26
63 24
22 78
97 17
4 81
19 10
67 19
83 42
30 14
48 90
93 69
63 21
27 52
60 18
55 36
42 44
85 58
83 85
24 30
70 68
7 80
74 65
41 50
74 21
12 35
12 56
33 11
41 6
82 35
27 52
71 58
72 11
85 29
44 74
71 58
20 50
66 97
74 90
53 56
14 56
20 39
93 51
2 76
89 79
85 87
22 78
72 89
36 58
33 4
79 41
30 51
32 45
22 62
21 72
13 26
26 73
66 35
97 1
50 96
80 91
83 33
73 9
32 84
82 14
10 68
30 86
33 84
7 42
70 0
13 93
53 10
21 33
55 56
30 34
16 57
89 73
34 83
28 91
26 26
99 49
79 24
92 66
31 73
93 59
4 71
81 76
36 10
84 11
36 25
17 67
32 22
46 37
39 3
92 99
63 54
93 24
43 60
37 71
36 21
64 48
44 25
25 65
31 16
84 76
100 14
10 77
78 18
58 10
37 86
30 70
57 37
29 1
62 78
62 9
95 72
27 75
35 50
52 33
85 4
81 63
88 32
21 1
36 35
60 67
66 13
62 88
13 85
29 80
37 46
2 34
56 55
32 98
80 82
22 30
59 91
61 34
85 22
61 22
12 15
17 37
61 17
73 96
28 49
19 96
50 27
83 58
19 0
88 90
17 35
1 36
97 33
87 77
30 18
3 57
85 30
39 90
100 97
40 24
45 55
83 41
9 74
99 83
61 8
18 59
47 16
80 48
43 22
76 12
89 95
76 7
65 10
6 17
11 9
67 67
10 96
73 60
39 89
93 73
30 78
4 84
90 68
28 96
35 0
49 78
84 56
69 98
46 96
46 82
56 52
46 19
64 23
33 92
28 39
20 36
42 52
76 64
38 39
53 27
13 84
87 47
30 15
38 20
91 44
1 38
14 98
55 65
79 59
79 29
96 56
41 85
27 58
75 97
10 41
54 92
96 87
82 16
90 6
67 6
99 83
69 98
26 13
49 63
89 83
27 78
69 47
39 33
54 7
1 77
37 39
42 29
18 8
74 54
74 56
86 55
46 96
98 22
15 14
5 2
62 30
97 34
3 14
66 100
91 15
72 50
61 86
22 37
96 95
18 62
82 41
3 2
42 80
58 71
71 94
55 80
13 80
33 95
83 38
36 49
43 62
91 75
22 27
91 75
89 13
84 71
63 58
1 99
1 47
58 56
55 38
5 3
65 36
17 8
42 46
74 3
63 47
48 44
1 91
11 78
19 93
85 32
57 66
60 27
11 81
44 99
83 25
34 61
69 5
98 34
3 16
41 78
65 22
8 23
20 50
87 54
31 88
52 13
51 92
34 44
42 20
37 4
67 13
66 68
28 23
42 24
98 92
34 1
82 28
78 55
12 58
9 15
84 98
16 86
35 66
54 41
64 75
33 57
75 65
50 73
92 64
2 90
84 21
33 96
10 89
96 54
80 61
42 4
16 3
81 20
24 41
1 67
39 12
40 68
46 7
30 87
58 4
63 32
89 89
9 81
79 56
14 70
97 52
94 84
28 32
37 26
58 89
22 30
77 70
13 14
86 88
14 64
57 48
94 67
55 14
100 41
33 54
59 77
15 62
88 14
9 39
94 50
48 35
5 30
35 43
78 55
84 19
65 7
38 41
82 46
3 10
81 4
44 63
87 20
48 42
8 52
27 45
27 37
15 64
27 70
63 40
92 76
29 7
5 90
15 58
84 91
71 80
21 45
38 19
40 81
75 51
36 65
25 21
6 40
9 100
78 52
56 98
55 54
6 61
58 19
32 88
46 60
18 62
55 43
24 45
93 7
13 38
17 56
65 17
11 67
92 54
51 86
1 52
99 67
100 13
21 51
41 32
30 79
64 78
12 92
24 48
47 75
85 31
19 100
71 86
41 7
62 64
9 38
90 53
25 86
17 32
76 12
67 50
57 43
64 4
58 18
41 21
6 38
88 95
79 6
58 50
82 30
19 28
8 55
48 22
40 6
97 48
39 18
71 28
3 99
87 48
25 54
80 71
77 34
81 56
36 44
75 47
46 88
47 68
28 64
4 94
7 94
42 57
7 34
61 54
50 91
15 1
96 1
96 2
79 25
16 48
57 40
90 70
50 44
98 51
84 17
37 16
48 50
28 2
58 81
36 84
49 12
14 96
75 85
75 50
93 83
91 71
87 100
45 97
11 42
76 27
27 80
1 96
42 88
86 22
62 73
43 89
40 29
17 10
5 56
67 5
42 31
94 42
52 12
91 35
64 66
88 93
93 22
69 8
86 72
96 88
69 50
75 55
92 59
14 4
55 1
42 74
24 50
62 30
14 91
9 48
85 65
35 81
91 16
91 0
5 67
28 7
40 77
75 82
62 39
77 40
38 67
44 29
35 57
67 97
30 15
89 71
80 13
2 15
74 24
21 64
71 28
92 81
57 30
17 24
79 40
47 47
82 1
50 5
90 92
52 37
64 61
62 94
1 13
32 1
12 23
19 73
37 40
6 0
53 35
40 67
73 93
94 62
19 42
18 49
46 22
29 26
90 61
56 81
1 1
4 92
31 84
65 58
22 51
32 37
12 76
57 5
33 40
37 97
50 44
77 32
32 96
66 45
91 36
45 48
50 27
56 73
19 32
55 9
56 51
14 24
87 39
45 83
8 95
87 70
11 66
78 73
69 83
27 52
54 84
35 44
87 34
5 83
61 87
20 99
72 39
53 48
78 46
69 79
47 5
3 68
75 41
90 16
58 26
75 43
25 74
95 2
83 21
71 23
5 37
98 87
16 66
44 68
9 33
30 64
27 3
44 36
96 89
1 65
80 47
55 17
67 40
85 53
25 82
10 60
66 52
1 61
26 23
69 11
44 40
47 3
58 31
54 1
6 7
22 90
53 61
70 55
81 86
54 71
29 33
51 35
53 69
3 34
23 70
19 9
65 53
2 94
20 69
29 69
22 53
92 78
87 26
15 14
48 78
1 1
43 5
32 29
85 18
28 8
16 60
73 17
52 18
9 59
98 65
22 47
5 84
43 28
92 8
78 58
45 72
73 89
85 67
19 25
57 33
30 26
30 43
2 94
7 13
1 5
89 6
98 83
30 64
70 43
51 85
34 28
43 54
48 34
76 20
90 75
34 50
14 17
92 24
24 21
81 34
62 16
49 46
4 100
65 1
43 6
4 13
34 18
61 14
24 84
50 27
5 90
88 5
90 50
100 60
63 30
36 80
21 25
81 64
1 28
11 52
37 2
39 21
83 96
86 46
19 21
91 30
38 3
54 87
96 96
97 72
14 0
86 36
67 100
58 21
32 21
57 43
19 87
11 29
67 25
28 1
14 91
50 63
75 44
51 36
25 37
85 53
2 78
63 9
13 1
99 58
96 79
63 80
17 29
68 14
42 60
50 80
78 34
81 62
39 86
91 91
72 30
82 77
60 68
42 49
32 24
93 29
16 37
76 40
77 13
39 89
23 46
47 70
72 67
98 68
14 84
19 100
63 74
5 99
49 1
76 95
29 1
77 82
88 26
76 33
9 79
46 49
60 54
28 78
61 28
14 20
49 84
96 3
76 62
33 52
98 56
51 48
16 26
1 30
30 67
81 30
71 94
9 57
17 14
5 9
47 17
62 100
78 69
41 1
34 78
1 74
5 90
96 24
52 31
73 61
20 58
90 62
95 26
35 59
73 80
5 64
89 77
71 20
88 70
29 42
9 33
3 60
40 21
45 73
29 51
62 95
29 93
80 90
33 70
63 66
41 97
59 100
25 44
44 10
50 96
88 17
19 49
92 66
98 22
56 90
44 59
35 34
72 11
9 50
73 23
1 87
97 58
5 18
100 47
31 22
7 5
18 36
63 53
21 25
83 39
81 43
86 48
67 38
44 77
75 70
91 95
6 83
79 82
38 29
1 95
37 46
55 36
65 54
8 94
17 41
73 42
22 92
91 20
9 72
27 57
6 64
11 34
61 54
56 89
72 98
11 42
30 97
30 62
35 17
93 39
7 10
26 80
20 97
40 64
97 43
86 0
16 76
63 66
82 24
65 37
12 35
60 26
88 57
23 16
44 29
11 67
9 41
14 61
39 67
52 53
87 67
95 3
98 86
66 11
68 58
10 7
81 47
65 43
37 92
52 1
62 55
65 57
79 69
78 19
78 11
50 90
41 14
28 84
78 17
31 92
53 72
26 97
57 7
51 44
18 47
5 23
19 6
87 75
8 77
69 79
16 58
58 92
24 92
86 66
9 11
61 87
97 22
99 12
78 25
77 53
87 35
96 53
16 83
3 38
57 93
37 13
73 68
82 86
26 76
25 52
38 11
17 58
4 44
99 70
27 25
4 50
44 8
3 81
74 1
45 27
33 92
18 76
100 2
71 62
15 38
53 95
47 38
97 57
54 43
66 71
27 22
87 41
5 31
69 64
22 27
32 34
58 77
100 53
17 43
38 32
98 46
65 23
28 98
45 74
56 62
9 2
67 34
69 92
89 59
12 64
58 25
33 78
68 62
11 83
98 57
73 68
15 21
38 62
38 73
97 99
60 99
6 96
86 38
56 22
27 6
37 20
55 7
7 33
2 100
79 36
33 18
27 42
81 50
88 25
42 6
92 37
93 2
6 62
32 58
31 83
11 79
32 67
85 48
17 78
1 64
72 21
55 1
28 67
5 47
18 19
43 88
61 7
9 76
81 6
63 21
82 21
78 53
98 72
39 65
62 29
20 14
11 97
75 85
66 98
20 49
83 75
37 79
82 100
22 75
60 25
55 100
85 59
79 85
73 51
5 23
43 93
17 18
5 96
83 92
20 62
55 75
36 82
45 3
69 59
46 7
56 5
13 26
24 86
36 99
26 0
49 3
54 11
7 98
13 46
63 52
6 56
43 68
2 11
66 31
94 47
42 23
5 15
91 25
15 92
5 57
7 66
3 35
78 19
78 25
37 12
23 52
55 79
44 52
44 12
36 48
65 51
54 37
4 70
4 90
80 96
26 47
78 14
65 79
4 31
62 60
77 63
9 69
21 55
95 66
79 84
87 16
37 1
15 45
71 21
26 94
73 72
72 24
58 17
28 25
68 21
94 38
72 31
45 39
17 9
28 96
53 72
13 85
72 14
19 84
51 56
36 23
9 54
85 25
16 84
93 97
83 76
79 22
60 57
36 3
49 95
100 85
66 89
50 52
18 48
72 86
3 54
18 72
86 57
24 11
11 56
96 77
80 97
26 56
34 61
79 90
69 78
45 55
14 9
24 87
4 90
38 48
11 30
28 19
54 42
37 82
96 71
84 52
67 99
1 51
56 65
98 44
19 70
5 69
94 30
73 34
77 95
29 54
74 47
55 63
4 96
42 91
20 100
54 43
59 66
73 44
71 59
48 3
94 77
64 43
27 54
96 15
72 65
85 50
11 47
70 90
30 6
16 88
35 4
40 97
58 29
23 9
81 83
71 61
28 38
79 2
61 48
3 38
16 27
31 82
74 23
92 90
14 46
84 88
29 85
88 96
73 13
96 90
67 79
40 59
54 31
8 11
13 43
89 14
31 24
12 90
66 87
95 56
34 29
94 47
90 33
46 83
46 77
89 8
69 58
11 100
48 80
24 89
56 3
47 2
37 11
84 80
18 15
59 41
67 56
29 30
46 30
90 45
68 59
48 58
10 79
21 16
78 33
47 74
57 62
88 78
5 57
50 86
100 49
90 44
27 69
2 87
23 41
74 73
75 15
48 25
38 34
41 72
17 54
10 22
30 24
53 2
41 89
29 78
68 34
70 10
33 83
82 43
59 75
31 5
54 57
50 50
99 68
23 8
28 64
61 24
81 5
40 45
97 2
97 39
73 54
78 89
94 37
25 55
46 34
49 52
36 10
31 13
22 0
13 25
66 97
95 51
17 27
95 32
28 10
30 88
80 83
12 31
20 75
63 100
18 46
19 43
90 15
85 74
65 3
25 82
89 57
63 32
27 45
29 82
26 36
23 70
22 16
58 91
62 51
84 80
78 84
89 37
86 81
3 5
94 70
7 27
46 66
34 1
13 52
8 11
43 19
27 54
2 58
86 82
13 47
34 80
26 72
24 73
86 31
84 16
48 97
3 14
21 98
33 49
59 75
60 59
52 12
40 33
51 0
52 53
61 34
61 65
60 53
32 14
1 91
94 100
33 61
79 11
17 99
88 46
6 47
67 92
43 81
74 28
7 62
34 10
7 78
29 56
34 23
97 5
32 24
89 57
39 46
80 77
11 74
85 32
20 24
16 40
40 4
9 38
97 6
47 76
65 90
91 24
70 69
39 2
84 28
53 73
11 44
46 59
31 98
23 98
94 9
7 34
74 80
21 44
42 49
55 95
30 50
38 53
29 55
5 68
52 81
17 25
21 20
42 35
7 57
52 88
31 42
45 10
49 11
96 39
62 70
78 95
11 42
42 63
61 38
92 97
80 31
24 92
66 96
23 3
61 55
89 29
7 99
2 93
34 81
79 10
77 9
40 82
89 87
99 100
21 68
59 0
91 31
67 43
98 63
58 48
63 50
52 75
79 46
89 21
44 65
17 13
86 89
32 77
64 52
7 65
53 30
6 48
34 45
3 19
9 27
74 71
59 73
64 11
57 44
47 84
28 13
30 72
3 65
41 94
12 15
68 65
96 59
71 44
72 6
100 98
94 98
13 50
71 66
61 42
38 86
49 70
83 47
82 47
70 87
31 2
17 86
98 21
45 9
23 9
81 21
32 67
81 17
67 94
41 88
39 3
17 61
56 60
10 100
96 82
94 95
49 78
51 27
14 33
19 44
3 97
73 38
69 55
58 67
33 42
72 8
95 61
41 34
54 50
45 48
52 75
52 64
75 41
91 4
5 15
11 2
45 30
19 34
62 11
94 77
65 98
2 59
39 44
100 78
67 83
71 68
3 73
95 19
16 14
32 80
7 73
80 18
73 85
29 56
95 13
71 96
92 3
73 92
31 24
64 98
53 3
17 64
93 82
93 53
29 25
8 90
57 39
96 59
67 65
99 6
22 6
41 83
25 71
16 21
10 82
77 67
9 5
65 83
31 54
77 17
35 3
9 66
60 57
27 42
27 5
74 91
16 27
25 72
12 93
13 75
41 47
50 35
41 82
81 70
21 1
15 100
94 70
3 86
28 20
29 20
49 75
61 99
79 85
83 91
81 84
35 35
22 53
4 57
19 89
83 87
6 13
32 67
57 58
65 98
86 79
51 68
95 43
87 29
53 53
15 16
38 88
100 14
3 23
5 54
68 25
35 64
48 20
36 81
90 52
58 19
47 63
55 78
75 44
40 32
60 88
10 48
30 25
75 81
33 64
14 66
14 41
94 89
93 18
89 47
16 35
51 25
9 41
72 11
68 96
1 92
2 41
77 76
81 46
16 15
33 80
31 26
58 85
61 63
90 73
80 53
17 41
46 49
3 37
47 18
60 35
39 82
74 62
83 96
96 20
30 71
11 39
14 62
89 24
87 74
32 86
81 79
22 3
96 5
88 82
64 99
31 90
85 17
82 94
91 28
28 91
25 1
8 10
47 47
75 2
1 35
42 43
62 83
86 15
96 56
10 4
62 45
87 45
2 57
50 48
49 25
88 3
31 88
48 97
25 78
12 92
62 50
43 97
35 40
10 19
93 31
46 16
94 15
79 35
95 28
90 18
60 5
45 93
54 9
87 28
83 44
44 84
35 87
49 68
65 81
8 45
80 31
59 23
5 30
73 37
19 30
41 79
69 93
84 99
74 89
23 61
12 83
25 2
64 16
100 70
1 53
89 52
84 14
42 40
47 45
37 48
86 21
45 15
13 30
21 17
21 78
16 28
73 11
72 59
66 82
95 30
47 71
37 20
95 10
76 9
46 94
99 95
36 12
89 52
77 86
26 39
74 11
84 92
51 96
99 11
6 82
77 70
92 53
35 46
20 5
56 11
90 3
1 36
61 60
87 95
96 4
79 22
100 83
100 81
46 79
39 35
57 85
64 65
33 52
85 85
45 99
38 36
45 49
83 93
97 91
1 58
47 49
50 6
26 56
54 17
39 98
26 93
79 74
17 30
100 4
16 39
74 61
34 11
96 86
95 73
87 86
92 99
91 94
49 88
62 8
27 35
23 82
53 52
68 48
55 59
40 47
61 43
72 20
15 93
2 59
6 16
93 15
94 94
57 72
8 78
17 74
25 96
19 52
25 84
36 16
70 16
7 99
65 62
51 74
12 57
88 8
71 67
52 76
100 93
45 99
55 25
38 1
1 51
3 7
39 62
77 3
42 45
92 68
21 51
4 77
12 64
95 52
31 71
79 63
46 35
79 67
82 35
30 9
20 67
34 41
31 61
26 93
78 60
51 44
92 53
25 56
49 40
95 11
56 34
81 14
29 20
41 74
29 60
34 31
11 33
96 94
16 49
72 92
32 10
60 80
31 87
70 95
27 97
17 33
50 9
79 98
74 38
50 9
66 11
94 100
44 21
71 84
75 63
3 12
61 14
58 90
74 57
58 1
11 22
27 10
100 39
19 21
35 47
26 31
37 48
89 89
62 40
41 67
97 77
89 89
45 30
13 39
34 76
86 32
66 77
49 30
69 38
5 50
41 33
28 57
39 32
2 60
65 10
84 4
93 21
1 16
2 25
63 87
21 99
80 23
59 41
29 57
17 55
77 51
21 61
27 83
23 70
53 0
100 21
61 80
100 74
73 47
32 5
68 24
8 40
49 14
85 37
30 93
25 98
35 17
78 20
64 99
1 86
75 70
84 69
3 23
1 17
45 58
68 1
49 83
67 21
28 71
27 54
51 55
71 34
58 55
100 83
47 28
55 81
23 70
25 5
98 47
51 48
46 42
68 12
5 80
42 50
76 45
29 19
94 62
37 7
83 86
93 31
13 33
42 86
16 31
14 49
27 66
95 40
69 93
98 18
52 30
21 51
100 43
62 13
38 0
18 49
27 43
76 100
11 79
62 62
5 9
31 14
73 76
57 84
66 72
62 38
28 39
69 96
52 3
71 57
81 29
86 7
69 64
14 21
72 52
48 34
90 94
15 41
43 6
44 72
83 13
99 43
100 34
75 45
33 91
87 65
99 66
22 51
76 22
45 78
25 90
12 13
28 11
76 91
72 82
42 88
55 10
31 58
30 2
19 77
36 38
43 92
69 37
30 3
6 83
7 65
97 9
7 87
1 3
55 40
4 73
88 30
22 65
12 62
26 2
24 14
13 83
74 2
63 33
54 26
25 34
85 60
12 73
6 72
52 12
37 14
59 16
26 46
59 55
28 73
59 36
29 86
82 30
15 72
55 79
12 37
31 96
45 18
81 83
21 47
13 53
37 94
88 69
98 25
100 10
3 74
15 13
59 18
91 100
33 100
98 33
64 71
67 12
91 11
22 29
99 37
19 49
29 55
90 7
22 20
12 37
84 2
51 8
85 90
7 81
79 66
15 36
90 83
85 75
93 57
84 40
9 25
31 44
73 41
45 47
12 74
59 94
56 80
2 45
90 23
50 66
80 79
45 46
22 57
24 85
25 76
80 23
76 44
80 91
44 64
16 93
48 85
3 54
95 90
22 85
7 12
39 16
3 24
92 74
2 68
16 44
22 36
54 3
84 71
74 13
65 29
65 100
3 15
1 64
90 31
15 77
50 88
87 63
94 58
1 91
36 93
85 27
87 19
46 58
61 97
72 39
84 11
94 1
31 1
12 25
34 69
41 65
54 80
52 96
80 29
17 5
67 68
69 21
55 87
94 83
22 49
35 20
38 53
1 80
65 68
29 9
90 62
45 29
94 22
85 60
21 88
10 61
18 7
30 83
92 27
46 99
99 71
60 66
39 78
29 83
76 13
95 3
11 25
23 27
34 68
84 87
20 74
33 94
8 10
78 70
7 8
52 13
67 95
90 100
83 4
28 79
13 41
98 6
64 81
62 81
9 87
38 50
41 12
37 75
77 54
36 69
83 23
70 33
86 26
71 17
68 48
22 10
65 13
18 20
88 93
51 29
46 35
98 50
17 39
15 67
44 72
55 66
1 33
45 51
51 90
87 11
37 77
1 49
99 38
41 29
66 76
14 9
52 3
90 45
70 28
13 25
82 48
84 29
92 95
2 41
81 41
23 63
6 58
82 79
3 42
40 17
28 57
83 92
13 85
89 66
38 19
62 30
70 79
22 17
53 16
51 27
30 67
45 93
34 19
50 96
22 27
27 40
46 57
74 95
11 18
31 39
75 50
47 18
83 54
16 26
1 4
1 68
93 73
90 50
10 35
61 58
19 9
27 68
8 53
43 14
36 60
75 81
76 53
94 11
32 6
93 55
39 32
88 56
26 95
15 43
55 13
85 2
95 54
46 84
91 57
75 0
85 55
94 45
12 59
83 61
8 89
47 15
87 99
82 79
53 44
88 49
17 60
71 57
73 41
35 84
23 66
5 77
78 52
97 19
100 77
64 16
26 97
1 32
20 81
1 13
50 20
15 1
91 77
82 87
72 85
97 67
74 85
1 18
17 16
84 100
65 28
71 14
51 17
20 59
90 41
2 18
86 26
1 6
40 61
51 91
34 2
32 71
48 73
94 78
40 31
58 98
42 72
93 29
12 54
91 35
75 50
96 55
22 55
38 82
21 78
94 18
50 25
83 33
26 85
43 13
64 69
72 27
33 37
57 15
38 56
61 98
28 76
33 66
33 28
81 48
15 30
80 9
21 78
32 94
33 16
67 96
88 75
68 28
31 32
34 44
30 19
53 16
18 39
20 72
42 1
15 8
94 33
52 72
1 84
58 32
67 55
17 65
1 71
23 9
42 3
93 39
76 56
12 54
1 12
34 54
51 77
79 22
99 39
88 86
62 74
43 29
11 31
6 30
77 52
75 26
44 97
53 44
39 68
88 6
15 80
33 18
44 15
41 51
76 69
67 31
17 79
14 65
82 82
27 50
53 90
9 59
4 65
21 24
79 3
88 67
80 49
32 61
83 82
90 40
27 81
95 14
60 19
81 61
21 58
28 60
17 42
32 60
63 58
59 35
78 71
87 15
96 12
72 72
25 44
33 35
15 45
58 56
61 92
7 38
33 33
87 3
38 72
24 82
46 79
53 86
98 95
31 58
52 97
74 75
96 14
97 7
58 70
44 80
42 79
10 77
6 64
1 86
64 57
1 90
66 41
15 46
51 61
49 15
68 86
5 88
65 10
41 75
35 89
34 31
80 11
38 83
5 85
88 78
24 53
66 78
24 41
73 64
15 1
68 24
93 99
85 19
32 97
75 36
84 57
55 63
13 36
33 75
51 1
41 28
84 31
19 39
80 97
78 38
52 21
53 74
61 38
73 13
75 50
40 50
40 59
27 18
48 77
51 74
21 0
14 78
45 22
16 95
6 10
93 75
69 89
85 29
97 75
70 94
48 86
40 88
3 12
72 6
14 42
28 72
41 93
85 0
77 34
6 68
38 50
64 26
43 14
11 65
39 4
31 91
17 31
24 77
42 95
92 99
47 62
48 87
63 71
1 11
98 3
73 49
8 24
97 70
43 73
51 14
28 58
53 9
44 61
67 74
68 74
58 91
93 83
41 80
73 37
80 12
6 0
2 44
10 51
74 29
62 82
2 96
76 37
74 9
50 55
11 34
99 87
58 35
47 51
85 85
39 48
19 13
84 100
29 74
53 42
95 9
30 63
68 57
40 25
84 24
28 81
83 86
77 10
1 0
31 19
50 60
77 55
19 32
31 88
24 71
45 81
83 63
13 85
84 42
36 15
73 25
5 79
51 81
80 31
22 67
1 30
52 67
3 64
16 49
45 32
59 41
99 15
75 33
58 75
47 41
95 7
100 90
91 23
94 5
67 74
75 87
35 83
56 23
50 90
6 25
59 29
55 87
98 33
90 44
91 64
89 69
49 47
7 73
84 48
75 97
31 31
32 100
66 83
17 29
6 85
64 10
28 6
23 85
69 46
1 13
19 73
89 43
89 71
93 21
53 90
98 81
94 78
25 8
89 35
82 44
65 73
22 92
46 95
69 81
14 34
12 46
100 38
17 50
22 98
93 62
3 31
65 54
78 12
25 27
37 39
1 26
33 100
53 5
87 87
53 78
23 72
5 89
100 30
49 48
42 14
44 72
91 16
86 25
51 15
59 74
39 6
29 63
76 93
83 66
59 63
6 92
11 90
64 75
34 92
5 52
29 90
21 15
35 76
49 19
10 93
92 0
87 40
86 53
61 61
10 82
53 76
42 9
41 9
97 76
46 100
86 33
51 3
1 99
83 2
1 86
97 15
31 98
70 2
64 11
13 25
57 93
96 1
84 20
33 24
50 56
56 44
7 92
92 30
53 1
86 93
81 20
66 96
27 58
53 2
48 8
74 0
72 92
38 99
17 39
68 96
17 71
77 9
67 83
34 69
47 11
18 86
61 88
64 57
95 43
42 8
100 87
72 71
16 5
23 47
86 37
38 32
83 98
46 79
60 34
82 43
79 96
23 28
18 24
78 27
20 62
64 35
99 45
22 86
21 39
76 100
44 58
40 46
77 33
38 55
80 73
90 89
28 12
50 66
36 79
69 24
3 71
84 88
60 65
84 92
42 48
42 56
30 57
29 39
24 83
64 14
63 54
64 93
73 11
70 95
73 3
27 69
69 50
1 43
87 61
62 2
94 22
19 16
94 36
61 42
5 58
15 66
94 46
79 95
72 23
79 23
47 29
89 54
66 29
41 69
88 42
44 45
82 100
72 17
55 92
63 7
85 4
7 93
49 17
11 89
56 25
23 96
58 36
4 82
59 29
80 35
65 64
98 50
15 41
58 80
73 66
9 56
26 62
2 51
53 64
99 64
81 32
72 13
20 29
84 62
81 49
13 60
7 50
28 7
28 59
14 46
36 14
87 49
30 4
34 75
77 97
90 7
57 93
17 85
27 83
92 46
90 82
7 74
68 40
73 29
22 52
2 72
54 5
88 13
11 41
70 26
26 26
24 27
24 62
59 17
18 61
100 96
13 23
90 45
32 87
87 8
85 4
78 19
56 35
14 71
56 31
72 1
23 46
71 3
57 4
7 67
40 23
78 24
48 82
43 54
21 99
94 35
99 100
30 94
89 46
19 42
28 11
23 100
13 52
97 51
19 58
65 92
26 16
83 28
5 25
54 31
73 70
52 39
32 93
75 6
33 15
36 42
97 12
49 35
1 9
76 10
70 15
59 54
4 71
44 86
32 0
81 7
1 37
2 58
79 39
7 70
17 58
77 67
64 11
35 0
27 84
35 34
80 42
20 16
4 19
24 53
78 48
69 60
28 9
19 85
87 89
59 42
5 80
21 25
93 54
35 16
34 24
21 25
90 59
39 91
94 7
82 45
73 55
93 72
78 7
61 6
90 71
54 44
78 77
69 61
25 1
54 82
12 39
36 86
65 2
93 92
83 6
38 83
16 77
60 26
36 68
19 79
74 6
41 84
93 29
62 89
20 40
3 8
89 36
29 24
86 91
12 91
47 47
71 87
80 28
17 10
82 96
56 69
67 51
94 42
12 74
57 4
1 91
7 15
36 5
62 5
1 19
82 52
80 60
60 12
43 5
33 71
41 55
49 51
8 10
32 78
33 3
70 26
21 21
37 7
89 97
72 18
84 89
34 100
37 14
1 57
28 38
70 88
27 23
64 55
95 24
3 65
13 84
75 13
57 82
89 53
1 14
23 47
79 79
41 58
21 25
92 25
100 50
13 0
20 91
82 93
15 57
89 24
45 92
93 77
86 24
96 19
91 36
57 85
54 64
39 86
72 79
99 51
72 12
1 8
3 19
55 98
64 46
94 81
11 20
69 25
22 26
26 24
62 96
25 8
36 5
59 73
72 74
24 45
50 18
20 1
64 84
26 89
55 25
74 15
12 75
43 33
98 56
74 86
27 8
71 77
33 6
24 97
55 66
9 60
43 11
70 26
79 4
51 5
89 60
97 46
69 32
20 56
7 29
68 82
76 81
65 57
22 100
14 69
58 96
72 57
94 25
23 79
63 40
1 16
64 14
33 63
8 13
12 20
33 99
19 81
57 43
22 71
94 15
12 87
52 90
57 80
95 75
26 58
31 8
93 67
17 79
23 30
2 21
87 88
55 40
88 54
54 54
17 36
62 15
84 24
99 16
13 97
39 21
28 19
49 27
58 75
1 2
44 1
16 74
71 89
91 47
85 32
57 5
83 65
71 68
15 59
22 87
90 57
58 64
88 56
28 97
87 93
78 91
7 91
18 92
49 92
17 78
32 36
43 82
23 53
60 66
89 84
79 84
7 92
85 80
16 74
14 62
27 86
36 33
50 88
10 17
8 20
47 41
73 2
84 70
76 5
23 33
8 82
17 60
32 87
88 6
48 82
3 54
75 56
4 7
2 38
1 57
51 49
38 80
87 14
9 15
2 53
41 61
17 83
47 68
45 22
95 5
51 82
48 100
6 90
97 41
17 69
31 69
38 7
100 87
22 46
29 90
15 77
44 44
36 89
10 45
29 60
13 76
78 89
25 45
78 82
68 29
98 76
46 97
31 20
26 20
89 85
99 20
95 57
9 45
81 80
44 72
84 74
11 60
1 52
28 2
70 66
52 71
1 46
83 29
52 78
68 100
94 10
35 50
24 68
49 0
88 5
41 0
7 16
91 99
60 94
27 56
23 45
73 56
47 83
81 38
91 54
70 80
65 19
78 94
31 52
34 41
78 53
32 8
59 24
57 6
87 69
56 35
24 57
61 56
68 66
17 82
74 35
6 97
83 51
38 62
74 77
74 34
6 21
95 63
56 59
51 36
66 93
79 96
75 10
91 32
85 4
70 16
54 55
77 33
65 83
50 99
98 48
76 95
64 60
96 26
29 4
15 2
18 83
54 62
90 95
61 40
60 85
97 28
84 6
36 51
36 17
50 43
75 37
33 59
24 5
9 48
56 26
90 29
46 3
56 62
30 68
56 70
77 8
28 45
78 17
79 18
74 48
69 77
68 0
4 71
83 23
41 49
86 61
10 0
73 35
81 35
17 67
56 59
56 38
17 37
6 84
10 25
49 61
94 13
10 2
20 7
42 2
2 22
55 23
97 81
60 80
28 6
41 13
39 12
100 10
63 16
1 42
96 53
27 11
36 49
39 62
23 71
58 1
52 70
29 53
38 28
63 78
1 87
38 94
39 55
44 81
83 25
34 51
93 89
83 90
81 93
91 49
94 79
36 26
83 57
77 74
81 33
59 37
84 15
4 92
45 16
64 64
60 45
10 82
60 87
53 58
76 12
17 32
14 17
63 29
91 14
8 31
51 36
7 51
17 58
49 88
1 6
58 62
91 60
79 100
38 49
74 100
90 89
87 32
47 64
62 22
66 89
11 40
4 45
1 74
36 10
84 56
45 83
3 84
11 22
44 38
80 25
1 26
21 30
12 20
25 43
22 7
42 28
69 9
5 84
31 5
8 22
80 55
91 13
28 38
59 0
31 12
65 90
85 97
77 89
22 83
95 17
41 2
47 20
84 60
91 0
38 64
18 76
65 52
74 10
28 37
4 62
61 62
42 63
42 59
52 0
88 27
26 26
81 72
11 83
58 38
65 35
85 84
74 35
26 97
100 10
34 99
25 15
17 38
29 3
53 79
77 46
11 44
74 73
85 71
100 30
97 25
2 62
86 45
42 66
9 76
58 43
71 27
32 12
84 0
13 17
82 52
1 88
39 4
33 68
46 68
83 24
77 30
16 5
6 34
82 14
63 45
79 42
75 45
53 20
15 4
50 89
40 50
47 91
77 4
41 86
13 82
76 92
19 86
62 11
37 37
99 77
4 28
90 50
86 20
37 76
14 2
23 39
49 34
47 89
86 8
59 22
52 30
75 22
62 37
79 89
1 44
89 71
100 87
74 29
72 24
37 85
96 59
83 81
26 9
65 31
90 63
4 34
39 38
35 28
98 34
88 68
8 92
55 18
69 7
97 19
63 18
12 56
33 73
37 31
81 0
25 23
69 49
65 1
77 73
60 81
82 29
53 71
98 76
75 22
52 43
22 85
12 36
97 10
4 28
89 20
87 19
87 42
17 6
8 85
27 52
42 9
12 9
34 56
94 84
89 75
89 100
13 6
12 1
87 54
100 62
42 92
2 81
58 78
63 12
18 61
52 63
55 13
61 87
46 88
99 59
26 66
32 25
85 31
18 28
12 35
11 61
24 13
91 18
92 33
30 22
2 74
31 70
1 4
55 13
89 96
8 51
68 13
26 16
23 55
10 60
67 18
36 71
91 91
79 84
91 26
65 20
82 57
1 56
46 67
69 95
58 13
88 55
81 77
55 41
41 68
47 14
61 50
96 85
8 32
66 14
48 33
95 55
2 41
88 4
19 84
49 30
48 69
48 13
84 17
22 90
62 34
25 73
25 20
1 96
27 69
10 82
91 12
37 16
80 0
99 90
39 67
86 89
51 55
26 38
83 65
74 90
95 16
63 15
24 35
81 47
97 81
97 60
21 53
82 3
44 34
93 1
71 28
41 19
44 82
84 22
90 52
87 84
1 19
75 86
70 38
19 95
60 86
16 26
4 99
77 9
4 92
24 20
16 5
23 40
70 83
86 28
9 94
64 49
83 90
9 57
20 50
60 75
6 45
86 61
24 23
14 42
86 9
68 30
94 95
100 6
87 28
53 52
34 4
14 89
43 92
85 79
28 42
49 5
19 93
12 47
99 84
3 44
37 52
66 72
42 6
63 42
78 36
70 52
7 15
33 17
65 53
9 75
90 19
1 73
38 75
72 15
92 95
66 27
77 87
83 35
17 21
85 52
52 15
29 87
16 25
58 0
47 25
30 42
51 24
70 45
28 6
3 40
18 86
13 85
38 73
78 56
100 19
17 66
75 100
18 18
55 5
57 15
67 64
18 24
5 46
85 12
67 52
28 71
81 56
42 91
77 92
1 74
82 66
63 39
93 25
4 56
37 71
14 64
17 90
23 54
24 43
84 93
16 10
4 91
31 48
25 32
20 74
15 41
95 12
80 5
67 67
80 11
97 18
29 86
3 43
89 39
95 100
91 41
92 28
25 83
12 2
75 31
21 43
78 48
15 8
26 27
40 76
40 100
54 91
47 32
69 29
95 19
40 2
14 22
93 77
21 94
27 91
37 37
44 1
78 98
69 91
93 31
11 54
95 38
68 15
26 50
12 47
33 35
88 95
54 42
31 30
92 13
56 21
27 80
82 55
90 26
13 65
56 86
49 95
87 92
56 73
85 51
5 100
1 46
86 3
21 72
44 0
26 35
29 53
9 1
36 78
65 90
70 9
63 37
59 69
54 84
14 63
100 63
41 55
17 0
12 56
44 7
39 20
53 45
34 22
74 36
95 3
94 43
50 14
97 88
5 99
58 29
99 37
4 16
85 88
86 51
10 95
39 42
37 86
23 55
83 57
98 90
100 47
44 90
97 29
34 36
65 83
98 56
1 23
36 45
26 9
86 50
42 88
96 21
38 27
70 55
1 79
77 32
18 57
66 22
62 15
75 47
52 71
50 85
73 14
34 73
11 63
49 100
44 91
59 29
1 41
29 38
55 43
64 89
3 76
46 62
99 63
43 80
38 46
30 39
43 6
20 39
71 89
15 61
16 57
79 31
23 100
38 13
51 100
68 23
3 37
5 10
37 4
80 36
77 73
34 0
46 67
94 75
57 13
21 39
93 83
17 48
1 26
94 36
93 31
60 65
52 66
94 23
14 58
58 82
77 19
80 40
62 76
38 23
69 49
95 2
97 80
40 7
16 65
61 52
26 15
54 41
51 11
91 63
57 41
36 81
31 89
92 92
8 83
69 65
56 7
72 50
71 28
71 36
71 80
99 22
5 19
94 16
72 26
18 94
52 41
60 92
45 65
6 89
3 40
86 95
23 69
43 54
36 81
93 55
27 86
33 56
16 36
66 26
11 0
76 83
8 61
48 86
49 35
52 68
59 25
21 42
92 19
76 76
1 76
45 53
72 75
39 5
52 15
17 98
22 14
43 89
95 59
63 25
86 55
37 2
90 18
94 19
60 36
19 26
82 7
28 45
19 90
59 86
80 34
9 71
41 73
38 83
72 66
83 88
83 83
51 35
45 82
95 51
100 75
1 86
41 40
41 37
94 51
86 1
87 73
6 65
73 41
57 30
4 81
44 31
20 27
77 56
78 65
59 53
50 41
88 69
89 39
58 38
91 27
78 27
37 78
73 26
35 6
77 8
35 49
43 36
7 62
63 1
33 58
51 100
64 62
23 94
68 56
40 3
88 68
44 75
56 55
46 69
72 5
69 32
10 98
76 24
34 10
9 11
92 53
54 58
62 27
35 82
15 81
31 48
75 25
5 12
1 38
6 58
51 55
26 72
80 13
98 69
90 44
24 29
46 55
20 65
63 93
98 11
40 94
99 33
54 33
87 99
38 60
9 68
56 76
23 17
30 93
79 98
48 56
83 55
30 82
90 35
69 74
98 54
59 13
61 36
56 2
24 10
8 69
98 88
82 11
28 77
93 94
93 91
49 46
65 25
65 23
20 69
23 54
69 39
65 46
99 100
90 95
62 69
69 96
39 57
18 96
87 88
48 56
70 23
48 35
36 36
18 26
84 17
38 80
16 44
82 82
36 17
23 18
96 99
56 14
96 82
43 72
73 34
67 6
54 82
38 95
65 97
8 50
51 87
94 15
36 2
27 69
85 39
94 61
41 71
69 15
54 93
84 45
48 34
13 0
38 93
12 42
75 97
56 82
43 92
42 23
59 42
22 25
28 52
62 47
12 60
81 70
45 4
27 71
2 34
65 19
27 4
45 64
97 95
60 54
6 28
45 8
43 46
22 12
95 11
62 92
74 100
29 39
5 41
70 54
16 58
23 44
87 35
83 6
26 43
67 25
88 77
5 4
25 61
43 33
71 54
49 3
81 13
39 66
40 21
36 21
52 45
94 58
37 85
24 38
54 94
39 67
39 83
69 1
90 7
34 33
72 98
95 25
45 85
72 52
58 32
32 3
93 82
28 85
6 31
67 20
94 4
6 66
25 30
31 1
35 79
95 43
46 85
38 94
82 0
7 12
24 99
19 56
62 14
71 48
31 81
49 64
53 34
14 8
58 15
92 25
64 74
70 81
55 26
45 36
90 35
45 75
7 44
88 82
31 20
11 85
11 6
7 58
63 89
43 66
74 15
14 15
34 22
40 2
76 15
49 2
90 25
44 39
91 100
93 31
24 52
46 3
33 20
31 40
89 90
77 8
3 45
49 5
21 71
46 10
45 23
55 4
94 67
57 61
73 64
5 66
75 52
92 13
24 56
83 25
36 36
33 80
87 88
57 23
100 12
18 91
43 94
80 34
85 43
83 55
40 92
35 22
38 63
38 5
90 19
46 25
32 56
81 76
83 52
69 74
93 43
24 73
22 3
79 62
50 88
10 61
96 0
90 46
92 78
98 16
16 50
77 83
42 54
44 81
94 12
40 69
18 18
92 12
82 2
7 62
29 3
36 34
10 52
18 43
22 2
98 10
25 3
45 47
65 51
29 8
37 53
42 99
47 27
79 81
90 61
60 46
28 27
74 87
5 55
67 44
26 33
91 8
66 25
57 93
40 71
32 68
91 44
24 88
13 76
54 49
4 34
29 48
62 1
70 43
1 34
79 26
34 15
42 57
31 77
18 24
73 28
65 14
88 16
96 67
16 13
16 14
70 100
49 18
93 82
35 43
32 35
40 4
30 64
99 49
87 10
19 14
59 95
76 72
8 3
90 79
83 96
69 45
16 16
65 18
98 58
98 98
6 58
31 27
6 28
21 2
87 79
62 96
35 48
92 80
62 74
65 35
100 24
64 99
78 69
92 72
1 80
19 30
7 41
35 94
50 61
40 95
58 41
30 55
60 66
66 91
44 33
96 20
50 58
88 27
15 9
13 24
64 100
9 66
13 34
13 37
83 74
54 27
40 12
7 10
26 19
63 13
23 90
34 48
84 62
74 27
37 72
96 25
14 73
70 10
26 83
100 13
7 25
100 5
7 45
74 30
11 35
79 42
27 55
80 56
15 89
59 10
7 71
5 49
77 1
49 76
73 40
96 98
51 77
47 47
60 60
65 63
84 47
72 57
70 98
82 74
38 50
74 57
51 46
92 73
50 91
100 39
97 2
16 29
34 94
27 39
1 59
29 48
33 89
74 80
54 23
45 64
86 64
36 63
5 62
28 99
75 49
52 81
85 29
59 55
100 28
62 41
91 25
54 60
34 40
84 75
9 6
91 100
82 35
14 81
55 64
2 76
12 86
53 21
27 22
32 42
40 52
63 11
7 11
39 23
95 31
16 35
99 2
74 1
19 42
80 89
99 10
13 45
18 59
30 69
86 78
73 8
17 39
48 24
15 92
40 40
61 61
20 97
83 48
53 82
83 97
81 67
95 7
1 27
73 30
55 57
24 73
29 63
27 51
70 22
7 38
9 6
58 6
7 93
70 48
24 90
81 70
29 10
1 64
60 50
47 17
5 35
20 97
76 93
3 12
81 20
23 18
99 66
35 61
64 44
97 32
40 65
72 80
24 97
50 35
10 2
81 32
49 66
42 77
100 91
61 34
74 33
15 10
85 27
48 8
26 41
87 25
34 85
70 47
59 47
61 93
42 41
64 43
91 68
39 6
25 17
36 3
55 1
96 88
27 62
7 2
34 46
94 4
100 61
5 8
16 52
24 41
60 83
65 65
48 88
98 19
80 94
16 38
96 11
22 21
41 21
72 33
75 77
57 89
51 53
9 22
97 64
90 58
3 68
20 75
64 74
29 17
71 62
13 16
86 91
67 48
70 48
38 93
56 23
35 61
45 57
72 29
20 57
52 42
59 42
16 37
97 44
33 24
19 72
74 18
5 6
73 42
66 76
68 33
18 75
100 2
24 5
41 50
15 65
35 75
63 14
64 20
39 29
97 49
72 38
69 17
83 2
74 93
23 63
19 51
20 49
65 46
69 22
26 21
9 36
38 18
52 18
65 65
76 76
24 79
43 93
63 100
79 88
15 67
78 28
29 93
71 77
21 66
44 22
89 67
11 76
55 46
32 88
91 32
37 42
16 12
20 78
1 42
61 17
6 71
63 11
69 60
25 1
45 14
55 45
56 30
32 71
60 86
91 84
60 56
60 2
9 46
100 99
8 39
88 44
8 66
65 49
94 18
42 70
42 57
4 91
52 85
90 11
96 58
29 58
60 60
14 43
8 41
75 82
90 15
18 51
90 64
99 78
37 6
17 53
62 52
95 37
61 80
76 43
64 82
63 23
71 84
31 22
66 28
26 14
41 14
49 60
30 33
47 3
68 96
47 95
70 73
8 43
95 39
47 84
70 43
98 45
54 1
63 42
47 76
72 96
88 25
25 82
70 33
63 22
38 31
8 81
78 71
1 29
86 16
91 77
88 66
89 51
5 57
78 43
77 77
58 28
28 85
93 69
51 38
68 94
34 76
51 26
22 80
38 38
18 99
43 9
26 43
13 62
90 74
82 69
38 49
40 63
16 42
79 70
73 60
8 41
68 51
90 58
33 2
24 47
86 76
47 40
32 33
88 20
78 48
24 18
17 92
90 17
13 85
81 53
50 19
46 83
42 56
55 18
53 77
8 40
88 41
32 56
32 92
29 73
6 64
5 19
13 72
2 72
31 55
7 52
44 91
10 83
85 62
15 63
38 11
34 79
92 91
10 84
22 42
37 91
94 8
58 11
86 39
56 28
63 59
96 60
86 3
70 87
73 30
39 47
92 39
44 5
2 23
63 26
68 31
67 48
7 31
34 37
36 65
87 80
67 89
50 85
52 23
36 88
39 38
76 11
31 75
22 80
16 98
52 7
71 87
11 57
82 24
4 64
42 4
97 70
8 43
45 3
93 84
2 57
33 97
46 8
34 11
62 70
42 49
86 58
59 7
22 6
88 74
2 75
37 38
73 19
20 78
80 50
57 2
46 16
3 77
39 37
34 58
72 94
35 87
79 17
3 71
77 36
34 35
52 53
42 12
58 43
16 96
69 30
41 76
100 65
5 50
57 78
11 13
86 18
93 63
20 98
38 36
75 64
52 99
68 7
66 68
76 2
14 46
49 62
13 69
65 52
60 95
39 13
75 49
62 33
73 37
63 69
21 87
75 11
22 70
69 63
4 47
66 27
89 38
73 22
55 72
13 61
38 75
72 53
77 1
75 31
76 11
93 71
90 77
63 81
94 1
64 100
67 53
90 51
4 84
74 1
37 69
55 12
36 88
32 5
73 1
77 87
91 95
12 56
5 52
3 11
8 93
55 13
68 31
24 99
21 85
42 15
2 100
99 18
72 91
14 7
46 38
67 21
92 51
34 36
34 59
21 87
75 45
91 26
34 24
72 32
22 2
5 25
40 41
37 25
70 74
20 55
13 48
51 22
71 39
99 93
56 48
6 75
52 65
23 3
53 97
3 48
72 58
38 33
8 52
19 29
10 71
28 53
74 81
21 52
62 74
26 62
98 72
91 88
77 14
84 95
11 38
16 23
69 6
17 28
26 46
76 51
78 63
3 70
61 10
11 27
33 17
41 69
55 32
47 18
13 49
18 95
56 64
19 51
94 16
45 25
99 89
62 68
81 77
48 52
91 93
64 25
75 34
45 65
27 100
47 53
61 27
54 37
48 70
36 36
64 5
49 55
62 54
36 86
9 58
26 36
56 64
50 58
30 95
1 44
60 57
58 25
9 64
65 43
96 77
85 43
32 95
69 60
97 57
48 41
88 39
21 56
91 73
53 75
64 69
16 12
81 35
89 3
20 24
69 5
76 31
26 5
20 48
73 99
96 81
94 78
24 13
46 76
62 19
38 15
66 32
38 21
51 81
3 81
90 73
50 99
69 1
4 57
53 94
50 86
14 87
19 63
15 21
24 42
50 100
26 0
16 47
14 7
48 61
93 53
61 24
54 87
58 40
88 28
13 46
97 62
8 8
58 68
73 3
52 61
8 63
23 55
80 95
28 61
75 85
14 10
36 94
43 16
39 24
59 71
88 36
39 27
90 14
40 42
68 50
3 6
33 14
44 25
55 45
80 88
55 26
100 64
20 55
73 91
69 53
70 40
44 44
81 37
89 41
5 73
71 66
56 12
70 50
76 64
20 85
34 52
10 42
1 31
44 32
89 14
59 10
98 29
16 94
32 76
79 53
9 37
72 91
37 81
46 95
30 3
79 34
73 43
37 56
42 65
16 93
40 34
27 1
32 9
32 12
78 83
63 5
89 63
13 77
49 16
33 25
88 11
83 27
70 54
16 32
4 96
84 7
10 36
47 60
45 100
12 31
79 57
75 10
93 55
89 71
70 5
52 83
1 2
9 48
90 56
62 0
62 61
30 64
90 83
52 41
23 55
90 40
3 22
77 17
39 12
15 31
99 38
4 97
30 86
58 23
1 70
73 16
35 19
61 39
99 44
89 82
63 24
1 63
64 62
33 44
75 24
46 54
81 13
27 0
80 35
34 87
48 85
22 29
36 80
21 0
21 10
6 46
45 91
95 96
66 72
55 46
68 5
71 48
25 62
26 41
7 99
55 41
98 3
26 45
80 85
48 89
19 37
14 20
63 28
69 69
5 17
35 3
33 27
4 69
72 57
67 46
84 78
31 55
89 99
88 4
62 71
88 75
71 83
78 16
34 49
45 70
82 67
1 66
92 45
97 78
10 99
16 24
77 37
9 81
11 0
12 19
92 65
37 62
75 34
65 84
5 56
82 48
31 70
94 61
54 4
34 80
65 99
1 97
95 19
1 51
15 11
91 38
59 75
30 17
93 75
15 40
19 86
18 87
91 66
27 44
22 73
85 84
32 31
5 78
87 14
73 68
84 77
90 79
69 100
12 34
19 76
59 29
16 28
29 82
47 89
1 52
59 37
97 58
17 93
28 95
14 50
9 68
37 37
2 94
38 86
33 56
67 51
51 16
36 92
70 36
78 5
35 43
48 50
9 17
1 83
13 11
65 75
36 47
53 23
25 95
9 61
67 12
12 85
94 7
43 35
77 83
50 21
59 4
90 11
76 23
39 70
20 18
81 57
55 61
2 91
13 40
7 43
69 9
50 74
48 19
87 8
78 30
82 89
50 44
7 58
8 97
7 37
23 14
46 87
52 56
3 54
79 48
13 88
29 27
64 43
89 64
69 99
69 75
34 38
1 55
54 77
76 5
45 27
87 53
54 32
4 22
65 40
93 27
77 41
19 62
31 19
37 62
77 83
39 72
76 50
18 8
91 16
52 18
65 48
1 96
13 24
56 25
42 4
29 100
31 41
47 72
19 86
84 19
97 19
59 13
96 86
100 32
51 93
23 9
57 84
1 89
58 17
57 64
84 46
75 80
66 18
1 90
56 7
68 63
53 13
34 17
56 50
9 4
50 95
80 56
61 14
86 87
2 57
12 94
42 46
79 41
52 71
94 21
2 97
98 4
96 7
93 80
40 90
76 71
2 66
23 79
19 49
62 55
8 36
34 64
1 88
43 4
74 70
42 19
14 90
28 34
19 92
15 69
95 82
25 4
17 24
63 5
9 42
42 55
85 29
100 49
52 70
64 91
84 96
75 39
47 96
85 99
13 21
92 30
53 42
1 1
49 69
16 6
56 87
40 87
87 45
80 48
33 57
18 71
18 79
57 26
6 9
82 50
36 15
61 39
43 89
91 81
91 17
96 28
43 19
99 74
7 97
71 73
59 33
31 28
70 97
3 43
32 24
6 87
90 13
88 45
39 10
55 1
1 53
94 92
79 5
47 68
52 77
15 38
19 92
83 28
56 7
85 96
10 20
1 10
84 18
71 73
18 66
97 91
56 6
94 78
30 9
32 11
41 59
72 8
69 85
59 14
64 48
31 39
91 3
60 36
71 98
48 23
39 57
94 56
12 90
95 84
100 24
57 91
30 20
42 48
22 93
15 58
5 72
42 89
97 96
40 4
88 12
78 84
16 14
23 75
69 61
96 26
5 100
27 100
34 16
57 82
99 39
7 99
8 43
41 2
2 74
64 34
83 27
59 59
59 38
9 2
34 73
24 10
31 98
64 85
36 53
24 24
94 30
41 10
22 32
56 2
86 44
96 28
87 31
82 17
66 28
61 23
60 56
86 73
80 96
91 46
1 70
3 50
54 31
1 84
12 44
26 40
58 55
15 0
30 61
45 40
84 56
17 55
23 32
10 95
85 43
1 82
51 31
18 23
39 19
50 55
68 19
42 43
34 97
63 60
82 31
1 42
62 7
34 31
27 60
89 76
43 42
20 41
91 75
78 24
20 31
38 64
6 45
59 26
23 45
34 81
81 7
37 57
74 82
39 20
87 3
12 5
72 13
62 26
35 34
34 24
97 28
58 98
55 93
39 51
21 62
28 8
79 89
7 5
65 91
47 2
1 49
78 89
7 2
24 37
28 18
12 7
48 31
59 99
12 64
44 54
88 65
60 26
97 68
2 12
15 62
89 55
81 74
60 65
17 43
22 95
69 60
71 95
99 17
9 6
46 68
52 2
15 72
44 97
81 73
63 62
40 35
66 20
49 5
2 30
64 7
87 79
94 26
62 79
66 90
64 26
5 94
53 11
31 42
11 94
47 9
85 41
14 66
58 67
55 36
55 44
9 70
92 74
11 76
50 27
14 9
63 45
97 8
30 68
38 78
52 32
36 2
23 71
47 78
39 88
32 78
79 96
66 19
27 19
27 74
60 27
69 98
34 62
50 97
35 49
44 9
43 93
91 31
94 88
53 98
5 13
67 64
26 6
38 71
43 96
88 51
72 22
32 53
65 26
24 98
23 79
46 68
47 37
47 92
67 31
37 21
92 87
17 19
44 16
62 83
89 48
7 86
73 90
98 25
13 43
34 67
19 41
93 53
73 9
99 1
74 44
96 71
66 44
23 6
90 81
94 99
73 4
70 93
59 69
20 86
85 56
29 28
25 20
17 93
72 21
63 29
48 2
85 58
68 78
81 78
14 74
7 4
19 17
17 93
77 56
46 65
40 30
21 22
97 94
22 47
85 22
74 64
35 56
82 32
97 75
68 36
17 88
54 72
11 20
27 15
97 82
11 8
57 59
88 42
98 98
66 28
79 17
43 14
88 41
26 46
95 88
31 49
98 44
47 28
19 72
93 64
83 49
44 75
15 16
88 0
97 25
1 35
54 62
42 42
23 58
4 7
33 54
76 47
14 99
64 1
56 99
75 97
65 95
31 92
52 86
96 88
77 64
25 39
53 67
23 82
98 49
94 9
17 76
88 82
96 22
82 3
51 9
61 31
24 71
97 2
20 4
54 74
12 100
74 80
78 94
7 80
47 7
62 45
34 97
79 11
18 77
59 4
80 4
94 23
7 77
10 50
16 62
31 93
69 25
39 100
46 60
75 86
100 82
81 20
61 24
17 73
15 83
13 75
57 29
13 19
11 1
34 5
55 45
7 84
26 34
8 23
76 18
97 43
51 27
14 56
91 96
53 37
23 52
85 80
48 80
1 88
44 51
33 96
6 94
35 6
68 22
56 76
44 94
34 16
48 43
62 1
73 38
94 26
61 66
41 62
87 30
20 2
20 31
6 76
1 41
45 44
90 35
50 97
44 44
56 77
1 32
35 2
60 80
85 39
24 86
19 2
66 14
63 31
77 41
16 45
27 93
40 71
79 18
18 41
56 0
17 73
20 0
30 24
20 98
28 82
37 45
12 39
37 0
30 6
75 83
100 85
17 88
21 52
16 78
66 30
45 14
68 3
31 0
43 41
78 40
96 24
14 65
51 24
55 38
97 78
70 71
100 22
78 22
31 33
96 9
61 48
10 79
59 46
15 88
61 12
6 65
40 44
5 73
82 25
75 48
58 19
96 14
50 67
70 43
35 67
12 69
46 44
77 96
80 69
62 77
20 30
2 37
71 53
31 39
72 66
21 86
83 40
23 65
44 30
62 52
99 80
78 58
40 84
15 62
32 91
11 29
48 25
56 21
37 54
60 54
39 52
82 63
7 53
49 94
100 36
75 45
27 40
50 83
70 91
57 30
75 95
82 53
75 85
69 20
88 30
82 51
14 36
86 42
37 38
3 2
47 37
93 31
83 3
10 49
34 0
1 3
61 84
18 16
22 54
59 72
53 72
71 99
53 39
23 54
93 38
11 67
99 41
55 10
51 76
78 12
70 79
39 84
100 25
1 31
46 51
47 15
32 30
92 50
70 54
10 41
29 74
65 96
25 59
61 41
3 43
7 44
57 87
31 23
27 37
2 15
64 2
98 41
97 81
34 23
58 73
40 53
62 0
94 13
76 40
69 76
51 26
23 2
26 5
86 43
36 71
64 90
84 55
3 4
26 3
67 21
26 16
46 82
74 68
75 35
62 21
37 76
59 94
97 97
42 37
80 89
57 85
76 75
61 7
61 46
87 42
8 24
64 62
96 13
30 72
86 79
83 24
40 0
92 7
36 91
73 91
37 31
77 90
37 86
86 88
66 71
55 64
89 28
64 100
25 73
8 33
77 21
31 26
11 17
83 95
6 56
33 40
54 20
64 26
57 50
51 25
30 12
33 40
88 19
63 92
75 37
1 20
41 87
47 64
28 79
47 1
32 7
32 76
70 33
1 3
9 100
44 76
12 95
39 20
64 100
82 56
43 69
37 36
91 1
17 42
97 14
15 96
63 19
22 2
97 72
98 7
60 99
8 95
97 0
12 91
1 4
10 83
42 20
90 77
49 97
19 95
56 70
40 38
72 59
50 82
80 16
16 88
45 30
12 9
1 4
21 88
75 43
61 61
30 47
84 31
18 90
36 86
85 38
33 25
26 50
7 0
3 76
17 28
48 78
83 16
84 94
90 80
86 55
51 8
38 51
43 10
7 61
86 31
82 12
1 57
72 20
94 49
86 81
47 35
34 15
84 71
23 36
23 16
71 100
89 12
40 50
20 42
81 6
86 81
43 36
34 45
93 44
25 42
60 30
59 20
91 33
93 85
38 38
84 9
1 66
42 47
26 40
33 66
6 54
95 65
86 21