70
0000100011010011110011010010100010001001110000101111000000010111110010
1001111110011011101000011111011011100100101101101000000010001111001110
1101010100111110011011010101101001011110000010100001110000110000110010
1000010101111101101001010000011010110011101001101110001110010000111011
0011010111001011011011111100100111010010110001010101000101111010001111
1000000010110000010111101010010000100001110101010011001110001101001101
1011110010100010010101110001100010011101100010111111111111001111000100
1000011000011111011011001010001101001100001100111010101010111000111010
0011000100100001111100111011110001101100011011011111111111110011000010
0110011110010100111011000000100100101101001100011110010111010100100010
1100100101011110011000111111011001001011111110110000110101111110101001
0000101010001010010111101101100110011010101110011001001001111111110100
1000011011000011000011100101011010000101101100100011111100101000100011
1100111010011001001001000010100101010010100011111000000100111011101111
0001010011000101100010100001010000001010010111010000010011100111000010
0010011001110000000011101010111001000000101110101110110101111010110101
0010111100111101011010110000100111001010101010001001100001000001001111
0101000000001111000101111001001111011000000000011100010001100000001100
1000011000011011010000010001100101010110000001010001010111010011101001
1111100101101111101010000111100001100000101110110001010110010100111100
0101001010100100011001000100110000001000111000011010100101000110011010
0100000010100010101100111001101100101010001011001101010110111010000001
1111000101000100001110010011100010001000111110110111011100110100000110
0000010101011111000110001011010000001110101101001010011000001011000101
1011001001001110101110100010111001101100100101001100111010001101010011
1001011111000111111001111010010110001011000001111010110101100001110110
0011101001011010111011000001010111101000000111100100011101000110011100
1001110101000101100010001100011000010010001011101101110100000011000011
0101010100101010010000010111001001100011101000011101101110111010111100
1010101101010100111101100000101110101110110101111101010010000110011110
1000111011010110101110110110000010011101111110100111101000110000000001
1111011010101011000110111001101010010110110000111100000111110000110010
0010010111100111001111011001100000011011110000010001101100011000011110
1001011001011010000011110101011110101110011100011111011110011000000010
1010101100111111111010110101001110001001000110000001111010000011001111
1100010111101011100111111110110001101110111110101000001100000101000011
0101110000001101001100000001100100000110101100100001001000000000010101
1001110000110111110111100111100010100000100101001101010110011010010101
1100011111001001010110101010001000100101001000100010011100110011000110
0110100110010111111111111011010101011100000001000001111111111011001100
0010000111000010011001000111000001100011010000000100011001101010111011
0111001101011101111101011111100000101111001111111101100000100101000111
1010111000000110011000001110010110100101100001100111000010000111101000
1011101010000100111011000101100110000011101000101111001110101101011111
1101110101001000011010011100110111001111101101011101100000001001000100
1010001101111001110110100000101111111010100100101111011000010000000011
0000110011010010111011011000100011100101100010011101010001001110100111
1111000000001001100001011011001000111111101101001101000100101011110011
0010110000101010001100100010001010101011101000000001011110110110011001
0110010100111110101110010100000010111011000000001011010100001100000110
0110100000110110111101001011110110111101110010111001101000000111110100
0101000101100111010010011110000100010010100000000000011101111110010110
1101110001010110011101110010010101011110101101111101001111000101010001
1101110100010100100010000000101110011000011110010010100110010010101001
1110100001100111111111000101010100000100011010110100010010111100100100
1110000100010010110000011000011000101000111011100010001000101001011111
1010100000111101110010110111001010011010110011110111000100100110110001
1111010100001100000101111001111011111110011111011110011110010010010000
1101011001000000101110011011010011111100001011100110110001001001111110
0100011000001010110010011111010000111000111110110110100110101111011110
1011000011000010111110100111011100111010011001001010110011000101001010
0011100110001101111001010101101111101111100011010000010101100000101111
0011010101001000110100101100001111011000010111000100101100101100010001
0011100101101001010111100010111111001100100001101101011011000110000100
0100111010000010110011111011011011111111010111001101100101011011011000
0100111011101110111001110001001001110011011011100100011000001101001101
1010001011011011000001111101001101011110010011110111101011000011000001
1011000111101010001011001001001101010000101001011000110011001010101010
0000011000110001011101010010101000001101001010001010111011000011111001
1110001111010010010110100110110111000011001010000111001001111001100100
