60
011100110010000001010001110011110010000000101001111101110100
000101110101110011100010001001001000101101000111010111110001
010000101110001000000100110111111100100110001001000000011000
001011101100000111011001010111001100101000011111111100101100
111001010111110011010011010000011100101001011000100011110100
101000111001110011110101011001101011000111110001011101000001
000010010111001010100010001110111101010101101001101100110110
001100000101001111101000000110011011011111001011101100001000
110010110111010110011100000011000001010110000101110101111100
100001000011011011010100111000011111101101001011101000101100
010101010001001100000001101100110110101111111101110111100111
101100000000101100111011100010100111010111101010011000100011
101100111110001110000011101000011111010110111011010011101001
101100110011100010001010000101010011010001000010110101010011
110111001000010100000100101010010110100111010100100001001001
111011100100010011011111100111101100101010111010001100101101
101000000011001000101001110000111011100101010100011100000101
001000101011111010000110100001001110110101111110101011111111
101110001110111101001110110111100101101010111100010101101100
011000110010111011100110100010110111100101010100111101011000
111011100110101001010111000111010111111100101111100011101111
110110110011110010000001111110011100000111101010111010110111
101101011110001010000101101000001100100100110001000011001011
011000111100011001110000011100010010000100111111000000001110
010111111000010000001001010001011110010111101100111011001000
010000111011111101011010001011011100101100010001000101101010
101110011001010111111000100111111011001010110001010010010000
110011001101101011010010110010100010001110110111001000100011
010011000110110011000011100001010001111100100010111001001000
000010110111101010010111000100110001111100111010101000000110
010110011100111001001111110010000110111101110100010110110111
010101001001000101100010000100100110011001110011110101010110
100000001011011000111001000111110100101111000111100101010110
110001011000010010000001001111000010000001010010101110101101
011110101000000100100110010011001000010110010011010110100100
111110000010001101000111110100111110101000111101111110111000
100001111001110000000101101100010110001101011000000010001000
111111000110001110110111011100001101101100101011111111011100
101001101001111011010111100000000110000100000101000100011100
100110000000010100100000001000010101000000001010000100001110
110110100100010011011011010011110101111101101001011001010001
101100001000100100101011011111000011011100100101001010000101
011110011100011010010000010000001110101100001011111110101010
111000111101010000001100100010001000011111101101100100010101
010001001000011010010010011110111110001001000001000110110000
101011110101110100000110011011010110110110101000000100010011
101011101010001010110010111000100001101011011100010011111111
000010000001011111110100100011100100100100000110010000000100
011001000001100110100011011100100010101111001111011001111111
001010110100001101001011010101001100101101011100001011000001
011010001010111000101011011000111010101100011111000010001111
001010000101101001001111101111000000100011000011111011011001
101101111101011110110001010111011000001110010101100001110111
001100110101000110000101001101100111101101111101001000010111
001001010000011010010011101011011000111111010101011101001010
000101010111101110101011110111000110100101100001011000101001
110011100011010010000100001101111010000011011101010011000101
011001010001111000010010111110000001100010101100010100110000
111111011100101110110000101010000111111011011001010100011100
101110111100000000110001111011011011111100101001000000100110
