62
00100011010001010101111000000101101001011011101101011001001111
10010000011111010111010100100000101100100111111011110010010100
01010101100111010000110000000101011111110111000110101100110001
10001001001010000101011111101101111011011100110011001100100000
11100111110000000010001011101101000100111111110010010010010011
11010000110110101110101011000001110001111000101100111110000100
01110100100011010100011011110010111000101100011010000101001111
01000110101001111011011111000100001111101000001001001010110110
11010000010110101110101011000001110001111000101100111110000100
00110011000110000011100011110110000011000100011111111010100111
10101110110101111100110111001000101010000100100110110000100011
10011011000011111010001000001100010010001111101010100111101110
10001001001000000101011111101101111011011100110011001100100000
00011100110010111011010011011011001001010111000011011011001000
11111010010010001001010000011011011110110000101001010100110111
00011100110010101011010011011011001001010111000011011011001000
11111010010010000001010000011011011110110000101001010100110111
00101001010101111010011000111110111101001000010000111110010001
10110010001010101000110111100000011101000011110100001111011011
00101110101100000110000100001001110101010100001011101111011111
01011011000111111101000011101101100100110000010101100001011010
00001100110100000001101011101000011110001011011101110101111100
01100000011001111011100100100001010010111100010111010111101001
10101110110101111100110011001000101010000100100110110000100011
11100000000100101101001001010010100111101111100011101001111001
11100000000100101101001000010010100111101111100011101001111001
10100101101101111001000111010111010000010011111001100100000101
11111101101110000011111100001110001000101000100101100011001001
11100111110000000010001011100101000100111111110010010010010011
01000110101001111011011111000000001111101000001001001010110110
11111101101110000011111100001100001000101000100101100011001001
01000011011100000110010111010110111010110011000000110111101010
00101001010101111010011000111110011101001000010000111110010001
11001001011001010000100111011110000101100100101110011101011100
00001100110100000001101011101000010110001011011101110101111100
10010110111111010000001100110011000011011000110000111001111010
11001110100001010111100000111010110001100011110101001110100010
01001010001100101000111100111011001000111111011110101000000110
10010000011111010111010100100000101100000111111011110010010100
01000011011100000110010111010110111010100011000000110111101010
01100000011001111011100100100001010010110100010111010111101001
10000101100000101110110000110111101110010000111110000011111100
00010111111010101101101100010110110100001101000111010100010010
00010111111010101101101100010110110100001100000111010100010010
00100011010001010101111000000101101001011011001101011001001111
10100101101101111001000111010111010000010011101001100100000101
00111000001011010110101111011011100110011011000100000010110101
01011011000111111101000011101101100100110000010001100001011010
10000101100000101110110000110111101110010000111100000011111100
00101110101100000110000100001001110101010100001010101111011111
10011011000011111010001000001100010010001111101010000111101110
00110011000110000011100011110110000011000100011111101010100111
01001010001100101000111100111011001000111111011110100000000110
11001001011001010000100111011110000101100100101110011001011100
10110010001010101000110111100000011101000011110100001101011011
01111101111010101100000100101100100011100011011000011000101101
11001110100001010111100000111010110001100011110101001110000010
10010110111111010000001100110011000011011000110000111001101010
01111101111010101100000100101100100011100011011000011000100101
00111000001011010110101111011011100110011011000100000010110001
01110100100011010100011011110010111000101100011010000101001101
01010101100111010000110000000101011111110111000110101100110000