60
000100000110001101000101111101111010110001011101111001010000
100111010010111001100010000110110010001000010100011101011011
110100110010110110010011011101111000110100010011000011101111
000001011001100111000100011000011010001111000111000111101010
101100001000010010101101011000011010001101101001100011110010
101010010010000100001100100000000011100101000100000011000100
110111010111000100111010100110111100011010000100100001010001
100010000000111110100110010000101001000110010001011011100000
111001110100100010110010101010100101000111001010000011010010
011111010001011001100110011111000010110001000100000100101000
000110011101100100001100000011110110001010010001101111011110
111011011000001111111010101110010001100011110000001100011110
100011100101011000101011001110010010011101110011111111110000
100101101011000100101011101011110110111010100010100101011000
001111101010010100000110011110100000001100110000010000000010
010010001100100000100101010101100101011111000000100101110110
110001100110111101111011000001101011001100011000101101000000
001011111010111100100011001010100110100110001001000001011111
101101000010001000000100101100001011001010111111111010111110
110111010110111101101010001000111000111111101111000000010000
111100011100001101100101110111110101111101011111011011000110
011000101001110011010000000111101000100110110100001101010010
100111000010000100101100100101111101100010101001001101001011
010101111111001000110110111000101000011011111010010010001001
011110010110101111010100000010100011000110010101010110110100
010001101011110011110110100010010001011010111010011111110011
010001110010000110001110110111000000101110000001100111100011
000111011010010011010001110000101000101010000110011101101100
101111010000000110110011000101101011000000111101111001110100
010111111001101001110001110100001111001010000011000001010101
000111000101100000100000011001000111001011011110111000000111
000001011100001111100101101111101010000111110011111101011110
010001001111111101001000111000100101000011100000101110011011
111111010101101010110101111110010011101010010111101011110000
001000111001001100011111011100001000111110101010000011100011
111110100110111001010101001100010010000111000000101111011001
010110111010101110100001110011111001011001110001101000101010
010111011011001011100110101111111101001100100101100110100110
101001011101000001000110100010011001000000111001100111011101
110000100111010000100011010111101100101000010011000001000100
111011000100101010001000000010000000111100010111000000000111
011000110010011011100110111111000110011110100100000100011010
111101111110000111001000101101100101000110010000000111110111
000111101100010101010010001101001011010001000101101001100001
011101110111111100000100101101011101110111110101101110000001
001010011011111111000011011001011011101100100010000110011110
110011110111001111000110101010001001111001111001000001101011
010001101101011110000101010100101011000001100100001010011011
011101011101001001011111110101000010000111100111010001010100
001111101111010111010110001001001111111111111111000110001110
001111101100011101010001101001000010011111100110110000011111
101011111000001001111001000011100110100110010011101011101000
110000100101011111010110000111110000100111010010101000011011
000000000101001000110001100000101000110011001101011010101001
110001101011011011011111000001111001001111001101111010010001
001101010100001010001011001100100010110110011010010101000011
100011111000101110011100111011100110010110111000100000110010
110110111100111010010111011000001111100001011011000111111001
100001110100110010010001100111000101001100011000100101100100
100111011111111110111100100110010100110101000100110100001010
