50
01101110101010110111111100010011011001111101101011
00101011010000010111001101011101000000011011010101
00001000110101101101100000010110101001111011110101
11100110101110010001111010101010001110101011010101
00010011100000001111110101001100001111110001111001
01101011011100100011100001110111100011101100100110
00100000100000111111101010010010011010101110110110
10110010111010011111100100000000010100011011000000
01000100010010110001111100010101100011110001011101
10011010000001000111111111110100000100101010101110
01101010110010000101001011000011010111011010110110
11001011111001000110111111010000000110110000010101
01101110010101001000100001110001001111001100011101
11011111101000111010100110010110100110110100111101
01011001011110011101111001001001010111110001101000
00101100011110001000111010010110001101000011010110
11010100111100000000001101101101001001101111010111
00010100100011011001111000000101000111001100010110
00110000101010111100001001100010010001010110010011
00000000000111011010101110100010111100000011111000
01000000001000001010001010101001110011010101110001
01100111001011001011100101010001100010111110010101
00101101000011000000010111111001100000110111111010
00110110001010110110100010011111100011001110100101
11101101100010101110010000010111100110001010110001
10110011100001010101100110001110010110110100011010
11101011101101110100010111011110011011111010111110
00011001001000101111100001000101001010001101110101
10100111111111010111010010010100011100001111001001
10010011001110100011111000000001110001011101010001
01001001110110101100111000011101000101111101110110
00111011010101010011000001101000111111000010000011
11011011011110111110000001111010000010110101100111
01111100110111011100011110010010100010011111001001
01000101111101100110111111000110110100000011010011
11100110100000001010111100110100110010010000000111
11100001010000011011001000001110001000111100000110
01010011010101000001011011011000111110000101010001
01000001001010010111100110011101011101011000000110
00010110010010011101000110011001001001001011011001
00001000100101110011101001000001101101000000111010
01111001111100110001000010100001001100111011111001
10001100100111100100100001010110100111101001010010
00000110011111000110010111100001000110101000100111
01010001100110011110010001001101011111110010011110
10000101010000100000000100001001110110100001000101
01110111001100011110110110010111101111100011010111
10001001000000100011101011001101011001011110000001
01111001100111100001110110011100010001010100010100
00000111011000110101001001100010000010101010100010
