75
000000000000000000000000000000000000000000000000000000000000000000000000000
100000000000000000000000000000000000000000000000000000000000000000000000000
110000000000000000000000000000000000000000000000000000000000000000000000000
111000000000000000000000000000000000000000000000000000000000000000000000000
111100000000000000000000000000000000000000000000000000000000000000000000000
111110000000000000000000000000000000000000000000000000000000000000000000000
111111000000000000000000000000000000000000000000000000000000000000000000000
111111100000000000000000000000000000000000000000000000000000000000000000000
111111110100011101010000011000010110010111110111010011110101111001000010100
111111110001011000110010010001011100111101101100000110101000011110011110011
111111111101101110111001101000101010011100000101110010001000100001011110101
111111111000100100000101011000110101111110001001011110110010101010100100111
111111111100010010101011100110110000011110111100010110110110001101010001000
111111110011000001111101101011001101001011010101001010110010011001011000110
111111110001110001011110001110011010011101001111100111000110000000100001111
111111110100111011001110000101100001110001101101101000110000101001001111110
111111111101011000000001001001111001010000010110101101011011111100010001111
111111110111100010000011001110010010110010000111000010011011011111101110010
111111111001001111001100010111011010011001000010011100110010110101110110000
111111110001100111100101100000100100010001101010100111101011011011110011100
111111111101000011010010011000101111001001111000110100011111001001101100010
111111111110100011001010111000011100110011010000101110000100110011010011011
111111111011010010110001010111110101000101000011110111010000100011001011010
111111111100001100101100000110001111010111000000001111001101001111001101110
111111111101001111101011010011000110100000001101010001010100011010110001111
111111110010111111010001000110011111101000110100011100001010001011000011101
111111110100100100110011110111101011111101010010000000100001111001100001011
111111111111010010011100100010000001111010100010010101101100111000101010111
111111111111000110011100000000111111100100111111001010100001000100110011010
111111111011101001011101010110110100110100011000100000111101010101001000101
111111111100011001100101110100001111100010101111100110000010110101101000001
111111110010010100011001101100101110110001101010010000010110110110011101110
111111111001100101010010100101000010000110110100111110111000110110101001110
111111110010101111100000001100001001001110001011110100110101011100011011011
111111110101110110010110000101000101011000011001011011000111110111011000001
111111111110101001110100100001011000101000001110010011111111100011000101010
111111111010111010111011000000001110011011011011101001111000101110100000000
111111110000010000001010110010101101001000000111111010111101010111100111101
111111111000000111010111100011111000000011011111000100000101101110001110101
111111110000010111111100110100110011111010010101100101011001010010010100010
111111110110001110111010111011010011010000101010101110110011000010001000101
111111110011100011000000110111101111010110101110001011011100101000010100001
111111110011011011100111101001000111111100010000000110010101100100100111100
111111110111001101110011100100110101010011000100111001100110000100100110011
111111111010010011100111011100001000010100110110011001100001000011111100111
111111110001000000111111001101010110100010100011111100101101101001010101001
111111110111110100001101110001001010000100110001100101110110001111000110011
111111110100100010111101011101011001000011111000010011011000010100100111101
111111111101110001100001111110010011001001101001001000101101100110010010110
111111110100011111010101001011100000101111100010101010011100000111110000011
111111111110101001011010101101110101001100100011000101000000011111110100100
111111111010010101000000101011010011110001011001110011101000001101111101001
111111110000000110101000111101010100101100011110101001001110101101101010110
111111110111110101101100011011111100011010100100110000000001101110101001000
111111110010001011001111110000110010001101100001011011001011111100001001011
111111110110001000010101011110100010001000011100101111100100111010111111000
111111111001111100100110101010110110001010111010001001010000010001001111011
111111110111010111110010011010101000100110001001001101101010110101000101100
111111111110000100000111101111001100111101101101111101011001010000000010000
111111110111111100100110110100111000100001010011011110011100001000111000100
111111110100111001011001110011000100010110011011011100001011000000111111010
111111110011101100001011010010000001101011111110110111000001100101010100110
111111110010001000100110000011111011010110111001110000001110110011110010110
111111111011011100011110111100000001000111001100000000011011101011110011001
111111111010111110101000001111100100000001110101000110101111110000100100011
111111110101001010000000100110011100101111110001100001110011100010111101101
111111111110110110000111010001010111001111000110100000101110010000011101100
111111111001001101001011011101101001111010110011000011101110000010001011000
111111111001101010110100111010000001110101110111111000000110011110000101000
111111111000111010010110111111101110100010000000110011100011001100010010110
111111110001111010001001101001111011100111001100011101100101010011101000000
111111111111010001101000000101100010101111011010111010000011011010000110101
111111110100100001101110001010100111100101010110010101111010100110011010001
111111111010100000110000010001100010111011100101001101010111000101111011101
111111111000110101111011000010011001100100100000101011010111111000111110000