30
001111000000110101101011110110
101110100110111101110100010001
000101010001100000010101011110
000010001100100111011011101011
001000001110010011000000000110
010110010110001010101110111000
101111010100100101110000010001
110110001101010100000110111110
111001100110111111100000111011
101000000000101011010100100111
101100110100011110000110000001
110111101110000110010100000011
000011010011010110110011011111
001101100101000000101001001100
101110110001110111011111010101
001011000100010000000110111000
111000110000010100001110101100
001001010011110110110010111111
001110010111001110010000000101
100011011010010110000110010011
011010111111100101110011011001
100110101000110001101001111100
011010101101010000100100000011
010011111111000111110010101011
011010100011111000111010010010
000110000111010010100011001101
110010100111001000110010100110
010101101011000100011011100010
010001100010011110101100010000
101011010000010110000100101110
