75
010100111110100001010110111101111000101010110011000111001011001010101110110
001010001110011101100010011101000000000000110000111011111000001001001101011
100100101100111100110001010101010001110001011011110000011000100001110010011
010010010010000000000000110011110110101100010011111101101101001011001110000
101001101000101011011101000011001110000001001101101000000010011110010100000
111100010101100101101000010010011001100101010001100110110110000000001011100
010101011110001101010010111101001001101110000001101011101110010110110111101
011010000110101011010111000001111110110001000100000011101011110101111110101
000101010101000101111101100011000111101111100010101000110111111010001010001
000110000000101000010100101000101001111011000110101010101110110011110111110
001011001101100001010000110110000100111111111100011101110011111110011111101
111110110100110011010101001111110101110101000101100010110011110000111100111
010100101000011010001001110101001101011000011011101100111111011100011110010
100111111110001011010111001100101000110010011010101110100110010101001000101
100101001011000111110011000111011101110000010010001000110010111110010100101
100110010111110011111000101001011010110011111010011101010100011001001101101
111101101110000000110011000101110010101100011010011101001111100001010010100
001100000100100010111100010010101000010111111000011011100010111001100011100
100110110111110000011110110111010001001000101111110011110010110011100010111
010101000000100000001000100100010001010000110001010001001010000010101101111
111100110111011010000001100001101100010000001011000010111001111111110011010
011101100010101110011001001111000011111000001111001101110010000111110111001
001111001111100101011100011100111100001010001100011100000100001100111111101
110101100110000101110010101101110011111100001011111001100000001000001010111
011011010001011011000110011001111101011110000101001101111011011111111110101
000010011101011110011101000110110101100101010011001011010100110111011101100
001111011010101011111000010011001100111001111110111110000000000100110011011
000111011100000101001000101011111011100110010101000100000000001001111101101
111000110100110110011011100000111000110011000111101111000010111110100001100
000001000110010001010010010010010100101000000100010011111110110111011010000
011011101010101100110100001001010011110111111110000010101110110001011000001
010010101110110001001100001000000111011010100001100110100001001001100110001
011100001011000010110101010001110010111100111110010010111111000001011100010
111001100100010111110101000110101000000110100110000111010101110100110110101
111001100111111001111010111011000100110101000011011011110101101000001011001
110110010010010111001010001011001110001110101101101111101100000010000100001
010010000000100001111010100000010101001011010111010000110111011101100111001
110111101000000010100010010101000101100110010010100001000011011001110110011
011011010001011101011000010110100110010010111010001101001100100011001101010
111010010100111100111110001011010000101010000001111011010010110000111000000
011111010001101010111101011001001010000000010000001101101000000100000100110
110100100000111010111111100101011101011110011011101010111000000110000101010
001111110101111010001111110111000010110111001100101110100110101001010101010
000010111101000000101111100011010111000100100010011100011101000101101101101
110101111101001000010000110111010110110110010111010011010110001111101111000
111101101000111111011001010000010010011111010000000110010001111100010010000
010011110011000001010010100101010001000110100100110011001101110101010001011
010000011110011111000010001001101100011010110110011000001000011100111001010
100000010010001111011110110101101110101010011101011111001101000100011101101
100011111101111000001100110110110101011011100100000110101001001110010010100
101001010001000000111000000101111100110000001110010100000001100000010000001
011010111101001001111001010001101010110101001011000001111001010011101011010
001110001010101110010111100100000000111010010001001100010000001001010011001
001011001101111000001010001100111000100001110101011010001101010000000010110
101010000000000110010010011110000100011100011111101011011110111001101001110
100110110100010011010011001110110001011010100011111001001010000110110101101
000011001011011101100111011110010110110100101100001010000010011101110010001
111010010011001001111101101110010000010111000101011110011000011011001111010
011100000000000100001011011100010111001011010111111111000100101011001101111
011011100100011101110111011111100001001111101001000010111110111111011000011
110111100000110100010111101100011001110011011001110111011100010011001001100
111101000000000010010111001100011011001011111000111010010010001110111001101
001001110101010010110100011001101101001111010010101101010000100010001001011
111101001101000111110001000100111011011100100000001111100110101010000010001
011001010001110111000011001100111110110110110111101011101000000001010101001
100011101011101000010011001010000111000111000101111001010000011100100001110
010111001010111110000001010001101011001011100110111011000111101110001001011
110101001000010101110001000010010011101011011000000101100110101101101101010
001010100100001011101100001010010101110011100110011011011000000111000111100
001001001000010011101001001011100010000100000111011111101001111101100011101
010010000001011100010000010110101001001111110011101000110011111011110001111
101110011001111010100001100001111101010110000100011001001001000100000000010
011110001000100000001100001001111011111101101111001110001101001110110001000
000111111010011111000110110111110111100100011100111010011000110110001100101
100111000100100011001000010011001000001111101101010101100100100001011001100
