50
01110110101110111110010111010000000100101100000011
00111010000100000011101100001100000100001011110010
00000111011011001101101110100000110111110101001100
00101111000011111000010000001111011111010011001100
10100000100011000101001001110110111111101000000111
01001000001000100001111000010110101000011001101101
00001101110011100101001001100000111101101010100011
11001100000001110110001100111111100000100101111001
01110101011111111000100111101011101011111011111101
11011101001011100110000010101000001111011000100110
01011011000101111110011110110111000010110001101110
00111111010010001110111110101101110110100011110100
01000101001001100101101010011101010100000100011001
11000100000100001010100100111100110011000010101000
01101000000101010111001110110011101000000001101011
01101110010111000001010110001011011000010111101000
01001111010010110101000110111011101010110000111111
01010100100001010001000010101111010100001000000000
00111110100010011100010111010101110100000011110100
10010001111101000010000011110111110100000001110000
10011011011000111111001001011001100010111010011001
01101011110011101101101011100001111100110010001000
10010000110001011111000111110100100010100011000011
00011110010010000101110010110100010100000001110110
01011111000001000000100001101101110101101010110100
01110101011111111100000100101101000100001010101011
11010100000010010010100000011101101001111010010010
01110010110100010100010011000000111111101000110000
10101110001000100011011100010011111011111000110101
10100010110000111000110000011000110010100110101011
11100010010111000010111111110101101011000101000000
11101110010001000000001100010100101011110011000010
11010000011010010100000101000000010110011100010111
11000101111000101000101001100011000101110110010100
11100001001111000111101111000100110000111001010011
00000101101001111000101000101111001010000101111000
11000111000010110111010111100000011001101001001111
11000101001110111111111101000100101100010011110010
01010100010011110111000101000010100101011000100111
11001011000111100111001111010110000110000101111100
00110001001111111011011100000111010101010000111010
01011110111101101111111111111001001011101000010100
10101101011010101101000100011010101110111100001111
10001010010011001100110011111100110000101110110101
10111000000010000100111000100011111010000110001110
10111110011001110100011001000111000010100010100100
11001010010100000111001110111011111001100101010101
11000011000011110101111001110111001101001000000010
00110101100111010111110010011010010100010101011001
01110000011101010111010110110011010101011100110100
