75
000110010111101101100110011101010000110000011011010000001111101000111011111
101001011001111000101010001011001001010100101011110010010000101001011111010
100011011000101001001000001001111110111101111010100101000101111001000100010
011001100011010011011010111101111001001100010011001010001011100101100110111
010100011001010101111110000100101101001111000111111110111111001001011111101
100010111101100110010001010100011111100111101010110011010001011001010110101
111010001010111011000111000101110100100100100001011001010011100000100001111
000100101111001101110000011101101111100110011001000101010111010010011111011
100100000110001100011010100000110010111011100010010100101011011000110110101
011110100010111111100111111011111101000011010110001010010111011111101101011
011011000000011011001010111111110100100001000110010110001010111100100101001
001000101110010110001000110111011100100110000101101010011001000000000010011
000110011011011000110011011001100010001100101011101101000111110111001010101
101001011000001001111000110110100001010100001100010000010111000011001101111
000111000001000000011010001011010000001010111011000111111111010011001111010
011100100010111000010000010001111100000111110000010000011101011001001100101
111010011000111101101100000000011011110010100100011011010010101000010001010
010001001001101100011001100100111110100101101100011101010111000111001111000
001101101011001101001010001111011011101100101011110110111010101100001000100
111000100111000010100011000100101010100100110001110101101101001100001101100
100001110100100100010000111101100000101010011110011010101010011011010101110
011101011011111101111010100111110010000101001110111010100000001010000111100
001001010001010111001000110110110001000101101111100111000101101100001010000
111110011011011110101110110010001111000101011010111000001010010100001110000
111011110000101110110000001011101100100010101001101111000000110001011101000
011010101000001011110100101001001000011110111000011110011000111111101100110
000011101001010111010111000000101100001100000001001011011111011010101000101
011000001100101110000001111000101010011110001010000011001101111001001010010
101111111000100111011000011101111101110100010000001110001000100110111110010
000011001000010011010011001100101001000100110111111011000100110110100100000
110001000001001010100001010000000010001010011010001101111101100011110000001
010010010000110000011001111101100000100010010001011001110001100111001100110
100000101010111000001110000000110010100110100011101000011100110101001111001
110100001000111010111110010101111011101001010101001000100011011100010100111
110110100111011100001010111011010001101001000001010000010011001000111101111
101000101011101101011100111100111000110000000010001100111000001100010011000
010110000100111100000111011101100000000101011010110111101100100110011001000
000111110111101101111111101001111110100001101101011100110011111100001101001
110001110111010111010111100011011001110011001100010001110011010001100111111
100000001110001010001000100000110111011001000101110110110101001011001100100
111100100010110001110111001011000111110100101101001110000100110110001000001
110100110001111010111000111111111001000010011101110010100001110000101101011
100110010111010000001101001110110111101101001010001000000101101101100010111
010011101011110011100110101100001011011110101000001000010100111011111111000
000110101111000110010000001011011111000100000100110000100110100011101101000
111101111000101100110001111110111011100000110010100000001110110100001001111
000000110001010111010000111010010110011111011001011010110001001001000001101
001001001110010111001101010110100001101000111100111101110010100111100100001
100100111110011111001000011110110111011010110010011101101011110001000000010
001100010101101000000010101110101101000010110100001101011011011000010111000
111001011010011100110010000100000010101101001100000100001111110010100101000
110101100101010110001101001101011110001001111110000001001000101100100001000
101000111000110101010001000000111111011000111101111101011101110010101110011
110110001111010100101101010010001111010111111110001000111101010100001011100
111101110111110111000011111111001010000010110100011110011011000100100010100
101100001010100000011111100111000100100011101100101100001110001101100111111
011001110100110011000110100001010110011111111011000000000111001101001110101
010101101011000010101101110010010111011001000011110100100001000100011101011
011001000001000100010110110111111001100111110010000111000100110100011111011
010000000010000010101101110011001001100010011101000100010010100010101011111
000011011101011101011101001000000111001100000010010001111100000100000100100
110110100001010011110110000010110011100100101011000100111101100000011111000
000100110001111001000001100011111000101011001101101011100111110100110101001
111011111001011110001100101100100010001101011010111010000001010001011011000
111111101011000110110011100100001111011001100110110101111110111101100001111
100000111011000010110111001011000111110011000100011111100111111000001111110
011011010001111111111111100100011101110110000110110001001110110101011100110
001100100111111101110111011101011000011111101111101111111001100011001011111
001101101011000010001100000001100101001000100011111100110000101010000100010
100000100001100010100010001100100001100010100110100101100001000110010001001
001000100110010110111000111001110110110111001111101100000100101010101101001
001101001001100100100011011111110100000110100001100010101000100000101000000
011000010111001011000011100111101001110011011001111110000110011100001111000
000011001010100101110111101001101001110110011011011101101000111100000111101
011000000000001011111111110111010001100100011000111101100000110101101001100
