75
000000000000000000000000000000000000000000000000000000000000000000000000000
100000000000000000000000000000000000000000000000000000000000000000000000000
110000000000000000000000000000000000000000000000000000000000000000000000000
111000000000000000000000000000000000000000000000000000000000000000000000000
111100000000000000000000000000000000000000000000000000000000000000000000000
111110000000000000000000000000000000000000000000000000000000000000000000000
111111000000000000000000000000000000000000000000000000000000000000000000000
111111100000000000000000000000000000000000000000000000000000000000000000000
111111110011110111010001001101111000101000110010010100111101000110111000001
111111111011011100010011011000111001011000001101001010101110111010010000110
111111110001000000011111001110010011110011111010101000010111000011010001111
111111110000000111100011000011011011100110000111011010011110011000101101011
111111110111001111001000111010100101000011011011001101011100010000110010011
111111110011101110000010100101101011111111110000011110000000011001010011100
111111111011000011111001100001000111110000100111001111100011010110000010101
111111110010001001100011110011110100111011010110110000101001100010100011110
111111110110000101000001011110001110110000110111100110000100101101011110110
111111110110010000111011101001100010011001101011011000010101111001101110000
111111111110110010000101001011111101101010001010101011000000001011100110101
111111110001110110100000011001000110011100011011111001000011101100110001111
111111111101010110110110010010101111111101100110000100110000100001100000011
111111111101111111010010010011010000110011101101111101000101000000001100100
111111111000101010110000111110010010101010101100001010001001110101111010011
111111110000110000011110000111110101001001000111010111000100110100011011111
111111111111000010111101010010100001100100110000110011001101111000111001100
111111111011011001100001000100110101110111101000010001010010101100011110011
111111110001011100001101110110101000111100000110111001001111010101000110001
111111110101101101111100100001101001100010001111110010010001101111010000010
111111111100011001010000010101001011100001011010011011111110100101100011100
111111110110100010001010111000011101101101110100011011010111100110000100010
111111110011001010010110000011001100000100111001111000111000110111001110111
111111110000111011011000101110101101110000000000101100110011111000101101110
111111110010101101010111110000000010101101001010100111010010110010111100101
111111111111010001000110101110001010000111000110011001100001011110111000110
111111111100100100100101111101110001000100111110111100110010010000001010110
111111111000000111010110001000101100011011111110100011011011011100001011000
111111110100100001010001000000100111011110101100111101101100010111110101010
111111111001100000100011100111101110000001011100101111111101101000010100001
111111110011101010000100110110110110010000101111010011110110001011101001000
111111111110101111100111000110010001011000010011001001110001110101010101000
111111111100001011011001101011111010011101010001110011100010000001011000011
111111111101001010110010101100110010101100000011100101011100001110000111110
111111110101100100110001001110011100010111000001010111011011110011100010100
111111110101001001101111011100011100101001101001111110100000011100100001001
111111111001011110001001101001010100000111100110100010110100110101110101100
111111111010110001110000110010111000000111110011101100000110111111000001001
111111110100010000000110110001110000110010110001000111111011011101110100111
111111111010010100101010111011011111110000001000110101011000010111011001000
111111111101111001001011010011000100001100100010001110011011001011011011010
111111110110101010101010000000011001010101001110100100101111001101111010101
111111111000000110001001110100001001001011101011010101101001101011001101111
111111110111000101110010111111100101001110001000000010100111000101001101101
111111111010100101011100011000110110100101000101011000111001001001010111101
111111111111010111001010000100110010000000011100110110000011110011100111011
111111110011110011110111111101001001000001100101100001001010000001110111010
111111110100011110110111101000000100100010010100011101100110101011011011001
111111110010011011111101010101011110001110011100000101010101011001000000110
111111110000011100111010010100111111000110110011101011100001000010111110000
111111111000110111101111100100100100110101011001001010001100000111101000110
111111110101110010101001010010101010101011011101000000110010010110011111100
111111111011111000100100001000000111101011010011110110101111010001001100010
111111111010000110111100010111000000011011000000111110110110001110110110010
111111111010101100001111001011101010100110101001000101100111100100100011010
111111110111110101101100100000011010011010100000101011111100100000001011111
111111110001110011011111111010010011010110011010010110101000101100000110000
111111111101101100010101110001011111010001010000000000000101011110101111011
111111110110011010000101011101100011010111000101101110011001100110001001001
111111110001001101101100001011110011001001110100001101001010101111101100100
111111110110111100111000001111000000110101111110000011101000011010000101011
111111111110111100011011100110000111001010110101110000011010001100100000101
111111111111000000011100100101011100111110011111001100001010100000111101000
111111111100101011101110011101101110010010100010010000001110110010010100101
111111111001100001001010011101000001111110010101100001110100111011101010001
111111111000011001100100101010001001011100111101010110010101000010110111101
111111110100010111000100100111010111101101101001100000101111111010010010000