25
0110011010001110010100111
0001100110000001010000111
0100101000000001100100001
1010010001100011110110110
1001001111110111010111110
0110100011010011101111110
0101010110011001000011010
1011010001010101101011111
0011000101110000000000001
1110001000011000010101011
1110011101001010001110100
1111000000100000010110000
0111110110010111011101100
0111011011110011010101001
0110001111010000001001001
1000000011110010110110111
1100101011111110010000011
0010011110100010001001011
1111101011010101100011011
0100001110000010111010001
1110000011001110110001001
1111000010110001100100111
0010001011010110111110001
0010000010111110000110100
0001111000111000000000010
