100
-227 -967
-790 -977
35 -825
617 -153
741 -283
358 -590
-246 -264
-52 -559
-290 -197
15 395
-14 -158
492 -966
511 -428
331 453
905 -430
181 132
60 -66
-401 -87
-583 -344
-298 -117
798 113
-922 363
-972 -946
127 227
992 -206
-351 -249
-177 421
355 -31
131 -999
833 -782
-990 116
-816 116
650 -823
624 159
-652 -614
446 -598
259 -501
452 219
-374 293
-751 -214
119 -852
-789 -691
-984 -909
70 -319
-150 -696
-857 -966
257 341
675 396
-104 124
560 393
-64 471
647 282
-781 -346
-80 -101
360 -171
-751 -124
-392 -4
989 456
777 -69
-614 -13
301 164
587 -306
936 -286
-593 25
-769 441
957 -500
-510 -43
257 -986
-145 -79
-307 -942
-749 -538
-793 -893
812 -461
38 -682
274 -808
954 64
-300 75
-238 -532
801 -125
-462 -566
679 -897
886 -401
-212 -442
-877 462
-325 437
-997 -404
783 -67
353 -778
172 -972
197 -238
885 -432
71 -40
-144 -174
-712 -364
-185 -353
622 -330
-403 -869
-309 -693
-935 -817
-757 110
