100
-542 -959
-513 -670
717 157
344 -29
-548 445
-869 202
-181 -234
-509 -45
937 494
434 -676
-403 -130
-847 -100
-624 -708
-293 -90
886 -795
716 -56
533 262
903 -632
-714 -850
890 -476
800 -816
-682 302
-338 162
708 -869
-135 235
631 -970
-259 141
-147 -476
737 218
-222 -489
34 -692
842 176
-909 -712
-62 -966
-363 252
794 -572
-274 -120
343 -646
86 497
547 -623
-383 -884
945 -932
835 -256
373 -537
-705 -578
-577 -567
318 -390
528 34
-919 108
-467 -586
100 -670
644 -864
926 -811
-695 -532
-625 -848
-269 -482
63 407
827 -734
566 260
-496 -406
284 471
-373 -845
-245 341
567 140
-954 29
150 -668
714 -570
429 -543
-824 87
332 496
-719 -553
-622 -265
-95 436
754 -312
-421 -795
-66 -582
24 -512
154 403
-425 -100
655 -250
-644 -101
-473 -394
-520 -466
-961 -423
-662 -400
-179 285
15 -632
-991 -907
188 -670
-528 -845
-268 -224
999 -947
925 -99
787 -104
-533 -885
-114 -274
-528 -368
-580 296
-386 -199
510 -702
