100
-492 239
-835 -774
817 -555
862 -781
919 -875
768 -805
390 335
-310 265
-272 -815
-479 -864
993 53
693 170
-457 -42
-700 -129
-367 -96
-157 -658
457 134
-138 -407
-338 -89
-566 -749
-333 278
309 34
-938 -125
-390 -190
-75 17
-320 94
820 161
-525 -473
81 -834
-412 485
138 -527
305 341
-273 -361
253 30
-245 -665
602 -315
-825 248
828 485
-402 260
995 -227
542 38
612 -956
527 -537
225 -388
160 -205
-926 88
-321 -298
981 -292
599 -693
752 -123
-585 169
-918 9
-223 69
-42 -512
836 -717
-497 83
-348 -793
-638 203
-840 -996
-769 -529
530 -844
-97 -886
-299 -914
228 -703
193 -250
539 -528
417 -697
242 -916
642 -925
856 470
70 -602
-302 -469
-331 35
255 -732
979 14
937 271
-469 364
496 -270
857 300
-691 -405
-540 -882
75 -866
749 -949
95 382
526 -86
-44 93
563 -494
533 -972
-913 331
-369 442
-550 395
-321 -454
337 -913
-956 -392
758 -793
-122 435
-310 -363
-163 -556
608 -584
54 -252
