30 45
001110011101010110101111010111110011111111110
001101001111101101011111111011111111110111010
010010001111011001101010001101001111110011111
011100011111001011000101101001110110111010110
001010010101101111110101010011101101010011111
011100011011111101111111111011111011100011011
000001001011110111110111010101111111001101011
100111011111010101010010010001101010100111101
101111011011110110000110011110011110011111110
100111110110110110100011110011001011010001111
110000001100101111110000101001111011110100101
111000101011110010111011100011011101111111100
100111001000000011011110000101011111011111111
011110011110011011111111010110100011011110100
101100000111111101110111111111111100110111000
101100000100110011101111101110111101011011111
100101110011100001111011000101010001011110101
101001010000010010100001111111111011111111111
111011010001111110111111011000111111110111101
011010000011010111011101110000111100110110001
111011101011011110111011111111110010101011100
111110111010111010110110110111101000110001010
111110101000000110010101111101100011100111011
111010011110010001101111111111011101001111111
111100001001010010101101101110000110100110010
001101111010101000010110101011011111110110111
010000100110011100011110111011111110000110001
100001111100100000110110000101111010110111111
111111011001011100001000100111000000000100010
111100010110101011100000110000001110010000000
