50 50
00000110110101111001100011111011111110101111101011
10000110111110101000111000101010111111101100110110
11100111100101010010111111111100111111101011101101
10110111010001100011001111101100101001111111011111
11100111011101110110111011111011110100111011110111
00110001010000111101100011110110010100101100001111
10111100111110111001100011001000111111111110011111
10100100110010111001111110111100101101110111111110
01110000101011110100010111111101000111111111111110
11010110000001101011111101010001111111100100000101
11111111000101111010111111011011111110110010010111
11011101100001100000011101111101011011111101100110
11100011100000001001011110010111110001101101101111
11100111110111001011111111111110101001110011111110
11111110101000000101111111111111111001100010010100
10010011111110010111101111111011011011111010111101
01110111011110001011110110010010100001101101001101
01010011101100011000110100010101100111011111111011
01110110010010111001011010101101111101101111011100
11011110011010010110011101011001111110011001111111
11001111110111010110101100101011111111100010101110
10010001111011000011101010000111101110011011010101
11001111111011000001011101111101101111011100101111
11010111111101000011111111100101100001100101010111
01011111111001000001100111011110101111111101111111
11011101000100010011111001011101110011101110110110
10111111011100001011111111101001101001111101011110
11001010000000001110010111011001001111111110110111
11111111111000001111111100111111111111011011110110
11100111100010001110111110101011110111100110111010
00110101110000000001111111111110000011101111111101
11111110111100111110000111101111010011101110001111
00101111000101110101101011011010010110110100111111
01110100111101110001101001110001111011001111110011
10101111011001001001111100011101110101111101000110
01110111001000000000111111100010010001101011111110
00011111011101110100001111011110001001010100110001
11101000111111010010001100010111110011010110110110
11111111111111011110000110000011100111001010111011
11000101011111100111100111000010110110111011111111
10101110111011001101100000100011111000010101110011
11111111110001111011011010000001111011011110001110
11111110011110100100010110010001101101111111100100
11001101111111101101111110011101111101010100111110
00101010101001100011101001001100011011011011111111
10111111110010011101111101111100011111110111011110
00111110110100100011001111100100000100011001001101
10010101001001101101110101111111001101111011010000
01100001111011101111011111111111011110010100010000
00110111001111000101100010101100000000000000000010
