100 100
0001101111111101110011111110001011011101110011101100110001111011110110010001101011111111110011111111
0001111010001101111110110110010110011110110011001100111000010101111000101111010110111110101111100111
1101111111110101111111101010101000111111101000111011101111100000111001101001101101101010011001011011
1100010000000110111011111011111101100110110111001100001111001111111100111110111001101000010101010100
0111000010001111101100000111101001011001111001111111110011111110101101000110101011111011111111101011
1111000011010111100111100111000110011011101011100111011011111101001100100101110010111000101111110010
1111111111001010011100110111111111101111111111101111000011011001101111111101011110110011101101110110
1111010011100111011111101101110111100010100101111101011000111100110111010010101111001101010111111001
1011000001100001100111111100110111110010101011111111100010001011001010110110111110001000111110111001
1111111001111001111000111111101111010110101000101110101111011101101111100010110001011111010110010011
0000110001101100000111010011001100111110010111100111001101011111100111101110101110110001100010110100
1100110011111000101101101100011111110111010111110000101011100011101110011110111110010110111011001101
1101111101110101100000011100010111101010100100110001010000101111111110011001011001110110101110101111
1100001000110010011110110000100001001001011010100101000000111111011101101111111011111111001111011111
1010101100111101011110000000110111011111110100101001111010111011101010111000011101011110111111111111
1101101101100111111111111010011101110110111111011101101010111001100011011111100111011111010111111011
1101111110011111110111001111010011101100000001110001111011111000111111101111101101010101111011111101
1110000101011111011111111001001110011000110111000111001110110011001101111101111101101011100101100110
1110101011110010101001111011001110111110101011111010001111001111110001111011111111011111001011111101
1111111101011011011111111011100101101010100101000011111010011011111101010011111111111110111000010010
1110111110111101011111011010000000101111101110101111111001101110100111111011000010001111100111111111
0001111110110111101110111001101010101111101001000011110011111111011101111100000111101011111010111111
1111111111001101011110110111011110000111111101111001100111001111001100011101100110101011110010110001
0011000100111111111011100010001110101101010101101110111111101010100001110010100110111111111110111001
1101011110000111111011001001000100010111010111111001110010001100111101111100111111111111001110101101
1001010000111111101100010111001100010110111011101111111110110111110101110111111000111011011101010110
1110111100001101111111110110101100111001001011111111101011110111100010111110011001111111111110111111
1101011011011111111111111001110101101011100011111010100110110110111100110100111011110110111011011110
1111111111111111001111011111101001111111101110011010011011110111010111011111011111101101011101011001
1011001000001101100110001011111000100111011011111111110101111001111111111111010100111101101111111111
0011101111101111001100111011111001101110011111011011111010011111111001101001100110101010110011101111
0100101000110110111001110011101000111011001011111101011111100111010110000011110011110110010100101011
1111101101110111001111011011111100110111010111110111001110111011101011101011100111001111001001100101
0011011111010110011011011111000100001111111011111111001000001111010101101100111011111101100011110000
0101110011000110001100111111111100011111111101101101011100111011111111011111101010111111101111011110
1010110010010111101110111101101100000000010110111110111011011011101111101110000101010100011111111101
0111111110111110001110101111010111000000000110110111101101110010110100101101110010101111111111101111
0101000000111001011110110011001111000001011011011001101000101010110101111111100001101111000100101110
0110111110011100111110000100110111101110000111111111110100111101010010110100111110110010111110011010
1111111111011010001111111100111110100000000110101110111110110111100110111010111011001110111111110101
0011111010010001100100111011010010111010010101001011010001101011011101010100111111010001111110101111
1101111111010111110101111111110011100110000011110110111101101110101111111111000111110010101110100111
0010111011111011011010110111011111111110000111111111001010010111100111111001100010010110011011100111
1101111111111100111111100100001010111100000111101111100110101111110011100101111111101011011111010111
1111011111000011001111001111011110111110001111100110110000111111010110111101111100011000101111101111
0011111111111111011100001101111011111110000101111111111111111011111111010110100000111011100101110101
0110111011010111101101010111010011111011100000101111011101011110101111111111111100010011111111101111
1110110010101011010100111110001101110010000111101111111100110001101111111001110011101011111110100111
0111111100110111101011101001101010011101000000000111011110011011001101111100100111111000111111011111
1010110010110011111101111110101001110110100000001111101111011101111101111110110011001111100111110110
1110110001010011111010011101011110111101000011001011101101111101111111101111000101101011011111101111
1110101101111010111100111011110101111110111011001101100111010111000001111001111111110100001000101001
0111001011110111011100110111110110111000111110001010110111111011110101111111001111010011001100010011
1111110111000100110101011101110011111110110001000000011111100111011110011001111011100111010011111111
1101001110110110100100010111110110111100001010111111001100101111110101111011101110111101101100111110
0111100100110101111111111111101111101001000110001111001011101101010010111111010111111101011001111110
0011101111011101100111101111101101111111111010110110100000000011110111010010111011110101000111000101
0111111011110001010010101011111101011111011110011100110111001010000111100001010101100111101110110010
0111110000101111110101111110111001101101101110100111110111101111111101111110111110101110001111001011
1110101110011100010111111010011110000110111011001110101001000101011110110110100101111111101010111101
0000111111101110111111111101111111101110001100111111100110000011100111101111011010001110110011111001
1111001100111110110000011001010101110010011111111100011010110001101111101110111111111110101110101110
0011111111011101101100111101010011010101111011111100101111111100001001011010111101101100110111111011
0100111100111010111111110111011101100111001101100101111111111000101011011111111101001111100000000110
0111011110111101100001011011101110111111101101011011110011111101101111101010000110111001111111110011
1110000010100101101111111101101000100101101110100110011000111101001111011101111111011011011010111001
1101001110011011011110111111011101010100001001100011001100000011000101001111011100101111111011011111
0101011111001001110101111111100111101011111101011011011101111001110110100001101010110011111011001010
0010111111101111101010000101111110111101100111011111101011111100100111111111101111001111001111111100
1010101111101000110011110111111001101110110111010011011110010010100001111110111101010001100111101101
0110010011011011111011001001101011001101010111000111111110111110101000111110011110011101110110011110
1011011011011001001111100101011001001111110111111111101101111111010110001110110010111011111111111111
1110111111101001010010111111011111111110000111011111110011110001110100100001110001010011110111111110
0111011111011010001101111111100110111010111110101111011101111101101101000000101111111010101111111001
1011100111111000100000111011010000010011110101111111011110110111111111110001101000101100101110111011
0011111101111111111011101101110101111001110011101110110101100000111111011101101110111010100110111111
1010100111101111111110100110101110001010100101001010011100111011110011011000001000111110100111101111
1011111111111101101101111110100011101110011000101001011101011000010110111110001011010111101100100111
0111111110100110111011111100010111011110011011001010110100110011000111101100000000000101110101111011
0111111111011010101011110101111110011001101001101010101111111111110111001000001111010101101001111100
1110110100111110111111011111010111111001101111100000101001010001111001110010001111000101110111010110
1111110111011111110011010111111000101011110111110100111010111101111100111111110111100100110111100101
0010110001011101001101110110000001011011111111011111111101111111110110100111110111110011101110100111
1111111010011101111100111111111111001101111101001011100001001110011011110100000111000100110110110010
1100110111000110110111111111111000011111001000001011111101111111101111111110110001010101110101100101
1101111111111110111101010110111111011100101111111001100101011111110101111011111011110000110110111111
0111110101101101011111001010111011101110000111010111011000010011010101010001101110100100001101101101
1011111011111110110011000101110011101010001101100001101100111011101111110100100100111100111111111111
0010111110110001011011111101110111111001100101111011101111011001111100011111100111100110111010011011
0110001101110110101111111001111100111001101010010001111101110101111100000100111011011100101110100101
0010110111110011101111001001111110100011100001001111011111110011111111010001001010100000000001001010
1011111111011011011111001001011011001000101010011011110111100001110110111011111010011010011100110101
0111110001111111100001111111011101011110111001111111111100101110111111010110011101111111111100101101
1110111100010111001110101111111111101011101110010101111101110001011111101010011111011011101100000000
1011011100111111001110100101111011111001110111010101110111111111011111000001110101111011111100000100
1010110001010100110100111010100111001111111001001111101101110111011100001100110011110111110100011010
0111011001111111001001111110001101010111011001011011110110110110111000111111110111011111111100101000
1110101000111011111100011011111101111000111011010110011111011111111110111101000010111111111011011110
1100110011110100111011110010011101110111000110111100111001001111111110011001111011011011111111101110
0010100110011000101110101010110110100011011101101111111100111111111011100111111101010111000111011110
