200 200
00111111001000010111111111011000011110101001010101011111011111101111111110101011111111110100111011110101110011011100011111111000111111101111111011011100100010100111111001010111100011101111110110111111
01011110011101111111011001110110101010101110111001111011101111111111101101110000111011111111001111010110010010111111110001101111111111110001010011111011110100110101011011000010011111100010011001111111
00011000111110001011011110111001111111101110111011101110110110001111101110001101111011101111111101111111111111001101010011111111111110010101001111100101110010111111110101011101011010001011100011111101
10010000100111111110000101011111001001110111001111111010001111001001111100101101001011011111111011111111010110111111011110101101101001100111010111101000011111000010100101101111101101011111010011011111
01000111101110111011101101111001101111011110100111111111001111011111010101111111001111110111001011111111001010100111111111101001110111011111101011010010110111010011111110010110011010111111111011111101
10011100011111101110011111110001011110111111001111000111011011101111101110000110001011110111110101000111111111111111110110111110110111111100001010101110010111010100011101101110111111110011110101010110
10001110111101111011111111001110110101001111101010011111111010011011111111111111110111010111110100101011110111011101101101011111101101101010101011001101001111001011111111111111011111110111010111000011
10001110100111011011111110001011010111111111111111010111111101111101001100111111010001111110101111111011011011010011010110010111011101100111011111111011111101111011000011101111111110100111101110111110
11100000001101111000110101001111010111101101011101010110011110011011101111011111111101101010110101111101011100110000011110010001110101110011000110110010011111111011101101010011110111111111100011100011
00101111100001100111110001111101011011010111101101001001111111110111101111011111111000011111001011011101010101111111101111011101101000111101110010001010110011111101110101010101101010000111101111110101
00001110111000000111101100110011100101010111001101101111001000011011110111011001101001101101110011111111111011001101101010111100111010111011111111011111011111100110101100101011111111010101110011101111
00111010111000010010001001110111101111111001110011001001011110101001111111011011001010111000111111100110100100011111011111000101010111101110011110111110111011111100101100100110101001111010111010011101
11111110110111101000110111001100111111011011111110000011111111101110011111010011011011101111010001000110101100011110111110101101111111111100111010111111111001111111011101111101111100001111101111111011
01011111110000011011110111001111110011110100110001110101101011111111001111110011101011111111010111110101100101100100111111011010000011111011101010000111001000110111101010010011110110110111101110111111
10010111000101000010111000111111111000101000101100011101110101000001001001011110111000111101101110110111110101111111111011101100111111010110010110101000111111101100011011000101111111011110001111110011
10111100110100110011010110011011100111110100011110111111110101111110110000101110111101110110110010101111111111110011111110011111100011100111111011111111111001011000111111110110101100101111111011001101
00011111111001000001111001010111101101011101101111010010111101111010111110110010101001111111101111110110111111011101111100111001111001111011111011011111100101100101011010000111111111111111001100111011
11111101011100000000000101101001111110101100111101111011111010101111111101111011111110001000011011110001110101100111011101101101010110110111101100000110111101011110111101011101110101001110001110101010
11111011111111010000010111100001000001100011111001001111011111111010111011100111011100001111111110101011101111000110011110111100010011111111011011011110111011011111011100101001110001111010111111110111
10111100101111000000000111010101110110111010101111011011101101000110111011011110011111111010010100111111111110111001110111100010101011011111111111011001111100110111011111100011010110010100101110101110
00100000101101001100111101111101001111110110010101010111100100000111100111111101111111100110010111001111010101110001011011001111011001100100101111011111011110111011100001011010001110110111110101101100
01111101111011001110011111101111100101100111010010111101111111001101010010011011010000101111111101100111010110110100000011101111011111011111101101111010101110111101101111001110011111111000110100111110
01101000110001110000011011001100101011111011011010111011011111011110101000111110101100011101010001110011010111000111111110011011001101101001001011111001101000110110011111110011001111001101100110011111
11010110011110101000010111111011111111100101110011001111001001111011001011001000010111001110101111111110000110111011101110110101000110110111101101001111100010110111111110111001111111001111101111111011
00111000101110011100011111110101101111110110100111111111101011110111111111111111111101101101110010111111101110011110100000111111011111001111111111100000010011111011110111101100010111101110111001001010
11100111011001111110001101001101101111111011011100110011011011111110110111111111110001110011000010111110011111011111010111011111100111000110111111111101000011100001101101111101011101001111001011001101
01011011101111110110000011011110110110111100111000001111011011000011001101111010110101100101011011011110001110010010111011110111111101100101001110100011000101011111101101111111011010111111110101000111
10110101011011000110011001101111101010110100111101101011100111101011110110101011110101111111001101011110110111111111011000101101110110111011110110001101011100111101101101100110110010101111111101100110
10001111111111111111010001101100111101110100011011111011101011111101100110110101000100010110101001011111110111111101111001011101001110001101110001111110100110111111010110011111011001011111110111101111
00011111111110111011001001111011011111110001111001100100011001101110001001010001111111001001101011011101111111001101101101111001110101011111101111111000010100111101011011101011011110011110101000011011
11010100010101101001101100000000010101011101001000111011111011111101110011101101110101111110010111101011101010111000111111111110011011011111111111111100011111111001101111110011111111111111101011111101
01111011001100011110010111101010110011111100101100110111111101101101011111101011011110111010000010111001111111101111101101111111011011111100110011111110001101101001111011101100101011111011111100011100
11100101100111111001101101110100101110000011011111110110100111100011111100100111011101111111101110110110111110111001110111001111101111001111110011111111111111101000001011101101110111101111011110001100
11011101101110011101101101110110001111001111110101111111000111111110011100110100100011101111100011111111010010100100110110111110111111101110110011101111101001011111001011111111001110010011111111011101
11001011111001101110010100111110001111111011111000111111111111101110100110011110010111101110100101111000010010011000111000000010110111010011000110000110111100111011111101011110111111011101111101011101
11010111011011110111101111001110010111011001010111010101111111111111111001100000110100110001111111110101101101010010101101100101111011101010100001010110101111110111011001001100010011111111111110000000
11011100101011011010111110110000011110010011111111011110111111110111110110111101011100111101000111001111111101111100111000110101101011110010111101011111000111011011111111011111010111010100111110111101
10111111111011111011110010110111000011111010011001001111100110001000001101011110011111100111111100111001110101111001010001111101010111011001110001001000100101110110001000100010110110111101011001111010
01101100011111101111010111011111100001101011101000101011100111001001101101101011001101111111111111110000111011000011110101010111100100011101101111100011110011101000100110101011110011111111111111100111
10110110010111001110101000101011110011111001101111110110111100111100011100110010101111011010000110100100111011011011100001100110110101010100100101011010011010011110011111100110111111110100001010011000
11000111000101111111011111111111110011111111111010110010111011111111100011111110100111100111011010110001000111100101001111110111111111110101111111111111010010111111100101111110000111010001011111111100
00111111011101111110110111110110010011111111011100110111101110110100011111000100111010111110111110011011111101101101110000011011010111100011001111101111111110111011101000111010110101001110110111111110
10110110101111011111010010101010110011010100100111000110011111111110000110100111100111101110111111010001101111111101101011111111010101011101011110110011101110110111111100110011010000111000110111011010
01101100111110101101111111110010100011101100001111111101110100111000101011001111110110001011110011101011111110001010011100111111011111101010101100110000111101110111000100110100111101010111110001101101
10101100111111011001101110010110100000101110111111001101001110111100100000111011110100111011101001010100110111000001111101111011101111001110011101111101010010010111110101101011110110011010001101111101
10000110111101111100111111101111100011011011111011101010111101001000101111101000100100111111010110111111111010010101111010001011110101111010011101011111101101010111010101101110101111111110001010110100
10101001000110011011110011110011000010100100111010100110111111110010110110101001111111110101000100111101110111000111111101011111111111101100111001010101011101111111010100101110011011101101101011111011
11001101110111001010000100111000001111011010010110101111111101111011011110101111011101011111110111111111011010111100000111110101101011110101011011011110111111111001111111011110011111110011001101110001
11000100101011111111111101011000000010110101101011010111100011101111111011111111111100101100010111011110001000111111110010010111010111111111111011011011111101000011111101010101100111011111011111011101
11110111011111111101111110100100010101110111010111110011100010111011101111111100111110111110111110010111111011011101110101111101111001110010111111010011011111010011111101011111010111111011010011111101
11111110111011101111010111101110100100001111101101111101010011011001001101010110110111011011101101111101110100111101010111111110111010111101101110001010010011111011011110110110111101111110000101111111
11010111111110011110101001111000111010111101001111111111101111101000001111111011101001111111001101110111111100111001100011111001010011011111111011111111010110110101101011111111000010111111100111111011
01110001001000111101111001110110001101110110010101010111110111101110111100011000111101011001111110101111101101110110011110110111001111101000111101011001010011111110111111110111011110111010111001110101
01110000101101011101101110010110000100100111010001001011011111100010010011010010110111101011111111100011111011100101111011111111111110011010111111101101110011111011111011001111100110001000110111110110
01011110011110110111111111010100000110001011001011110110111010011111111111101001100111111111111101110110111011111111110101010010110111011111010011111101111110111110010110011110111010011101111111010011
01011110110110101101101111011101111111110110001111111101010010111101011011101011101011001010111011110110000101110000100111111101011010010111000101101110011111101000111100010010101011001001011101111101
10011110001101011011001101111000011100111110011011101110110001110100011111110111001011010111011011111110111111111111001111110111101101110111111001011101000011110111110101110111110110010010001101111110
11111101101011111010001111100100011111101111110101111111100111011111000111111101111111101011101001000001010111010001101101101011010110000011111111111010110101111111111101111100011011010101011111011111
10001111011100111110011010100001111111100000011001110111111011111101011001001011111101111010111100000110111110111101011110111101100101010111000111010101111111011110111110110101001111111101101110111010
00110100011010111111011110100001101101101011000101101011101110100010011110110111111000101110100111110111110111001001111101010101001111011011011101111111111101001111111010100110101111101011111110101111
11111101110111100110100011010000100100110111001001010001001111101111111000010111011111110111011101101110111001111111110101000111001000001100111010111001111001110110111111101011011110101111000011111110
11001101001100111111110101110000111011111110101011100010111111001111101110110111111111111100011001010110101011111100001111101010010111101111010111001111011010001010111111110110011100000111110001111110
10111001111011110111101111100000011010101011011110101001110100110010010001110101111110010011111111111101110000111101101111110011101101010111111101111111000011101111011101111111011001111110011100101110
01101111110101110000111010110011011110111011110111100010101101111001111011001111111111011100111010101011011111110111010011010011001111011111111110001101110111111111110111100010110101001010111101100001
11100011111000010001100110010000000100111101101000001000011011111101100011111101101110011111101010101000100100011011110101111101101011100110110101111111111101111100010001001111000101010111111011011100
01011011011111011100010111110110001000010111011010101011010110111011101111011111011101000001110001111011010110110110110100110111101111111111100010011101111010111011101010010011010011000110101001001110
11111111111011101110101111000111011110001111110010111101111101010111101111111111111101111111111010111001110010111111001111011111101001111110111000110001001111111010011111001011100110110010111111100111
00110001100111011111011011010011000001110111100110110111101111010110101000111111010011001111000111110110111010110111111111111100101111111111110001101010101110111000001110011011001101111111000100101111
00110010001111111101100111010010000111101111001110111001010011111101111100011100110111110101110010111110111011110111101011110010100111101001111001101101000101111100111111110111111101001110011011101100
10011101110111000111101100011011010000110111110010101111110111111101010001110101010011111000111111111101111110101100101100111111101111111001111011010110010011110001110111001101101101000001011010111010
11001000110100101011111111101111110001001111101111011111011101111010110111011111101111011111101011010100001111111100011101011101101111011111010111101110100010111001011100101001101111111111001100111011
00110011001011111001011100110011010001110110100111111101011101111111000001000011111001110011110101010011011101010100111101111111010111101111111011100001110111101110011101111100011111010010101110101011
10110111001110000000011010011000101100110011111010001110111111100101001001010011100111110010111011101101101001011011111010111111111001111110101100001100011110011101111001101010010110101111101111100111
11110011110110111101110101101110101110110110111011100011011111010011111110000011110101101111111110111111011110100101111110001101110111111100011111111000111011111110111011011100110100011110111111000001
01111111111001111101011111101001111110111101101111101011011001100011110001011111001101101110110111111101101010110111111110100100111011111111010111111111110110111101011011111101101110000011111101111111
00111111100011111110000110011100111100010110001111001100100110110000111100110100000110110011001101110001001111110111111001001110111110010111101111111111101111101111111110110000111011111011101111011100
11111111111111101110011110011000110111011111111011011111011010010010111100101111010100111110111111111111110101101000011110001011110100011101110101101111101101101110011100110010110000100111111100100100
11011111111101100111011111111111101100000000101100111101111111100110001111001010011101011111101111100101111011110110111111001001001111100111010111110111000110111000000111100011101010011011111111011001
10101001111011000011111001111011101001110100000000010111011111101111110100110111011011110010110001000111111111011110011111101111110101111101110100111010110111000000011010111101110100101010110111001001
11111111110111110111111111101111110100011111001000100110011011011101101110110111101110111100101011110011001111000101101101111101111101111001001011010111100111111111100110111110100111011101111111100111
01010011001011111111110010010110011111111000011111111011011011111011001010000111100111010111011111111111011011101100011101010111001100101001111011110111010011111010110111110101111110111100010000011111
11101100011000011011000001110111100000000000000110110110101111111011110100111010001011111011001111111011110111110101111110111011111011100100101110111001110010011111101110110101111111111110111110101111
11111111101011101011100011010001111110100100001010111101010011010001101000111110111000011111111101111100111010001011011000011111011011011110101100011110111111110010011111111110101110101110001011111110
00101100111010111011111011001100110101110110100101110110000011101000111000101100001111111101111111111101111111101111001111111101011101110111100111011111110110011101001111110111111111110001011001010110
10111011001101111001110110001101110111101110101111110111110110100001001001100011101110111101011011111011111111011101000110011101011010111111111010110110110110111111111111010001110111101111111111111001
10101111011111101101111010110111011101101110100011111001111101100101111101001110100011000000011011011011111001101110011011111101110011100110000111000100110111001100101011010110010111100110000111011111
11010111111101110111111011100011010011100111111000111001111011100000111101111111101101100001010000110110101110001111101001011011101110110111111001101101101010100011010000111100000111111010010011110001
00011101101111011111111011011101111001010011110011110101011001111011001011101100001011110011000101000011001111111011110111001110011011111001010001111111111111111011110111010011010101011100111111110011
11110100000111010111010000000101100111101111010001010111111111010111011111110000110111110011001010101101111101110111100110111110010010010110000001111010011111110101001110110110111010111111101011100111
10111010111111110110100100101010001011011111111100010101101111010110110001010101101111100111011101101101110100101011110001001011101011111101011111110111011110011101111010111100011101101010110110100001
01111101011111111001100011011100010100010101111000111111101011111101011100001111111100100101111001010110000110111011001101111111111111111111001101111000011101011001111110011111110100101111011001101110
11001110101100111111111111110000111101111001110000101111100110111111111101001110011111100111111111011011110011111011110001101011111101011000111011010010011110110010110000000011111111000110101011001111
11111011100110111111111010101110011111001011110110011111111101111111111110101011111101010011110111111010111111110110001101110111101011011110101111001111111110001101011100010100011100011100010101011000
01101110111111011111100011111011100101111111101110111111001111010011001111111110011100101010111101101010111111110010001101001111111111110111110111001110010110101101011111011101001001000010010110110100
01101110010000011011111110001010111111110110101100000111111111010011110111001011110101011110100101111101011111101111111011101101011101110111001101010111110111100111111101101011101100111111011011100111
11111101111010100010111100111111000110111110011010111101011101001100111000001111000101101010111001010110111100010110111111001111010011111111100010011110111000101010001111111110101011101001001011111001
11100001010111001110110011101111001110011011011100100000011011001010110011101111011011011101101011001111111100001110011111100001111011110011011110101101111111001110100101111001001000111010011110110111
01111010100111101001010111001111010011010011111110001111111111101010111010110111000011100111010111101110110011110011110001100111110001011100001101101101011111010010110101111101111001111111001110111110
01111111001100101101010111011111001011100011011101001011101110110011111111010010101101101000111111000101100110110101011111111101101011100011010000101011111011111111101101110111101111111011110011101111
01110000111111001010101010101101111111101110101000011110111010111001111001011010101110110011011011110111010011010111110010111110111011100100111111111110111000101001101101110010111101101111111011100110
00111111011100111101111011110010111100111011110000011110101011110011111011110111110101111011110011101001100011100111010011110111010011111011101011101101110111110001101100101100110111111010111110110100
00111110011101111110011011110000011000100011100010010011111101011101110010111000001001101111000110111011011011010110111001111110001101110011001011110111111110011001111110110110001001110111111111011111
10101111000011110110011001101011001100100101001111000111100010101001101111100110001011101111101011101101011111111011111101001100101111110111011100111011111100110111111110111010001111101011001000010101
11111011111101000100111101101111110010000101101111010001111011111010001110110000101110001111101001010001011010001011111010101101110110011010111111101111110010101110111100111101011100110111111011010100
11111101101100111100001111111100111111101110011110110100000100110011000100001001101001111011010111011110110111111111010011100011110101011011111111110110110101001001101000111101010110100110110010110100
11111011101111110011111101110111111111101110101111010101001111100110001110001111000111110111011111111101111101101110101111000011111101111011111000110100110111110000110011110011100111100001111011111100
11100011001110010010000001111011001111011111110111011011101011100001101010101001111111111010011011111111101001111110111011000110111111001110111000010010110101100111000011001011111111100101111101111011
01110011100111111101100110111001010011111100111010111110000111111101111011011010111101011101101011001110011111101111110100001010011101001001101111111101101000001101101000110111001111011110001111101111
11110110111100111101111100111010110101110101101111110011100011110011011011101111010101101011111111101100010101001111011111110011101111110001111101110101101111101111111110111111110111111111011011111110
11111001111111000100110111110011100111001111101111101001110010000111111001111110010110011110011001101101001111111110111011111111101110110111000111111111101101110111111110010001111111111111101111001110
11100101110100011101010011010010110110111111101101111111110001111111010111111101110011111001100111001011010001110001011111111011011011111100000110111011011111111010110110110001010011101101010110111111
00111101101111110100011011111011110110101110010111111111010111000100001111111100011000111111000110101110100110101101101011011011001111111111001110110011111011101011111111110011010101011011111001110111
10110111111111001111111111111011111110010111110101010111000101110111011111010111001110101111101110010111111111110111101111110011101100011110101110010000111111111011000111011100011111101011111111111101
11010000111110011110111111101111011001111110111111110011100101110110111111101111101111100100100111011101001111110101011011111101001011111111111110010101111110010101111010111101100100011001111101111010
10111111100101111100111100011111011101101101111111101011110111011111010011001110110100111101111011011110010111001001111001111011001111011010011111000101101101111011010111111111111111001011011011110101
10111101111001010010101001101001100011100111110110010111110000111111111101001111000000111110111100101010011110110100111111111111100101111001110100100111101111010000011001111111111100110001001011011111
10001011101100110110010111111011011110111011010101111100110000011111011101100111111110110101010011101111101011110101111011110110110111011110011101101101101110111101001101110101011111111011011001110000
11110101011101111011101011111101010110101111001111111010110100011001001001101011100111110011101111111110000100111110000110010111100011111110110011110101100111101111110111101110110100111111111100000111
01111111011100010111111111101111110101111001101101110011010100100101101101100111100101101001101111111101111111101111001110110110111110111100010101110111110111101111110100101110111111111000101110011001
11100101010010111100111111110101001110001100110010001101111100110010110110011111111001001111111111100011011110011011110101010111011011101011011011010011100010011011111011000101010110110010001101111110
10111111001101111111111111111101111000111111000011111101101100001101011100011101101101111110101111011111011101110100111110111110110111110111000101111100100011001100011001101011101111011111010101000010
10101011101000101011101110010101110010011111001101101111101111100101101111101111110011111110111100110011011110100111011111110110110101100011101110110000101010100110001010010111001101101111111101001111
11111101111100101111010000111110111100111001001011110111001101010011001110010010111101111101011111111111110011111011101111111010000101101101011111011111101110111101111001101011100111101000101110111111
11001111110111011011010011101100101010111111110111101100101011000110111111001100100110111111111011101010110111101111110101101100011110110001111110111001111110111011010010111001100111100111101101111111
00111110111001111010101111011111111111111110001110111010111000100111110011111011110111111110111110010011111110000111111101111001100101000111110011101111010111111111111001101100110101010111101100011011
11011111011110101001011000010110111011111111111011111101101101100111011100101111111110111010001111101101111101010101111101101101001010101111111111011110111111101100101110110001000101011110001111001111
10010010010110111011001111010111111011100111001110111011011011000111110111010011101111101111010001100111110110010001110110011110010001110011011111010101111101101110001000111111101011011111001010011001
10011000010111010010110011001011000101110001111110101100011111100000111111011100011101110001110011011100101011011111011111010000001101111111111011001110110110111011110101111010111110101111101011101111
01111100111110101011111110011011111011101010011001111011010111101000011011111100101111110110111101101000111100110110101110101111111011011001001110111111001111111111100101011010001100011101011011111011
11100001100110110111011101111111111111001001110100001111011011110110001110100011101101011000111111111110100111111010010111011111110101110011101110111011111000111111100111001110111110101111001101110011
11111111110111101101111111111101100110111110011101011001011111111110001100011111001110111111010110110100111101001100011101100110111111001111111010111001111101101110110111001010011101111111011101111001
01111101001000011001101011111101101011111011101101101101010111101010010011011111110111101101110001111111010011111111111011101001111000110011101111000111101101111011011110011110011011100011000100111101
00111010111011111001001111010010001010101001110010001110111111101110000101111111100001110100010111101010101011111101111110111111000101010110011101111101111111110111110110111111111011011110101101010011
01011000110101110001110100101011010111110111101101010101111111010000110011110111111011001111101110111111001111011011111010100111111100110010111110111111101100111111101011011101101110001111101100111111
11111010001110101111100111111110110011111110101110011011001101011100000111100011101110001111111111011001110011111011011100111000101110111111111101111101111101110111111100010111111110011111101110111000
11010101100101101010010011111010110000101001111011100110011111100011100111101111110111001111001111111011101111101100110010101011101000110110001111111011001100110011010111100110111011010100111011111101
11101000110010010011110111111101011110111011110101101110101111111110100111110111111111010111111011100101001110011111111110001111100110100011110001011101111000011011101111111101101011111110111101111100
01010001011110111111111101010100101001111011111011110100110110111111010001111010111011100010101111011011010111010101110101111011011111011010110000010010101110011000001100101100101000011111001001111001
11011011101101111011001110101100101011101110111111111100101011011111101011110010101010111101110011100111111111100111110011010011011101010111101110010111110100101011111001111110000010100110111111011111
11000010011111101111010111000101001111110000001111111110111101011010111000110010111001110101110111110111100111110100111110110111111100011110010000011011101100111101111010011101111110111011111110111110
11000011110110110111001101011111111001111001001011110110101101011111011010111000110101101101101111111101101000101111110011111001111010011101111111111001111111101110110001100101111101110001110111111110
11110101110110010110111101101011111111011100111111010111111110110001010110111111111011110100000111111011001100011001110001011100111001000110110101110111001011001111111111101011110100010111111111011101
10111111111011101011110100000111101011011110110110111111110011111010111010010111011010110110101011111101111110100010011011111011111001010110111011011101111111011111111110101000010110011001101111001111
11000100101010000110111101110111111111100111110101111101011110000011101010011101101110111011111011001010011011011111011001110101000101110110111110011110111101100010011010011100010000011111110100000101
11111111011101111011010001000110001111011111011100100010110111110101001110001111110000111011011111111101111111101111001101101001010110100001110111001111110110110011001011001011011111101111011010001111
11011110111011011001111111001111000010001101110111110011011101111111111110100011010100111111111011100110111010101010010101101100110010101111001111011010100110111110101101000101001010011001111010111111
11111101011100011011000101111100111011111110111011011011101101110111010011000011101111011010101000111101111001101011010100011111011111111111011011110011011111101111110110111011111110100111100100111111
01011011011100001101000001011101011010111110110111011111111000011110111111110001010101011111101110111001101010011110010011101101110010110111110000110111011001110111101010100110111001111010001111011101
11111001111011111111000011010001011110111111101110101100001011010001011001111000000111101100111111001011000000100010110101111111110111101111101000011101110101101111011101011100101110011110100110001111
11111110011111111111111101111110001101101111101100110010011101001111111111100110100010011011011111011001011111001101100110010101111011111110010000110101000011011111110111101101110011111011110010111100
11111111011101011110111110101110110011110001110011011101111110110111001101110011101011001110101110101111101001011111011110100101111000111101101010110111010011110011110110111101011111011111011011100111
10100101111000101111011111100110111111011011011101100110100010001101000101110010000001101011110011011111101100100111101010111111111110100111111110101000111010111110111000111110100010010100110111101111
10101110110011100010111001110111101111110110010111111011110111111111011001011101111000011111111011100110001011110101101110011010110101101111000111011111101101110101101110011101101111111011111011111011
11000010011001110111111111111101101111110111110111111100011011110101111011110111111000011101100100001110111111010110111111111111111111100111011011010110110011111111110010111100000100111110111001101001
01101111010010100111001111111100101011111000011011010111100111111011000110111110010111000011110111100111111011111111101100001111001111100111100101111001111011101111001110110110011111111100011111010111
01001011100001011011001101111001000111001100101101111000011101111101001011101001110101100001110111100010101111011110001000010011001111101100001100000111010011001111101111010110011010111011111110110111
11110110111110100111111111110001111111010111111011011110111110001001101110011111110011101111011111110101010100011011110101100111101011011111111010110010110101101001111111111111110110100010011111100111
11010111011110101111011111111111010011110010110101101110111110111111111100111011111110100011010000010101111111101111111011100111011011001011111111011011111111110111101001111101111111111111000001110100
11101100010111110110111111111111110110011001011111101001110011110111100111011111110010111000101100001000111100100010010100010000000011100011111111111010011011100111011011110001111110111101111110111011
11111111010011011111001111010111011100111111111001100111010011011111110111111111101011111000110101011000111011101001111101101111111001011100011111011101111111101001011111101111010100010111001110011101
10111101111111011101101101011010001100011100101110110011011101110100101101101111101110011000000010111111100010101000110000110111111111111010110011010111101111110101100000111111000011111111100111111111
10111111110011110100110111010100111101011011111001011011111101100111011101110101100011000100010111101111010111111101011011110111011011111011110111110011111111110000110101110001111111110111111101101011
11111110101010111010001101111010100111101111000101111111011010110111010011111110111000011100011011001011111000110101011110011110111101110110101100101111101011000110111100100111011111011010111110001110
11001011100110110001111111110010110001111111111011111101111011101111110110011111010001101101001110011011111010000111111111011101111111011110110011111101101010011111111111101001110001111101111110110111
01111011111111100011111111100110011001110111111111101000110100111111111011111111111111001111000011110010101100110001111011110011110101101010101100011111010111000111011010010110100110111101011111110010
11111111111100111110001110101111101110100010001010011111111000010101110111101101111100111111101000011101011111111110110111111101000000100011111001011011110111101101011001011111111110111101111111111001
00011111100011110111101011110101011001110111111101111101100010101001011011101111111111011011110010001011101111111011110101001100111110111101111010011011100010111100001111011111111011000011110010010110
11100111110010111001011110101001101111101111111110001010110111111101011011111011001101110001100010011110110001101101110100100000011110110101111111110110011001111001100111110001111111011111011110000110
10111010010111100111010111100001001111110011101111110111011010011011111111011111011010011011011111011100110010101111111101010111101001011101110011101111111110111001111111111010111000110011101101110110
11111111010101100101011011011101101111110110111111011100000010111100111000110111111101011011100111000000110110001000111111010101111111011011111110111101011101110101001110111101101011111001101111110111
11111110111110000111111111111111100111111011111101100011101111011111111010101111101011101111101111000110000000110111110111011110100011111011111101111101001100111010111111001011111101001010011111110110
11111111111111001011101110101101010001100001111011101110101101001011101010111101010110111111011110111110000100111001101010110001101110101011000100101101111011110011110011111110100111010110011010001101
10011111110101111110001111100011011111110100001011111100100101111011100101011110111011101110101111100010101110111101110111110011111111111111110010000011111110111111011110001011111110111011001111110011
00101111101111001100111011111111110001100111011011001011100011111011011001011110111111110010111111011001101000000011111101100101111001101111111001000111101100010110010100100101001101010100111101001111
10111001110110010110110110111110111011110111011010010011101110011110111110111111001011110111111110101010100000111101111011111111101010001001010011101110110001110101111111111011111010001111101111100011
01001111101111000111110011011001011100011111111111101101011111111110110011011100110011011111101110110111100001101000111110101011011110111111100111101111011110110101010111100111001010111011110111111111
11010101101100001111111101011110111110110111101100111100111111011001001111001101111111110111110111001110110011111100110101011011001111010001111001111111110111010111011111111111111000011011011000111110
10100011010010011101111111110111011111011100101001111011111111110101011101111101011111010010101110001110010000001101111001111110111110010111111111110010101011111111111111111010101110000110111111010111
10001100110011100101101111010111111011101101011011111101011001111000010111010111010010111011101110111001110100000001110100100111001111011111111111001101111101101001000011101100111011011101111111000101
01011011101101111101110110101011100001110100111011101111011111101111101111011110111000101001110101111111111110000100011110111111111111110001101111100110101111100110001111000111110101111011011001111010
01101100001011101011110111011011011111111111111110011001100010111001111101010111110110011011111011110010111100000110111101110011111111111111011011111011101010101111011010111001010000110011011001101011
10101111111111101111011000101111110111001011111101001111011111111101111011100110110011011010011111000101101110000111111101000011110110111011101011010101001100101111001101110001100011101011001011101011
00101100110111011110011010001111010110011110011010011101111011111111011110110101111000111000101100001111011100111100111101101110011010111011010011011111100101101010000101111110011010011001110111101011
10101010000110100100000010010110010101100011001111100101100011011111011111001111111100100100000110011111110010001100110110011011111111111010001101101010111100111001110011010110111000010111000100111111
11111010000011110001001011101111110000000101111011101010001111011101111111111001111100011110100110111011100110001111111110000010110111000100111000111001011010101111011011101011101001110011110011001000
11111010001111000111011010010110001100011111101111001010011000011101010101011111110011110100011101011001000011001101010010011111100110111111111111110101110001001011100001110000110100101111011010111011
10000100000101110011101111011101111011011100110001111111101011110010001010010010110001011111100111111111001011000011001101010100110110010000111111000111111101101011011010111101111001111001100101111011
01101011110111011111111001110100111101111100111101000101110110110000111110111111010110011100111101011011011110100011110111001111110111101010010001010010110110110001100101001001001010100111010010000001
00111111011100100110011101001011011110011100010000101001100100111101100100001110100100001111100011111011111101110110101111001011011011100101010111111001011110111111111110011011011010101001011011101011
01110101001110010010110001010111100011111010010011111111101111011100111111011001111111111111011101101110110100000010101101011010111110111111111111101111111111011110001100011111011110101101101000001111
01110101111001011111101110110010111010100110111111111100110111010110011011001011110110111111111111011111101001100011110110011111011111100110011010110001001011101101011111110001111100000110100110000111
11110111110111010111100110110111111110111101010010010011011101111011110110101101110011010101111110011011111010101000011111110101110101011111101001110111101101111111011110100101010111010111101001001100
11000111101110101010011111100100110111011011011111000110000111101111101100011011111100110000111011011111101101110100011110110010101100110111101101010101100100010111001110110111010111011111111110011100
10111011111111011100010100111111111111111000101011111101111111100111111111101011010110111101111111110111111110110111000110011101111110001111110101101111011111011011010011000111101100010100111110111101
11111011110101001101111101000111101110100110100111101011111100101111101111011000111010101100110011110100101011100111100011111110100110001100111101010010100111000011101010010101011111111111111011101111
01110110011101001110010010110111011001100011101011000101111101001011111101111011101111100110101101011111001111011110100011101110111101111000011010000011111001111110101101111111010011100100101011111101
11011101110111110101010001111010011111110101111111111101110111000111111101111111111001111001111101111011001110101001100010111011111001111110101111000110010010111101101000001011101111111111110101011111
11011101110111001011100011000100101111111110111111011100101001000110111100110001101010110111111110111111011011001011010001100111011000100101011110010111111111111110011111110011111011110111101111000011
10111111111110110111111111111010110110111101110100110111111011111110111000001100111101110111110100111100110010011010111000000111000000100110010100100111011111011011011111111011011110011101011111000000
11101111101001010100111111111011111101111010111110101101110011110010111110110111111101111111011010111001110111000101110010010000011000000000000001110000000000000000000000000000000000000000000000000010
