300 300
001011011111011111111101110111110110101011101110011100110100101111111011111110111111100111101111011111001111111100011010110001111100000110111001110111100101111000110100110010101110111111111011101111110111001111010111110001010101000101001101111111101111110110111101001000011110100011110001110100011111
101010111111101101010111110000111111110111101001101010011010011001101110111111111011010011011111110111001111101100101101101101111111111010010110111111010110111100011101100111001110111101000111011111101100111001110011111010100001111000011101011110110010100100011010001101010110111111111001101001001010
100011000001111010100111111100101101111011011111011010110100110000101101111101001011010010011111111110111101110011110111100110111100111011100101100110111110111101111010010011111010010111101111111011110111011111111111111000111100010111001110110111110111111111111111111111101110110000111001101110011010
111000011011111110110111111110011011101000111011000011111101100000010101111111111001110100101011011101011100100100101110110011100010110110001011101111111111111111010011110101111101110110101001101111111111101111111110111001111110011111101111100011111011111110101110000101111101110111110101110011111111
111101000101111011011011110011110001101111101111111011110011110000110111010011111110011110011010101111110000101011110011011010101000111110010111001010011101111011001001001111011001000110001100111111011000101101010101101110111001111111011110111111101111110011000101101101101000010001111010100110101011
001111011011011111111110101110010111101011111010111010100011101110111011011110101011111111111001011111111111101010011011110100001011101101111000001101101111001011110100011110110111011111011010111011010011011101110101100110101110011111110000101111111100101111111000110110110101010001101010001111101110
111011011001111101001110111001101111011011011101001111111111110101111111011101000011110101001111010111000111111111111111110001111001101101001101011011011011110111101101111111111011011111110101010101110101100011111101011110111111011000110111011100011001011101100100110101011001000000111101110010111110
111111010011001101011011100001110100111111000100001001010011111011011111110100110111110111011010001101110110011100111111101101101101111110111111001111111101111000011111111100000100001110011011011010111110110111111101111111111011000010000111111111000011110111110011000111011101010010101101101101111111
111111011101101011010011100111100101101111010111110011101001110110111111110111010111010010101000111111101010101110101101000100010011110011000101111010010111100011110101101111111111101111111010100100111010101111011100001010001101110111011100101010101001011110011111010010011001111111110110111101110011
101101000101111011110100111101111010001111011110101110111001001111111011010111100111110111111011110100001011011000111111110111111101001011110010010111011110011111010111001000111111111100101110111110100010111110101010110010001101111100110100100110111101101111111111110101011001111011110000111000101111
000100000111111111111000111101100111101111000111111010111111010011011101111100111100101111111110011011110011110101001010111111111011010011101001111011000011101111110111110111101001101111111000111101111111111001111110111011111001110111110101111110001111111111110111111000110011111011001101011001010111
110110000101110000000010001000010111101110110001100111011101110111001110111111110111111011101111100010011001011011111111100011011011111010101001000111111111110111101111101111010100011010001111011101011110011111111010010001110101001111111100011111100001111011101111111101001110010110110100110110010110
011100100110110001011011101010000110011100111111101011101110110011010010101110111111011110111111010111101100111100111100101110101111011110010101111110110100111011110111001011110101111101011111111011011110011111011111110110111101100010011101100111110111111110010110101010101100111101110010011101111111
111100110110010001111101000111010010111111111111101111111011111111111010011101111111111111111110001111011010111111011111011101100001111010101111111101101111011110101101110101110111111011100111101011011001101111111011111111101111110111101111100111001011100001101010111100011110110110111111110110111011
001100100110000011110110100111001111110011011011100011101110100111110101101010101000100010000111011111010101101001011011011001011011111011101001111110010100111011111010100111111001001101111110111111111101011011110010001110111110001011110111111110111011010101110111001111101010100101110100101110110111
010100000110000110100011000110111101110111111111111110101101111110010011111110001011100110001011110111110111111111110111111101010101011000101110110110000000111111110011111011001111111100111110101111010111101110010001010111101111011111111111101001111111011110110101001010110110111111111011101111111110
011001110000000101011100110011000111011011101110000111101100011000001001111101011011111101110110110001111111110011111001101111111001110001100101110010110101011111011110110010110111010101000010111101101110001000011111101001101111010111110000101011011010111111100111111101110111101000111101011101011111
100110100100001001111010101000011110001111101110100111101110111110111100010100010010111110011110011110111011111110111101111101110101100101011100101011100111110101001111010111101010000111100011111110111100110001001111011111001101011011011110000011111111111111011110100110111011011111110001011101001010
110111111101110011101111000001000011111110110110111011111011011010011111011001111001111100000111111110011011111101011101011101001111111010110100110101111110000111111111010011111110101111101111101001101110011101101111111100110111101011011011110111000110011100110010000101111100101100101111100110110110
101101110010110011111011000000000011110100110100011010100111111011110110110111010111110001101111111010111100011011011010011101001111111111110110000011011101111100100111111111011011001111011010010100011101100011010100111111111001010111011110111111101101011100001000111111001111111011001011010111111111
110110001111111110001111111110001001111001111100111101110110110111101111111011011101101111010011011000000101110001111111110110011010100111000101100111000110111111101111011101101111101110101111101111001111111001111010110011110011110111010101011111110011001001011011011001111001101101111111111110111101
100010101111010111111011111111101100000011000010111111011001100111100001111010000110111011110101000101111111001110110010011001011011111111111101111010000110111011101010110111110110001011100001110101101111011111111011101011111111111101010111011110011110101001111100011101011111111110111111111011110101
011001100011001100110111100111001000001111101000101011010111111111101110110111001101100101011110111010111110011111110100101110001111110010110101110100111110111010111111101110101110011110101101110111101111001101100111110001110101111011111111110101111101011111011100001111100110110000110011111111011111
011111101100001011111110101011101000111011001000011110110011111111000101001110011110101110111110000011001000001110111110110011010111111111100111110011011011010000111111101111110110111100101000001001111111011111111111111111110110011111010111101010101111111111110111101100010101101111011101110010110111
110101101011011100010101100111101100101111011110101101111011111001011100110000100110111111010110111010111111101101101111010011101010111111100110111010111111101110100001111111010101110110111110000010101101111011110011010111110101111100001111101001011111010100010111011111110111111111110000001100101011
010010100111000010111101111100101101010001111111010111110101100000100110001111101101101110111111111000010100111101111111110001110001111100101011101011110110010110101111111110111011100111011010101001110110111110110111101000111011111111111111111111111111101001110011111111000111110001011110110011110111
110110111111011000101100101111111101111111101110111010111110001111010011111010010111010111011011111111001011111110010011011110001011101100011101000111010100110010110101110100111111100111101001001110001111111000011011101110010011011110111111011101100111101101111011100011101011011111011100111010100100
100100111010001111001100011011001101111100110100011100110011101111010100111001101111100001110110111010001111111010111111111000001000001100011010111111111010110010111011010111001111000011011000110111110111111011011101010111101101110101101000101110011100100110101110100011111001110101101001111111111110
101101111011111011111110001110111100000010001010101001110001000011011111101111101101000101111111110000110011101110110101000101110111100011111111110111011111100001100101111011111111001110110111101111011011011101111110011110100010101100011001111111111101011001011110011111110101110110010010110111101110
011101010001100101101011111001111011110100111001001101011011010100100111110111111001111110111111011001101100110111111001110010111111001101010111101101010111111111111001010011011101001110011011101010011011100010111000110111110101100010110101011101110001011111001010100100000100111101101111111100111011
110110100100111010111111111110000011010000001111110010001100111111101101111000000101111111110100010111110010110101011011100010010111100101111001110111011011101110100111110101000111000010100011010100111110010010010111111111111100100111101010011011110111101110010010110111110000011110010001011110111111
010111111101110111110001010000111111010000111111111000001110010101001111100011011111111011100111111001100101100111111010100111001101111111110111000110000101011100111010011101001100101111111111111001110010111111101010101010011000111111011101011111111010110110111011110111110100011101010010100001111110
001111110110111001111111011110110111100001011111111100010111111111011010111111100010011110011101011011011011111111101110111111011111111011111100110101011111111101101011011111101100100011100001011110011011111111111010111011110010110111111110111110101101010101111110101111111100111101101011000111111111
010110011100101010110101100000101101010000001011110111111100100100111001100111101100001011010110100010011011100110100101111110110111111100101110101011001111110111101111111011111011111001111111101111111000111111111011111011111111110000111011110000111111111110100110111101011001001110111111011001001011
101000110011000011101001001101111100110000101011000001011101111110110100110010001001111011111001101111100111011110101111100001111100111011110111011000110111011101111010010011110100111011100010110001101101101111011110110110101011110111001110011111100111010111111111010110011001101101101111010111111110
111110110110000100111101110011011000011000111110110111111001010011111101010011011111000000101101110011011011001111111001110011110101000011111011111111101111011110001101000000101111000111101111111111101110110111110110110101010110100111110110110111110111101111111011010001111101111110111100101111110010
001111011111011100101111101111111111110110111110101110011100110011101111101111111101010111010011010111111110111111010000101011010111001111010111110100110101000111110001100100111111111001111001011010011111110111110011011011111111111000110001010011111111100010110110111100101110101011101101111101011011
001110110001111010111111011110000111011010110001111101111111001011011011111111100100111100001101111111111001110010001111010100111111111011011011101000101111011110101011010010101101101111000101011010101111001111111111101101101101111110110001100110110100111001111111110110110110011011111001011100011000
111111110101011101101011000111111011111000110000001111001100000001011110110101111011111111001110111101000010000100111101011010100110110101111001011100011111000000011100101101001111101100001011011001101111110010010100001111111101111110100111111111110101011111011100011001011100101111011110110010011111
101011100111011001011010110010010111100110000111001101101110011000001000001100101111100110101111001011001110101111000011001011101100011110110010011010110110110001101111111101100011101111100011111011100111011100110000110001110111111101011011010110110110111111110010111111000011111111100011100111111111
001011011111101111101010011111111110100101111000100000101000111000000000011101101110111111111111110110111011100111110111010110011000010101101110101011111001011111011010101011110111110011110111101101101101110111110101101111101110000100101111011101011000111101100110110110011111010111110100011001111111
111011111100101111010100110111111110001101110111010111100011110110001101011011011110101000100101011001110001110110111111111100101111011100111111101011110110100011101111111110100111101111100001100111011110111010010111001000010101011101000111111010100110010011001110111111110010010101100110011010010111
001101110111111110011111110011110101011011111110110000001101111010011001011111111101100111111101111101111011111101011111010111001110101001101110110001111001110111101100100111101111111111100111101011001111011110111110111111011111011001111000110011101111111110010011111010001011001101011111101001110111
100111011110100111111110111011111011111111101101110101100100101100101111000110111011111111011111101101010111101001101110110110100101101111110010011101101110101011111111101101000111111011101111011110111111111111001010111010111111111010110011111110101001010001111111101011111100110101101111110010111001
011110111111100111011111101111111011010001011111010011111101111101110011101011111011001110101100110100010011110111111101100110010001100101111111101111011111110110010111001110101011111110001001110110111110001100100111111101110111111010110111011111101111001000111101111011110100111110011111111111100101
110010000111110010101011111101001110111100111110111111001110101011110100101010111111011110101111100110010111111100100111111100111011110101011101101011110110011110001111111011111111111111110101100111001111101110101010101011111011110011011110110111111011110111101110111011011001111101011111101110111011
100111010001110110001110101011101110001101111001000111111110011111011101000001111111110101111001111000111111011001101110011101111011110100011111011111011111101011110110011111111011111110001011101100001011100111111111100011001100110110000101001111101110110101110111110000100111011100111001111111111111
111011100101110101010111110101101010100001110111111110001100111011010110100000111100001011001111100011111011101111011101011100111111111011000101001011000100010111111111111110111100101101100111111101001011111110010101101111010100011111100101111111111001111111010100111011100001110111000111110101101001
111111110111001111001111111011001110111001101110111001101111111111010110001110001011111111010100110111100110010111100111101111111101111110111010111100110100111011111011101111000111110011110001010101111010011110111010110110111110111010111011011011000001111111110001011010101100100110111101011011001111
001111100011001011110010110111101111011110111101111010010001111111110111101100110110011111111110010111101111011011101010110111110011111001100011101101111111110110011011110111111111011101011110111010011010101110111110011101010110011100100011111010011010111111011111011111001111111110111011010111110011
101110001111101110011000111011111100111000111111110111111011110011011111000111100111011101100011011111011000100111110011101000101111011101111111101111111110100011111011101111100111010001110101101010001110110111101111110110011011101101110011100011111110001101011001101100101101111111111101101101111000
110010110011110110101111101111111101111111010111111001111101011101111111110110110010100001111011010101111011110111101101111111011111001100011110010011000110101111111111111000101101111111111110111010111011110101011111101001111011100110101111011010011101011100111110110001010111110111110000111011010010
111110001100011011101110011011110011011111110111110011110000111111011111110110011111111011110011101111010101111001110111101100101110011101111001110101110111001111101011001101011011101110111110110101011100101011101101111111001010011111110111011110011110111010110011010011110111111000011101011010111010
111110101010010010111011111011101011110101110111110101010111011111101111100000111001001011101111011111111111111111110001010111110100001110111001110100110111100111111010101011101001101110011110101111111100111101011011000111111110011000110110111011101111111101110111110111100110000101010010011010100111
000101111111110100101101111011011010101110000010110011111011111111111001101110111110001111010111111111101010111101111001111111111001100101111101011011110011101010000010010101110010111101111110110101101111010111101101011111101011011111110111100010111111111001111100010111001011111011111001111110111100
011011001010110000100111111110111111101100010000100111111011011111001001001000011101111111001111100111111011011111101101111111101111011111101110011011100111110010111111111111110011111111100111011000100111111111000110110101111111100011110001101101110001110001111011111010110100111110110111110110010011
010001110110111101001110111111111001111111001001011101110111111000011111111001000000001001100100110110010010101110101101000010101111011000100010100011011010000000000111111100110011100011011100100111101011011111011010111100110011100111111101001110101101101101111110101101110101101110110111010011100110
111101001111011111110011011100111001001001101111011011111010011101010011111000001100000011111111011101011010101000011110111110111011111111111111101010111110011011001111010111111011000100011010111110111101111111101100001110110001001101001011111111110101111101111100110110111010101111101111110001110111
101001000101111101111101111110010111111111011111111011111111110101111000001101100111001001110111111101101001111111011001101011110011101111001111110000000101001011110101101001111101101011010101111111100101010110011010011000110011011010110101011110111110101010110111110111111011100101110111110010101101
100101111001011101011011111010110111110111010000100011011001011101111001100111001010110000100110011010011111111110101111011000111011110010011100100011110001011011110111010101101101111111101111110101110011101111011101111100011011111010111011011110011001101011000101110001101011100000011111111110011010
010101111110111010001111110101101111111100101011010101101111111011111001001010111111100100010001001111100110111110111101111111111011001101101101111110101101001001111100010000111111101111111110011111011101111101111100101011110011111111101111111101110111011011011100110101000011000010011010101101111101
011111011000111011001011101111101110111110111011110111110011001111110110101010010001111011001111100010100111110100010001010111111100101011011111110110100111111011101111110001011101111111000101111011110111110001110011111110111111110001111111101011111101101111110111010101110101101111111111011101101011
101000100010001010111111011011111100010001111011011111111111110110110101111110111111111011101011000111101111001011011110001011110101101111101001101101101100011010111010100101011001111110000101011100110110011100111111101101101111111111010010010110110000110111101000110111011110111110111100011101110011
011100110101111010111111111110111001111111010101110111100101010101110011101001100001110110101011100011000110100110111111010100111011110111011011011101100110011111100110101100101101010111111110101111101111111101111110010101111110111100011111110010011011111011110001000101111110100111101111001001100010
101111111110100011011101110011111111001100111010100110110110001011111111110110110101011101100111111101110011101111101110011101011000110111111111111101111111011011001111111100101111111011111110101110111110000111100000101111110001110111111110101101101111100111011011110011101110110011100011101111001011
111111110011111011111110010001101011111111110111010010001110100100101101111101110110110101100101000001011111010110111001111111110000100001110100111110101011011011010110111101000100110101101100011010111011111010011111001110111001010111010011010001011001010111100110011111000001111111111011101110111111
011111110101101010100000001110011101100111011111101111111111111111111101000011101010111100000111000001110100011110011111011010011111101111101110111110011110001111001111110011001110011111011010010111101101100101101101111111111110110101011001000111111001110111111111000111111110101001101011001111100111
110111001100101000100110110110011011111111101110100111101010010011111111010011001110010111000001110011111101000101101111111011101110100110100111111111000110111111111111111011111010101100011101110011111111000011100100101110101101101011101001111110110110100111101011111010111111110001000001110111110111
111101011001001010001011000011010100100110110101101110111110000010101100111111111001010101001011110111101011010110101011111111111101111011111101101100110110101111100111111111101011011011011110101111001100011010111101010101111101011001010111100101001111011101011111010011111001100011011111011100111011
111110100111011101101111110110011011000111010100000110011101101111011111101111111011010100000111000101111011111101110101011110111101110111011111001101001001011101101111110011110110100100101100110011101111111101111011110010111111011110101011111010101101010101010101011111110111111110111110111111111100
011110011001101101110011110011101011111110110011111010101011101100111111100111000111101100010001100001110111011001011000110111010111101011111100101111111101101111110011101110111111001101111001110111110100111101101111100001100000101011011101111111111100110101101101000101110111000000010101101111111011
110111001101111001101111101100111111111000111111001100010111101101011011011110001111100011111000000000100010101110111101010111011101111101001110110001110110111111101010100111110111001011111001011101011001111011111101110011010111111101111110110010111100000111111011111111100100111111110100111101100111
010100100011011011001101011100101111111101010111011111111001111010010001111100010111100100111000011000101010011111111111111011111001111101100111100111011010111010000000101110110110101101110100100101011111110001110100001110110111101010111111101111110100110011100101011111100111111111111110111111110111
010010111111001110010101011101001000001011111111111100111011001110110111010111111101110011111110001000001100000111101010011111100101111110110111011111111110101101101011010101111110101101111110110101111111110111111111001011001000011111011111011011010111110100101010101111000111010011101011011111000111
111101101111101010111110111110101100111101010101110111110001111101100001100110110100101111111010100100000100111011101111110110011111101111101111011111111100010101110111110101101100001111001001011011000010111001011101101110111011110111100001011011110111111101010001010000101101100101011001111111111101
110101011001101001110111101011001011110101011110111111101101000110100110011101110111100111111010011011101111101111100111011111010001100111111100011011011110101000100101011101111111011111111111110011110111011111101010110111111111011011111110110000111110111111110100010101100011010111011110110000010100
100001101101101011110110111101001101010110111010111111111101011111111111111001111000101011110001011001100000110101011011101111001101011101110101001111111011111001011011101111011011101110101100011111101110000001100011001011100011111101001110100101011111101101110010110111111111010101110110001111111101
011110111111111111001011110110110011111011100100111010101111010110111011100101011110111110111001010111111100000111100011111110111110111111011101011110010011011101110011111001101111111101101110001101010100111110110110100111111010100100111101111111111011100110100111110100010110101001101110110010100111
000111101110000100001100111110011100010011011111111000110111111001100101010011111111100111111001111111100100010111111111111111110100101110011010001111101111100111011111111010110011100001011011110101110111111110101111110111001001101111101111111000111101101001101001111101111110111111111110010010100111
111101110001001111111011101100011101111111110111111111011111011001110111111110011100010111110011111100111001100011111101111001111011000110111110110110101101111000111111001100110111100101110001100111101011001101001010110111111110010111100110011011010111101011111110101111011101100111111010111111111110
110000111110111011011000110011111111111111110010000111001000011111101011111111111001101111011111110011110100001100101111010011110010110111101111110110101101111011010111111110110111001100111111100110111001110111111111101000111011000110110101011110111111011110111111101011111010111011111011111110111010
101010101011101111011110111111101010111001110001001110011101010111001111111111011101100001010011110111001110010100011111110010110011111011111011010111111010101100000010001110011011111111101111110001001110111101110111110010011110110111111111111110111111101111111101101011110100111111001110011111101101
100110110101011101110011111111010011101111011011101111001111111100111011111110110111111011011101011110011100110011011010100110111100001101011001000101110011111101000100100010110101100111111111011010111101110010111111101011111101111001111101011101111011110111101110100000101110111111101000111101110110
101110101110110110110101010111111101001111110111000011100111011010110110101101101111011111111111010001111110000011011001111100111110110011110011101101010111101111010011110010110001110101101010111101101111101111000101111111101001010101111010111011111011111011011011111110110011110111011110101101001111
110011111101100001010001111100011101111101011011001001110011111101110110110110100000100001110111011010111111111011111111011011101101111100110111011111110101110101111110010011110111111111110100010010011110011111001111001011101100111111101110010101100110010100111101001111110010011010001010110001111100
001011111011010000011100111011110011101101111110111101111100011011111110001001011111111111111101110111110110110001110101111111101111001111111100011100100111100101110011101111101111101111110111111111111011111001011011111101010011101001111101011110001101111111110110110001101011101101110110111110011111
111111110010111010010111111100001001010011011011001010010100111111011110011111001111111111110101111110110110010100111001001100101010010111111101110111111111101111110011101111111011111111100011110111111010110001101111111001111011101101111110010101101001101001101111101010011111001110101101011111111010
100011110111011110011111100100010011011111010001000001111110111111101111010010111101111111111010001111011101111101100111101111111001000011011011101011111001101101111111111110110110110110100001111111101010111111111101001101001001101101011101000001101011111110100101101100000111111011010011010111111111
110001100010110111110100001111110111001110101110110111111110001011111101111010101110111100101110101110001111111100010111111111010011011110111111100101111010110111001011010111010010111111110110110101011111010011111110111111101011101111111101010111111111011111111111110010111101111011110110101001111110
111101101000111110100110110011011111101111111110110011111110100101111011111101111101111101011001111110111111011101001001011111101110001111111111011111011100101111111001011001101011001110110001110101101100111100101110111100110100001111011111101011111111111111010110011111000111111001111011011101101111
110111100001010001101111011110110101011101101001101010110000111101001111111110000111001111110010111110111010111111001010101001111101101111101111010111000110101011110010000111111110111111110101011010100111101011111111111111011110100111111111110110101110101111010110111100011001111111111111100111111101
110111001111101011101100010010101010111011000011100100100101001100001101111110011111111110110001101111001111011110000110101101011111011111011101111110110011111010011011101111001111101001101011111011111011111101001001110101010111001100001010111101011101110001011101010011001111011111110111010101111111
111011011111110101110101111110111111110111000001110010110110001011100111110000101111000111111010101110111111110011010001111000100110000011001010010110011101111110011000101001101111111001111110110110111011100111111010100111111111110011000001010101100111111010101111111110110110110101111110001010101111
111100111011011111111101111101010111110111111011111111010111101011111100111110001111111111001101110111100111101110000001100111010111011101001011010010100110001110010111111111010001111101111111100111001001111111101110101111101011101111000101011011011101101101100011111011111110010111001001111011111010
011100101111011110111110011110111011111111011111100111111000010101010101101000110111100011111111110100101101011111011000110001111001110100001111111101111110111010000111111100000110100000001000111110110100101110010101101001110101001011111111111001111011111101111111001110111110010110111101110001111001
011011110101110000010111011010111010111101110101100011111010011011010010111011110011011101101011011011011011011011010000000010011110110100111011001110100111111111101011101100110100111011111100101001111011000011111111111111101011101001000111101110111111101010010100101110110000110001111010000110101010
111110001011101111111100011101110111110111011101011111111011100101100111010110111001000101101110010001011000111101001110110010000101101011111011110101111111011011111111101111110011101001101110111001111010111011101101011111111101111101111100010111111110110100110010110110110101111100011011101101101110
001011111011011110100011111101001101101100111101111011110010111011111110101011111110111111100001001110011111110011110101100000011111101111100111101110001001101011011010110110111010011101110111100101110101011101101101011011011011100101101011011101100111011110011101001101101111101101110001110111111111
111101011011101111110111101111001110001011011110011011111111111011111010100111111010111011111100010110010101010111000111011110011101101011111111100110101110101100010010010101101011010111101111111100001011111011011010111010100001001111101100100111111011110111011110110010001011101101111110111101111110
000111111110000111111111101001011000011001001111011101010110011101101001111011110001101011000111111111110011111011110111001111000011100111011111100111010010011011101111111111100110100100011111001101010101110111111011011011110110101111110100100101111111111110111110111101111000111111001101000111100011
010111010111011011110111101111111111111110110111011101010011001111110111101110111101111111011011110100010111111110101000100111001001111001111100010101001110011101111010111101111101101101111111110110111101110110011001110101111111110100011000100010100010000111011001100011101110110110011100010110001100
110101110111110001111101101010011111011101101001111100010111101110111001101010101111111111111001111011111110100111101100011001110101001100111111110101100101111101100010111100011001001011111110110101110011110101101111110010011100001111010111101110110101111111101110111001101010110101101001101111101101
111101111100010111111100010101100111100110100110011100111000110101011011111111110111111110110101011011111100010000111101010001110000111011111101010100111100101111101110111101101101110110111000111101100011001111011011110110111010010111010100101111110111111111001010010110111111101111010010111111110111
111010001010111110011111011001011100001111101110101111011100101001100111111001111111111111110100111111011110101001110101011001111000001010001111101011101111011101011111101011110001011111110011110101111111000111011110010111000010001111111110010101110101110111110111111111101111110111101110111101111010
100100011010111100111111011110111001010111101111111000110111111010111110111010111111110100110111101010111111110101111101110111110000100000010101111111111101011110110111111011011110111101001110110111111110111111001110110110110111001110010101000001001111101111101011101110101101111100011010111011101110
111001110110111011101101011101111111111010001000110111010100100010011110011111001111100101011010111111101010101011101011100111111101110100001100011010111010100101101101001100101110111111111101101110110111101010111001101010111110101111011111101110010010111111111101001111011010010110101111011101010000
101100111111111011111110111111111111110100011111011001110010111101100100101101000011111110111101110000001101100111001101100010011111110110000011111001101101110101111011111100010001111101011011001100111111101101011101111110110011011001111111111010011110101100100001100000011001000111100000111111010110
111100000011001010011111110101011001011010111111111110000000000100101010111100100011101110110101011110011111111101111110101101011111111100100001011110011101111011101111011001101111101101110010010111011101100011000110110010011001000101111101100101000101101011110010100100111111111101110111110111101101
011111000001100010111111010010011101001011101011011011011001101011111100001001111111111011001111001011111111110101111101101111011101110010011001011110111011111111111100011011101010000100011011110111111001110111101110001101110101111111111101101101101111000111110110111010100111011101001111101011110111
100110001111001111111011100111101001001111101110011111101111111111110010100110111100010111111011010001100111110111110111101011111111100111110100111111101111110011101011101101100010010111101001110111011011111101001110010110110100001111111101111111000011100110001000111101010111111101111111110010011110
011101010111110101011110100111111101111011111101111001111111010111111000110111110010101111010110001011011111011011111000101111111111100110111101001111110110110111111111011110111101111110111111101111101000101111101001101011110101110110100111011111001011101011010001010101101101111010111110011011001111
011101010011101110111111001111011111100001111101100110010011111111001101001110100111111110111111101111111110010111001010111101101011111111111000000001010111101001111011010111111110111101001000101010111111111111101110110101111111010011101011001111011001111111010111011111101001100010101011101010110100
010110011111111101000101110111010001100111101111111111001000101011001011111111111111010101101000100110111101101011011010100111111101100110110111100000101000111110110100111011110111101001110110111010001110000001111100111110110111011100001001000011011111011110011101011111111001111101011111101111000111
111111000111100110110000110101100111100110000101101101100111111111111110111111111001011011111100010101011110101010110111110100111110110101111111111110110011101101000111000101111000110111010001101100100110011111101111110010111011111111111001001101101101110001111001111111001111101110101100011101011111
011110101100110101101111001110000111111011011001101011101111111101111110111101101111001011110111000110111010110101101011100111111110100100111111100000011010101011100101011011000101111111111111111100111111011010101110011101110001100111111100010111010111000101111011110111111001101010100111010110011110
101111101011000111011110111000101111110111101110111101110111101000111111110101011011111100011101101101111111011111100100000111011101011010101110101111000011111100101011011011111110111011101101100011110111110111110111101111101111000111111101010101011110101111010011010100110101000101011111111111001011
111101001101101010100011111101011111011101110010110110111101001110011111100100111001010110101110110011101011111011110111111111111111111111001100011001100000110111110101110010111110110111110111111111010101110011001110101001011101001011011110010101111001101011010111100111110100110111111111100111111101
111110101011101001111111111100111101111101111011111000111101101111111111100100011111110110110010110101101011111101101111111111000111011010101111001111100001111111110011111100111111011101000111101110100010111101010000110101110101101001110101111111011011010000100101010001110110111101100110101111011111
000110100000111101011110001111011111111100101011001111011110011100110101101000100101111001010010101111011110111001010100011010101011011100001101001001101100101100011010111000101111011111011100011111011111101101001101101100101101011111111111110100111101110001001101011001001111101011000111111111000111
111101111001101010111101111100111111101101111101110010111111110111111100000010111111101010111101110001111111100011111111100011100111011000111110011000111100010010111000001101111110001111000110111110011001010100110000100001001111011101100111111101110110100100001110000010111100101101110010000011010101
110100111101111101111110110110111101100110010101111110110101111100100110111001110001110110111000110101101001111100110101110111111101010000010110011001011110000000000011001110101100100101100110110111111001011010110100100111100001111111111101110101111001111001011110000110111011111111011111110111110111
101101110001111000100111100111111011110011011110101100110110110101010100101110111111101111111101101011010100001111111111110110111010011101101111010101101110101110011110011101111010111101110011100111110110101011010101000111101110111001011010111010111110110011111011101101100111111011001101011111011111
011010100111110100111001101101111111111000010010101101011110001110011111101100011111110111111001000110110011110111111101100100010100111111001101010110010011011100111001010111011011100110101110101011001000100001000011111111111101000110010011011011001001101111110111110111101110111111010001111011011011
111010111000011011011111111011111101110011011111111011011010010100111001111101111101111111011111111111010111111011111111111111111001110110100101000011100000011111110111011111111111110011011111111011100111011101111101001100011000100111111010110110001111001111101111110111101110011110111000010011101110
110111011100111110110101110011000011000111011001011001011010110000111100011011011111101001101111000100111110111111101010100011101110001110100101111111111111101111111011011111100101010110001010010001111001101111111110110100101001110101111110111001000110110111101111111100111001111111100001111100101111
001111100010111111001001011011111110110001011110010110101101110111110111110001010001111111111111000111110011111100111001001111101111011111101111101111011111001010001111000000111010011101110011011111111000111111001111011110101011110100111011010111111010010111011111101110110111101000110111111011011100
111011101100111111111101110100100101011101111100010110001011111111001111111101101110111100011011011110110110111001111111011111111111101111000100110111110110101011101101001001111111101110111101101011111001111110010111111011001101001111110011100110111011111001010111101111110111011011110011110001101101
111110110010101100100101011101110111101110100001111111011101011000110011001111101110111011111110111111101010010111011100111110111011101110111111110110110011111101011100010100001111110000110001110100100111000000011101101111000011111111111011010100111111110011111010111110001000110001101111101001100110
010110000000101111111110000101100101101110010110011001000110101111101100101011110010011000100001110100001101011010100011101101101101001100101011001100110111101111110110101100000001111000000011111101110111010011010110001111001010111101001100001011111010101101110100110011111000110111010100011000011110
100101111111111111011011001110111001110111111111111111001111010110010011111010011111001101000010111110110011110110011001111111101010101111110101110110101110110111010101010011100011110000000111001110011010011011000111110101101011111101101100110101110110011101111111100100111101111010010110101001011011
101111110111101111100110010011011101001010011010111100001101000111101111011111111011010111111101011110111011101100100101111110011001011001111110111111111101101101111111110101111000000000000000001010010011101010001110001111011100001001101111110100110110110100111011111100111011000111111110011110011111
011110000111110100001111011111110010010001011011010111111111001000111111111110100111111111011100111100011111101111110110100110111010011111011101110110110101011010010011100001110110010000000000000001111110110011011001111011010110100111011010111111111010001111111111111011011111101011011011110111100110
111111111010111111010001110011011110111000010111111111011111110011101001111100111001110111011001111011100110111111011100001101001100100110111110111101011100110101111101010111110011001000111101110011111011111111011110101110111011010111100010101110111001101010111010110011011011111100111011000100001001
011010111111111011110011011111100001011001011110110111001101111111100011110110101111111011111011111000110101111110110110111111111010101110011101111001111111100101011001000010111000101000011100100000011110111011111111111100111110111110101011111110001111111101101110101001101010010110101011011100110011
111100111010001100011100111001111011011110011101111111111111001111011110011100011110111110101111111110111101101100111011101110110001100010111111111110101110111111100111000110111010000001011101110001000011101110111011111011110001110110111000111110110010101000101111100011010010111111111111100011111110
000111111110011111111110111011110101111010011011110011111101011101010110100001111110110010001111011011001101011111111101101110111000111111101011111101100011001000111111111111111100110000001111000000110001101100101110011111011111111111111011010111011100011100011010111111101111011111010101000100111111
100010010111101101000001110111001110110100110111111111001110011100011100111110011110110001111011011001010111111111101110101000111010111110111111101011011111110111111110111110001011111111000110111101111100001111011111010101111111110100111110100111111111010011101111101000010011111111011111011111001111
111010011010101111100111110111100011011011001010110101101110001000011111111111111101101111111100101111101111101100100111011101111111011101011011101111111111011011110011110101011001110011111011011111110010001111110110101111111100111101100111011011101011010101110001111101100111000011110101010101100000
111110111011101001111011111101010111011110110101011101111111111010111001011101011101101110011111110110111010111011101011010001100101011110011110111110011001110110111101101111111001100100101111111110110110001100111011100100010101101111111111110111011101110100111001111111010011001011011001110011111011
011001011110111011100100101100110111011100111111011111110011011101100110110101111111111111110100101011111111110110111111111000100111111100111111100110101010011111101111010011101011010101100111001101001011010001111101111111111111111001100100010110001111111101100001111111111010010010011101001100010111
111111111011111010110110010011110001101110110010111111110101110110011101111001011001101101110110011100101011111101111111111011011001111111111111111001100001111011101111111111101011101110111111111011111110000101001110101100110011110010110111011011111001111110011110111001111010101101011101110110111111
111110100111110011111111101111111111011001111111110000110111111111011000100000011011111110111011111101111111011101110100010111111001011011011111101101101101111011001111011110111001111111110110111111010110000110110101111110101111101101011011111110101101011101111111110110111101111111111011110011110000
001111011110101110000000101001011101101111110101101110000111111010111111011111001000001010101100111011111101000010110010000111011011101111001000111110111011111001011101011011101011110010110110110111011111100000010111011010100001111110111111111111010011001100000111111100110011110111100111111110011100
111111100101110111111001100110101101110100111011011101110101111110101101101010110110111111011001010111111110011001011101111010010111100101110011110111011101001011110101111111011011110110011110111111101101010001001100011111000001100010111100100110111111111111111111101111011011001111111111110111111101
001101110110111110010011110100111011011111111111111011110111011111101110110101100100110011111110111010111110110111001000111101110001010110011110111011111101111011111011010101001110111111101100100001111100111011001110011101111110011101110010111011110001111110111001111010111101010111111100011110110011
111110111001101011101111111111111110110100011101011110111001111110100010010110111111100110100111011100101111111101011010111111011101111111111101001111110011111001111110001111110111011110111011111100100100110111000111001111110100000011111011101010101111110000011011111110110010101010111111110011010111
111111010111100111001011010000011111111110100111110111100111010100010111011100001101111110011111111110011100010011110111111111100111101011000101011010010011101111011101111101101110011010100111111111001111100011000001011010011111001011000100101101101110111000011111010100110110001110111111101011011011
101111111001010101111101011111100111100110011111011000111110110111011001011110100110111010111101001001110010000001110001011011101000111111100010111111111110110111111011011001111111111101000110110111111101111001110011101101111110100111100011001111111110111110111010111110011111101100110011000110101010
100111110010011010011101100000110100011111100111111001011011101111111111011110101111011101111011111011111100100111110110111101011100101010010001111011101101101011001001010110110111101001010111110111001111100111011001111101011000011011101100111011111111111011110001001101111001100001111110110111111101
011101110110101101011011111011011111100111010000001111100111110011101101101100101011110111111111011111100010011110100101111111101111101110011100111111100000000011110001110011111010101111111111100111101101011111111011000100111111000010110010110111111011001111101000011111111111001101101101111011111111
011111111010100011101011111111011101010111011111101110110011100110011111011011111100111001111111111100111111011111011111011100101011011110111011010101101111111110111010011110111111111011111000010110111111101000111011111001011110110101010101101010000111111110101111111111111011111110011101011111111011
111110011001001001101110110011110010111011011110101100111011101101111010110110010111110111101001011100100101110011111110111001001111110110011111010111110110011100111110111001111111010111100011100011111010111100111001111111100011100110000111110111100011111010101101100011011010100100001011111111110111
010111011000011011101111111100110110111011011101111101011100111101111110000110011110011001011111111011001011000011001100110111000101010010100100100100101110011111010111111100111111011110010101011011000011011101001100001000010111111001101110101101101101111000110110101001110001111111100111110100111011
011111111111000111000111111011001110101011011010011110111111111010001000101010111101110111001111111010011011111011111110111011011011000101111010111011101000111111011100011111010111101101001111001111010111110111000100000101110101001101110100111111111101001001100101011111101011101110100010001111111000
110111110110110011101110111010010001011110111111011111111111110110111101111101111100111110111110110101010100111101011110101110101111010011110010010101101010001101011111111010011101011001011101110110111000111011111110001010110110110001011111111111111110010001111110111011100011100001001010111111111101
010011110110111111111100100010010111010001110011101111100111011001010110100001001110111100111010111100001101001111100010001100101111101110110101010011101011110011010111010001011011101110110101101101000111011111111001101010011110111110000101111111111100111111110001110100111011011111111101011101110110
111100111011110110110000111110010100101101101111011011110000011101101010111011110111100011011100110111110011110111110111010010011011011001111111111110010011110000101110001101111010111101110111101111110110100111101101001111010010110111111010110011000111000011110111111100011011011011111011110111001101
101111011110111111000001000000110111110110011110111111111011011110011110110011110111111111010111010000011101010011100111111110111110100110011111011011100101111011111100100110011010111101110011100010111110101111111011100000111001111001011101100110110100110101100110011111101101110100010111101110110111
101011111111010111011111010011101111100101111111111011111011111110001101110111101011010110101101111010110101110111010111101011110111111111110100011000111110111101110111011111110100111011010110011111011101011101111111100001011111110111111111111111011110011001000101011111010101000111001010110110111110
111100111111111111101110010111110111001111111111011110111111110101111111111101011101111111100101111011111101001111111011011110111110111011101111111111011000100101011101101111010100111010001001011101001111110111110111010010001111101111111011101000100101011101111111100111000111101001000110010111010011
010001101011011011110110111010111000110101100111011011010110010110100010100011111010111011110111101101111000111000100001110101111111011111011111011000111011111111100100101010000000110011010100011111111001111111101001100010011111101101100110111111111011111000100110101001011100111011101101100111111111
111111110111110011011001100111101010111110101111011110010001011111101001010111010001111111110111000110110111110011111101011110011111111101001001100110001110010101001111111000111100110111111111101111101101111110111101111000100100111011100101010111111110110011011111011101111100001110111001101001111000
111101100111011111110111111111111111001101010000111001101001010111110001111110111110110101001111001111100101101110110110010101110011110100011000111110100010111010101111001101111111001001001111101101011101111010110111001000010111011100110110111111111001000011111111111100111000110000101111101011110100
110010110110111011101111110101010011111111111010001000101111101001111101011001011110111100000101100110010011101110110001111101000111111111111001100111001111101111011100111110111101100011000011110001100110111111110101100000001011001110111110111110100101111111011010000101110111101110111001111011100110
110101011011000101110101111111001011101101111111001001011110111010111111111111010000001101001101101111100111111101000011101111011110111110110010110000110011111100110010001000100100110101111010101110110001111100110110011100011101110011111101111110111111110010111110110010110101001010110111101111111101
011111011101011011111000000010001111011011110111010100110110111110010111011101001111111100100111100110111011111110111011001111101011101110111001110011001111111110001101110100011011111111011101101000010000111011111111000001011110110010011111011111011111111111111101001111011110011010100000010110111100
101110100101010100111111111011010001110110010001011011110110001100011000101110010111010111100110111111111100101101101111111110011101110010110000111111010111111111011000111111111011111010101111011101011110111101011111110000000011001100010110000101111111011000001101001111111111111111111111011111100110
111001110011110110110111100111100100011011111110100111111011000110111111111000000111111111111101110110111111101011111001010011101111101101011000111100101000110110110110000100000110001101011110111101101011111111101001101000100111011010010111011111001101000111011111111111111110110011011110101011100111
000101111001111011001110000111010100000101111011101100011010100011111111100101011011011110110111101111011011011010001111111010111110011100111011011011101101001110100011011011101001111110100011101101011111101001111101101110001111111110111101100101100001001111111111111111111100110101001110110001011111
010010110110010111101101111000111111100011000111011110101101110101001101011111000111101101001001100111111101101101110010011111111111010101111101111110111011110001100101110010011101011001111111110111010011101111001101110011001101111111111111110101111111011010101111110100111111011111111111100110011010
000011101111011111100111011011001001001111111111111001010111110000100111001101101100101100110110010001000010110111111010111101101111111111111001110101110001111110000010011111101011111011101011110101101011010110111100110111100011111111011001111101001110110101001110100100011110011101000011111111111000
011000110110110111111011110011011010111101110110111110011000111111100110100000011011111110001111101101110110000101110111110001111101111011011010111110111111101101100101011111011111100001011100010100101000111110111111110110110001011111101111101010111111101011110100110111101101100011111111011101101110
010111001100011001101011111001011100111111100110101111100111111001100110111111101101011001111110110110010111011001101011001111110001001011111111101100111000111111101111110100101111100100100100010011100011011100001011001011110000000010101110110011011111110001111101011010000001110110111111111111111110
111001111111111111010011011101100101111110101011111110101011110100100111111010101111101111101101111101111000010011011000111101011010101010011011010111010100010010101111111100001101111001001111111100011111111100101001111100000111110001111111100111111010001101111111100111101111010111011101111110110101
010111100100101010011111111010010011110010011000001010110111111100110111101001110111111101011011101111011111111111110101010111011101100000111111001110111001101111010010110111111010111011110111110111101001111011100010101011111101100000001010101110011010011101101111101001011011101001111101111001110111
100100010101110010011011111111011100111110001010111011010001111100111110110001110001100101101110111101111101111111011100110111100110010110111010111101101110111110101110000101111111011111101011111011011101001110110101110111001011111101000111100111111101111111101100111011010111011001110110000100111111
010000001101101111110010011011100111111111001111111101011111001100111110110110100100011100110000010101010111111110011111011111100111100110101000011100101011101101011010110001001000011110111101011111101001110110110111000111011101011111110011001101101101001111110001111110110110101001101010011011111010
000110100111111100001011100101111010011111111011010101001011111110111000011101111111111011010111111110100111011100111011111101111101011001100111100010001110010011010011101011101110110110111100001111111111001101000111111111111100111110011000000111011101110101110001101011111100011100011001111101011111
101101100110101100111111111011101001100110010100010111101111101111101101100101010001101110001111000110001001100111101011100011110001000110100111011111101101100100011110110110111100110101111101011100111111100011000111110101100010011011101110110111110011111111111011100110111111100011011111101111001110
110111111110110011100111011101110010101111101000001010110110010111111111111010111101011011111100111101110010100000110111110000101111111110101101011011101110001011001111111010111110011010110110111000111111111011100001011110111000110110101101110111110101111111010011110111101110111100101001101100010111
101111010001011101110011010001111111111010110100010111101011101111111111101011001011111111000111100001101101011110011100110111101100010010111111110111100111101111111111111111011111111001110011100011010100011111110110111111001001011110101011110011000111011011110111101111101011111000110111001101011111
011111000110101110111001111011101110111111010111111111010110100111111101101110010100001110111110011111111011101111111001111100001101111111001111101111010111011111001011111110001111011110000110101010110001011101011101001111111110001001111111100100010001111111011011101111100000001000101110011100111101
000100100101111111110110101011000010011101111101111001010111111111000110000110110110010111011001111110000000111101111110101011101000101101111101111110101001010100110001110001100011101011111101001011100101001111001000101100100111101101010011100110110111111011111111101110111011000101100101011000111111
111110011011111111110010011111011101011111011110110110011111011010111001010111000000100001110111011111010111110000011011111111111001110011111110011101110111010111000110101001011111110111110111110101111110111110010101110111110100001100110000110000001111001011111100100011111100111101100010111011001101
111101010111101100110011101110011110011011101110111101111111011101001110101010010110111100001101100101011111110101110100001111111111101010111001001001101101010110000011100011111111000000110101010011001000101110101101111010011011111100110010000111000100111110111101111011001100011001011111101111100101
011111011101011100110011111010111111011111110110110011110111111111001100100111111110111111110011100111101110100100111110111101111111001100101111101111001111101010110011101100100110111010110000011111011101111011010111111011000010111011101111110101011000000000001110100101011111000111011011011001001110
011010110101101111110111111010110011011101011101100101111011001000011111101111110110111011001110111101011111111110000011111111111101011111101100110111100111011011011111010110111110110100111010011101101111111101111101110111110100011101011100111001000010000011011111011001101111101111110111010111010111
111011001110110111101010111111100011111111111111111111100100010011110101101100001110011111101111100111011101001100111011111100010101111111111101111100011101111011110101100110110001100011010111011101000011110111011001101110110100110110111111011101011111100111000010101111010100101101101100111011111110
111100100111011101011111100001111000010100111111010110001001111111101010001111101011010100101111111110101011111011011111111111110011001101001110010111111001111110110111111111011110111010011101111010110111101011001011110001101101111111101101111110011001111010000111101101100111000001101011001110010110
011010010011101111011100100010101101100010111011101111111111001000110101111011011101011011101101111010111101101111101001101111111111111001111111111111010100111101110010110101101111101110111111001101111101000111111101101110101011100110110110101101101011101101001000011111111010101100000011101100111010
111101101111111111111100101001000100000111111111000010010001111100110001011111001000100111111000001101110011111100111001111011001110001001001011011111111110110111110101111010111011010111111001001011100011111001111101101101110111011010100001000000111111110111100000010100101011111101111101100000101101
100010110110111111100110111111101010000011100010011101101101111100110111000100111111101101011101111011010000111111111110111010010111111101111110011111110100111011111101110111011000101111111111111110010111010111101111110001111110111101010101101101101101111101111111001000111111110100011111010001101100
110111101001011010110011111101110101101110111110011011111111110101101110101101101101111010111001110101110000111011101100111101111101110111110001111011111011001111010111001010001111101111111000010101000111111110000011110111110100100101001111101101111111001001011110000110101100001111111111111111111111
111111100111010101110111011000111100111110111111101110101110101111110001110111111011100111111111001100011000110111111101011101100111110101110110101011101001011001111101011010000110101111111111001111111100111101111101011101001111111111000110111101111101011100011111100111011110010001110111100111101111
110111110111110111100101110011101111011110011011001011011010111100011100111111111111110100111010011111010111111111111111111110110011010011000101011101111011111100100101110100111000111110000110100111111101010101011001001110101111011101101001111011111100110011110011000110110111011011110110111010111111
110011111001011001011010101111010111011111110111101001111011110111110011101011111111001110101101011001000101111110011111111111111011011000001110111000010101100101111110110011101011110111111101110111111110101110101111011101111101111111101010110100101111101011111010110111010101101011111011111000011111
001111111111011111110001001111011101001010110011011001111111110011111110111111101111000011100001100010001111111110100111101100010111110010111111101100111111100111111101111111001110001111001001111111011000100101110101100010011111100000000101001011000111110100010001000011111111001111111101111000001111
101100111111111011110111011111101111010111101001100000100001111011010110011111001100111101110111100010011111010001010100001111011110110001101011111101111101111011110110011111111111100111001011101111001111101100111110111110101101101111001001011100111111111011111011101101100111111111000110111011000001
101011011110010001101011110011111010110111011001010111111110001101110111011011110011111110110100111110111011111010011111111110110111101111101111011101100111111100110111111110111110000111101001011111011111010010100111100000100011111110101001011110100101111111110100001011101010111100110101111010010001
111111011111101111100010110110111100000111111011111011010101110011011011101101010000111111111111110001001110000110101011001001111111111111111110110101110111001101111001111111101111010101110110111110111000111110101111111101111101100100101111101111111110110010101111100001001100111100110111110011111000
010011010110011110001111100101110011110111111101010111111111011010101101100010111111100111110111100010100110101101011010111010101100011111101111111100111000111111101011000111111111111111101101011101101101100110011110110101001111101110100011011111110010101000110111100000011011110011111111011100111011
110111010111111101011111010111101100111011110111110111011010011111111111110101111101111111011101101100011011010001111111110101101111101111111110011011110101101011111111000011001001110111001101100011111101100101110000110001111011110100101011111111110110111011111110010011100110111110110011100011011010
111011110111100111101111110011000111101110111101110101111111101111101010111101111111111011011101111001011110101101011110111111001111111111110110101111010100110111111100111011001001101110111000111010011111011110110000111010011011001011001100111011001001001100010010110000000010111010000100101101000011
001101110011110110101101001010011111011111111110111101101010111111110101111011110110110101110111000010011111000001111101110101001111110100010011100110001011101111101110111010111101001011111110010011010101111111111110111111111101101111110001111101101110100100010101011101110100011001000101100011010001
111011011101001111000101010010100101111011111101111111101111111100111010111110001111010001101101111001011011011001101101101011001101111110111111110011111100010111101110011111110101011101111110010010011011101111100110011010110111101100010110001001100111111111101101111001110001111000011100111111010011
101010011011011111100001011011101110111111010110001011011110111111111011100111111100101101111001110101110011111111110101111111111111111110101111100111110111111011110011000111110111010011001101101111111111100111001000011101011010100011111011110101101011101101010010111101100000000011110011011010111110
100101100001010011001101110111100110111111011110110010111101111111111001110011101100111111011010101111001011111111111100010111111101101010100011010111110011110100011111010011110000101101110111011111011110011111110100111011110001111011100010011001101001110111111011111101000111100011101011011110111111
111111111101111111111110110011111111110111110011101010101111100011000010111111101011001010111110000100111111101101011111000110110111111000101111010111011101111101011100110110000111001011111001111101101110111100111010101001100111111111100001111001011100110110011111010111111111111000110111101110111100
011000011111110111111101111111011110001110011011010110111010011111111111110111110110101101100101111111001010101111001111010100010101101011001011101110001111111111101100010010110010110011100001111110111110111110100001101100111001110000001100001101011100110100011010111111011111110101111010001111000110
110111101101111011101111101100110011111111011110011111101111111110011100100100011101011111111010011111110111111111011010100101101110010111111111101010100110101010011101100110100111101111101010010101111110111100110001110111110110111111000111110110111111111111101100000110001000001000111110010001000101
011111100111101011111101111111010100111110001100110100011101101001011110110101111110011111010110111010011100111111111111110111101101110111111110100111110101011100011110111000111110011101101001001111111111110101001111100010111000001111001001000101111000011110010101001111110100110101000110100101111111
111111111110100100110001110101100011101111111101101001111110100111110111011101101111001011011101111111110111111011011011101110111111111111011001111011101011111001111001011010111111010101110010011111110001010111111111111101110010100110111010101001110111011111110101100101110110111000000110011111010010
101110011011111101100111111001011111001101110100010010111110111111011111111111111010011100111110101110010101111011101111011111101110101111011011101101101110111100111111111011101111001101110000000111001101111000101111011110100111011010101001101111001010010101011011001111111111101001000001111010101111
101110110111111010111100111000110010110111001101011111101011101111110111111010011111111010011011111101110111101110111110110101110011100110110101001110110000011110111011011000000110111100001110011110111001111101101101100101101010100111100111111111101111100011110111011111100111010111101100101101111111
010011110110001101111010010111011111110001001001110101101110100011111011111110111101111011011010011110001101111110100111011011010111110111101100111101110110111011111010111011010111110111111110111101010111001110001011110100101101101111111011011111110011011011111111011111010111110110011110111111111110
111100111000101111101110111101111001001101001110111100111001111011101000110110111011101010010110101001010101111100111111111111100111110101111011011101111110101101111111001101101110101111011111011110011111001001011011110001111100101010101101100101011011111111101011111111101110111011011110000111101010
101101010110001011111100111111111100111101101111000101010100111110111101011111011011111111011110001100001011101000111110010111110100111111011011011011100100101110111011111011100101110010111010011111100001101110111110100011110101111010000011011010111111101111110111110111101000011101011111001000101111
111011111110111110111110001111101111001111100111111110011101011110110010110110111100111101111100111111110111010101011100111111110110001001010110010101011111011000110011111100001101100011011100111111011111110100001010111101111010011111110111101000111011001110111110111001101111111111001110000001111011
100001101011101001001011101101001101111001111011100001101110110101111111010111101110110101101111010101011111100101110100111110011111111101110100111111110011110101110010111101111100011000111110101101101100101011011101010011001010100110101110011111111111101100111110001110111101011011101011101100011001
111100111110111101011111111001010111101011011001000100010110100011111111010111111111011010111110001110111101011010110111111011010111100111100001101110110111110111101111110011111010111111111110111111111111111101111111110111101010101111011111101101001011111111111000111100111111011011111001110011011111
000111011100111111100111011111001111000000011111011110001111111101000010111100111101101110010001101010101111000110100110111101011100111011110111110001011111111011100111100100101100101001110111111110000101111111111111011100111110111101011110001111100111000011000111111111011001111111111111101110000101
111110100011111110011111110100111101110111111110101110111101011011100100101111101111010011110011111010010001111111011111011011111010011101111001011100101001111111101111111001100110110101001011101111010111011010000101111110110100101010111011001111110011000111111110100100110110111111111101010111100000
000110111011101011111100100110010111111111001111100011001111110100111011111000110011110101111110001110001100101001111001111110111110100111011111110011111010111001011111010110101101011100111111101010101011011100110110110000111000110100111101111111011011010111100011011100011111111111111111011111111100
010111101001111111100101011110110010100110101111101111101111010011110111101101001111100000100111111110111001111101111011001011010101110001101101011110100100001101011001111111011111101011000110110110010011111111100000010101110101111110110101111000001111001010011100111111011011001111111110101111101110
110100110110001111111101000100110111100110010111111101111010001111111010010011110010011011011000111100101101101111010111011111001101110010110111110101001111111111101111010001011001100100100101010111111100001101101010011111011010101111110010111111100011110111010101111101010111001110111011010111011000
110111110011111111011010111011101111110111111101110110111010101100111110101100111100111101101011111110101111001111011100010101010111011101110100101110100111100111111110101111110110100010110111001011111011110011011111110101101001111011111110001111001011101110001001010111011111111010111100010011110110
110000111001011101001101111110011111101111110010110101110100111111001100111110111000111110011111011111111111000110011110111111111100000111011010110110111001110000010110011101011110111111011010101110111111011101110111011011001111111111111011101111111110110111110100010111111110100101011011011010101110
101010001100100011111011111111101101101110001110111110111110100111111101111010111011011111011001111100111111101101111110011111110000101011111100101100111101010011101000111111111101110101000110111101101011110100110110111101101011001101011111111110010111011110111111001111101000101111110111101011111110
011111110111000101111111101010110001110101111111101010100101110111111110001110110011010100010110101111111111110111011001101111111101011110011001111111101101010100000111000111001101011011111110010110011000110101010011011111110001100110101010101111011011110110000001100101110111110101111101111111101110
011011101111110011110100111111110110110101111101011010111111100011011101011101000011011100100110111110111111010011111011100111101110101100100111101110011110010111100110101110111011101111010001001011111010011111101100001100110111001010011010101101101110111110111111101100101011111111111111111101111000
110111110100110101011111101111110100011111101111011100110111010100111101111010111111101110111101111111000101110011011111000111110011111000111101111000111110000001110101011111100001101110001011111001101001101100110110111011110011101010000001111111011111001111010111011000111111010011100011010010111100
011100111011010010111111011110111111111011111110011101001111111000001111100110011101100111001101100101111001000001011010111111111110111011111100001101000111010010011101111011011010110100111010110010111101011010001101100101111111111011010111111100110101110110111100001001111101111111001111111111110100
001010101011111100011111111101111010111000111101101110110010111010001110111001110100111111001101111100111111011101111010111011110010001111011101111011101111111100101110101100010011100001111111111111101111111101111111111111110001011101110110010110011111100110111011111101001011010010111111111100111000
111111101101001110110101101011111110100011111111110110011011100111101001101110111001011111011100011001110001101101110001110010111101111111101001111111011011101001011111101101111111110001111111001100011111101101111011111110111111111011100010111111101001111111001100110111110111111111011111110001010100
000001111010101110011011000011011011011100101110100000111011111011011111111011101111100001010110100111010000110101001100011011100111011111111101111110111101110101011100111110111101111001011001100001010011000111000101100110101101010011110011110101011110110111101111100101111111110001011111111110010100
110101110111110000111010111011100110001110011110101011101110111111111100000111111110101001111010101001101100010010101111100101111011101111111011001101110010100110010001101101001111111111101011011111111001111100011000101110111011100011101111111001110111110110010111111111111111100101000010001111101000
111100011110110111101111101010011000000110101011101110010100011010010111101011100111111011010011110101111110011011011110111100110101110001100010111110100011110101111110110111110111111111100110111111111000101111001100110100111011111011111101001101110111000110011001010000101011111011111101110111110100
111111110110101011110100111101010110111111101111100101110111110110101101111110001011110111011101100010110001101110101101000110101111101111011011101011111101111110010111001011111110111001101110111111111010110011011001111011110011111111011011100001101111111001111111010011111110010101100101100111111110
110011110111101110110100101111110111101110111001011010000110111101010100111111001000010110111011011111110110100101011111101111111010101101011010111100011111110010010011110111100111011101111111101000111101011110010101110011011111111001101011111101111111110110111001110011001110111111101011011111111110
011111111111001111011111011111100111011100001110011010111100111011101111111100111010011111111010110001101011010111010110111000111100110111111111011111101011111111111110110110111101111000011100110101011110101110011010011011110111000111010111001000011110100110101100101101101011010111000101111111000100
010100101001101100101101001001111110110111111111110011111101110111111010111001011111101010111001101101110110101111101010011011110111100110110101111111111100111111001011011100011010100010000111010101110010110111011011110110110110111111101111111000010001101111100111101111101111110011101110010011011100
111011111011001111000101101100111111110110011110110111001111001111111101101011001010101011110111100110111011110101111001101011111110001100101111101011100111101100100010100111100011011010011101111101111011011010111101101011111101110110001000011110011110011101011011011101101100111001011101101111111100
111001010100111011011111100010111010111110001111110101110100011011111010111001111011011001110010101100111111111011111100011110110101110100111011111101101111101011111110101111100100000011010111011101101110011001111110111101100000101111101010111010111010111111011111001010011100110111111000101111101100
011110111111110001110111111100101101100011111011100100011111111110100101101000011001000111001011011100110100001100010101010011111110111111110110101111110111001011001011001010110111101110001110110011101001111111100010010111111111111111010111101100110001110110101110010011111111111111000111111111010000
110111011101011110011111111000111111011111111101110101111011001010111000101110111111000101110111111011100111101011101111110101110011101111100100110110101101110110110111010100111111001111110100111011001010011000111000111011011011111011101000111101001100111111101110111111101001101010011000101011111110
111111111101101110101111000111100010111000100110101101010101010111111111111111011111000010011001010110011111011101101111110111111101111101110111001010111111001110111011101011111011101110011010011101111110111110101110110011000011110010101101011100110111000111001011110110110110110100111101101010101010
100111010111101010001101101001110111110100110111101111110010000011101110001011111101110011101101101111101101101101111011101111111011111001110000000100101010101111010100101011010110111001111110111110011010011011001101010101111111010101101001111001111101111011111001111111010111101011111011110011111010
111001110000001110111010101110110100011011000111101100111100100110110110100111111011011110110100001011011001111111111011011111110011001011000111111111111101110011010101101101110011100100101001101111001001111101010100101101101000111011101111100111101011110110111011101011101010101110101111101011001010
010000111110101110111111010010111111011111011111100101101111101000001100010101000010101011000111011111110101111110110011010111110111000101011111111111111111101110111111111110011011111101110111111011101011000101011110011011101101011111010011110111101100100110111110110111111111111111110111110101111000
101010011110111100111011101011111011101011101010101001111111001111101000111011101101000111100001111010101111111110110100110110110111110101001110111001001001110110111101111001000101001111011011011110111111001011111010111111000111001110010111011111010010100101000111111001010010111111001011010111011011
111111011110100111011000111011110111111010001111011101111100101001111110110011111011111010010111111011011111011110111111101110010111100111110111101011111010111110001011111000110001111101111100100010111110100100110100101111101101101110110110111011010101111010111111111110010111111111111001111100000001
110110011001100111111111110100101011011110110101011011111011101001110100111111111000101101010011111110110111101111101011000101111111011001111000111010111111010101110011100011100100110111011111001001110101011101101110110101101011101101111111111001010010110111111011010111001001111110111100111011111000
010011111101111110000011111110111011111011011101010011111000100110101011111110111101011100111101100111011111001111010011010100101111111110111001111111110111101000011101101111100001011100110101100111011100010101001111111011110100101111111101110001010110111011011011001101111111111111110110001111111100
100001101110110011011111100111100110101011100111011000101110100111101111111110111111111001011100001111001100001111101100011111110011011110100111011011011100100111111011101111000101111001001010111110001111011111000101001111011111101011100011111011111111011011111111111011111010110111011011110111111100
101011100010111111010010110111101111101101010011110101001110001111111110110111111111111111101001011010100111001011010110110101011111001010010101001101111101111000111010110110100111100010001111110111111110101011101111110001000011101010111010101111111011110011111111110011111111101101100100101111011100
110010011011101001101001111101111010100100110110111111001111111111111011001001010111010111111000101001001100010111101110111011101011111100111101011111001100111111101111111101110101101000111111101011000100111011010010010011111011111101100101010010111110111110101111011000101010110010001111100110111100
101111111011111110010001111111011000101111010011111111011100011111100111110111000011101111110111111100111001111111111101001111010111110111010111100111011111010110101111111110000111111110101110100100110011010101101001011110100011111111001010000101010101001011110101100111111101011011111010111111110100
011110110111110011000111101101111101011110110011001011101101110110111101100000100110001111111011000111111111000111101001111111101001110011010110010100010010101101011101101111111011001101100111100010101100111001111111100101110011110110010010111101111101100101111110111111010101010100011001111000111010
111011001100111111111101111100011100110101011111001111010010010110101011111110010111011010101111011110110111110111111011011001100111011110010001010110111011110100101011111111011010100010001101111001111110110001011110101011101101101111101001110100110111111001110111011110001010111111010101110101100110
111110111011000101111111111111111010000101101100101111011010110001111110111001011010111100110100111101110010101100111101111111111101101111011111111111111101011100101100001100101011111101111100010111111011101111011001100110111111000101110111010110110110100101101000111111110110011111101111111010110010
110010110111000011110111111011101101110010111111111100111111111001101101011110011100001111111110111101111011011011010110101101111000111101101000010010011111101000101110000101110111101001111111110111111110101101001101011011001010100101111101101010110111011101111111110010011010011101001010110101110110
011101100101101000101001011111001011111000111111111011101111001101001001101011110100111010110101111111111111101111110001110111001101111011111011111011101111011011100111001110101000010110010111111100101011100011111100110011101101011111111111100101110011111111011101010111110010111111111100101101101100
011011111010111101111101100011001000111100101111110100001101011111011001011111110101111011110011101101010001110001111111111111111111001101100100011011110101110111111000110011111111011101001111011010011110011111010100110010001101110111101110111110101011011111111101111011000011110011101111111101110010
111010111111110111110000011111110111110101110110101111110101011000111011111010001001100111110011011111110001110110100101011111100100001110111111111010011111110111111101111100000011011111111111001101100010011011111111011110111011111111101010000110111011000101011111101011110111101100011101111101110010
101100100111010111001111111111110111111010110011111011001111111011111011011011100111011111010011001100101110111101101000101100100010011100111011011101111110110010001111111111101111111100101100010100101011011101110001011111111100110111100010110110010101010111110110110100111110011010100010111111001110
111001110111111111110110000111110011010001100000111111011100011011110001111001011110011101101110110111110011010000111000001111101100011111100011010001101110111001010110111101111111101111110111111111001110111010111100111111001011000110101101110111010111110110110111111111111010110111100111111110111010
111111011111110111111000101111001011001100011011000101111101011111111010111001101011111001111011100101111111011111001101110101111011001110101110000111010000100101101111111111111100000111101111001001110011101001011110111010111111011111010110011001000101101110101110111100111111011100001110110011100010
101010110111101110011101011100010111101111101010001111111101110111111010101100111001111110101111100011111111000111101111110011100111101101111001111101010011010001111110111111100110111001100011100111100011111101001001100001111111111101010110010110100110100111101111010111110111111000111110011100111110
011110000110101111011111111101000111111111010001111100101111011110010001011110011011011101000111110001110111101001000010111110110110101110000111111010100111011011101111010101100101110110011011101100101111111100111110111110000110111111100001100011011110110100001110011001111011111000000101101001101010
010110010100011110111111110100000111100101110111111000101101010010110011110100111011110110111110111011101101111111110111100111011110011101100110011111011011001111101010101100110111110000010100001100001111110111011101100110010111111011011001001111101111100011101111111011110101111101101100101111010000
111110011111010011100101110101110111111110111111111111101111011101011111101100011110100110011111111100100011010110011101101111110101111110000111101011111111110100010110010010110011101111011001111111111010011101111111110111100011011111100111010111110110100010111011101111000110001111111111110111001100
111001100001111110010101011111111111111011111111101110110101011111111111011111110011111101110011110111100110101110100111011111110110100100100111111101010100111101111111111011001001100101110101110111111110110110101111000010111100111100111101111011111111111111001111101110010111110100101100101010110100
111101111011110111110001001111110111101111101111110101011111110111010111111000110110011111111110110110001101111110110001011110010101101110111001101100001101100010100100111101011100101111111111111111011101101101101011110110011111111001011110100000111111110101010101100111111011011110001101101001110110
111101011111011010000110111111011101101111111101010001111101110111101011111001010010101110011100110111010101101101001011000110011101001011111101001101111101110110011101011101110110111011100111011111011011000011011111110011011110110011110010101100111110111010111111011110111111000110100101011111101010
000111100111011011011101100110111100010111000001111101011110111011110100001101110101101111101111110110110011111011111011011101111101101110101111101101000001111110110101111111111111011111101101101011111111101111010101110110110110101011011011110110110111110101010000101100011011111101011111011111111100
011111011111011111110011101110111011100111010110101110111110010010110100111111001011111111011010111100111111011001111001010111100111110111111111111111111101111110010111110000001111000011100001100111111001101111011111111011101011111111101101111110011111111110011101101110011100101101011111011011111100
001111011000111101111111010111100111011111110101001101101101111111011101101110100110100010100011010111011111101110010111100101000111111111111011111110111101011111011100001100111101111101110110111010110001101010011100001011110011111101110111111111111011100111111101001111011111100110001100111100111101
000010111111011010010101011110100001010001101000101101011110111111110110101111111110011101111011100100100011111110101111011110101111111101100110110111011111110000110110010010011111001111111101001011110111101110111010100100100011101101101110110111001011100111111011110011010101111111111101111110111100
111111000011111110111111111110111101111110111101010111010110011101110101011111011110110110111011101001111001111110111001011100101101100110101111111111111011111110100101101011100111111010011111111010110101010111011101001100101101100110110101111111111011110000110111001010101011111111111110001110110000
001110010100111111010011011111010001011111101100100111010100111110111001111011101110111010011011011111101011111100000101101100011110111111011111001010010101011110011111111011011001011101100101101110011111111101110110111111111001010011111010101110101111010111101100110111110101000110011111111111101010
100000100111010101011011111101101111010111110111111011111111011110111111110101011111000111101001010010101111110001101001011110011101111010111111110010111100110110010111001010111011010110011101110111111011010110011011101010101101110011001010000010110001100110110010110111101100110001011011111111110100
011111111101111101111110101001110011111111000100101011111011100010111111011110101110011101100101101011111111100111001010100111101000110101011111111001111110100101100111011110100000111001101111000101101000110111110011111111111101101010111100111110010101010111111111111001010100101100101100011101110010
110100101011011111111011110110100100111110100011101011100111010010100110100001011110010001001110111111111111111011110100111010111001101011011110111101110110111011100110111101111100101011010100110111100111010111111110110111101100100110111011110001010001111111111011010001111111010011100000001001101100
111101111111101011011111111111000000111011001100011011011101011010101010110111101001111100011010000111110100010001111110111110100111110110111111011001111111011010101110010101111111000101101111011111010011000111010111001101001111100111011000100010110010110110011011111111110011011010111110101101100010
101101101011100011011010101101001101110010110101101010100011111101110100111111100001011110110110010100111111111111000111010010101111101011110111110111111100111011101111100111110001111011110111110101111011110010111111010110001111011111110111111001110011001111111111110011001111011011111010101111010110
101111111101011101010011111000111110101100011101000111001001101111011011000111111100101111111011101011011011110110111010101101110111110101001011101011001010011001111111111111111110010001011011111110001011110001011110111011110101001111111111000111110110111111110101111110011011111011010111111011101100
000101110111101111111111111001000010000011001101011111100011111010101100011011011110011110111111011111111100000100101110111101000111111001101111010111010111011111010111001111100111111111011111110101101101110011111011011101110101101111111110101010111110101111110001111000011010101000010110101101110000
010111111110110000101011001001010101111100110000001000110010111101111011101111110111101111110000110101011110101111101110001011011011111110001110110011011111101101101000000101111110011011111110100100101011001110100111100010000101101001111101100101010110111101011100101111111110011100110101110011011001
101101111100001111101110011010000100011101100011101111111000101111010100111100110100111110010101101100011111111111010110011111010000000011111110010110110111000111111111110111111111101011111000111011100110100011011111011111011111110111001001101011010110111010011010110101111101101100110111111101110001
110101101010110101011111011110001111110011010111110111011100010100110110011100111011011110011101111100101111111110011110011010011100111001101111111011100000101111100111101010000101111111100011101100011110010011011111100101110110111111111000100101101100111101110111011111000011101011111011111110111100
111101111010000101111111111011111101011110101111110101111011110111001110111000111111101110011101001110111011011011110101111111100110111011110111010001111111111110111110011001111011110001111100111101110110111110101111011101100011111111110111100111110111101110001011110110111101110011101011111010111110
100110111101101111011010111111101111011111111001110111111011111111011111011110111111111011110100101111110010011101110001110100100111101101110100110110010101101110101101011011101111110011101011111111111011011110110111011101011011110101001101111001101011101000100011101011011111011011111111111011111010
111100111011001110110111111010110101010101011101001111111111110101111101100001011110111110101101010100111111111010111011011111111011110011101010111101101101101100111110111101111001010111111111101100011101111101101101011100101101001111111101010100001111010100101001000010011001100000111001110101101110
011101100100011110111110101110011111001001000010011111011111111011010110101010011011110101101001111000011101101110011000110011011111101011010111111110110101001111100110111101110111101101100101111110111111001010001111111001111101000111101100111010101111111101110111101110101001000011110111111111111010
111101001101101000111110111101100100000111101101011111111010000010101110100001100111011011011001011111101111010110001101001111011110101010011100111001111101010101011111100011111100111111110011110000110111110001110101100101110110110110011101111011111001111111001110110000101001001100101010100010101100
001001110110010110011111111011101110111110111111011101000110101001111110001101101111111110111111100111101101110011111111111011111111101011111010111111011010111111011100101101011111110111111101101101111110111111100010011111101011011110001001101101111101110110111111111111011100111101100100111101011101
011111110101101010010001011001111001111111111110111111001001111001001110011101011110110011011111011111010110111110001101111010100111110111011000110111011101111101101101100011011111111101111011100110011011111111001111001110111111001111111111110100111111111010111101111100101110111111111110111111011100
101100000101111111111111100111110010111111010111000101111100110101010111011000111101011111001001101011011101110111010111111001011101101111110111011010010100100110111110101111010101101111110111001101111111101011101111110111111010001010110011110011101111110111111111010111011011001111000110000010111000
011110100101111000110110110110101110101001001101111111011110110111111000100011011111010111100110110110110010111011111101111111111111111011010011100110100010111101010001110111011001111111010100010110101110101100011110111110111100010100010000000100111101110010001110110110111111100111001111111110100100
110111101011000111110111111111111111101111111110111111111011001011101100011111110110110101011111001111011110101110010010111100011110110111000111101110001110011110101100100110111101101101101011111011000101110011111101100101010111111111101110111011001010111011111000011111111101111111110111110010011100
