10000
2632 2634
274 275
2993 2994
8782 8783
2206 2208
7461 7462
8290 8292
9662 9663
2309 2311
997 998
1154 1156
8423 8424
8890 8892
6717 6718
6640 6641
8703 8704
5566 5568
4883 4884
3661 3662
2659 2660
8246 8248
386 387
2651 2652
2765 2766
9601 9602
6840 6841
7209 7210
1497 1498
7283 7284
9250 9251
8059 8061
8421 8422
175 176
581 582
6787 6788
3271 3272
4287 4288
7999 8000
2504 2505
4979 4980
2138 2139
700 701
530 533
2461 2462
2118 2119
205 206
7540 7541
8828 8829
4461 4463
1622 1623
4400 4403
3760 3761
7098 7099
2935 2936
481 482
614 615
9569 9572
8493 8494
8596 8597
9161 9162
7746 7750
538 539
7670 7671
538 539
1476 1477
1555 1556
4917 4918
6371 6372
6760 6761
5752 5753
3760 3763
5433 5434
2255 2256
9065 9066
726 728
2401 2402
3034 3035
2759 2760
393 394
548 549
7281 7286
8792 8793
6194 6196
2933 2934
137 138
7103 7104
3690 3691
8211 8212
3694 3695
4668 4669
2630 2632
7498 7499
989 990
5248 5249
3879 3880
1647 1648
1149 1150
931 932
669 671
875 876
5598 5599
5449 5450
5436 5437
4599 4600
123 124
1443 1444
1731 1734
8154 8155
2861 2862
4434 4435
9385 9388
3967 3968
816 817
1393 1394
6704 6705
9866 9867
956 958
308 309
8223 8224
8684 8685
798 801
2667 2668
48 49
2469 2470
3930 3931
811 812
9814 9815
6090 6091
5427 5428
3743 3744
1604 1605
599 600
6474 6475
7195 7196
506 508
5158 5159
7589 7590
9858 9859
7809 7810
7889 7890
1447 1448
40 41
3818 3820
9364 9365
7977 7980
26 27
5089 5090
2503 2504
66 67
6412 6413
6840 6847
2570 2571
4676 4677
5395 5396
8641 8642
9986 9987
7651 7652
1109 1110
8187 8188
83 84
1087 1089
3390 3391
1250 1251
8686 8687
4755 4756
1381 1382
8128 8129
5502 5503
4277 4278
862 863
6424 6425
3565 3566
3872 3873
832 833
888 890
4428 4429
6646 6647
889 890
6478 6479
883 884
4929 4932
1265 1266
1260 1261
5045 5046
778 779
5821 5822
3856 3858
2520 2521
2927 2928
4773 4774
5136 5138
7251 7252
2675 2676
3336 3337
6335 6337
1001 1002
2737 2738
9310 9311
5974 5975
7590 7591
358 360
1071 1072
2080 2081
935 936
2145 2146
7282 7283
1825 1826
8718 8719
3573 3574
4712 4713
3040 3044
4998 4999
9905 9907
7162 7163
1717 1718
8692 8693
9540 9542
8047 8048
947 949
9103 9104
243 248
4115 4116
839 840
5858 5859
831 833
2645 2646
3394 3395
7199 7200
9646 9648
4272 4273
675 679
1862 1863
2075 2077
3773 3774
2480 2482
1238 1239
6897 6898
3542 3543
9608 9609
9203 9204
3277 3278
6125 6126
134 135
1401 1402
9078 9079
8382 8383
171 173
736 737
7478 7479
7939 7940
1138 1139
8721 8722
1426 1427
663 664
1677 1678
1575 1576
6724 6725
5981 5982
7700 7701
7961 7962
8862 8863
6002 6003
8449 8451
5095 5096
684 685
4016 4017
5137 5138
9507 9508
3993 3994
1284 1285
2944 2946
259 260
821 822
7058 7059
4643 4644
7668 7669
677 678
119 120
9857 9858
3041 3042
8891 8897
5264 5265
1623 1625
6915 6916
8072 8075
7929 7930
841 842
4715 4716
7615 7616
2536 2537
4960 4964
7759 7760
700 701
3452 3453
5093 5095
4241 4242
1830 1832
2448 2449
5227 5228
1798 1799
6224 6225
324 325
2274 2275
8133 8134
2885 2886
5038 5039
2171 2173
6862 6863
2629 2630
5084 5085
1910 1912
4878 4879
6923 6924
7085 7086
9400 9401
3024 3025
4193 4194
3105 3106
9412 9414
5765 5766
5767 5770
5407 5408
677 678
3784 3785
704 706
4790 4791
9834 9835
891 892
621 622
8085 8086
7738 7741
5190 5191
542 543
7998 7999
2086 2087
2018 2019
5621 5622
424 425
2597 2598
1376 1377
4254 4255
9669 9670
8108 8109
2927 2928
2493 2494
6068 6069
6366 6367
9102 9103
2438 2439
2600 2601
820 822
4318 4319
2290 2292
4984 4985
6339 6340
2556 2557
5808 5809
4632 4633
1478 1479
6814 6815
3787 3788
7239 7240
8074 8075
5020 5021
827 828
2554 2555
1988 1989
7441 7442
6799 6801
3642 3643
9004 9007
6321 6322
104 105
3946 3947
7056 7057
8509 8510
9835 9837
7708 7709
9761 9762
6533 6534
690 693
4804 4805
6387 6389
142 143
8842 8843
7260 7261
2163 2165
1620 1621
4343 4344
9578 9579
1187 1189
113 114
3063 3064
4591 4592
5934 5935
415 416
656 657
9761 9762
5012 5013
8411 8412
1961 1964
6251 6252
8738 8739
3370 3371
6126 6128
5507 5508
8007 8008
7584 7585
951 952
3101 3102
4492 4496
4958 4959
5441 5442
1790 1791
7013 7014
412 413
4855 4856
1060 1061
7093 7094
8472 8473
5408 5412
2676 2677
3543 3544
7373 7374
6266 6268
7651 7652
5275 5276
1528 1529
532 533
761 762
5469 5473
2503 2504
2729 2730
7107 7108
7892 7893
2451 2452
7953 7954
8392 8393
2570 2571
3519 3520
9473 9475
3407 3408
2494 2495
9505 9506
8442 8444
383 384
4262 4263
1409 1410
8607 8608
8038 8039
4360 4361
5471 5472
1171 1172
654 655
9949 9951
1514 1515
4523 4524
1229 1230
489 491
6766 6767
7887 7888
9756 9757
6632 6633
7470 7471
5739 5740
666 667
8522 8523
7283 7284
8160 8161
7553 7554
4711 4715
7091 7092
1259 1260
5386 5387
1687 1688
4629 4630
42 43
8317 8318
2045 2046
2356 2357
3390 3393
5452 5453
3154 3155
466 467
1833 1834
7760 7761
6919 6920
5631 5632
6738 6739
1267 1268
5778 5780
1098 1099
4314 4315
6320 6321
3053 3054
4007 4008
6470 6472
4216 4217
9722 9724
9842 9843
9007 9008
5463 5464
6260 6261
947 948
3793 3794
8630 8631
8717 8718
3043 3044
1376 1377
5314 5315
6628 6631
7117 7118
1334 1335
620 621
4171 4172
6792 6793
8964 8965
9154 9155
8867 8869
4693 4694
667 669
3775 3776
3000 3001
2212 2213
1102 1104
7551 7552
5476 5477
6379 6380
945 948
7877 7878
3789 3792
361 362
1385 1386
8272 8273
1434 1435
5144 5145
9561 9562
5563 5564
4506 4509
2946 2947
3888 3889
308 309
2157 2158
1430 1431
5123 5124
6464 6465
4074 4075
4346 4347
3837 3838
1981 1982
5322 5325
6611 6612
6292 6293
7591 7592
3832 3833
7123 7124
6461 6462
6991 6992
1461 1462
7330 7331
8502 8505
7369 7370
7292 7294
8400 8401
4179 4180
4117 4118
2317 2318
9914 9915
1595 1596
1441 1442
5936 5938
1867 1868
7028 7029
1453 1454
7909 7910
3973 3974
7982 7984
1503 1504
6569 6570
6816 6817
1883 1887
5367 5368
5385 5387
8402 8403
5230 5232
7157 7158
8681 8682
5567 5568
8310 8311
1866 1867
3687 3688
3171 3172
3477 3478
1245 1246
2764 2765
6238 6239
7671 7672
2047 2048
6115 6116
4592 4593
7315 7318
2657 2658
1405 1406
53 54
7171 7172
580 581
2744 2747
2530 2531
3675 3676
4320 4321
5792 5794
3377 3378
998 999
6586 6587
1604 1605
4489 4490
9631 9632
9744 9745
8388 8389
6610 6611
8718 8719
6919 6920
8259 8260
5927 5928
4609 4610
8119 8120
1481 1483
2716 2717
6300 6301
1396 1397
6858 6864
1458 1459
830 831
4593 4594
806 807
9849 9850
4854 4855
4272 4273
6160 6161
2294 2295
2055 2057
6333 6334
146 147
4229 4230
472 474
428 429
559 560
2241 2242
9421 9422
2688 2689
6370 6375
2033 2034
6687 6689
2270 2271
5329 5330
2261 2262
2862 2864
2208 2209
8982 8983
2162 2163
2509 2511
6878 6879
1979 1980
1897 1898
7887 7888
6538 6539
4470 4472
783 784
7540 7541
2795 2796
7266 7268
8633 8634
3509 3510
4557 4558
2317 2318
6134 6135
2053 2054
8135 8136
2258 2259
2593 2594
7844 7846
1693 1694
6466 6467
2951 2952
8140 8141
1094 1095
2937 2938
5174 5175
2512 2513
6097 6098
9551 9554
2695 2696
1817 1818
3492 3493
1294 1296
237 238
7530 7531
613 614
5296 5297
1710 1711
2392 2394
5628 5629
5809 5810
8786 8787
1744 1745
8840 8841
8182 8184
8569 8570
6120 6121
7393 7394
6292 6296
4962 4963
4214 4215
2527 2528
6807 6808
3194 3195
8705 8706
4713 4714
7011 7012
8913 8914
6693 6697
9664 9665
6203 6204
8995 8996
7762 7763
4381 4382
6946 6947
9909 9910
1048 1049
1768 1769
6628 6631
2511 2512
7954 7955
4235 4236
1127 1128
4633 4634
8240 8241
1862 1863
5127 5128
7577 7578
3829 3836
2340 2341
142 143
5100 5101
8400 8401
6558 6559
1476 1477
3154 3155
935 936
6430 6431
5831 5834
1295 1296
3537 3538
5623 5624
7922 7923
2927 2928
8029 8030
211 212
6211 6212
1754 1755
6882 6884
2253 2254
3293 3294
1321 1322
785 786
6528 6529
444 446
1000 1001
555 556
4671 4672
9270 9271
7452 7453
9375 9376
4631 4632
3640 3641
8934 8935
8040 8041
7986 7987
8834 8835
4248 4249
1539 1543
8765 8766
2796 2797
312 313
7262 7263
5052 5053
731 732
3987 3988
4464 4465
2557 2558
4249 4251
9556 9557
170 171
5450 5451
7182 7183
7301 7302
3293 3294
4099 4100
3332 3333
9044 9045
2343 2348
75 76
1004 1005
9050 9051
5027 5029
4066 4067
1738 1739
9801 9802
9623 9624
3843 3844
441 444
3380 3381
9695 9696
7918 7919
3659 3660
1363 1364
2628 2629
6329 6330
1088 1089
8854 8855
8613 8615
4979 4980
8570 8572
666 667
7679 7680
7577 7578
7837 7838
3402 3403
3115 3116
3292 3293
1723 1727
2872 2873
9450 9452
323 324
1153 1154
5948 5949
4395 4396
5197 5198
4508 4509
2908 2909
7412 7414
3993 3994
7665 7666
6781 6782
3202 3203
7610 7611
4830 4832
7256 7257
7707 7709
8965 8966
8024 8026
769 770
1716 1718
253 254
1805 1806
3684 3685
9478 9479
2145 2146
1840 1841
833 834
9285 9286
6900 6901
968 969
3994 3995
6633 6634
3885 3886
348 349
8281 8282
8032 8033
6256 6257
9910 9911
872 873
8982 8984
3901 3902
2306 2307
635 636
7860 7861
2471 2472
9527 9528
7137 7138
8343 8346
9768 9769
8233 8234
3995 3996
9171 9172
7603 7604
8942 8943
8011 8012
7879 7880
1034 1035
4512 4513
4593 4594
530 531
4161 4162
3236 3238
258 259
1928 1930
5906 5907
5191 5192
4443 4444
6188 6190
227 228
2719 2720
6484 6485
5224 5225
9093 9094
435 436
3224 3225
8096 8098
3582 3583
8867 8870
8627 8628
2005 2006
1146 1147
2689 2691
6589 6590
540 541
8237 8238
2850 2851
8759 8760
9578 9579
8956 8957
2677 2678
2403 2404
8042 8043
6300 6301
5811 5812
5225 5226
1143 1144
1595 1596
1020 1023
6615 6616
8806 8808
1006 1007
8370 8372
1641 1642
335 336
698 699
1325 1326
8313 8314
8023 8024
2312 2313
4618 4619
8457 8458
8397 8399
8339 8340
1086 1087
2094 2095
7846 7847
7043 7044
1534 1539
2911 2912
6280 6281
3455 3456
6358 6359
6847 6848
8870 8871
990 991
3873 3874
4327 4328
3413 3414
3454 3455
1899 1901
2472 2473
4452 4454
7241 7242
4641 4642
5646 5647
3527 3529
8213 8214
6828 6833
7929 7930
8695 8696
5403 5404
2594 2595
7993 7994
6067 6068
2187 2188
4640 4641
5079 5080
41 42
8125 8126
2535 2537
4860 4861
3000 3001
4907 4908
2621 2622
7692 7693
5293 5294
5117 5118
7717 7719
403 404
3943 3944
7893 7894
639 640
9011 9012
6927 6929
4028 4029
9978 9979
748 749
2850 2852
2892 2893
6444 6445
654 655
3623 3624
4353 4354
2037 2039
1547 1548
1346 1347
826 827
6061 6062
3904 3905
238 239
7571 7572
6886 6887
6405 6406
5299 5301
2056 2057
1728 1729
1267 1268
3751 3753
2019 2020
9991 9992
8166 8167
5717 5718
5846 5847
7093 7094
3187 3188
1421 1422
2912 2913
6867 6870
8299 8300
2444 2445
9897 9898
1201 1202
3328 3329
4942 4943
7104 7105
1768 1769
9768 9769
6643 6645
6296 6297
1262 1263
720 721
1244 1245
7918 7919
9625 9627
1219 1220
7585 7587
8174 8175
987 991
459 460
3149 3150
7014 7015
5695 5697
2503 2504
5032 5034
3851 3852
1537 1538
6814 6815
8363 8366
4651 4652
1219 1220
4290 4291
5917 5918
1683 1684
1918 1919
6584 6585
7252 7253
3586 3587
1272 1274
6248 6249
2137 2138
2397 2398
424 427
3168 3169
27 28
8148 8149
1993 1994
382 383
9273 9275
7669 7670
893 894
877 878
1014 1016
9104 9105
484 485
2943 2944
1495 1496
6811 6812
1293 1295
8892 8893
6798 6799
1990 1991
1301 1304
4890 4891
8493 8495
9074 9075
1549 1550
3774 3775
9314 9316
173 174
4069 4070
9218 9219
6865 6866
6833 6834
5238 5239
9911 9912
3252 3253
6463 6464
6508 6512
5149 5150
3092 3095
2245 2246
6231 6232
1920 1921
106 107
9271 9272
2368 2369
6421 6422
5259 5261
4157 4158
9647 9649
4982 4983
8238 8239
4122 4123
7723 7724
906 907
8706 8707
189 190
1157 1159
345 346
2351 2352
6923 6924
7118 7119
1550 1551
2097 2099
1836 1837
591 592
3406 3407
4510 4511
5813 5814
4651 4652
5880 5881
7844 7845
4743 4744
7741 7743
1245 1246
4579 4581
4949 4950
1705 1706
4514 4515
9785 9786
9227 9228
8624 8625
7204 7205
8356 8357
3917 3918
6227 6228
555 556
103 105
4286 4287
9468 9469
1698 1699
8979 8980
1411 1412
2489 2490
758 759
3490 3491
775 776
8412 8414
7132 7133
7089 7090
7296 7297
1950 1951
3112 3113
122 123
2529 2530
7672 7674
5836 5837
8280 8284
5553 5554
3976 3977
670 671
9085 9086
2652 2653
1751 1752
397 398
9751 9752
9001 9002
435 438
6693 6694
5072 5073
7916 7917
6716 6717
5328 5329
1511 1512
2125 2126
1838 1839
7296 7297
8940 8942
1544 1545
1056 1059
2826 2827
2903 2905
6758 6759
4588 4589
2021 2022
2586 2587
4108 4109
9777 9778
2628 2629
1979 1980
6947 6948
2549 2550
1280 1281
3248 3252
5128 5129
4062 4063
426 427
4719 4722
677 678
9091 9092
4047 4048
3785 3786
3231 3232
7406 7407
8684 8685
1954 1955
6769 6770
4710 4712
7956 7957
2421 2422
5945 5946
3465 3466
6016 6017
1860 1861
6497 6498
8335 8336
5190 5191
5677 5680
8049 8050
1005 1006
7886 7887
3388 3389
8675 8676
3143 3144
7377 7378
130 131
8487 8488
6557 6559
2482 2483
5255 5257
5000 5001
7756 7758
289 290
2488 2489
5215 5216
2011 2015
1310 1311
940 942
7799 7800
2997 2998
9707 9708
8454 8455
304 305
8237 8238
485 486
2499 2500
792 793
9613 9614
2612 2613
8682 8683
2983 2984
5351 5352
6129 6130
7137 7138
5033 5034
6600 6601
1864 1865
3687 3690
1857 1858
8968 8969
1710 1711
1968 1969
1708 1709
2641 2642
7732 7733
2437 2438
1684 1685
2499 2500
2701 2702
9869 9870
8583 8584
9258 9260
9692 9693
7640 7641
2087 2088
5013 5015
3810 3811
5820 5823
4835 4836
1663 1664
615 616
5897 5898
8677 8678
2774 2775
134 135
7553 7554
9533 9534
8878 8879
2286 2287
5624 5625
2734 2735
8075 8076
5349 5350
715 717
6984 6985
624 625
7792 7793
6504 6505
8822 8823
4055 4056
8913 8914
462 464
4473 4474
84 85
4160 4161
1122 1123
6053 6054
9398 9400
1822 1823
9750 9751
1337 1338
3918 3920
4006 4007
4931 4932
2197 2198
7505 7506
9236 9237
358 360
6599 6600
8292 8294
1898 1899
985 986
1447 1448
1084 1085
592 593
8726 8728
8996 8997
9865 9871
4828 4829
5338 5339
7342 7343
4428 4429
9795 9796
742 743
37 38
5506 5507
6767 6768
5053 5057
9793 9794
8505 8506
4146 4147
3609 3610
3924 3925
9854 9855
9465 9466
2239 2240
6206 6207
4209 4210
5492 5493
6500 6502
8175 8176
1036 1037
3061 3062
3647 3648
5618 5619
5013 5014
6727 6728
5713 5715
7896 7897
1909 1910
7841 7842
130 131
9090 9091
9034 9035
7915 7916
6286 6287
3523 3524
670 673
1344 1345
2736 2737
2037 2038
5416 5417
5893 5894
1949 1950
971 972
845 847
2777 2778
9286 9288
6200 6201
4590 4591
285 286
8325 8326
7118 7119
5668 5669
6 7
9729 9730
4008 4009
4545 4550
225 226
5537 5539
1980 1981
716 717
470 471
5384 5385
8747 8748
328 329
7936 7937
6204 6206
700 701
7523 7524
6364 6365
1411 1413
6040 6041
250 251
1504 1505
3485 3487
1766 1767
6141 6142
2670 2671
845 846
506 507
9088 9089
3256 3257
5107 5108
8266 8267
5857 5858
2678 2679
4201 4204
2674 2675
4156 4158
5191 5192
8990 8991
9832 9833
858 859
996 997
8917 8919
8290 8291
3967 3968
1707 1708
8234 8235
8246 8247
1462 1463
9402 9403
8239 8240
3426 3427
9095 9096
906 907
8314 8316
350 351
4586 4587
5279 5280
7776 7777
5822 5823
6879 6880
2301 2302
5813 5815
5676 5677
3164 3165
7357 7358
2570 2571
6038 6039
4312 4313
144 145
6561 6562
8180 8181
8200 8201
643 644
1856 1857
8061 8062
2647 2648
5939 5940
9808 9809
9290 9291
7452 7453
979 980
2618 2619
1419 1420
4013 4017
2284 2285
4547 4548
9977 9978
5675 5676
8613 8614
8711 8714
3371 3372
8642 8643
6339 6340
6336 6338
2621 2622
1501 1502
6034 6035
8129 8130
1358 1359
1436 1437
8469 8470
2897 2898
8504 8505
4798 4800
4202 4203
3105 3106
1238 1239
5032 5033
65 66
2516 2517
4481 4482
5580 5582
9023 9024
1727 1732
1771 1772
1313 1314
382 383
6140 6141
4816 4817
8488 8489
5319 5320
5589 5590
5513 5514
8260 8262
851 852
2271 2272
3283 3284
4364 4365
7038 7039
3012 3013
3184 3185
1759 1760
3501 3502
9574 9577
8733 8734
5059 5061
7714 7715
7649 7650
6595 6596
8522 8523
4541 4542
416 417
5377 5378
1052 1053
565 566
9891 9892
138 139
3310 3311
967 968
5056 5058
3787 3788
7224 7225
8222 8223
6440 6442
7441 7442
6648 6649
6804 6805
7834 7835
9368 9369
1444 1446
8872 8873
2668 2669
9974 9975
9176 9177
5137 5138
635 637
3241 3242
5745 5746
8018 8019
1018 1020
2974 2975
9252 9253
846 847
8956 8958
5524 5525
6966 6967
5581 5582
8144 8146
2240 2241
9334 9335
5296 5297
1876 1877
5027 5028
1205 1208
2018 2019
4291 4292
1641 1642
3465 3466
6191 6192
2473 2475
6259 6260
3702 3704
217 218
2016 2017
1943 1944
4624 4625
7064 7065
1505 1506
1157 1158
1502 1503
7666 7667
9275 9276
2046 2047
7633 7635
9789 9790
6046 6047
2145 2146
6003 6005
3152 3153
1904 1906
8326 8327
9153 9154
1184 1185
9651 9654
350 351
405 406
4346 4347
1025 1026
8970 8971
4336 4337
4795 4796
9793 9795
1323 1324
5532 5534
8856 8857
5896 5897
3210 3211
7776 7777
5692 5693
4550 4551
5290 5291
3795 3796
3852 3853
7350 7351
8315 8316
36 37
9361 9362
3760 3761
9984 9985
8729 8730
2534 2535
6050 6053
8082 8083
6808 6811
1936 1937
5584 5585
790 791
1617 1618
9182 9183
9067 9069
3116 3117
6388 6390
9425 9426
3104 3108
5610 5611
6450 6451
9982 9983
8621 8622
5193 5194
7040 7042
6754 6755
4593 4594
4895 4896
280 281
5638 5639
5169 5171
7420 7421
4345 4346
6883 6884
3867 3869
4696 4697
833 834
390 391
2638 2642
189 190
7839 7840
183 184
3817 3818
2129 2130
6753 6754
679 680
8614 8616
600 601
8252 8255
5145 5146
9861 9862
2151 2152
8318 8319
8963 8964
7813 7814
4907 4908
9554 9555
1476 1477
617 619
1211 1212
5431 5433
2264 2265
5966 5967
9531 9532
9942 9943
698 699
9522 9523
1155 1156
7589 7591
5257 5258
3158 3159
4464 4465
3762 3763
8510 8511
946 947
1065 1066
8380 8381
3165 3166
5946 5951
3540 3541
7297 7298
8042 8043
4464 4465
3194 3195
2584 2585
270 271
2715 2716
2200 2201
1206 1207
2106 2107
1305 1307
4696 4697
8833 8834
7611 7612
9067 9068
415 416
6645 6646
175 176
6354 6356
3448 3449
4919 4920
3079 3080
7988 7989
6321 6322
7592 7593
1597 1598
2199 2201
3509 3510
8652 8654
71 72
658 659
4122 4123
6861 6863
7997 7998
999 1000
1899 1900
4120 4121
1320 1321
2039 2041
6984 6985
4912 4914
1915 1916
3953 3954
9485 9486
741 742
199 200
1567 1568
4208 4209
6844 6847
169 170
9681 9682
4879 4880
1108 1109
7207 7208
5259 5261
5706 5707
3849 3850
4075 4076
8034 8039
124 125
7607 7608
7774 7775
2884 2885
128 129
4548 4550
3145 3146
481 482
1714 1715
153 156
4168 4169
3338 3339
307 308
6793 6794
3504 3505
1105 1107
1697 1698
8217 8218
5955 5956
6644 6648
2343 2344
6133 6134
2097 2098
679 680
736 737
9555 9556
5633 5634
1954 1955
930 931
255 259
9904 9905
279 280
2488 2489
4870 4871
1754 1755
6072 6073
2176 2177
6701 6702
5415 5416
8090 8095
4231 4232
7481 7483
9975 9976
263 265
514 515
8938 8940
6657 6658
4990 4991
9438 9439
8985 8988
5447 5448
5242 5243
4618 4619
6070 6071
5631 5632
4061 4062
7219 7220
8781 8782
990 991
2835 2838
8672 8673
1563 1564
1302 1303
502 503
6928 6929
721 722
4898 4899
1447 1448
945 946
8408 8410
2222 2223
8686 8687
5794 5795
3577 3578
2844 2845
8683 8684
1547 1548
3240 3241
485 486
6465 6467
1723 1724
337 338
6653 6654
7170 7172
8130 8131
5255 5256
1466 1467
4858 4859
2512 2513
9658 9660
3318 3319
3201 3202
142 143
1276 1277
1506 1507
2705 2707
684 685
5023 5024
270 271
6316 6319
8250 8251
3475 3476
311 312
6850 6851
9195 9196
5488 5489
1520 1521
6103 6105
183 184
4810 4817
7892 7893
8848 8849
6784 6785
245 246
2187 2188
4462 4463
8343 8344
8258 8259
6859 6860
8871 8872
4016 4017
8172 8174
2832 2833
4441 4442
7683 7684
6088 6089
2015 2016
3976 3977
8516 8517
8299 8301
39 40
1283 1284
3205 3206
9997 9998
9146 9147
5769 5770
3675 3676
917 918
9387 9388
5021 5023
6030 6031
7442 7443
1735 1736
2389 2390
373 374
3480 3481
2073 2074
777 778
786 787
8381 8384
1785 1786
522 523
8345 8346
979 980
6085 6086
5713 5714
935 936
9735 9736
883 884
2186 2189
6096 6097
648 649
2085 2086
4752 4753
521 522
9260 9261
1982 1983
6636 6638
7688 7689
9921 9924
7236 7237
6792 6793
7065 7066
9278 9279
4198 4199
1496 1497
6386 6387
1011 1012
976 977
7547 7551
2121 2122
3202 3203
7245 7246
6702 6703
8564 8565
1539 1540
2572 2573
2257 2258
2370 2371
1924 1927
1654 1655
9359 9360
1080 1081
7298 7299
3391 3392
3960 3961
510 511
9591 9592
5867 5868
2037 2040
1675 1676
2136 2137
499 500
7775 7776
5790 5791
4376 4377
1256 1257
274 276
703 704
5086 5091
967 968
9515 9517
3542 3543
3497 3499
3566 3567
8456 8457
4186 4187
8437 8438
9198 9199
2627 2629
8364 8365
1085 1087
1665 1666
8908 8909
340 341
1360 1363
2814 2815
1154 1155
8012 8013
9752 9753
3338 3339
8706 8707
2525 2526
630 631
9249 9250
3181 3183
3079 3080
8313 8314
8838 8839
2520 2522
8421 8422
4145 4146
5991 5992
1969 1971
1839 1840
4308 4309
6565 6566
3762 3763
9473 9474
3685 3688
1970 1971
3147 3148
7053 7054
2710 2712
6508 6509
6716 6718
4429 4430
1066 1067
7689 7690
4665 4668
1771 1772
5541 5543
6259 6260
8631 8632
3572 3573
2514 2516
966 967
5988 5989
8170 8171
8170 8172
2199 2200
655 656
3850 3851
3444 3445
2936 2937
6278 6279
9406 9407
9427 9428
313 314
7523 7526
2371 2372
3327 3328
7073 7074
3461 3462
2173 2174
9934 9935
1102 1103
5587 5588
1417 1418
1463 1464
6153 6154
6128 6130
595 596
1495 1496
9213 9214
2406 2408
7370 7371
3859 3860
3305 3306
2502 2506
4833 4834
4223 4224
4852 4853
7879 7880
519 520
6126 6127
7793 7794
1585 1586
1465 1466
1374 1376
5444 5445
7107 7108
7271 7272
4087 4088
8099 8100
6519 6520
8596 8597
5715 5716
7552 7553
2494 2496
4753 4754
8257 8258
7590 7591
4961 4963
3357 3358
886 887
7809 7810
5865 5867
5686 5687
2019 2020
259 260
2313 2314
2435 2436
1028 1029
4101 4102
469 471
2869 2870
456 457
6731 6732
7578 7580
6074 6075
1395 1396
843 844
1274 1275
3316 3317
5024 5025
511 512
8586 8588
5722 5723
8971 8973
57 58
4095 4096
8174 8175
5038 5039
2183 2184
6658 6659
7295 7296
5722 5723
6983 6984
6231 6233
9503 9504
2232 2234
4300 4301
5591 5593
1480 1481
7408 7409
5505 5506
2702 2703
2858 2859
9818 9820
557 558
5561 5562
4120 4121
5028 5030
3656 3657
5713 5714
3332 3333
3092 3093
7182 7183
6473 6477
1320 1321
7358 7359
1074 1075
3987 3988
9094 9095
4983 4984
1364 1365
7264 7265
9714 9715
6750 6753
4390 4391
425 426
6255 6256
3163 3164
1467 1468
5792 5793
4231 4232
2619 2620
2880 2881
4718 4720
6128 6129
9948 9949
4720 4721
9079 9080
2091 2092
3766 3767
7587 7588
5808 5809
2126 2127
4825 4826
1159 1160
7518 7519
3220 3221
35 36
1314 1315
5458 5460
4147 4148
9156 9157
134 135
3360 3363
751 752
6209 6211
1478 1479
2294 2295
2589 2590
7524 7525
7976 7977
9694 9695
4090 4091
195 199
9372 9373
7419 7420
301 302
1704 1706
4844 4845
523 524
6539 6540
609 610
1827 1828
6637 6639
8186 8187
7418 7420
1827 1828
5169 5170
7623 7624
4901 4904
2514 2515
415 416
3644 3645
5436 5440
3669 3670
378 379
1676 1677
7858 7859
7952 7953
9846 9848
7137 7138
5915 5917
2988 2989
4618 4620
7288 7289
2382 2383
8074 8075
333 334
3915 3916
1056 1057
5656 5657
65 67
9616 9617
4528 4531
2129 2130
7442 7443
1984 1985
4872 4873
7049 7050
3396 3397
8026 8027
8582 8584
202 203
8777 8780
5416 5417
668 670
4552 4553
8760 8762
2755 2756
1417 1418
2844 2845
3554 3555
9443 9444
6824 6826
1999 2000
8424 8426
121 122
5733 5734
1413 1414
9917 9918
5793 5794
1875 1877
2060 2061
1175 1176
9074 9075
5985 5986
2501 2502
1625 1627
3208 3209
7395 7396
1026 1027
6720 6721
6291 6292
1991 1993
929 930
9072 9074
977 978
193 194
8 9
2254 2255
922 923
876 877
5137 5138
819 821
3803 3804
1090 1091
7912 7913
2289 2290
7253 7254
9983 9986
7299 7300
2323 2325
2902 2903
7604 7606
6369 6370
654 655
2729 2730
9734 9735
2438 2439
2274 2275
5226 5227
6463 6464
8134 8135
2974 2976
4348 4349
6453 6454
9503 9504
2307 2308
5518 5519
8333 8334
7437 7438
695 696
3179 3180
661 663
3144 3145
7659 7660
961 962
1907 1908
6576 6577
3472 3473
645 646
3592 3593
2972 2973
628 629
4196 4197
6811 6812
5535 5536
5835 5836
1229 1230
3716 3719
3532 3533
4956 4957
6158 6159
9749 9750
4620 4621
3296 3297
9724 9725
3120 3121
4526 4527
6406 6407
8983 8984
3445 3446
574 575
1695 1698
6588 6589
538 539
664 665
8104 8105
877 878
353 354
2942 2943
7004 7005
623 624
4855 4859
5625 5626
7611 7612
7842 7843
8724 8725
1149 1150
137 139
3590 3591
146 147
7328 7329
3857 3859
7804 7805
1744 1746
6909 6910
9382 9384
2779 2780
9102 9103
83 84
692 693
532 533
7313 7315
6099 6100
6161 6164
1047 1048
2405 2406
5290 5291
7569 7570
9959 9960
2628 2629
2139 2140
1234 1238
7580 7581
2471 2472
1778 1779
7444 7447
8456 8457
2148 2149
9444 9445
4745 4746
6125 6126
7210 7212
4698 4699
5616 5617
1180 1181
4815 4816
6064 6065
6226 6227
9472 9473
7479 7480
9593 9594
2482 2483
3005 3006
8536 8537
5333 5334
1105 1106
7587 7588
732 733
5638 5639
1165 1166
1064 1065
4522 4527
8399 8400
5032 5033
7508 7509
3896 3897
3438 3439
3978 3979
2638 2639
8245 8246
4059 4060
4175 4179
744 745
7366 7369
4769 4770
1049 1050
6518 6519
6467 6468
558 559
2149 2152
3061 3062
5609 5613
9190 9191
2186 2187
1226 1227
3603 3604
7004 7005
1300 1301
1768 1769
423 424
1347 1348
5396 5397
4566 4567
5230 5231
1665 1666
6152 6153
2000 2001
3617 3618
9173 9174
789 791
668 669
1600 1602
1579 1580
6224 6225
7728 7729
6260 6261
2158 2159
3425 3426
3267 3268
9312 9313
734 735
452 455
5169 5170
9562 9563
1570 1571
8211 8212
9235 9236
6890 6891
1711 1712
2064 2065
4750 4751
8964 8967
7545 7546
4767 4768
1754 1755
790 792
8217 8218
4565 4566
9942 9943
2088 2089
273 274
2815 2816
7579 7580
837 838
9388 9389
9269 9270
1886 1887
3830 3831
809 810
4640 4641
7321 7322
8320 8322
9881 9882
1626 1627
3020 3021
1411 1412
454 455
5895 5897
1984 1985
2357 2358
2999 3000
342 345
8829 8830
5950 5951
1457 1458
2405 2406
365 366
2334 2335
49 50
9096 9099
8592 8593
1279 1283
119 120
3017 3018
9313 9314
5253 5254
6117 6118
4977 4978
9160 9161
1505 1506
153 154
4593 4595
6562 6563
3576 3577
4854 4855
72 73
1134 1135
3016 3017
5050 5051
9193 9194
1945 1946
1852 1854
747 748
2521 2522
8061 8062
6344 6345
259 260
8368 8370
2885 2886
4440 4442
2718 2719
9107 9108
5268 5269
3554 3555
2050 2051
7432 7435
3799 3800
2020 2021
6735 6736
1098 1099
2792 2793
3916 3919
6182 6183
9030 9032
5316 5317
3059 3061
3758 3759
4583 4584
2399 2400
1135 1136
8357 8358
74 77
5271 5272
2342 2343
7780 7781
3878 3880
406 407
8297 8299
7686 7687
2403 2404
8252 8253
5719 5721
3035 3036
7285 7286
8428 8429
6678 6679
5960 5961
101 102
949 950
2364 2366
6385 6386
7628 7630
7157 7158
2737 2738
4841 4842
8939 8941
1593 1594
7098 7101
1033 1034
4493 4494
9768 9769
7875 7877
9935 9936
9109 9110
96 97
381 382
1561 1562
5741 5743
5584 5585
5923 5924
8499 8500
6733 6736
1849 1850
5442 5443
8606 8607
6850 6851
8287 8288
6040 6041
2769 2770
9223 9224
1588 1589
6467 6468
2083 2084
3400 3402
1158 1159
5606 5607
6938 6939
9464 9466
920 921
8366 8367
5758 5759
9687 9690
9023 9024
229 230
9298 9299
9358 9360
5470 5471
3177 3179
4196 4197
1683 1684
9988 9989
7619 7620
2946 2947
2190 2191
8275 8276
2469 2470
5519 5520
4341 4342
6197 6198
8545 8547
1654 1655
7158 7159
4058 4059
5794 5795
3791 3792
3341 3342
4837 4838
8902 8904
3232 3233
2676 2678
9736 9737
7441 7445
9958 9959
583 585
7085 7086
5015 5018
5284 5285
5253 5254
727 728
285 286
2426 2427
9673 9677
4536 4537
3281 3282
3370 3371
6549 6551
1348 1349
9077 9078
6199 6200
6835 6836
3573 3574
8137 8138
8351 8352
8731 8732
7617 7618
5233 5234
571 572
7376 7377
5529 5530
7731 7732
1044 1045
342 343
6467 6468
0 1
7528 7529
916 917
2634 2635
4999 5000
7757 7758
9240 9241
581 582
3628 3634
5941 5942
7131 7132
5749 5750
1539 1540
9299 9300
5575 5576
4099 4100
4364 4366
3245 3246
4727 4729
201 202
6424 6426
4083 4084
7389 7391
735 736
2026 2028
8895 8896
8745 8746
6170 6171
1484 1486
8717 8718
8392 8393
8752 8753
1324 1325
9773 9774
7740 7741
8255 8256
4468 4469
2070 2071
6844 6846
30 31
5756 5757
765 766
3114 3115
2980 2981
1458 1459
2358 2359
8124 8125
6008 6009
5311 5312
6667 6668
1717 1718
5928 5929
7590 7591
1099 1100
4580 4581
3870 3871
2990 2991
5412 5413
4003 4007
8064 8065
8275 8276
84 85
9682 9683
7911 7912
106 107
9868 9869
8644 8645
3826 3827
6437 6439
7366 7367
1592 1593
4988 4989
8838 8839
5865 5866
7212 7213
3947 3948
7446 7447
9659 9660
1052 1054
5771 5772
1256 1257
1110 1111
2057 2058
666 667
6250 6251
2670 2671
3145 3146
3925 3926
1154 1157
5874 5875
5774 5775
7043 7044
9429 9430
5536 5537
6763 6765
16 17
1858 1859
3934 3935
7301 7302
2061 2062
2655 2656
3815 3816
1174 1175
582 583
139 140
2082 2083
4024 4025
900 901
1575 1577
9337 9338
5376 5377
1300 1301
9424 9425
5864 5865
537 538
2695 2696
8525 8526
8629 8630
2855 2858
9788 9789
797 799
1744 1745
1706 1707
75 76
6072 6074
6490 6491
1884 1885
4819 4820
9981 9984
7195 7196
5158 5161
6807 6808
845 846
5374 5375
7440 7443
1156 1157
4820 4821
432 433
9766 9767
7222 7223
2957 2958
553 554
6275 6278
6955 6956
9389 9392
7625 7626
8029 8030
3128 3129
2039 2041
1527 1528
396 398
8490 8491
9648 9649
8054 8055
5517 5519
4192 4193
2530 2531
2618 2619
3148 3151
4056 4057
2990 2991
2282 2283
9743 9744
6439 6440
1301 1302
1493 1494
1927 1928
269 270
396 398
1033 1034
8431 8432
3592 3593
1135 1136
9026 9027
5842 5843
9080 9081
8619 8623
4961 4962
8717 8718
5907 5908
5920 5921
3245 3246
2166 2167
121 122
7782 7783
2782 2783
7006 7007
6491 6492
1876 1879
4615 4616
2195 2196
3143 3144
1763 1764
4771 4772
3592 3593
4935 4936
9217 9218
5412 5413
5881 5885
3467 3468
6721 6722
6952 6953
7322 7323
1828 1829
8230 8231
429 430
1424 1425
7699 7700
4153 4154
2151 2152
1794 1795
5041 5042
5265 5267
8383 8384
8720 8721
144 145
391 393
4077 4078
8213 8214
5202 5203
8658 8660
4202 4203
3755 3757
2249 2250
5058 5060
6575 6576
8090 8091
4638 4639
6823 6826
1395 1396
4701 4702
7205 7206
1559 1561
3123 3124
4287 4288
1041 1042
4026 4027
2530 2531
6209 6210
4820 4821
935 936
7043 7044
2531 2532
5674 5675
3902 3903
8100 8101
3071 3072
8775 8776
5010 5012
6430 6431
2794 2795
8622 8623
1739 1743
6890 6891
5015 5017
2452 2453
6754 6755
9782 9783
7935 7938
5188 5189
7855 7856
1960 1961
7945 7946
9923 9924
545 547
4659 4660
487 488
5943 5944
5347 5348
8584 8585
1389 1390
1668 1669
1788 1789
3198 3199
2281 2283
7479 7480
2707 2708
1813 1814
6860 6861
5447 5448
9846 9847
7271 7272
2182 2183
2344 2345
3143 3145
6448 6449
5636 5637
2353 2354
7549 7550
3888 3889
2823 2824
1825 1826
9251 9252
6190 6191
7639 7640
2046 2047
3362 3363
5775 5776
7627 7631
4078 4079
4985 4986
103 104
6781 6782
377 378
6350 6351
6048 6049
172 174
8494 8495
218 220
2729 2730
9726 9727
6038 6039
9915 9916
8672 8673
8352 8353
5862 5863
6421 6422
7667 7668
1129 1131
1465 1466
4331 4334
259 260
4084 4086
5389 5390
4986 4987
1419 1420
2735 2736
2140 2141
8668 8671
3632 3633
3485 3486
5822 5823
3 4
5161 5162
1896 1897
6141 6142
2150 2152
8432 8433
5872 5874
2361 2362
4770 4772
2313 2314
7165 7166
5645 5646
8120 8121
1810 1811
2128 2129
5970 5971
6621 6622
3596 3597
5004 5005
8514 8515
799 800
3210 3211
5271 5273
9552 9553
2235 2236
471 472
6344 6345
1830 1831
6382 6383
7261 7262
6395 6396
7151 7152
666 667
83 84
8712 8714
6758 6759
7372 7373
2295 2296
7906 7907
14 15
3452 3453
284 285
9909 9912
5812 5813
8023 8025
6341 6342
6575 6577
2290 2291
7527 7530
6611 6612
2167 2168
6982 6983
5783 5786
3387 3388
8793 8794
8050 8051
9680 9682
8268 8269
1274 1275
884 885
2629 2630
335 336
2461 2463
4105 4106
1513 1515
4992 4993
7826 7828
7550 7551
7016 7017
8060 8061
9801 9802
759 760
9309 9310
2923 2924
67 68
7300 7301
7227 7229
8256 8257
9141 9143
48 49
1655 1656
1807 1808
4449 4450
8491 8492
8761 8763
4382 4383
4836 4837
219 220
270 271
9679 9680
1725 1726
5519 5520
4809 4810
6701 6702
6631 6632
8324 8325
5811 5814
2725 2726
2301 2302
283 284
3969 3970
2488 2489
1164 1165
3963 3964
4124 4125
7534 7535
7770 7771
2851 2852
3997 3998
3724 3725
9511 9512
67 68
265 266
840 841
3379 3380
4955 4956
6029 6031
1661 1662
2432 2434
8227 8228
160 161
6139 6140
2666 2667
2237 2238
2048 2049
4848 4849
4404 4405
7048 7049
5565 5566
8221 8222
2133 2134
3175 3176
6241 6242
2514 2515
2147 2148
7362 7363
3956 3958
9676 9677
3454 3455
1658 1659
1721 1723
784 785
689 691
466 467
6116 6117
856 857
186 189
6429 6430
4539 4541
3629 3630
8389 8390
9843 9844
7004 7005
101 102
9384 9385
2920 2921
1993 1996
5136 5137
9052 9053
7582 7583
1528 1529
6366 6367
1472 1473
9193 9194
6958 6959
4179 4180
8987 8990
5987 5988
823 824
397 398
1097 1099
6594 6595
8901 8902
7653 7654
4520 4521
503 504
3473 3475
20 21
1932 1933
4953 4954
824 825
5033 5034
57 58
5665 5666
2732 2733
2280 2281
5167 5168
6966 6967
5690 5691
868 869
9926 9927
2828 2829
1479 1480
4144 4145
9703 9704
9449 9450
8834 8836
2003 2004
2910 2911
3240 3241
1029 1031
5610 5611
527 529
5282 5283
6393 6394
7187 7188
7863 7865
3961 3962
2565 2566
8599 8600
9251 9252
7318 7319
2081 2082
3558 3559
8105 8107
6358 6359
5238 5239
7178 7179
7466 7469
7457 7458
6572 6574
7221 7222
6922 6923
5756 5757
867 868
1260 1261
9298 9301
5343 5344
5234 5235
6841 6842
4019 4020
5352 5353
4063 4065
8411 8412
6813 6816
1793 1794
7407 7410
6881 6882
3651 3652
5760 5761
7899 7901
1271 1272
5842 5843
5694 5695
5084 5085
1535 1536
6501 6503
955 956
1158 1160
323 324
650 651
6688 6689
5939 5940
4010 4011
6017 6018
4932 4933
4949 4951
1210 1211
3495 3496
6419 6420
4648 4649
4189 4190
171 172
5851 5852
3695 3696
1223 1224
3637 3641
6649 6650
5800 5801
4407 4408
8136 8138
884 885
7177 7178
4812 4813
643 645
5304 5305
4496 4501
3162 3163
2537 2538
8551 8552
5851 5852
2732 2733
1565 1566
8938 8939
7447 7449
1228 1229
8194 8195
4526 4527
2178 2179
5745 5746
6928 6930
4205 4206
5149 5150
5257 5258
5312 5313
9401 9402
5203 5206
4727 4728
2692 2693
2353 2354
7797 7799
6542 6543
2567 2568
7149 7150
2376 2377
4255 4256
6742 6743
6748 6749
103 104
2815 2816
4047 4048
1073 1074
8967 8969
4749 4750
137 138
2169 2170
4333 4336
7970 7971
6053 6054
8768 8769
8052 8053
3178 3179
1156 1157
4981 4982
2697 2700
7586 7587
3929 3930
731 732
4278 4279
7859 7860
8752 8753
5089 5090
1958 1959
238 239
7054 7055
7972 7973
4208 4210
5656 5657
4171 4172
8147 8148
8503 8505
9511 9512
2174 2175
8819 8820
6107 6108
2205 2206
2605 2609
788 789
3261 3262
9045 9046
4435 4436
7492 7493
5732 5733
76 77
4667 4669
403 404
8368 8370
8899 8900
1054 1055
167 168
9212 9213
6114 6115
132 134
5793 5794
1977 1978
9854 9855
5014 5017
6831 6832
4890 4892
3326 3327
2647 2648
1299 1300
2489 2490
9674 9675
5838 5840
6612 6613
4389 4391
1957 1958
5503 5504
9491 9492
482 483
2829 2830
7027 7028
3361 3362
952 953
8496 8497
5646 5647
5183 5184
5597 5598
1554 1555
5032 5033
8102 8103
5945 5946
476 477
8224 8225
9081 9082
2199 2202
1623 1624
7632 7633
8343 8344
2602 2603
5369 5370
3282 3284
9989 9990
4437 4438
1599 1600
35 36
3179 3180
9654 9655
4652 4653
3399 3400
8350 8351
135 137
8945 8946
5293 5295
1871 1872
2649 2651
2590 2591
9206 9208
2177 2178
5705 5706
5319 5320
4750 4751
528 529
230 232
5722 5723
9670 9672
8785 8786
3774 3775
9184 9185
6651 6652
8884 8885
7037 7038
915 916
5189 5190
1681 1682
9074 9075
3759 3760
5850 5851
4546 4547
9260 9261
6427 6428
2233 2234
9421 9422
3161 3162
7818 7819
9546 9550
1350 1351
1263 1264
6461 6462
1846 1847
3458 3459
9594 9595
7371 7372
7945 7946
3502 3503
8246 8248
420 421
5254 5255
7953 7954
5760 5761
3586 3587
5419 5420
8735 8736
6616 6617
113 114
3335 3336
8592 8593
9018 9019
9265 9266
9370 9372
2336 2337
6525 6526
2746 2747
7645 7647
9512 9513
9486 9489
2815 2816
5105 5106
5726 5727
3201 3202
773 774
5308 5310
3080 3081
1593 1594
3990 3991
4591 4595
4214 4215
3223 3224
5857 5858
2700 2702
8849 8850
2322 2325
3285 3286
6762 6763
2702 2703
1268 1270
1374 1375
5152 5153
3848 3849
9235 9236
8638 8639
2762 2763
8237 8238
6272 6274
1792 1793
2200 2201
6343 6344
7519 7520
7481 7482
3370 3371
8991 8992
9145 9146
9984 9985
2714 2715
7085 7086
82 84
4399 4400
6282 6283
4386 4387
7121 7123
2650 2651
2193 2194
185 186
5516 5517
8608 8609
7888 7889
9499 9500
2425 2426
6896 6897
7769 7770
5331 5332
9814 9816
1502 1503
5970 5971
9537 9538
7599 7601
1077 1078
5398 5399
6851 6852
1888 1889
4463 4464
9053 9054
3505 3506
5741 5742
1267 1268
9663 9665
9655 9656
4081 4082
9695 9696
9618 9619
6872 6873
5094 5095
9670 9671
2538 2539
7121 7122
1445 1446
4523 4524
8243 8244
2365 2366
4718 4719
7135 7136
6937 6938
4599 4600
1499 1500
3192 3193
563 567
9124 9125
31 32
8066 8067
6429 6430
2722 2723
9556 9557
3818 3819
1875 1876
1692 1693
3911 3913
8361 8362
3132 3133
9728 9729
522 523
1149 1150
7277 7278
1826 1827
9350 9352
1278 1279
7777 7778
2338 2339
5175 5176
8944 8945
6125 6126
139 140
9821 9822
6340 6341
3640 3641
7966 7967
9089 9094
8148 8149
7549 7552
9951 9952
2907 2908
9551 9552
3110 3112
6557 6558
7077 7078
3009 3010
403 406
1576 1577
540 541
6023 6024
2574 2575
5454 5455
369 370
1906 1907
2485 2486
4999 5000
8052 8055
3930 3931
573 574
6658 6659
5818 5820
8884 8885
373 374
31 32
2604 2605
9783 9784
5791 5792
5422 5423
8010 8011
987 988
2367 2369
568 569
5994 5996
579 580
4023 4024
5709 5710
1663 1666
4141 4142
9285 9286
8477 8478
4023 4024
7272 7273
8828 8829
1435 1436
3549 3550
2517 2518
9009 9012
7743 7744
867 868
1265 1266
1592 1594
2891 2892
369 370
1538 1539
7604 7605
3776 3777
2215 2217
991 992
2693 2694
3409 3410
1620 1621
8197 8198
2662 2663
5128 5129
6100 6101
2759 2760
843 845
8440 8441
89 90
9494 9495
2642 2643
1620 1621
1486 1487
6146 6147
7964 7965
1486 1487
1271 1272
943 944
9466 9467
1474 1475
3445 3446
1788 1789
7350 7352
5827 5828
954 955
1504 1505
3281 3285
4246 4247
3757 3758
7285 7286
6114 6115
350 351
2832 2833
3673 3674
4943 4944
2312 2313
3232 3234
4883 4884
3239 3240
7768 7769
2589 2590
7683 7684
6209 6211
1987 1988
8797 8800
3245 3246
1912 1913
8639 8640
935 936
4248 4249
1479 1480
3207 3208
1230 1231
3954 3955
9601 9602
3940 3941
2043 2045
9718 9719
3412 3413
4377 4378
6623 6624
1472 1473
1983 1984
3885 3886
9686 9687
8720 8721
6259 6262
4702 4703
4440 4442
606 607
2276 2277
5924 5925
652 653
3037 3038
9035 9036
1699 1700
3317 3319
1890 1891
3367 3368
9606 9607
1221 1222
7975 7976
1520 1521
2792 2793
4565 4566
5547 5548
4258 4259
7684 7685
1531 1532
2829 2830
1782 1783
2705 2706
6162 6163
5689 5690
5923 5924
870 871
5342 5343
9282 9283
4196 4197
2180 2181
9969 9970
9072 9073
8715 8716
6051 6052
4736 4737
1755 1756
5177 5181
8477 8478
1154 1155
4729 4730
883 885
5851 5852
9770 9772
1237 1238
8301 8302
5676 5677
3606 3609
7073 7074
4161 4162
1197 1198
8595 8597
2125 2126
5485 5486
5062 5063
9231 9233
7560 7561
7718 7721
9073 9074
8079 8080
8709 8710
9662 9663
224 225
1574 1575
7682 7683
7475 7476
8815 8816
9345 9347
7446 7447
7532 7533
4568 4569
2684 2685
4361 4362
5472 5473
5286 5287
8266 8267
6089 6090
2151 2152
4604 4605
7233 7234
5594 5595
9076 9077
598 599
8606 8609
3533 3534
468 471
1184 1185
1423 1426
2964 2965
9618 9620
1014 1015
4066 4067
4996 4997
6874 6876
7148 7149
2510 2511
396 397
5942 5944
5791 5792
6866 6867
5589 5590
4020 4021
3355 3356
5948 5949
8251 8252
5081 5083
2271 2272
1831 1834
9228 9229
1173 1174
3454 3455
309 310
6430 6431
1238 1239
3991 3992
3739 3740
4853 4854
452 455
2567 2568
7055 7057
9877 9878
2492 2494
1197 1198
9056 9057
773 774
592 594
6862 6863
7540 7543
9429 9430
2889 2891
539 540
7585 7586
1841 1842
4167 4169
5520 5521
1560 1561
1047 1048
4582 4584
382 383
9606 9607
1989 1990
6784 6785
3403 3404
1960 1961
1462 1463
8732 8734
392 393
6845 6847
4063 4064
6923 6924
4611 4612
4740 4741
692 693
2443 2444
2270 2271
3919 3920
8849 8850
6114 6116
576 577
1845 1846
2486 2487
9562 9566
8603 8604
1364 1365
6498 6499
2508 2509
2878 2879
3338 3340
6723 6724
3005 3006
2411 2412
4193 4194
3117 3118
943 944
1227 1228
4514 4516
5290 5291
418 420
801 802
339 340
6544 6545
238 240
12 13
6274 6275
5433 5434
9742 9744
4401 4402
183 184
1135 1136
4828 4829
633 634
437 438
2134 2135
8577 8578
3671 3672
8722 8723
7263 7264
9663 9668
4540 4541
9368 9369
282 283
1848 1849
366 367
3290 3291
3227 3228
4458 4459
2071 2072
106 107
6305 6306
1001 1002
5434 5435
1770 1771
9555 9556
8507 8508
4299 4300
7730 7731
4075 4076
8803 8805
1439 1440
6194 6195
2488 2489
8664 8665
6673 6674
7050 7052
5358 5359
2280 2281
2487 2488
9766 9769
3713 3714
4013 4014
2452 2453
8170 8171
4978 4979
6766 6768
2704 2705
1418 1420
8649 8650
379 382
2837 2838
8537 8538
9459 9460
432 433
955 956
2105 2106
526 527
5937 5938
1366 1367
3914 3915
3155 3156
9290 9291
6446 6447
8182 8183
9635 9636
93 94
3936 3937
5846 5847
1238 1239
5456 5457
4403 4404
9715 9717
5599 5600
41 42
6925 6926
8074 8075
2324 2325
344 345
9863 9864
3749 3750
9276 9277
597 598
4334 4335
6647 6648
2426 2427
43 44
3244 3245
3592 3593
8761 8762
7269 7270
5175 5176
1139 1140
4696 4697
9482 9484
4471 4472
268 269
6713 6714
7666 7667
6030 6031
807 809
7109 7110
4290 4291
9059 9060
1684 1685
4546 4547
2759 2760
1103 1104
606 607
391 392
2093 2095
3196 3197
583 584
7950 7951
7557 7558
7435 7436
12 13
6667 6668
869 870
165 166
1903 1906
973 974
7791 7792
2516 2517
6149 6150
4515 4516
121 123
4243 4244
3388 3389
2497 2498
7715 7718
1091 1092
1874 1875
8563 8564
9125 9126
7007 7008
8371 8373
5121 5122
7727 7730
2658 2659
4336 4337
8275 8276
1221 1222
1576 1577
1799 1800
4919 4920
4241 4242
8611 8612
5712 5713
209 210
3637 3639
3263 3264
7830 7831
8514 8515
3336 3338
5783 5784
1035 1037
4988 4989
3339 3340
3705 3706
4671 4673
5940 5941
9868 9869
8391 8392
7728 7729
4985 4986
5537 5538
6320 6321
3124 3125
997 998
9354 9356
8703 8704
5494 5495
562 563
3865 3866
7554 7555
700 701
2302 2303
9714 9715
1629 1630
6796 6799
1026 1027
463 464
528 529
1751 1753
5679 5680
1351 1352
199 200
3 4
8442 8443
9280 9281
16 17
5290 5291
5098 5099
9858 9859
1730 1731
8553 8554
9551 9552
3262 3263
444 445
1653 1656
485 486
7055 7056
2572 2573
2889 2890
2858 2859
7552 7553
129 130
4640 4641
6860 6861
8046 8047
8627 8628
5044 5045
6422 6423
5938 5940
7473 7474
9154 9155
333 334
8756 8757
1051 1052
5393 5395
6534 6535
3933 3935
2322 2323
7079 7080
8202 8203
1178 1181
1580 1581
3269 3270
5388 5389
3429 3431
5885 5886
2002 2003
7610 7611
6327 6328
4274 4275
5760 5761
99 100
5042 5043
3055 3056
4395 4397
1065 1066
4928 4929
4572 4573
9284 9285
4726 4727
8798 8799
523 524
6201 6202
1587 1588
4088 4092
1997 1998
1652 1653
9175 9176
5750 5751
678 679
1456 1458
893 894
630 631
7406 7407
9531 9533
489 490
5165 5166
4521 4522
127 128
9964 9965
440 441
1113 1114
392 394
2710 2711
496 501
3763 3764
320 321
8188 8189
3821 3822
7264 7265
6003 6004
9754 9755
4722 4723
5316 5317
5854 5855
6586 6587
6425 6426
9524 9525
5818 5819
7302 7303
120 121
2659 2660
488 489
682 683
8341 8342
2574 2575
6500 6501
5566 5567
6222 6223
5754 5755
1552 1553
850 851
1516 1518
3226 3227
3490 3493
6602 6603
7737 7738
8901 8902
7901 7902
2749 2750
5967 5968
102 103
4265 4267
1881 1882
1849 1852
6710 6711
4508 4509
6489 6490
9858 9859
184 185
8121 8122
106 107
6586 6587
3987 3988
1371 1372
2490 2491
4972 4973
518 519
2073 2074
2353 2354
1281 1282
2662 2663
7996 7997
8213 8214
9451 9454
9115 9116
8804 8805
9785 9786
335 337
1564 1565
504 505
2837 2838
1453 1454
3784 3785
6333 6334
6972 6973
6921 6922
1544 1545
5370 5371
3257 3258
88 89
6129 6130
297 298
3340 3341
9923 9924
7901 7902
5343 5344
5876 5877
1731 1733
7500 7501
5648 5649
3613 3614
253 255
311 312
9693 9697
6332 6333
7451 7452
1814 1815
1602 1604
216 217
3214 3216
6834 6835
3849 3850
2252 2253
920 925
141 142
3211 3213
7450 7451
9180 9181
7569 7570
9535 9536
4562 4563
3369 3372
5111 5112
2818 2820
1011 1012
763 764
1321 1322
2606 2607
3345 3346
1449 1452
9850 9851
2593 2594
8664 8665
4445 4449
7444 7445
5834 5836
736 737
6502 6503
1025 1026
7559 7560
7953 7954
1007 1008
9006 9007
1546 1548
1129 1130
2751 2752
1070 1071
7395 7396
1228 1229
7541 7542
59 60
3220 3221
2715 2716
944 945
2178 2179
7658 7660
5384 5385
7738 7739
383 384
4638 4639
3737 3738
3635 3636
5030 5031
9782 9783
2315 2316
2080 2081
2021 2022
2425 2426
7752 7753
9204 9205
5446 5447
9413 9415
3004 3005
8045 8047
8825 8826
1244 1245
2549 2550
6996 6998
8529 8530
134 136
9 10
2316 2317
2429 2430
7761 7763
9133 9134
2930 2931
746 747
5532 5533
5283 5284
873 874
439 440
1880 1881
8835 8836
4991 4994
570 571
5589 5590
7629 7630
5560 5561
9521 9522
597 598
2189 2190
3163 3164
444 445
8621 8622
4705 4706
2815 2816
713 714
2334 2335
6999 7000
3137 3138
5615 5616
4165 4167
2058 2059
3513 3515
8383 8384
6846 6847
943 944
2737 2738
9831 9832
8655 8656
2251 2252
4351 4352
3290 3291
6053 6055
2295 2296
4420 4421
4061 4062
4360 4361
9767 9768
5273 5274
8034 8035
2133 2134
5191 5192
9301 9304
378 379
5387 5388
7879 7880
3501 3503
6615 6616
2710 2712
4072 4073
5061 5062
9952 9953
973 977
2823 2824
8065 8067
2537 2538
2050 2051
1610 1611
8791 8792
2978 2979
2443 2444
7161 7162
4821 4823
2718 2719
2298 2299
5183 5184
6933 6934
8695 8696
4710 4712
1072 1073
7468 7469
8703 8704
2867 2871
845 846
1849 1850
9050 9051
8646 8647
1142 1143
2444 2445
2155 2156
6459 6460
768 769
8885 8886
301 302
768 769
9847 9848
2606 2607
3187 3188
4535 4536
309 310
8364 8365
7633 7634
9352 9354
9140 9141
8625 8626
1724 1725
5346 5347
3200 3201
838 839
6031 6032
1222 1224
3217 3218
3630 3634
3584 3585
4815 4816
2344 2345
8352 8353
2019 2020
6070 6072
1367 1368
8919 8920
2174 2175
4487 4488
7030 7031
2345 2346
2716 2717
8046 8048
1699 1700
5162 5163
1685 1686
6115 6116
5321 5322
6502 6504
8541 8542
7804 7805
5573 5574
734 736
1452 1453
7811 7813
2229 2230
2224 2225
2159 2160
9983 9984
1665 1666
3845 3846
3950 3951
6826 6827
8591 8592
6899 6901
3213 3214
2371 2372
1986 1987
4664 4667
5190 5191
5584 5585
1906 1907
5418 5419
1622 1623
7719 7720
9666 9667
6218 6219
1991 1992
974 980
9566 9567
7103 7104
3279 3280
498 499
4867 4868
1347 1349
6103 6104
7431 7433
20 21
6025 6027
1534 1535
5821 5822
1833 1834
6235 6236
287 288
8393 8394
4827 4828
3348 3349
6624 6625
2698 2701
1918 1919
2800 2801
7244 7245
6431 6433
9086 9087
9695 9696
1508 1509
1753 1754
1597 1598
3198 3202
1121 1122
2819 2820
8907 8908
9073 9075
5022 5023
561 562
1991 1992
2052 2053
5251 5252
1523 1525
8965 8966
4958 4960
6980 6981
5061 5062
8465 8466
7523 7524
2300 2301
5828 5829
9235 9236
7957 7960
4612 4613
3682 3683
3876 3877
6157 6158
5289 5290
3292 3294
5199 5200
1776 1777
2461 2462
842 843
9131 9132
7662 7664
8700 8701
1638 1639
1080 1081
4620 4621
2545 2546
929 930
168 169
4142 4144
8762 8763
834 835
1633 1634
2270 2271
3082 3083
0 1
4560 4561
1364 1365
6141 6142
6099 6100
6336 6337
7665 7667
6833 6834
9031 9033
8827 8828
7254 7255
1028 1029
319 320
5984 5985
7110 7111
168 169
4417 4418
9397 9398
8125 8126
7406 7407
1410 1411
8463 8464
2051 2053
4690 4691
4969 4972
5344 5345
8599 8600
4643 4644
155 156
2464 2465
4537 4538
5558 5559
7206 7207
6911 6912
9414 9415
9947 9948
1293 1294
9129 9130
6587 6588
4080 4081
85 86
8764 8765
7234 7235
7076 7077
4016 4018
118 119
3385 3387
4847 4848
648 649
547 548
5555 5556
832 833
6781 6782
837 838
7429 7431
5896 5897
5859 5860
8324 8325
7799 7800
5653 5654
7701 7702
8841 8842
4404 4405
5729 5730
9217 9220
565 566
3650 3651
5532 5533
3083 3084
9719 9720
8297 8299
4439 4440
778 779
2238 2239
5241 5246
803 804
6006 6007
2620 2621
2670 2671
7849 7850
9205 9206
4524 4525
5078 5079
1787 1788
1986 1988
2629 2630
139 141
7898 7899
9973 9974
2638 2639
3815 3816
1002 1003
4041 4042
4485 4486
5065 5068
2211 2212
68 70
8827 8828
9583 9584
3930 3931
6567 6569
2082 2083
7982 7983
8831 8832
8237 8239
3290 3291
1812 1813
3256 3257
5802 5803
1448 1449
6513 6515
6126 6127
8497 8498
7064 7065
3215 3220
2293 2294
1910 1912
8437 8438
8418 8419
6338 6339
2424 2425
70 71
1183 1184
6345 6346
9328 9329
6059 6060
7483 7485
9221 9222
2537 2538
1560 1561
1349 1350
923 924
883 884
5905 5906
5849 5852
9313 9314
2786 2787
6984 6985
4410 4412
234 235
2500 2501
1970 1971
839 841
1157 1158
5668 5671
3856 3857
4485 4487
3592 3593
1022 1023
4733 4734
2735 2736
1383 1384
9827 9828
4499 4500
3061 3062
2090 2091
7137 7140
2100 2101
1481 1483
6573 6574
907 909
6885 6886
7245 7246
3209 3210
5842 5846
9981 9982
939 940
9699 9700
101 102
9407 9408
198 200
1219 1220
3084 3085
1427 1428
9355 9356
5560 5561
2133 2134
5452 5453
4800 4801
603 604
1688 1689
5398 5399
6875 6877
1569 1570
304 307
6990 6991
7843 7844
9557 9558
7857 7858
1319 1320
1875 1876
4149 4150
8191 8193
3946 3947
800 803
9467 9468
6346 6347
509 510
80 81
479 480
7981 7983
3207 3208
7719 7720
2138 2139
2428 2430
1699 1700
770 771
2014 2015
2510 2511
2355 2356
4232 4233
5765 5766
8618 8619
1720 1721
6237 6238
8264 8265
709 712
703 704
2544 2545
2050 2051
2542 2544
4301 4302
2344 2345
7427 7428
6141 6142
2910 2911
9696 9697
4824 4825
9683 9684
1098 1099
641 643
1131 1132
9570 9571
3754 3755
3543 3548
903 904
9445 9446
7609 7610
5415 5417
6032 6033
2917 2918
1630 1631
5318 5319
2432 2433
4418 4424
4090 4091
8461 8462
132 133
6635 6637
1517 1518
6645 6646
9321 9322
1818 1820
1805 1806
4333 4334
4721 4722
5247 5249
4970 4971
5788 5789
6394 6395
1008 1009
7227 7228
8835 8836
577 578
5675 5680
205 206
52 54
4642 4643
9254 9255
318 319
1390 1392
8724 8725
979 980
1365 1366
4759 4765
3171 3172
4023 4025
5844 5845
7267 7268
2509 2510
2410 2411
1872 1873
6552 6553
5874 5875
6978 6980
3697 3698
5370 5371
9941 9942
267 268
2341 2342
617 618
4968 4969
5065 5066
7321 7322
8658 8662
6727 6728
6914 6915
8283 8284
2137 2139
6932 6933
6549 6550
1162 1163
2882 2883
4035 4036
8596 8599
5135 5136
8930 8932
2534 2535
7520 7521
7728 7729
9688 9689
9724 9725
6636 6638
5233 5234
5603 5604
7125 7126
6122 6123
2782 2783
760 761
7065 7066
1930 1931
8264 8265
5423 5424
3322 3323
4486 4490
8908 8909
4638 4639
8631 8632
1565 1566
6426 6427
4362 4363
563 564
8378 8380
4419 4420
1851 1852
8741 8742
5315 5316
3076 3077
1168 1169
1521 1522
104 107
9587 9588
531 532
7239 7240
8339 8343
552 553
6830 6831
474 475
783 785
3742 3743
9118 9119
2900 2901
9702 9704
4234 4235
5608 5610
680 681
9790 9792
6923 6924
7399 7400
8168 8169
485 486
9634 9635
5455 5456
7544 7545
2444 2445
708 709
800 801
5219 5220
518 519
6349 6350
8949 8951
7580 7581
9299 9300
1448 1449
684 685
6119 6120
9132 9133
3340 3341
1888 1889
9770 9771
9297 9298
1433 1434
5140 5141
2622 2623
4549 4554
5540 5541
729 731
8250 8251
1082 1083
9247 9248
8101 8103
50 51
7730 7731
8396 8397
8310 8314
6331 6332
8805 8806
8051 8052
1082 1083
3139 3140
6767 6768
4370 4371
6676 6677
143 144
565 569
7973 7974
7118 7120
1957 1958
8286 8287
7366 7367
435 437
843 844
672 673
9814 9815
1300 1302
1471 1472
8937 8938
1261 1262
2809 2810
920 921
3586 3587
7327 7328
8441 8442
9053 9054
3323 3325
2528 2529
5491 5492
4597 4598
7099 7100
1881 1882
1823 1824
3310 3311
3671 3674
7578 7579
3993 3994
5090 5091
1655 1657
1234 1235
6266 6268
4247 4248
2113 2114
7422 7423
745 746
5974 5975
3490 3492
3022 3023
3377 3378
7519 7520
4083 4084
5966 5967
805 806
2794 2795
7646 7647
8324 8325
3443 3446
1089 1090
7098 7099
1797 1798
2066 2067
6460 6461
391 392
573 574
5465 5466
6605 6606
6808 6810
7438 7439
6397 6399
7518 7519
8262 8263
7944 7945
1726 1727
7015 7016
2901 2906
9323 9324
3569 3572
1124 1125
4218 4219
5369 5370
472 473
1670 1671
7161 7162
8015 8016
7825 7826
2729 2730
1494 1496
4037 4038
4195 4196
3830 3831
6549 6550
5300 5301
1701 1702
794 795
8561 8562
3303 3304
4993 4995
3959 3960
4948 4949
9206 9207
4613 4614
8969 8970
5639 5640
9455 9456
6561 6562
2651 2652
4410 4412
2677 2678
6576 6577
2539 2540
7222 7223
7502 7503
2224 2225
3196 3197
6849 6850
4023 4024
3914 3917
7723 7724
5714 5715
5371 5372
6808 6809
1620 1621
8981 8982
3156 3157
3298 3299
149 150
2148 2150
497 498
9466 9467
7443 7444
9448 9449
6392 6393
3532 3534
204 205
9695 9696
7294 7295
5450 5451
9149 9150
1951 1952
2581 2582
1598 1599
1845 1846
3675 3676
245 246
1584 1585
1433 1434
6100 6103
4399 4400
1567 1568
2297 2298
6009 6010
8941 8942
6231 6232
6099 6100
4898 4900
974 975
4387 4388
759 760
1268 1271
6145 6146
5729 5730
3659 3660
9324 9327
767 768
4966 4967
3968 3969
5928 5930
2094 2095
849 850
1796 1797
9542 9543
7923 7924
7398 7400
5417 5418
5411 5412
7368 7369
2049 2051
5781 5782
3833 3834
574 575
4688 4689
1884 1885
7668 7669
468 469
2425 2427
6204 6205
1847 1849
921 922
4960 4961
1911 1912
3924 3926
9951 9952
6700 6701
342 343
630 632
3425 3426
432 435
9451 9452
7721 7723
198 199
8527 8528
1480 1481
4405 4406
1382 1383
2425 2426
1614 1615
6614 6617
6204 6205
3192 3194
4009 4010
4938 4939
5005 5006
6866 6867
6666 6667
2177 2180
3080 3081
6964 6965
7541 7542
5026 5027
7886 7887
1935 1936
2733 2734
3255 3258
724 725
3078 3080
5292 5293
8159 8164
951 952
5596 5597
9527 9528
808 810
4287 4288
2027 2028
1920 1921
805 806
1127 1128
4837 4838
9710 9711
6583 6584
9803 9804
5137 5138
9483 9484
1341 1342
5635 5636
8623 8625
3277 3278
2278 2279
80 81
6435 6437
4711 4712
2233 2236
8853 8854
1930 1931
5408 5409
4730 4731
7448 7449
1634 1636
9141 9142
2670 2671
5416 5417
3063 3064
1818 1819
8815 8816
9984 9985
6511 6513
7974 7975
1741 1746
1885 1886
1408 1410
960 961
9748 9749
3085 3086
5778 5780
101 102
8171 8172
2505 2506
7401 7402
4796 4797
4172 4173
1109 1110
731 732
8987 8988
1670 1671
3525 3526
184 185
5802 5803
1733 1737
3746 3747
9688 9689
5352 5353
9197 9198
989 990
7896 7898
398 399
4951 4953
2018 2019
9374 9376
6257 6258
1719 1720
3873 3874
6915 6917
3068 3069
2883 2886
5610 5611
1859 1860
2125 2126
7596 7597
2839 2840
7583 7584
3518 3519
9159 9160
1518 1519
3063 3065
6167 6168
8603 8604
8166 8167
9942 9945
6226 6227
7193 7194
7882 7883
7876 7877
5760 5761
8738 8741
4557 4558
3780 3781
8554 8555
3078 3080
8061 8062
6868 6869
4521 4522
5673 5674
1098 1099
4757 4759
1258 1259
3419 3420
4345 4346
7901 7902
189 190
2218 2220
5956 5957
3239 3240
3725 3726
8125 8126
8532 8533
7178 7179
421 422
8716 8719
1762 1763
287 288
8208 8209
4738 4739
5530 5531
4605 4606
9490 9491
3799 3800
9569 9570
2413 2416
3253 3254
9413 9414
7656 7657
5785 5786
583 584
8348 8349
8593 8594
799 800
3362 3363
5606 5608
3666 3667
1735 1736
6219 6220
1671 1672
6664 6665
2599 2600
608 609
9847 9848
4014 4015
2914 2917
3212 3213
7507 7509
2622 2623
8327 8329
2492 2493
320 321
6999 7000
9899 9901
1271 1272
8386 8387
2192 2193
8552 8553
6217 6218
2524 2525
4988 4989
693 694
5089 5090
7688 7689
2414 2415
2298 2301
268 269
4346 4348
5358 5359
1737 1738
7745 7746
1569 1571
797 798
825 826
9647 9648
8221 8222
7237 7238
643 644
9907 9908
3670 3672
4549 4550
2546 2547
9039 9040
2252 2253
12 13
6022 6024
1431 1432
2476 2477
691 692
528 530
2845 2846
6099 6100
4416 4417
7774 7775
7056 7057
8680 8684
6872 6873
1742 1745
1008 1009
6896 6897
309 310
5132 5133
2358 2359
1788 1789
744 745
4 6
8930 8931
6727 6728
7649 7650
8519 8520
4868 4869
174 175
7901 7902
8361 8363
4255 4256
3970 3973
6927 6928
1313 1314
362 363
4780 4781
8818 8819
9728 9729
3289 3290
1713 1714
4941 4942
8223 8224
2796 2797
6731 6733
2840 2841
231 232
2135 2136
5632 5633
9582 9583
1382 1383
3250 3251
2646 2649
8852 8853
7457 7458
9601 9602
2268 2269
1033 1034
773 774
1894 1895
419 420
8526 8527
884 886
6533 6534
6782 6783
7512 7513
7436 7437
6825 6826
1054 1056
5812 5813
24 25
5845 5846
3297 3299
202 203
3775 3777
9758 9759
4305 4307
6677 6678
1360 1362
1111 1112
5281 5282
1650 1651
1574 1579
1980 1981
4253 4254
2327 2328
6359 6360
3716 3717
5797 5798
6118 6119
7718 7719
3777 3778
381 382
6065 6066
2152 2153
713 714
4371 4372
6176 6177
6586 6587
6874 6875
242 243
241 242
509 510
9097 9098
2662 2663
1248 1249
2242 2243
7148 7149
2595 2597
8536 8537
5620 5621
4617 4618
1229 1230
9624 9625
1781 1782
4638 4639
2706 2707
5561 5562
2350 2351
2547 2548
4458 4459
9039 9040
1905 1909
9981 9982
6468 6469
8414 8415
5601 5602
5316 5317
8294 8295
1967 1968
7045 7046
2167 2168
39 40
6163 6164
600 601
9774 9775
8444 8445
999 1000
7525 7526
8080 8081
3217 3218
6824 6825
449 450
4086 4087
5674 5675
1257 1258
4185 4186
1215 1216
58 59
2275 2276
5230 5231
6582 6583
2211 2213
5037 5038
270 271
8962 8963
6591 6592
28 29
2664 2666
3612 3613
9696 9697
6876 6877
2106 2109
9958 9959
5171 5172
4191 4192
3248 3249
2122 2123
2698 2699
2550 2551
5758 5759
5728 5729
3147 3150
3742 3743
7438 7439
1860 1861
1474 1476
4477 4478
1493 1494
695 696
5404 5405
7213 7214
33 35
5525 5526
904 905
2295 2296
9221 9222
5848 5849
168 171
8084 8085
620 621
8091 8092
4841 4845
9232 9233
1119 1120
337 338
3566 3567
432 433
7263 7265
8534 8535
9831 9832
3637 3638
4694 4695
6102 6103
7011 7012
2514 2515
642 643
2269 2270
3834 3835
3547 3548
9730 9731
1503 1504
1053 1058
606 607
411 412
8297 8298
4737 4738
8102 8103
4015 4016
3063 3064
8117 8118
6317 6318
2001 2004
2151 2152
643 644
7538 7539
6782 6783
3454 3455
1887 1888
2012 2013
3912 3913
8922 8923
3841 3844
2174 2175
7091 7092
808 809
3718 3719
1851 1852
8277 8278
1623 1624
5852 5853
1211 1212
8232 8234
6589 6590
8001 8003
2015 2016
2487 2488
4728 4729
3029 3031
9921 9922
5987 5988
5863 5864
7329 7331
9488 9489
3477 3478
6714 6715
846 847
475 476
5083 5085
7831 7832
3839 3840
2619 2620
4173 4176
9647 9648
9362 9363
2406 2407
4560 4561
8752 8753
905 906
2561 2562
2720 2721
4380 4381
7441 7442
6550 6551
1339 1340
1738 1739
7124 7125
951 952
1005 1006
4940 4941
2989 2991
2625 2626
1482 1484
5104 5105
653 655
3380 3381
1430 1431
3611 3612
2606 2607
3058 3059
9789 9792
2051 2052
6327 6331
1430 1431
7622 7623
747 748
3408 3410
4296 4297
3714 3715
7205 7206
4949 4950
5406 5407
8812 8815
2515 2516
1935 1936
1588 1589
7785 7786
8334 8335
6913 6914
9023 9024
1476 1477
9963 9964
4177 4178
5726 5727
2922 2923
1707 1708
3529 3530
9266 9267
3627 3628
9425 9426
9900 9901
3248 3249
7975 7976
7530 7531
7757 7758
1413 1414
9097 9099
7016 7017
8092 8093
6905 6906
7251 7252
1807 1808
3734 3739
7703 7704
5547 5548
4452 4453
2255 2256
4684 4685
8535 8537
594 595
146 147
7790 7791
8041 8047
47 48
8505 8506
607 608
3278 3280
4958 4959
6281 6282
7746 7747
299 300
4422 4423
4594 4596
6413 6414
2809 2811
4052 4053
8041 8042
3791 3792
7576 7577
6924 6925
657 658
6708 6709
3954 3959
9958 9959
6632 6633
2263 2264
1627 1629
7831 7832
6441 6442
2679 2680
637 638
1100 1101
6639 6641
909 910
1750 1751
4654 4655
8540 8541
1597 1598
8827 8828
6979 6980
9046 9047
2139 2140
5840 5842
8081 8082
898 899
9792 9793
5221 5222
8697 8698
295 298
813 814
6206 6207
929 930
693 695
351 352
4816 4817
194 195
6238 6239
3988 3989
2677 2679
3971 3972
421 422
5980 5981
1683 1686
6966 6967
1099 1100
4756 4757
609 610
2466 2467
3668 3669
9359 9360
6395 6396
7184 7185
7934 7938
5094 5095
4332 4333
1866 1867
6458 6459
5266 5267
9463 9464
6913 6914
7432 7434
1286 1287
3361 3363
3166 3167
8449 8450
9122 9123
5260 5261
3883 3884
2173 2174
4966 4967
5706 5707
8946 8947
2474 2475
708 709
5346 5347
3670 3671
820 821
2266 2267
5073 5076
1378 1379
3927 3928
3038 3039
8890 8894
3359 3360
7769 7771
1978 1979
4030 4031
921 922
193 195
4890 4891
3093 3094
1444 1445
2809 2813
9507 9508
6040 6041
2523 2524
8222 8223
647 648
150 151
5225 5226
7262 7265
9382 9383
2971 2973
9740 9741
6001 6002
4855 4856
305 306
9526 9527
6287 6288
1863 1864
6979 6980
2966 2967
4482 4485
5345 5346
4209 4210
8886 8887
4906 4907
4720 4721
5643 5647
9606 9607
4442 4443
5361 5362
6983 6984
8938 8939
6817 6818
795 796
3709 3710
8799 8800
500 502
3795 3796
8744 8746
1252 1253
1369 1371
4140 4141
8103 8104
855 856
6755 6756
1052 1053
6856 6857
8445 8446
2262 2263
2997 2998
659 663
789 790
67 69
4705 4706
9127 9128
4447 4448
4427 4428
3503 3504
1276 1277
4265 4266
6675 6677
5246 5247
9781 9782
7803 7804
5815 5816
4263 4264
2760 2761
9316 9317
2581 2582
3777 3778
2533 2534
1828 1829
4784 4785
2703 2704
4444 4446
476 477
8374 8375
2108 2109
7535 7536
4402 4403
3936 3938
4441 4442
1786 1787
393 394
3320 3321
1414 1415
944 945
1857 1858
2912 2913
2304 2305
5498 5500
7691 7692
6706 6707
8826 8827
6216 6217
7583 7584
2134 2136
4511 4512
976 977
2305 2306
9671 9675
3206 3207
9098 9099
2418 2419
7619 7620
6791 6792
5024 5025
467 468
6850 6851
9934 9935
6495 6496
6975 6976
9075 9076
7694 7695
5787 5788
5465 5466
4762 4763
7639 7640
7508 7509
7460 7461
5684 5686
586 587
1495 1496
9122 9123
3935 3938
3948 3949
1559 1560
5119 5120
5138 5140
5466 5467
1374 1376
750 751
2060 2061
9341 9342
2093 2094
8548 8549
406 407
1918 1919
4268 4269
212 213
6065 6066
6619 6620
127 128
8571 8572
3114 3115
8042 8043
7750 7751
2749 2750
1728 1730
1261 1262
9977 9981
8736 8737
4025 4026
1606 1607
469 472
9783 9784
3953 3954
1405 1406
1626 1627
1153 1154
165 167
6545 6546
1127 1128
5780 5781
2433 2435
2380 2381
183 184
1347 1348
723 724
9081 9082
9067 9070
5544 5545
2250 2252
4426 4427
6440 6441
1662 1663
1291 1292
9029 9030
9698 9699
1598 1599
4981 4985
3727 3728
2825 2826
460 461
6271 6273
5180 5181
2223 2224
7347 7348
6402 6404
2165 2166
1088 1092
5423 5424
4055 4056
8187 8188
8807 8808
8809 8810
1330 1331
6091 6092
8111 8112
7544 7545
9344 9346
3075 3076
7689 7690
3205 3206
6756 6757
4724 4725
1217 1218
9856 9857
2048 2049
760 761
2280 2284
1650 1651
2088 2089
4966 4967
1067 1068
5778 5779
1173 1174
3843 3844
9048 9049
5932 5933
1576 1581
763 764
9598 9599
4335 4336
9616 9617
1857 1858
980 981
2166 2167
1661 1662
5491 5492
3935 3938
3929 3930
4087 4089
5250 5251
891 892
4693 4694
3288 3289
6288 6289
786 788
4057 4058
2559 2560
8827 8828
6910 6911
6226 6227
1290 1291
1241 1242
264 265
666 667
74 75
6692 6693
157 161
4412 4413
4892 4893
216 217
158 159
8827 8828
1160 1162
42 43
2839 2840
163 164
1456 1461
6396 6397
6250 6251
2896 2897
3196 3197
9678 9679
9108 9109
3486 3487
3437 3438
5303 5304
329 332
8001 8002
7041 7042
9845 9846
3632 3634
5094 5095
400 401
8993 8994
2054 2055
8394 8395
9208 9211
5542 5543
6124 6125
2569 2570
8581 8583
2643 2644
1827 1828
8201 8202
4502 4503
9023 9024
2038 2039
3561 3562
3834 3835
3101 3102
4205 4206
6900 6901
4732 4734
1456 1457
8636 8637
1210 1211
3918 3920
2593 2594
4477 4478
3792 3793
2910 2911
6990 6991
9408 9409
2775 2776
7889 7890
2069 2070
1394 1396
6139 6140
1835 1836
4306 4307
40 42
2173 2174
1069 1070
7573 7574
1444 1445
1827 1828
4195 4198
3336 3337
395 396
5102 5103
4316 4317
9007 9008
3022 3023
6764 6765
9948 9949
5008 5009
3772 3773
7008 7009
3790 3791
9157 9158
5047 5049
831 832
9086 9087
1696 1697
909 911
7467 7468
1818 1821
6190 6191
5468 5470
5605 5606
5511 5512
2383 2384
4653 4654
1439 1440
4826 4827
1942 1943
1929 1930
7440 7441
3527 3528
8540 8541
3886 3887
8443 8444
9047 9048
2153 2154
8470 8471
610 611
1605 1606
4709 4710
2971 2972
6471 6472
7242 7244
2332 2333
8842 8843
2420 2421
3225 3226
881 882
1721 1723
6588 6589
5351 5352
7252 7253
5858 5860
6865 6866
975 976
7430 7431
1351 1352
6102 6103
5750 5751
1788 1789
6747 6748
72 73
7290 7291
1219 1220
3717 3718
1993 1994
3760 3761
756 757
4092 4093
7693 7694
1199 1200
7032 7033
8850 8852
8873 8874
6343 6344
7933 7934
444 445
856 857
4488 4491
8025 8026
2367 2369
4000 4001
2332 2333
3022 3023
9145 9146
53 54
7709 7710
895 896
6747 6750
4508 4509
9319 9320
1634 1635
7136 7138
3123 3124
6244 6245
8982 8983
2490 2491
3375 3376
6546 6548
439 440
5048 5049
4565 4566
8962 8963
1168 1169
3719 3720
5469 5470
9982 9983
8113 8114
3287 3288
2340 2341
766 767
7633 7634
290 291
8321 8322
636 637
8677 8678
7996 7998
906 907
9465 9468
5249 5250
1620 1621
8056 8057
6133 6134
9566 9567
5955 5956
57 58
5423 5425
461 462
2503 2505
6660 6661
8916 8917
3163 3164
8738 8739
3378 3379
9397 9398
7334 7335
9588 9589
9499 9500
470 473
5199 5200
4115 4116
366 367
1465 1467
5232 5233
9874 9875
9078 9079
4337 4338
6800 6801
2849 2851
7993 7994
5958 5959
6757 6758
3671 3672
9058 9059
4682 4683
6617 6618
1065 1066
2706 2707
5822 5824
5312 5313
206 208
9602 9603
9197 9198
2136 2137
8643 8644
9116 9117
2978 2979
2306 2307
2627 2629
5115 5116
2473 2474
6160 6161
4678 4679
2336 2337
4719 4720
4608 4609
5188 5189
7782 7783
4321 4325
4616 4617
224 226
2712 2713
1186 1187
7170 7171
4766 4767
9042 9043
268 270
8458 8459
879 883
4662 4663
9946 9947
6981 6982
1753 1754
4704 4705
838 839
8597 8598
4322 4323
9595 9596
8911 8914
1115 1116
387 388
1221 1222
237 238
2604 2605
5578 5579
4640 4641
1864 1865
566 567
1694 1696
7931 7932
9365 9366
6756 6757
7184 7185
2065 2066
5108 5110
9265 9266
2000 2001
5984 5985
4389 4394
5402 5403
5413 5415
8957 8958
1807 1808
4407 4408
227 228
3686 3687
7943 7944
5035 5036
3112 3113
8231 8232
678 680
7049 7050
1206 1207
401 402
1435 1436
3546 3547
7959 7960
7576 7577
6811 6812
1708 1709
90 91
1164 1165
597 598
9725 9726
4107 4108
5883 5884
6415 6416
2377 2378
1094 1097
5380 5381
5355 5356
5168 5169
6934 6935
383 384
8611 8612
316 317
8404 8406
1948 1949
4200 4203
3041 3042
5660 5661
1273 1274
7723 7724
7189 7190
2034 2036
7223 7224
7787 7788
8178 8179
745 748
1503 1504
1137 1138
4890 4891
2463 2464
2177 2178
9801 9802
203 204
1913 1914
6830 6831
5316 5319
4099 4100
2998 2999
8103 8104
6598 6599
117 118
3790 3791
4868 4869
7374 7375
5692 5693
454 457
4106 4107
1184 1185
8848 8849
5926 5927
567 568
8235 8237
2407 2408
3977 3978
5471 5472
7211 7215
2030 2031
8921 8923
6845 6846
3458 3459
759 760
598 599
1042 1043
2808 2809
2277 2278
2066 2071
7633 7634
3506 3508
278 279
7290 7291
5311 5312
9440 9441
17 18
402 403
2869 2870
5544 5546
848 849
226 227
6760 6761
57 58
8863 8864
5646 5647
2490 2491
4668 4669
3526 3527
3388 3390
2610 2611
1651 1653
6339 6340
813 814
5162 5163
8358 8359
8220 8221
437 438
9815 9816
8875 8876
6372 6373
4876 4877
9390 9391
1429 1430
555 556
6010 6011
9077 9078
4784 4785
9275 9276
3435 3437
5976 5977
4842 4845
6048 6049
8529 8530
190 191
2633 2634
1367 1368
2637 2638
7323 7324
5445 5446
9003 9004
7996 7998
8086 8087
3734 3735
1452 1453
5275 5276
2541 2542
1925 1927
7201 7202
4855 4859
5304 5305
2378 2379
1391 1392
8433 8434
3260 3261
2725 2726
2826 2827
8125 8126
690 691
4189 4190
9707 9708
3935 3937
5847 5848
5721 5724
883 884
8614 8615
9428 9429
313 314
2048 2049
8026 8027
2640 2641
7727 7728
1709 1710
2466 2467
565 566
3965 3966
7887 7888
4473 4474
8976 8977
1754 1757
8653 8654
1953 1954
5229 5230
4509 4510
5343 5344
8600 8601
8771 8772
3612 3614
8778 8779
6763 6765
6188 6189
1568 1569
5002 5003
7960 7961
6968 6969
7373 7375
7666 7667
2360 2361
418 419
2391 2395
4001 4002
3485 3486
1619 1620
2946 2947
6613 6614
6698 6701
2389 2390
6894 6895
804 805
1119 1120
6219 6220
8628 8630
88 89
8461 8462
9295 9296
2655 2657
3643 3644
90 91
2747 2748
7965 7967
1124 1125
284 285
2525 2526
5953 5954
1792 1793
2110 2111
2197 2198
497 498
805 806
4112 4116
3856 3857
3256 3257
7730 7731
1231 1232
3034 3035
8501 8502
4171 4172
6438 6439
656 657
3266 3268
7236 7237
8469 8470
9924 9925
392 395
8972 8973
802 803
3652 3653
5471 5472
3580 3581
926 928
380 381
6708 6709
3599 3600
137 139
5867 5868
8728 8729
5812 5813
1831 1832
1684 1685
7295 7297
4658 4659
5140 5141
6887 6888
9688 9689
77 78
9559 9560
2959 2960
530 531
8630 8631
2676 2680
6140 6141
638 639
4391 4392
5862 5864
276 277
8060 8061
2094 2095
2328 2329
6437 6438
5053 5056
5385 5386
4139 4140
6927 6928
6730 6732
8196 8197
1304 1305
4368 4369
6398 6400
2975 2976
4813 4816
1183 1184
391 392
148 149
3646 3647
333 334
3559 3560
9127 9128
1773 1774
8601 8602
2210 2212
2495 2496
552 553
8835 8836
4460 4461
9652 9653
3171 3172
8595 8596
9720 9721
7273 7274
6088 6089
9467 9468
1375 1376
1163 1164
1612 1613
474 475
3649 3650
7930 7931
4628 4629
5395 5396
583 584
3833 3834
3127 3128
2045 2046
5000 5001
1985 1986
1990 1991
9772 9773
4638 4639
3771 3772
2795 2798
1696 1697
4373 4374
2061 2062
4908 4909
716 717
5300 5301
6739 6740
827 828
3497 3498
3872 3876
578 579
9289 9290
3772 3773
5693 5694
7658 7659
2999 3000
7478 7479
7366 7367
9610 9611
651 655
9995 9996
3567 3568
3577 3578
3856 3859
8454 8455
3992 3993
7602 7603
2226 2227
9994 9995
5049 5052
1374 1375
2548 2549
7883 7884
447 449
1881 1882
1975 1976
4670 4671
8847 8848
2318 2319
8101 8105
1967 1968
1597 1599
3572 3573
6067 6068
5138 5139
991 992
1789 1790
1268 1269
4460 4461
6522 6528
8300 8301
6812 6813
8434 8435
1677 1678
7575 7576
4617 4618
1890 1891
47 48
990 991
3340 3341
6705 6706
6484 6485
5643 5644
9814 9815
4564 4565
1500 1501
298 299
7682 7683
3875 3876
376 379
4923 4924
6498 6499
1051 1052
8864 8865
2677 2678
3023 3024
260 261
8764 8765
5117 5118
5469 5472
770 771
2919 2920
2855 2856
297 298
5727 5728
4665 4667
300 301
1888 1889
4969 4970
1813 1814
4398 4399
1244 1245
359 360
6850 6851
456 457
5605 5606
5810 5811
8428 8429
3913 3914
420 423
6882 6883
3032 3033
3266 3267
6387 6388
631 632
1467 1469
1501 1502
5381 5383
585 586
6703 6705
1073 1074
9653 9654
8594 8595
8227 8228
388 389
7954 7955
7802 7803
1866 1867
9168 9169
7147 7148
371 372
1137 1138
6633 6634
4312 4313
7862 7863
5320 5322
7101 7102
2555 2556
4685 4686
8086 8087
3117 3118
2741 2742
9763 9764
648 649
7932 7933
8667 8668
8953 8954
1146 1147
213 214
3596 3598
5707 5708
2075 2076
3266 3267
6730 6732
8482 8483
4508 4509
1802 1803
2494 2495
2571 2572
506 507
698 699
7955 7956
9144 9145
2444 2445
9224 9225
6779 6781
8101 8102
31 32
8740 8741
8303 8306
925 926
528 529
6559 6560
8589 8590
2270 2271
3849 3850
6912 6913
4788 4790
1563 1564
8400 8403
5541 5542
9514 9515
5505 5506
47 49
2711 2712
7375 7376
8284 8285
8106 8107
6258 6259
7399 7401
4394 4395
159 160
7123 7124
2415 2416
4096 4097
7822 7823
258 259
873 874
876 877
402 405
8706 8707
2107 2109
8795 8796
8387 8388
1143 1144
7141 7142
6139 6140
8388 8389
2839 2840
2277 2279
2372 2373
755 757
1396 1397
4682 4683
771 772
2585 2586
9529 9530
5584 5585
1447 1448
6868 6873
3939 3940
2000 2002
9615 9616
5524 5526
4242 4243
4712 4713
4707 4708
3632 3634
8848 8849
7455 7457
7971 7972
6490 6491
2209 2210
5460 5462
925 926
4727 4728
5868 5869
8964 8965
9555 9556
7905 7908
1289 1290
9207 9208
5355 5356
3396 3397
9323 9324
341 342
7049 7050
634 635
6784 6785
1428 1430
9786 9787
4611 4612
8822 8823
869 870
8258 8259
6413 6415
800 801
6804 6805
4985 4986
503 504
2362 2363
2608 2609
5922 5923
9040 9041
7401 7402
5937 5938
12 13
1347 1348
6919 6920
7095 7098
7148 7149
1160 1161
1405 1406
1425 1426
90 91
1330 1331
5281 5282
1888 1889
795 796
3642 3645
9411 9412
9984 9985
9647 9648
6655 6656
371 372
5502 5503
5100 5101
7763 7765
5717 5718
3966 3968
4539 4540
9501 9502
6423 6424
3815 3816
9409 9410
53 54
6002 6003
4431 4432
1585 1586
7091 7094
9807 9808
5945 5947
5535 5536
9265 9267
812 813
3627 3628
8984 8985
2755 2756
95 96
8885 8886
449 450
7238 7239
9755 9756
2415 2416
5741 5742
7056 7057
4609 4610
6019 6020
5827 5828
6862 6866
4248 4249
4779 4780
1343 1344
8731 8732
8751 8752
8253 8255
5096 5097
498 499
979 980
5139 5141
2306 2307
3991 3992
8301 8302
2413 2414
7781 7782
8451 8452
3469 3470
8286 8287
7277 7278
142 143
4541 4542
3355 3356
6435 6436
6658 6659
4799 4800
5962 5964
8380 8381
1374 1375
8584 8585
547 551
8113 8114
1656 1657
4593 4594
8373 8374
671 672
5031 5032
4252 4253
7253 7254
4399 4400
2623 2624
6100 6101
38 40
600 601
8368 8370
7192 7193
7546 7547
6164 6165
7303 7304
6281 6282
3952 3953
5809 5810
1933 1935
8722 8723
1482 1483
89 90
2242 2243
1704 1705
2869 2870
7940 7941
1140 1143
2065 2066
5805 5806
1612 1613
9672 9673
6826 6827
9955 9956
625 626
1210 1211
7156 7157
7392 7395
9646 9647
4868 4869
3614 3615
4413 4414
8796 8797
9726 9727
5065 5066
2085 2086
2181 2182
7829 7830
5256 5257
4188 4189
2716 2717
838 839
998 999
1915 1916
7499 7500
2222 2223
6733 6734
1474 1477
7629 7630
2143 2144
6916 6917
1028 1029
9661 9662
790 791
8424 8425
9747 9751
447 448
4351 4354
2719 2720
1081 1082
2382 2383
2489 2490
2105 2106
2406 2408
3749 3750
7390 7391
5991 5992
8168 8171
6545 6546
3317 3318
9345 9346
4167 4168
7270 7271
5538 5539
7986 7987
1925 1926
1202 1203
7184 7186
9095 9096
628 629
6255 6256
3396 3397
7720 7721
2341 2342
4813 4814
5546 5547
4278 4279
4027 4029
3903 3904
4724 4725
1686 1687
5987 5989
3365 3366
1397 1398
5868 5869
7616 7617
6218 6219
8344 8346
604 605
3163 3164
879 880
6015 6016
9372 9373
6843 6844
8807 8808
6217 6218
7326 7327
4021 4026
180 181
57 58
9869 9870
2536 2537
5458 5459
3700 3701
5622 5623
7274 7275
8835 8836
6830 6833
3914 3915
7958 7959
5899 5900
2429 2431
8592 8593
3921 3922
5340 5341
7089 7090
5536 5537
8044 8046
1493 1494
2146 2147
5021 5022
5829 5831
7094 7095
2218 2219
802 803
2943 2944
9496 9497
9031 9034
3217 3218
2085 2086
5403 5404
1672 1673
4776 4777
2685 2686
9711 9712
5066 5067
7254 7255
1354 1355
9942 9943
2643 2644
1500 1501
6150 6151
5866 5867
5209 5210
4534 4535
6398 6399
7500 7501
182 184
1916 1917
6685 6687
7693 7694
3253 3254
1924 1925
4623 4625
5248 5249
6111 6112
9275 9276
2043 2044
7103 7104
1623 1624
8116 8117
9723 9724
4285 4286
5203 5204
9712 9713
7117 7118
9084 9085
5470 5472
5807 5808
5967 5969
1104 1105
584 585
1381 1382
2065 2067
4372 4373
630 631
560 561
9087 9090
2715 2716
1947 1950
5993 5994
2621 2622
6842 6843
1466 1468
2249 2250
2158 2159
148 149
9770 9773
5070 5071
1496 1497
6693 6694
8703 8704
9967 9968
4683 4684
3460 3461
1714 1715
2444 2445
2415 2416
3714 3715
9924 9925
9961 9962
7727 7729
6200 6201
1667 1668
9772 9773
5249 5251
4817 4818
2219 2221
9813 9814
7360 7362
1379 1380
469 470
5086 5087
5475 5476
2724 2725
4246 4247
5187 5188
3518 3520
282 283
2071 2072
340 341
7501 7502
7235 7236
2625 2626
3273 3274
9947 9948
6006 6007
7389 7391
917 918
1243 1245
9338 9339
2184 2185
4957 4958
4641 4643
1094 1095
9260 9261
7531 7532
253 254
665 666
2237 2238
5390 5391
7971 7972
2027 2028
4499 4501
9460 9461
8184 8185
7491 7492
6103 6108
6491 6492
7940 7941
8890 8891
8106 8107
7413 7414
8498 8499
2223 2224
2790 2792
3562 3563
7125 7127
4221 4222
7995 7996
4946 4947
9580 9582
1754 1755
9201 9202
1523 1524
4413 4415
8098 8099
3546 3547
5687 5688
481 483
8212 8213
8918 8919
2482 2483
5684 5685
714 715
2356 2357
4019 4020
1461 1463
6127 6128
4730 4731
7401 7402
8826 8827
2892 2893
9768 9770
6024 6025
4546 4548
755 756
111 115
4619 4620
288 289
2384 2385
4421 4422
1756 1757
5635 5636
668 669
2199 2200
1410 1411
7219 7223
1508 1509
8135 8136
9915 9916
1566 1569
9354 9355
302 303
6234 6235
1117 1119
4410 4411
263 264
1074 1075
2094 2096
1984 1985
4881 4882
2948 2949
2040 2041
8424 8425
1301 1302
7781 7782
702 703
293 294
5896 5897
4020 4021
4901 4902
8455 8456
981 983
5978 5979
2014 2015
2007 2008
6673 6674
5699 5700
9066 9067
2068 2069
8985 8986
524 525
765 767
1587 1588
7629 7630
1118 1119
111 112
7602 7603
2322 2323
2042 2043
187 188
2942 2943
4497 4498
9188 9189
372 373
838 839
7613 7616
8933 8934
5348 5349
2831 2832
8550 8552
7596 7597
1659 1660
9609 9610
6029 6030
4117 4118
6326 6328
3906 3907
1321 1322
8189 8190
1225 1226
9738 9739
4409 4410
2469 2470
5881 5882
5239 5240
8107 8110
2629 2630
9913 9914
154 155
6685 6686
4050 4051
6393 6394
5249 5250
5794 5795
3202 3203
8018 8024
1934 1935
8727 8728
8672 8673
5707 5708
1496 1497
7943 7945
4972 4973
2652 2654
5008 5009
5819 5820
5621 5622
9484 9486
727 728
3574 3576
3705 3706
4644 4645
8158 8159
3377 3379
3644 3645
2491 2493
7934 7935
8752 8753
8983 8984
228 231
4986 4987
463 464
3331 3332
1901 1902
753 754
6961 6965
326 327
1596 1597
2728 2729
4251 4252
8061 8062
4010 4011
9480 9481
7153 7154
4027 4028
6892 6894
7491 7492
7252 7253
1809 1810
5726 5727
6269 6270
5134 5135
863 864
6130 6131
5721 5722
1670 1672
1049 1050
5017 5018
5665 5666
7011 7012
7725 7726
4908 4909
3162 3163
2050 2051
3524 3525
1215 1217
8599 8600
7670 7671
2455 2456
4711 4712
6221 6222
1680 1681
37 38
8569 8570
2807 2808
3535 3536
3666 3667
3092 3094
1882 1883
4051 4053
3106 3107
2594 2596
3324 3325
6444 6445
2070 2071
3261 3263
33 34
2956 2957
9093 9094
2891 2892
22 23
4605 4606
1887 1888
4757 4758
498 499
6031 6035
8446 8447
4920 4921
6297 6298
9129 9130
6974 6975
5089 5090
1859 1860
864 865
479 480
5472 5473
5869 5870
408 409
3817 3818
9663 9664
2222 2223
7818 7819
1183 1184
8177 8178
5820 5821
6681 6685
2454 2455
9464 9465
6847 6848
8803 8804
6824 6825
1626 1627
2663 2664
1991 1992
8292 8293
7492 7495
954 955
1030 1032
8249 8250
1375 1376
1425 1426
8493 8494
2291 2292
162 163
2771 2772
9537 9538
7140 7141
6888 6889
354 355
5363 5364
967 968
3636 3637
3461 3462
2519 2520
8513 8514
1106 1108
3285 3286
3750 3751
3704 3705
640 641
4972 4973
355 357
3465 3466
45 46
5306 5307
1126 1127
7557 7558
3298 3300
1546 1547
1880 1881
8796 8797
9484 9485
2693 2694
7196 7199
605 606
7060 7062
6838 6839
560 563
5179 5180
8296 8297
782 783
4729 4730
1556 1557
42 43
840 841
5536 5537
3279 3280
6094 6095
2543 2544
4306 4307
8532 8533
2379 2380
8590 8591
6635 6636
2881 2882
7516 7519
3577 3578
7173 7174
3017 3018
978 979
203 204
4681 4682
7823 7824
4233 4235
575 576
2635 2637
5140 5141
1531 1532
8386 8387
6362 6364
4397 4398
2953 2954
2809 2810
8035 8036
4121 4122
2546 2550
7743 7744
5535 5538
8306 8307
8396 8397
8786 8787
2035 2036
673 674
4434 4435
9407 9408
1804 1806
807 808
3952 3953
7626 7627
2331 2332
4569 4570
1808 1809
8531 8532
1731 1732
7707 7708
1146 1147
6678 6679
942 943
145 146
7330 7331
961 962
47 48
4770 4771
7426 7427
9387 9388
4616 4619
2686 2687
1705 1706
9539 9540
7365 7366
5521 5522
1044 1045
4502 4503
1063 1066
2120 2121
722 725
38 39
5131 5132
388 389
5344 5345
439 440
7535 7536
5901 5902
3988 3989
2891 2892
2142 2145
8232 8233
1834 1835
5441 5442
9765 9766
5356 5357
6835 6837
1786 1787
1528 1529
2609 2610
4363 4365
6300 6301
7005 7006
9530 9531
6132 6134
810 811
2705 2706
9797 9798
5918 5919
3316 3317
6996 6998
5889 5890
4833 4834
618 619
2703 2704
7711 7712
5460 5461
6135 6136
9690 9691
3420 3421
2646 2647
8860 8861
8445 8446
6590 6591
145 146
1370 1371
1013 1014
9836 9837
2110 2111
68 69
6906 6912
2707 2708
6958 6960
7701 7702
6479 6480
3494 3495
254 255
8126 8127
1113 1114
646 647
5445 5447
8914 8915
2515 2516
8787 8788
90 92
2197 2198
9569 9570
2433 2434
4148 4149
6130 6131
7204 7206
2862 2863
9836 9837
8460 8461
7230 7231
4611 4612
4309 4310
4568 4569
7030 7032
8138 8139
4932 4933
7001 7002
9102 9103
6191 6192
3406 3407
7804 7805
8579 8580
1673 1674
8210 8211
8965 8966
37 40
2219 2220
9818 9819
5049 5050
712 713
8646 8647
6718 6719
5038 5039
9289 9290
2690 2691
9033 9035
4672 4673
9989 9990
5453 5454
4544 4545
165 166
8503 8504
8770 8771
7569 7570
739 740
9974 9978
5837 5838
1224 1225
7456 7457
3388 3389
4366 4367
6296 6297
3658 3659
7586 7587
9420 9421
3832 3833
25 26
9278 9280
3309 3310
8091 8093
3842 3843
1721 1722
8787 8788
9109 9110
1389 1390
4386 4390
5721 5722
6588 6590
4377 4378
3924 3925
3438 3439
9914 9915
1662 1663
1855 1856
177 178
3706 3708
8419 8420
9643 9645
2302 2303
6614 6616
5521 5522
5692 5693
407 408
3218 3219
5144 5145
3749 3751
1415 1416
7879 7880
5521 5522
5448 5449
5651 5652
7087 7088
7475 7476
8879 8880
1858 1859
8586 8590
9946 9947
4187 4188
3407 3408
8288 8289
7925 7926
6395 6396
2860 2861
4320 4321
5390 5391
4771 4776
5656 5657
5354 5355
672 673
8446 8447
5156 5157
881 883
4500 4501
4293 4295
3203 3204
2309 2310
508 509
1585 1586
2289 2290
5272 5274
580 581
4127 4128
4550 4551
6941 6942
6502 6503
9793 9796
5994 5995
6158 6160
8621 8622
3156 3157
7803 7804
4466 4467
828 829
6288 6289
8012 8013
4766 4768
1935 1936
7074 7077
2833 2834
2920 2921
2 3
9202 9203
3048 3049
3506 3507
6913 6914
5363 5365
5210 5211
7784 7785
8064 8065
1589 1592
8771 8772
3392 3393
4012 4013
4938 4939
3789 3790
1101 1102
8769 8770
809 810
7588 7589
9774 9775
1774 1775
867 868
2838 2839
456 457
4198 4199
1237 1241
9753 9754
712 714
3864 3865
3720 3721
7809 7810
125 126
7905 7906
9007 9008
8418 8419
901 903
1728 1729
1878 1879
1827 1828
4403 4405
8955 8956
5739 5740
7540 7541
1019 1020
7680 7681
5393 5394
6257 6258
792 793
7726 7727
4237 4238
2359 2360
1539 1540
2981 2982
7552 7553
5383 5384
442 443
1979 1980
4807 4808
8889 8890
5780 5781
1265 1266
4783 4784
5794 5795
8463 8464
7013 7014
929 932
1961 1962
6397 6398
4361 4362
7485 7486
3095 3096
3011 3014
7156 7157
7544 7545
4605 4606
6624 6627
6056 6057
894 896
2250 2251
6085 6086
2420 2421
9431 9432
1516 1517
8786 8787
5034 5035
7491 7494
8647 8648
3617 3618
947 948
4889 4890
1092 1093
3298 3300
6834 6835
8223 8224
2172 2173
1048 1049
23 24
2293 2295
8166 8167
261 262
4981 4982
941 942
6461 6462
9443 9444
2245 2246
3696 3701
4229 4230
8373 8374
3900 3901
3650 3651
6703 6704
4830 4832
4731 4732
8941 8942
4523 4524
1942 1944
2710 2711
8388 8390
6013 6014
788 789
3479 3480
8073 8074
9220 9221
737 738
3555 3556
8818 8821
1431 1432
6000 6001
7997 7998
6412 6414
7008 7009
6917 6918
202 203
6128 6129
1245 1246
5643 5646
6629 6630
701 704
8933 8934
8596 8597
6884 6885
2076 2077
4729 4730
5413 5414
6603 6604
9591 9592
7403 7404
4964 4965
1695 1696
298 299
1042 1043
540 541
9245 9246
2464 2465
8222 8223
824 828
860 861
1989 1990
3770 3771
4749 4750
9297 9298
8091 8092
5024 5025
3252 3253
321 322
3741 3743
9713 9714
6835 6836
8316 8317
5489 5490
7796 7797
6548 6549
2664 2665
5858 5859
543 544
5081 5084
5580 5581
1407 1408
4436 4437
7670 7671
9662 9663
2863 2864
9166 9167
6463 6464
9055 9056
6598 6601
5772 5773
9331 9332
1861 1862
8300 8301
8493 8494
2041 2042
649 650
3644 3645
4237 4238
3083 3085
7619 7620
667 668
463 464
8818 8820
2610 2611
2042 2043
2619 2620
8413 8414
880 881
8108 8110
1306 1307
8847 8848
4806 4807
1452 1453
3696 3697
9571 9572
3500 3501
6377 6378
456 457
6537 6539
1011 1012
1587 1588
6102 6103
84 85
4423 4424
7883 7884
2313 2314
5938 5942
6079 6080
2582 2583
6000 6001
1616 1617
6358 6359
7844 7846
7807 7808
7909 7910
415 416
4765 4766
4530 4531
73 75
9317 9318
7058 7059
3281 3282
2272 2273
257 258
2757 2758
8740 8741
7107 7108
9311 9312
6257 6260
2393 2394
971 972
1587 1588
1743 1744
4468 4469
3802 3804
88 89
4300 4302
6582 6583
2252 2253
7977 7978
1457 1458
4385 4386
9293 9294
1716 1717
9628 9629
2394 2395
9291 9292
3771 3772
5107 5110
2912 2913
4332 4333
509 510
3292 3293
5677 5678
4227 4228
5205 5206
7091 7092
9691 9692
9183 9185
6881 6882
270 271
2632 2633
1604 1605
7318 7319
114 115
1613 1614
5376 5378
6849 6850
5153 5155
2827 2828
2915 2916
4337 4338
2788 2789
7255 7256
5177 5178
851 852
9968 9969
584 585
377 378
9246 9247
6020 6021
5406 5407
8162 8163
1745 1746
9745 9746
2341 2342
2432 2433
4058 4059
494 495
2154 2155
6094 6095
3513 3514
8538 8539
2398 2399
2505 2506
339 340
1254 1256
2073 2074
3853 3857
219 220
1479 1480
7217 7218
3145 3146
446 447
600 601
3498 3499
797 798
141 142
7925 7928
7840 7841
199 200
9009 9010
3656 3657
3443 3444
992 993
5690 5691
4474 4475
3458 3459
4083 4086
1288 1289
4975 4977
8300 8301
5064 5065
4654 4655
9067 9068
6930 6931
3826 3828
2852 2853
5675 5676
4177 4178
736 738
6620 6621
3893 3894
5023 5024
5940 5941
9959 9960
2118 2119
3028 3029
7377 7379
7945 7946
453 454
7035 7036
5566 5568
826 827
5670 5671
6712 6713
880 881
2526 2527
8961 8963
460 461
7977 7979
4200 4201
1274 1275
5783 5784
5781 5782
506 507
4987 4988
9501 9502
4569 4571
8192 8193
3718 3721
1741 1742
1705 1706
1694 1695
8130 8131
7230 7231
7614 7615
6598 6599
7140 7142
9546 9547
4762 4763
767 768
6854 6855
8448 8449
3830 3832
2530 2531
1224 1227
8692 8693
1118 1123
8887 8888
5960 5961
1114 1115
6245 6246
8464 8465
1643 1644
8819 8820
9327 9329
4948 4949
4546 4548
1863 1864
5970 5971
1455 1456
3360 3361
7908 7909
4898 4899
3063 3064
587 589
3925 3926
558 561
6914 6915
3132 3134
9479 9480
806 808
5399 5400
8785 8786
7000 7001
5651 5652
7554 7555
981 983
3888 3889
1911 1913
7852 7853
1662 1664
7829 7830
3243 3244
4282 4283
7065 7066
9881 9882
6476 6479
9380 9381
5570 5571
7639 7640
5352 5353
1641 1642
9644 9645
5775 5776
7072 7073
2033 2034
1694 1695
8141 8142
7709 7710
8595 8596
1826 1827
1345 1346
9204 9205
6777 6778
5789 5790
2250 2251
7786 7791
2160 2161
1571 1572
5060 5061
2104 2105
1716 1717
4597 4598
3188 3189
7716 7717
5756 5757
28 32
6929 6930
4930 4931
3346 3347
3787 3788
5094 5095
6114 6115
2278 2279
3568 3569
533 534
220 221
1891 1892
5323 5324
9246 9247
9778 9779
1089 1090
3698 3701
3616 3617
8900 8901
7357 7358
2532 2533
6703 6704
1962 1963
982 983
5596 5597
8759 8760
8541 8542
4761 4762
8425 8426
7184 7185
3419 3422
8752 8753
4525 4527
18 19
2093 2094
8374 8375
5569 5570
9899 9900
3897 3898
798 799
7634 7635
7327 7328
7725 7726
2372 2373
7688 7689
9551 9552
3557 3558
4980 4981
3492 3494
6861 6862
2992 2995
7739 7740
3260 3261
9199 9200
1573 1575
411 412
8233 8234
7026 7027
9452 9453
4946 4947
1922 1924
1680 1681
4636 4637
3036 3037
7745 7746
1925 1926
9523 9524
7976 7977
1342 1343
9599 9600
8724 8725
1929 1930
5851 5852
628 629
2667 2668
5198 5199
7357 7358
3241 3242
9150 9151
6452 6453
9149 9150
1600 1601
1491 1492
8811 8812
8414 8415
8753 8754
2210 2211
742 743
9553 9554
1228 1229
2770 2773
2215 2216
6213 6214
5949 5950
4524 4525
8442 8443
1154 1155
9217 9218
2940 2941
2112 2113
2187 2189
7449 7450
5630 5632
463 464
963 964
397 398
2287 2288
3000 3001
786 787
7443 7444
4438 4439
6218 6219
120 121
4912 4913
6897 6898
9605 9606
6946 6947
1789 1790
5570 5572
2337 2338
9435 9436
990 991
7797 7798
192 193
317 318
3903 3904
1230 1231
4865 4866
4952 4953
6719 6720
3299 3302
1654 1655
1528 1529
274 275
185 187
9561 9562
8913 8914
3154 3155
1824 1825
8698 8699
9552 9555
8390 8391
6148 6149
3356 3357
124 125
4901 4902
318 319
3905 3906
6768 6769
2140 2141
2189 2191
1155 1156
3730 3732
8655 8656
6335 6336
4485 4486
5600 5601
9629 9630
1754 1755
7801 7802
8077 8080
5815 5816
2937 2938
531 532
3461 3462
610 611
4047 4049
7981 7982
5455 5456
3674 3675
6838 6839
588 589
4811 4812
9721 9722
6018 6021
5315 5316
3312 3313
697 698
5331 5332
1943 1944
2608 2611
9974 9975
2069 2070
452 453
7016 7017
8664 8665
9859 9860
2686 2687
8551 8552
9087 9088
874 877
8345 8346
963 964
3376 3377
3901 3902
813 814
8889 8890
5632 5633
2188 2189
9012 9013
9541 9543
4990 4991
3657 3658
1718 1719
5616 5618
9717 9718
1859 1860
4072 4073
3647 3650
2449 2450
9671 9674
3168 3169
7081 7082
1171 1172
9606 9607
1852 1853
5386 5390
944 945
1243 1247
531 532
778 779
2879 2880
6673 6674
7659 7660
2792 2793
7298 7299
2389 2391
1021 1022
6602 6603
1620 1621
120 123
9847 9848
1622 1623
3925 3926
2 3
7120 7121
8899 8900
6834 6835
4804 4805
9969 9970
8283 8286
8568 8569
3538 3539
3474 3475
5156 5157
9017 9018
4200 4201
2579 2580
6432 6433
6448 6449
3047 3048
4044 4045
9009 9010
4546 4547
556 557
5270 5271
4242 4244
2039 2040
4294 4296
7196 7197
517 520
5031 5032
1121 1122
4972 4973
898 900
8328 8329
3288 3289
2739 2740
8415 8416
1399 1400
3757 3759
6184 6185
8658 8659
8484 8485
8525 8526
7975 7976
9690 9692
371 372
5794 5795
4385 4386
944 947
9920 9921
4775 4776
161 162
2324 2325
3971 3972
4466 4467
5235 5236
1959 1960
7540 7541
2443 2446
9056 9057
9654 9655
2497 2498
7339 7340
1709 1710
8057 8059
4302 4303
2323 2324
2037 2038
1338 1341
3916 3917
3697 3698
1491 1492
9406 9409
8189 8190
8689 8691
997 998
3120 3121
567 568
5951 5953
2926 2927
9525 9527
1591 1592
2848 2849
5035 5036
7691 7692
6744 6745
3658 3659
5512 5513
4098 4099
4772 4773
9355 9356
2771 2772
5409 5410
9753 9754
1448 1449
5745 5746
5308 5311
4512 4513
3926 3932
3855 3856
7198 7199
6762 6763
159 161
9196 9197
9418 9419
9164 9165
6704 6706
3318 3319
8547 8550
6813 6814
5695 5696
1154 1155
433 434
8254 8255
618 619
6800 6801
4429 4430
7561 7562
3936 3939
1358 1359
7546 7547
1260 1261
8943 8944
3723 3724
9817 9818
2712 2713
3906 3907
2831 2832
8043 8046
7109 7110
730 731
90 91
2337 2338
9721 9722
1975 1976
9274 9275
9118 9120
6681 6682
3257 3259
465 466
8643 8644
959 960
450 451
7621 7622
8979 8981
4956 4957
1134 1135
7274 7275
9747 9748
1295 1296
4400 4401
861 862
3463 3464
7255 7256
4814 4815
2050 2051
8968 8969
1926 1927
4019 4021
8785 8786
5932 5933
1270 1271
7894 7895
8012 8013
9292 9293
9984 9985
8536 8537
3461 3462
2104 2107
1499 1500
417 418
6109 6110
6752 6753
9490 9491
638 639
944 945
1966 1967
7770 7771
1603 1607
255 256
437 438
1922 1923
7487 7488
477 478
6209 6211
9563 9564
276 278
6031 6032
2372 2374
2586 2587
6091 6092
558 559
7392 7393
9963 9964
7462 7463
5183 5184
7415 7416
3848 3849
2535 2536
7397 7398
9025 9027
3707 3708
7184 7185
1444 1445
3026 3029
9073 9074
9994 9995
873 874
9408 9411
6559 6560
8929 8930
5993 5994
3947 3948
6361 6362
8928 8929
3959 3960
4415 4417
6016 6017
15 16
1466 1467
4662 4663
7292 7293
6058 6059
2398 2399
2331 2332
7179 7180
1188 1189
73 74
3946 3947
6089 6090
9980 9981
8481 8482
6500 6501
8880 8881
9487 9488
1341 1342
8261 8262
8241 8242
2800 2803
1689 1690
5573 5574
3908 3909
1409 1410
3950 3951
7308 7309
8941 8942
9467 9468
3425 3426
5450 5451
2704 2705
6736 6737
5067 5068
54 55
3285 3286
2085 2086
6921 6922
6629 6631
7935 7936
2221 2224
7604 7605
1244 1245
5050 5051
4655 4656
8019 8020
9881 9882
3619 3620
2948 2949
2656 2657
5631 5635
2941 2942
2178 2179
3273 3274
3489 3490
4497 4498
5340 5342
5576 5577
2674 2675
325 326
1474 1478
3829 3830
2650 2651
6736 6737
8989 8990
8298 8299
7883 7884
749 750
8423 8426
4039 4040
449 454
2734 2735
3384 3385
215 216
4022 4023
4787 4788
9193 9194
1842 1843
6022 6023
8316 8317
122 123
5925 5926
6179 6180
9291 9292
6273 6275
3871 3872
4904 4905
8493 8494
100 103
462 463
87 90
6890 6891
2289 2290
7417 7418
6391 6392
9018 9019
5020 5021
6303 6304
5375 5376
667 668
5394 5396
2032 2033
7108 7109
8641 8642
9998 9999
1258 1259
2113 2114
5693 5694
4005 4008
9687 9688
519 521
1618 1619
7718 7719
3668 3669
536 537
9747 9748
6523 6525
1797 1798
3073 3074
1552 1553
8615 8616
1256 1257
1928 1929
4115 4116
2619 2620
343 344
248 249
8710 8711
5544 5545
6210 6211
2106 2109
8040 8041
8337 8339
2012 2013
7035 7037
3744 3745
3217 3218
6068 6069
3235 3236
1104 1105
32 33
5816 5817
7691 7692
3197 3198
2146 2147
4853 4854
7225 7227
2478 2479
3233 3234
962 963
9992 9995
1428 1429
4124 4125
5981 5982
8489 8490
425 426
1984 1985
3286 3287
6535 6536
5996 5997
2662 2666
4363 4364
5535 5536
8667 8668
1437 1439
5155 5156
6575 6576
7154 7155
4971 4973
3663 3664
7466 7470
1763 1764
4316 4317
94 95
6147 6148
6518 6519
9509 9510
7664 7665
7112 7113
7524 7525
8936 8939
9806 9807
6381 6382
8590 8591
634 635
7415 7416
6862 6863
580 581
4919 4920
2526 2527
7372 7374
4850 4851
944 945
8018 8019
2716 2717
4061 4062
9422 9423
1006 1007
826 827
703 704
3040 3042
7810 7811
7214 7215
4751 4752
4432 4433
7985 7986
7684 7685
3301 3302
4535 4536
9502 9503
8963 8965
9564 9565
5013 5015
3440 3441
1711 1712
4537 4538
778 779
4781 4782
334 335
5051 5052
2046 2049
2710 2711
2541 2543
7507 7508
6349 6350
1951 1952
1350 1351
7606 7607
4795 4796
9171 9172
3621 3622
1088 1089
7675 7676
8725 8726
2807 2808
5628 5629
1265 1266
7786 7787
8373 8374
6289 6290
7186 7188
6981 6982
6655 6656
687 688
3394 3395
1506 1507
9716 9717
91 92
9651 9652
9287 9288
6244 6247
6182 6183
8972 8974
8552 8553
6096 6098
7221 7222
7302 7304
7387 7388
8727 8728
7325 7326
6146 6150
2091 2092
5830 5831
4957 4958
6051 6052
304 305
9672 9673
3521 3522
9017 9018
7855 7856
3023 3027
9251 9252
1578 1579
398 399
886 888
388 389
9321 9322
2011 2012
101 103
6028 6029
6509 6510
5822 5823
2578 2579
959 960
2953 2954
2059 2060
6368 6369
1041 1042
3617 3618
6460 6461
7253 7256
8650 8651
2587 2589
7807 7808
1528 1530
2749 2750
2273 2274
3964 3965
2825 2826
3270 3271
6899 6902
4922 4923
7946 7947
9746 9747
1531 1532
7570 7571
1310 1311
7268 7269
5808 5809
259 260
4072 4074
2453 2454
304 305
1256 1257
2454 2455
1003 1004
9001 9002
9143 9144
2119 2121
8734 8735
344 345
8828 8829
9993 9994
7191 7192
9340 9341
9957 9958
3517 3518
1465 1466
7372 7373
2031 2032
706 708
1588 1589
2957 2960
8545 8546
2654 2655
823 824
5018 5019
1687 1688
6096 6097
8407 8408
1953 1956
9922 9923
8805 8807
2190 2191
1381 1382
8910 8911
5798 5799
8117 8118
5445 5447
3012 3013
1914 1915
2164 2165
1156 1158
593 594
4059 4060
7657 7658
9386 9387
9479 9480
6115 6116
8056 8057
6543 6547
3282 3283
1339 1340
9827 9828
8566 8567
5582 5583
931 932
2090 2091
9713 9714
6231 6232
9604 9605
1684 1685
158 159
7504 7505
5749 5751
158 159
8083 8084
8552 8553
1498 1499
1507 1508
1155 1157
2474 2475
7522 7523
8685 8686
2184 2185
1541 1542
2755 2756
4939 4940
6253 6254
5676 5677
7905 7908
8803 8804
7434 7436
6782 6783
2331 2332
6746 6747
2870 2871
1255 1256
8065 8067
1410 1411
4684 4687
8360 8361
5778 5779
6227 6228
3382 3383
5110 5111
5087 5088
1230 1231
1842 1843
4703 4704
6953 6954
6717 6718
8312 8313
9170 9171
2215 2216
6671 6672
3729 3730
6206 6207
6203 6205
5794 5795
5088 5091
7915 7916
667 668
1010 1011
4637 4638
6969 6970
7485 7487
1282 1283
8326 8327
9158 9159
5311 5313
4904 4905
1445 1446
4452 4453
3681 3682
4733 4734
2350 2352
2138 2139
2972 2973
6837 6838
4859 4860
5561 5562
5756 5757
5004 5005
9649 9650
7570 7571
5233 5234
2754 2755
8549 8550
2806 2807
2407 2409
9929 9930
495 496
1166 1167
4925 4927
7468 7469
4127 4129
5804 5805
4644 4645
8706 8707
701 704
4642 4643
8198 8199
5251 5252
1234 1235
4562 4563
3034 3035
2842 2843
9407 9409
3589 3590
2600 2602
9436 9437
5189 5190
8544 8545
3852 3854
2264 2265
3975 3977
4979 4980
2855 2856
127 128
797 798
1540 1541
1725 1726
6150 6151
1486 1487
5996 5997
1006 1007
4761 4762
4339 4340
8928 8929
2318 2322
7235 7236
9072 9074
6963 6964
5454 5455
3388 3389
9432 9434
6266 6267
7605 7606
8065 8066
1905 1907
2832 2833
7586 7588
9738 9739
8888 8889
282 283
9534 9535
3496 3497
7867 7868
4302 4303
7331 7332
7470 7471
4321 4323
6288 6289
2412 2413
3441 3442
6530 6532
3037 3038
6902 6903
6035 6036
7878 7881
8428 8429
1355 1356
2492 2493
297 298
2673 2674
79 81
1274 1275
2810 2811
819 820
4586 4587
8091 8092
504 505
529 530
8598 8599
2248 2249
637 638
3857 3858
3452 3453
6645 6646
3997 3999
1273 1274
6875 6876
22 23
9894 9895
5682 5683
7833 7834
2660 2661
1253 1255
2985 2986
7646 7649
4383 4384
9806 9807
3911 3912
507 508
9206 9207
85 87
6692 6693
3808 3809
1894 1895
3381 3382
3159 3160
755 757
2480 2481
6418 6419
5713 5714
2271 2272
2494 2495
2043 2044
1564 1565
9683 9686
4294 4295
2798 2799
1694 1695
6744 6745
8511 8512
5225 5227
2034 2035
939 940
7604 7605
7975 7976
440 441
4234 4236
2232 2233
3812 3814
3131 3132
8098 8099
2281 2282
6369 6370
8468 8469
9884 9887
3719 3720
79 80
2973 2974
769 770
8198 8199
2467 2468
7481 7482
6739 6740
1491 1492
2714 2715
7682 7683
6333 6334
900 901
795 796
2499 2500
5393 5394
227 228
4944 4947
9640 9641
2576 2579
8411 8412
3418 3420
1762 1763
1943 1945
7491 7492
1583 1584
8591 8592
345 346
4028 4029
1488 1491
1353 1354
4742 4744
86 87
464 465
1933 1934
1652 1653
9624 9625
8181 8182
7760 7761
8874 8877
2351 2352
5347 5348
173 174
4959 4960
3862 3863
7818 7819
5154 5155
5552 5553
7943 7944
605 607
6476 6477
8690 8691
8161 8162
9293 9294
4447 4448
2009 2010
4635 4636
7895 7896
6475 6476
1352 1353
1400 1401
1 2
8763 8764
4636 4638
8747 8748
2866 2868
7088 7089
8304 8305
3004 3005
240 241
4077 4078
7051 7052
2603 2604
637 638
6212 6213
6685 6687
9685 9686
8708 8709
2258 2259
5915 5916
5462 5463
3472 3474
2502 2503
374 376
1806 1807
3406 3407
8823 8824
1643 1644
6390 6391
1067 1070
487 488
9272 9274
5988 5989
5331 5332
1410 1411
3470 3471
9549 9550
1467 1469
5772 5773
5214 5218
299 300
330 331
6794 6795
5616 5617
175 176
7905 7907
4959 4960
527 528
2281 2282
9920 9921
938 939
6684 6686
5910 5911
1727 1728
4126 4127
3824 3825
7240 7241
1332 1333
2515 2516
7859 7860
3740 3741
2479 2480
9707 9708
8445 8446
4025 4026
8667 8668
3911 3912
7741 7743
597 598
147 150
1770 1771
7526 7527
4268 4269
7917 7918
1870 1871
415 416
4643 4644
1700 1701
2022 2023
7852 7853
8505 8506
152 154
2228 2229
9560 9561
2367 2368
4946 4948
9740 9741
4824 4825
1466 1467
262 263
7049 7050
8107 8109
1463 1464
6016 6018
735 736
2804 2805
1918 1919
4513 4514
5408 5409
1594 1596
1018 1019
5249 5251
2546 2547
2735 2736
6152 6153
6848 6849
2561 2562
1568 1569
3213 3214
7973 7977
6689 6690
5149 5150
8781 8782
9713 9715
4455 4456
2218 2219
1706 1707
7934 7935
1417 1418
2590 2594
6122 6123
4092 4093
5714 5715
6873 6874
8124 8125
7997 7998
9387 9388
1394 1395
7948 7949
686 689
3414 3415
8994 8995
5429 5430
1741 1742
4781 4782
7923 7924
9062 9063
444 445
3259 3260
9630 9632
3048 3049
2353 2354
5768 5769
1258 1260
9247 9248
3921 3922
8779 8780
6601 6602
127 128
4127 4128
3211 3212
352 353
5793 5794
6641 6643
2935 2936
9078 9080
5013 5014
6144 6145
5159 5160
5619 5623
7802 7803
8313 8314
5506 5507
7098 7099
7773 7774
9827 9828
9905 9906
824 825
751 752
872 875
5652 5653
2189 2190
7866 7867
7418 7419
6979 6980
8443 8444
676 677
4183 4184
1960 1961
7854 7857
3781 3782
4955 4956
8396 8397
2050 2051
6934 6935
8422 8423
3198 3199
9450 9451
2746 2747
2336 2337
3995 3996
7526 7527
7346 7347
6298 6299
7626 7627
4572 4574
251 252
3863 3864
264 265
4295 4300
6378 6379
6380 6381
7028 7029
2807 2808
6876 6877
2659 2660
27 28
3016 3017
5719 5720
5210 5213
3590 3591
8157 8158
8149 8150
474 475
1154 1155
2241 2242
642 643
1577 1578
9361 9362
5917 5919
195 196
3686 3688
9359 9360
8763 8764
1545 1546
6858 6859
3016 3017
8813 8815
551 552
2375 2378
2952 2953
3544 3545
5744 5745
4688 4689
275 276
9318 9320
5845 5846
7271 7272
1062 1063
1951 1954
4430 4431
9480 9481
6093 6094
2898 2899
1430 1431
7669 7670
5959 5960
6773 6774
5420 5421
8786 8788
1575 1576
678 679
1719 1720
8696 8697
5628 5629
6089 6090
2777 2778
1056 1057
3283 3284
8727 8728
8456 8457
3567 3569
5979 5980
8898 8900
6057 6058
669 670
8345 8346
2748 2749
1565 1566
9067 9071
8221 8222
1781 1782
7041 7042
2804 2805
7493 7494
1734 1736
8385 8386
5987 5989
8193 8194
7688 7692
7181 7182
501 502
5591 5592
6367 6369
1006 1007
5568 5569
6392 6393
4150 4151
6362 6363
2196 2197
98 99
4724 4726
934 935
8131 8133
4871 4872
5807 5808
9164 9165
8666 8667
9790 9791
5639 5643
6318 6319
3865 3866
3321 3322
5269 5270
2889 2890
7058 7059
5879 5880
282 283
2029 2030
1808 1811
9690 9691
6608 6609
6476 6477
8799 8801
2763 2764
8190 8191
1 2
9429 9430
7229 7230
9947 9948
1187 1188
2431 2432
3503 3504
406 407
7050 7051
2595 2596
6070 6071
2069 2070
4322 4323
4640 4642
5995 5996
7564 7565
6174 6175
1640 1641
160 161
3665 3667
1486 1487
4669 4671
7705 7706
1214 1215
1939 1940
2888 2889
4265 4266
278 279
8498 8499
5218 5219
4506 4507
1788 1789
8904 8905
2340 2343
161 162
5600 5601
4621 4622
7226 7228
833 834
3659 3660
1356 1357
8732 8733
7999 8000
608 612
8194 8195
2325 2326
1174 1175
8535 8537
997 998
992 993
1756 1757
7185 7186
9751 9752
5832 5834
6724 6725
4854 4855
3179 3180
9472 9473
7718 7719
7794 7795
5847 5848
2925 2927
7836 7837
7072 7075
8938 8939
505 507
3662 3663
5581 5582
368 369
4279 4281
5024 5025
3865 3867
9427 9428
5237 5242
5530 5531
4991 4992
6549 6550
3235 3236
2376 2377
56 57
6140 6141
1294 1297
2036 2037
2862 2865
6477 6478
6828 6830
5057 5058
4107 4108
1836 1837
5948 5949
6761 6762
8908 8909
5762 5763
2848 2849
2601 2602
2698 2701
7888 7889
2613 2615
5418 5419
2249 2250
2307 2308
8454 8456
4612 4613
6375 6378
632 633
7735 7737
5519 5520
5619 5620
8098 8099
3266 3267
2250 2251
7918 7919
3514 3515
7756 7759
5215 5216
2844 2845
7863 7864
7252 7254
4886 4887
9541 9542
5022 5023
6402 6403
90 91
2958 2961
5659 5660
4779 4781
1481 1482
494 495
6257 6258
4272 4273
7871 7872
317 318
4494 4495
1304 1305
8197 8198
8046 8047
5363 5364
3236 3237
1270 1271
3536 3537
3426 3427
552 553
6275 6276
1103 1104
3288 3289
849 850
3655 3656
9943 9944
4750 4751
7237 7238
3997 3998
1533 1535
3643 3644
9084 9088
8385 8386
7161 7162
4828 4829
735 736
2756 2757
4904 4905
1110 1111
2480 2481
1604 1605
5154 5155
7322 7323
8778 8780
2747 2748
1703 1704
9499 9500
1227 1228
2535 2536
9376 9377
3293 3294
