500
1934 1954
7517 7536
2242 2263
6733 6763
1522 1541
7650 7672
2191 2208
6933 6951
1084 1113
9678 9696
816 830
8445 8467
9785 9808
454 462
4385 4405
2779 2800
1113 1130
2412 2423
2489 2509
2105 2123
2460 2480
3749 3767
7434 7457
6020 6050
8168 8183
6583 6603
3317 3335
9345 9362
4167 4193
7270 7290
5538 5557
8022 8041
1925 1949
1230 1245
7212 7228
9095 9115
673 689
6280 6306
3396 3423
7720 7737
2413 2438
4867 4895
5567 5589
4292 4307
4027 4044
3903 3919
4724 4740
1764 1791
6009 6033
3388 3412
1415 1434
5880 5893
7641 7667
6240 6263
8344 8360
644 665
3187 3212
894 910
6034 6054
9387 9403
6879 6898
8807 8838
6235 6245
7326 7344
4030 4044
218 257
111 130
9887 9906
2554 2564
5474 5491
3700 3718
5636 5651
7274 7299
8875 8896
6851 6875
3936 3959
7992 8010
5935 5954
2469 2491
8592 8606
3921 3950
5340 5358
7108 7128
5555 5575
8071 8100
1571 1598
2212 2235
5021 5035
5853 5879
7144 7170
2260 2282
825 849
2977 2995
9496 9523
9071 9094
3217 3234
2113 2128
5403 5424
1738 1761
4805 4835
2727 2749
9711 9733
5108 5130
7254 7275
1392 1412
9942 9962
2724 2752
1500 1513
6184 6202
5881 5897
5209 5230
4576 4598
6398 6414
7516 7533
182 196
1916 1938
6685 6703
7693 7717
3253 3273
1924 1945
4659 4679
5282 5300
6128 6146
9275 9297
2093 2119
7151 7176
1623 1639
8156 8177
9755 9772
4285 4311
5219 5236
9727 9743
7153 7172
9108 9133
5488 5508
5830 5854
5982 5999
1156 1183
605 627
1401 1422
2065 2090
4372 4397
630 649
581 603
9087 9103
2715 2737
1968 1992
6031 6051
2621 2644
6894 6921
1478 1492
2269 2290
2180 2203
211 233
9806 9827
5104 5122
1496 1514
6693 6708
8727 8752
24 44
4683 4694
3480 3501
1714 1739
2458 2473
2431 2448
3750 3769
9924 9950
9961 9979
7789 7822
6234 6252
1667 1695
9822 9848
5249 5262
4832 4848
2234 2251
9861 9886
7392 7410
1427 1452
489 510
5124 5144
5475 5487
2769 2785
4246 4267
5187 5210
3543 3570
293 305
2071 2091
368 383
7521 7542
7254 7274
2643 2662
3297 3310
9947 9971
6033 6061
7404 7421
977 1008
1243 1266
9376 9396
2226 2241
5003 5027
4685 4709
1139 1155
9304 9327
7563 7580
253 273
752 782
2294 2314
5405 5421
7971 7990
2049 2072
4531 4549
9474 9489
8218 8236
7535 7558
6114 6130
6504 6518
7982 8004
8890 8913
8106 8127
7413 7433
8498 8516
2271 2296
2790 2814
3608 3632
7125 7151
4221 4237
8039 8062
4998 5025
9612 9630
1754 1779
9233 9250
1592 1616
4413 4429
8111 8125
3584 3604
5723 5742
526 543
8258 8282
8918 8943
2518 2531
5718 5736
760 784
2384 2399
4028 4038
1500 1515
6127 6154
4730 4742
7413 7426
8844 8863
2907 2923
9814 9839
6041 6059
4590 4614
780 806
156 175
4634 4650
334 358
2403 2423
4421 4446
1812 1841
5664 5694
713 729
2199 2226
1410 1427
7257 7280
1521 1535
8154 8174
9949 9967
1610 1635
9354 9374
323 345
6261 6289
1137 1149
4410 4428
281 300
1125 1143
2120 2135
2020 2039
4900 4920
2962 2977
2053 2067
8448 8473
1341 1362
7817 7836
750 767
353 374
5934 5954
4042 4065
4901 4918
8470 8486
1057 1097
6010 6027
2064 2090
2007 2032
6673 6687
5699 5720
9086 9107
2080 2093
9004 9024
584 605
785 807
1587 1607
7653 7666
1118 1135
156 172
7636 7654
2358 2371
2059 2077
213 227
2976 2994
4510 4524
9188 9204
435 457
919 947
7613 7634
8933 8957
5348 5369
2851 2862
8550 8575
7596 7611
1674 1690
9609 9630
6059 6075
4117 4136
6358 6376
3932 3946
1355 1373
8216 8244
1225 1246
9766 9781
4409 4426
2469 2487
5896 5912
5303 5336
8107 8128
2663 2681
9933 9954
154 176
6685 6706
4067 4085
6435 6457
5267 5286
5826 5843
3228 3255
8050 8072
1997 2019
8745 8764
8672 8688
5707 5727
1530 1548
7969 7997
4997 5023
2678 2693
5020 5033
5819 5830
5621 5647
9497 9512
727 747
3596 3620
3720 3736
4684 4705
8174 8191
3413 3433
3644 3659
2491 2514
7968 7986
8773 8795
9002 9022
262 282
4986 5009
503 524
3346 3362
1939 1959
807 826
6989 7007
326 342
1636 1657
2744 2761
4275 4288
8077 8086
4010 4028
9498 9517
7175 7198
4073 4097
6904 6918
7491 7513
7269 7287
1857 1874
5726 5752
6303 6321
5134 5152
863 884
6130 6147
5721 5745
1694 1704
1066 1084
5046 5076
5680 5696
7027 7044
7751 7765
4944 4963
3162 3182
2050 2069
3524 3538
1215 1224
8643 8666
7694 7719
2474 2494
4735 4748
6221 6235
1725 1741
83 107
8590 8612
2807 2831
3555 3566
3704 3724
3092 3110
1882 1898
4075 4089
3106 3126
2594 2612
3362 3382
6444 6465
2124 2152
3291 3308
111 138
2992 3011
9109 9126
2909 2928
64 86
4627 4650
1917 1933
4801 4824
543 559
6043 6059
8498 8525
4920 4935
6329 6346
9149 9170
7014 7035
5104 5120
1905 1929
894 910
527 552
5499 5527
5891 5914
428 449
3817 3837
9689 9716
2254 2271
7846 7861
1213 1229
8177 8197
5820 5835
6701 6725
2498 2521
9479 9495
6847 6860
8855 8882
6824 6839
1626 1644
2720 2740
2009 2028
8292 8310
7492 7514
954 974
1030 1056
8275 8302
1407 1424
1425 1448
8493 8512
2331 2352
162 187
2783 2796
9537 9559
7155 7171
6888 6909
414 435
5363 5382
1019 1046
3636 3649
3461 3483
2519 2541
8513 8530
1106 1129
3306 3328
3786 3805
3729 3755
640 663
5012 5033
415 447
3465 3484
45 59
5306 5329
1162 1175
7591 7609
3320 3333
1546 1568
1934 1953
8818 8841
