1000
8071 8083
2094 2104
2335 2343
6457 6468
5053 5062
5393 5402
4139 4149
6949 6961
6756 6771
8212 8221
1309 1315
4377 4387
6420 6433
2979 2984
4813 4820
1183 1197
401 412
148 153
3664 3674
345 352
3559 3570
9137 9148
1786 1800
8631 8647
2228 2236
2507 2514
552 563
8842 8850
4460 4475
9659 9667
3189 3199
8601 8608
9744 9757
7273 7283
6094 6101
9485 9495
1393 1400
1185 1197
1625 1639
481 489
3658 3668
7958 7973
4650 4662
5413 5423
583 591
3838 3844
3127 3133
2045 2057
5034 5052
1999 2007
2023 2035
9772 9778
4638 4652
3771 3787
2800 2808
1704 1713
4383 4394
2073 2080
4934 4948
734 741
5300 5309
6754 6770
827 832
3507 3518
3872 3883
626 643
9298 9308
3772 3780
5693 5697
7658 7664
3006 3014
7478 7489
7366 7384
9628 9638
690 707
37 52
3573 3580
3577 3585
3862 3871
8470 8479
3992 4010
7620 7630
2262 2275
21 31
5067 5079
1404 1420
2548 2558
7893 7899
483 497
1888 1896
2008 2020
4670 4680
8853 8857
2342 2355
8108 8119
1979 1986
1609 1615
3572 3581
6067 6079
5138 5154
1018 1028
1789 1800
1268 1281
4473 4487
6524 6531
8311 8323
6822 6833
8434 8442
1677 1684
7582 7590
4617 4624
1902 1909
47 55
1011 1019
3354 3362
6725 6736
6484 6491
5659 5668
9836 9848
4564 4576
1506 1513
305 313
7682 7692
3887 3894
409 423
4937 4952
6503 6509
1075 1084
8884 8895
2701 2714
3033 3039
260 266
8773 8783
5126 5136
5477 5488
798 813
2927 2936
2870 2886
297 303
5738 5750
4665 4677
312 325
1908 1919
4974 4980
1831 1841
4413 4429
1244 1256
369 375
6868 6878
486 502
5611 5615
5824 5832
8428 8439
3913 3925
420 432
6889 6897
3032 3040
3284 3294
6396 6406
647 656
1482 1489
1527 1541
5390 5401
603 610
6709 6717
1081 1090
9653 9662
8594 8602
8261 8279
388 401
7974 7985
7816 7831
1866 1873
9177 9187
7169 7181
371 382
1137 1144
6647 6655
4330 4340
7862 7871
5320 5328
7109 7114
2588 2600
4685 4696
8110 8123
3122 3128
2757 2766
9773 9784
656 665
7962 7978
8678 8690
8971 8981
1170 1179
213 227
3608 3616
5720 5734
2087 2100
3266 3279
6734 6740
8497 8513
4530 4542
1802 1810
2506 2519
2581 2587
516 527
698 713
7973 7983
9150 9154
2462 2472
9234 9245
6784 6791
8117 8126
55 64
8750 8761
8303 8307
931 938
528 538
6577 6587
8593 8598
2279 2289
3861 3868
6944 6961
4788 4798
1587 1600
8400 8413
5555 5563
9524 9535
5516 5528
59 65
2735 2748
7383 7392
8295 8307
8106 8115
6258 6266
7415 7425
4403 4413
171 178
7145 7157
2429 2444
4103 4111
7840 7850
268 279
885 890
891 897
420 429
8723 8741
2115 2121
8795 8800
8387 8398
1143 1152
7159 7169
6149 6160
8400 8413
2839 2854
2277 2283
2390 2400
785 797
1396 1408
4682 4692
771 784
2585 2598
9536 9544
5584 5598
1447 1454
6868 6884
3939 3948
2007 2016
9624 9634
5544 5556
4262 4273
4724 4737
4741 4759
3639 3648
8853 8859
7462 7471
7971 7980
6490 6499
2209 2218
5478 5489
939 947
4743 4752
5890 5902
8974 8985
9573 9583
7905 7912
1309 1320
9216 9226
5366 5378
3406 3412
9337 9345
366 392
7054 7060
667 679
6808 6821
1434 1439
9795 9805
4611 4626
8829 8837
869 877
8258 8269
6433 6445
800 812
6810 6817
5001 5010
521 528
2377 2383
2618 2624
5930 5935
9048 9053
7415 7423
5944 5952
30 37
1356 1366
6951 6968
7109 7119
7160 7167
1171 1183
1405 1411
1438 1452
98 107
1357 1367
5293 5306
1912 1921
815 826
3656 3666
9415 9418
9988 9993
9656 9666
6655 6663
376 382
5514 5521
5112 5119
7773 7780
5730 5744
3975 3986
4539 4548
9513 9526
6423 6435
3833 3843
9427 9437
62 72
6002 6010
4431 4439
1599 1614
7098 7108
9829 9841
5952 5961
5545 5551
9273 9283
817 823
3640 3654
8984 8996
2771 2780
119 128
8889 8892
458 468
7248 7254
9773 9783
2415 2428
5741 5748
7056 7067
4609 4622
6027 6036
5845 5855
6862 6876
4256 4265
4789 4800
1351 1360
8731 8739
8769 8779
8275 8288
5096 5107
519 527
1000 1008
5143 5149
2318 2323
4000 4010
8317 8326
2419 2426
7783 7786
8471 8482
3469 3478
8286 8300
7277 7287
152 158
4548 4556
3373 3383
6451 6460
6678 6689
4811 4824
5967 5974
8380 8392
1390 1399
8606 8618
553 559
8113 8123
1669 1683
4607 4615
8373 8381
685 693
5038 5046
4266 4274
7253 7263
4408 4418
2627 2632
6111 6123
62 76
618 628
8378 8385
7196 7201
7546 7554
6164 6178
7303 7312
6292 6304
3964 3971
5825 5834
1933 1945
8722 8728
1482 1490
107 117
2249 2257
1734 1750
2889 2900
7951 7963
1152 1161
2078 2092
5827 5839
1619 1627
9690 9700
6848 6860
9977 9989
625 634
1222 1235
7164 7173
7402 7410
9664 9674
4874 4881
3632 3642
4413 4423
8824 8839
9726 9735
5091 5105
2099 2107
2181 2193
7861 7878
5256 5267
4188 4195
2726 2737
838 853
1012 1020
1924 1934
7504 7510
2236 2251
6733 6737
1495 1505
7639 7650
2164 2172
6923 6931
1052 1065
9667 9674
804 812
8435 8447
9755 9763
459 472
4367 4378
2755 2768
1103 1115
2424 2439
2489 2498
2105 2117
2427 2436
3749 3761
7418 7433
5998 6006
8168 8179
6553 6558
3317 3329
9345 9357
4167 4175
7270 7282
5538 5545
8004 8014
1925 1933
1218 1227
7192 7198
9095 9109
664 677
6267 6280
3396 3409
7720 7734
2380 2394
4827 4835
5555 5565
4287 4297
4027 4033
3903 3913
4724 4731
1719 1731
5993 6001
3374 3384
1403 1410
5875 5883
7627 7639
6236 6255
8344 8355
628 641
3169 3176
885 892
6028 6042
9381 9391
6859 6868
8807 8820
6233 6242
7326 7330
4029 4042
187 195
75 82
9875 9882
2556 2567
5468 5479
3700 3710
5629 5637
7274 7283
8861 8875
6835 6843
3927 3941
7972 7980
5917 5927
2447 2458
8592 8604
3921 3931
5340 5351
7099 7110
5541 5547
8052 8062
1520 1530
2170 2179
5021 5036
5840 5853
7110 7119
2246 2261
813 825
2963 2974
9496 9502
9043 9052
3217 3226
2103 2113
5403 5418
1687 1693
4791 4807
2699 2707
9711 9718
5088 5100
7254 7260
1370 1379
9942 9953
2682 2696
1500 1510
6162 6169
5873 5881
5209 5219
4562 4577
6398 6404
7506 7513
182 185
1916 1937
6685 6695
7693 7703
3253 3260
1924 1936
4641 4652
5254 5258
6117 6124
9275 9286
2057 2065
7115 7122
1623 1635
8136 8147
9747 9760
4285 4291
5214 5226
9720 9729
7131 7139
9093 9103
5484 5500
5814 5822
5978 5991
1120 1129
595 607
1396 1412
2065 2075
4372 4386
630 645
573 587
9087 9096
2715 2724
1952 1960
6017 6030
2621 2632
6870 6885
1474 1484
2257 2266
2166 2175
169 177
9792 9806
5082 5089
1496 1513
6693 6699
8713 8724
9981 9989
4683 4697
3474 3489
1714 1721
2452 2461
2420 2426
3734 3745
9924 9936
9961 9974
7741 7750
6218 6228
1667 1681
9792 9803
5249 5258
4830 4844
2230 2243
9831 9841
7378 7389
1397 1407
474 480
5112 5126
5475 5487
2748 2757
4246 4256
5187 5202
3525 3534
291 301
2071 2079
360 371
7513 7526
7242 7250
2638 2652
3295 3307
9947 9954
6020 6035
7393 7399
929 936
1243 1253
9362 9375
2214 2225
4977 4988
4659 4670
1133 1147
9282 9294
7549 7559
253 263
692 702
2261 2270
5395 5401
7971 7985
2037 2048
4503 4507
9467 9475
8212 8227
7505 7513
6107 6116
6500 6510
7974 7992
8890 8900
8106 8121
7413 7419
8498 8515
2241 2251
2790 2796
3574 3581
7125 7131
4221 4236
8017 8029
4976 4992
9600 9612
1754 1766
9209 9214
1553 1564
4413 4421
8109 8121
3574 3589
5697 5703
511 523
8220 8225
8918 8930
2494 2499
5698 5706
720 724
2384 2399
4032 4046
1485 1495
6127 6145
4730 4739
7408 7416
8834 8843
2900 2909
9790 9803
6032 6041
4562 4572
766 778
126 135
4633 4648
306 316
2392 2401
4421 4431
1778 1790
5645 5656
683 689
2199 2208
1410 1422
7237 7250
1515 1523
8145 8156
9939 9952
1594 1611
9354 9365
312 323
6242 6251
1141 1155
4410 4422
275 288
1098 1107
2112 2123
2008 2021
4892 4904
2959 2971
2048 2057
8435 8447
1315 1323
7793 7800
732 743
320 330
5916 5927
4032 4045
4901 4911
8459 8464
993 1001
6000 6012
2030 2039
2007 2012
6673 6679
5699 5709
9072 9079
2076 2085
8992 9000
545 553
779 795
1587 1593
7647 7657
1118 1129
150 164
7610 7615
2355 2367
2050 2059
211 224
2974 2991
4513 4530
9188 9196
411 425
865 875
7613 7619
8933 8939
5348 5358
2847 2856
8550 8563
7596 7606
1666 1674
9609 9618
6031 6033
4117 4128
6344 6355
3924 3934
1333 1340
8197 8206
1225 1234
9750 9757
4409 4415
2469 2480
5891 5902
5257 5267
8107 8116
2649 2660
9921 9930
154 166
6685 6696
4055 4061
6421 6436
5260 5272
5822 5837
3213 3225
8026 8036
1961 1971
8732 8738
8672 8677
5707 5719
1514 1524
7948 7955
4979 4987
2658 2663
5014 5021
5819 5827
5621 5633
9489 9496
727 740
3582 3592
3714 3724
4654 4660
8167 8177
3393 3403
3644 3654
2491 2502
7966 7983
8761 8771
8988 8994
244 255
4986 4993
473 479
3339 3348
1911 1917
774 782
6971 6980
326 338
1620 1633
2744 2761
4275 4288
8077 8086
4010 4020
9491 9503
7162 7172
4061 4079
6901 6912
7491 7500
7260 7269
1839 1850
5726 5737
6283 6291
5134 5146
863 874
6130 6140
5721 5733
1703 1716
1059 1070
5027 5038
5673 5682
7020 7030
7747 7759
4934 4948
3162 3177
2050 2057
3524 3529
1215 1223
8625 8639
7679 7689
2465 2476
4733 4745
6221 6230
1710 1721
45 50
8577 8586
2807 2813
3551 3560
3684 3694
3092 3101
1882 1894
4065 4074
3106 3118
2594 2602
3330 3334
6444 6455
2086 2095
3279 3290
57 66
2976 2987
9101 9110
2897 2904
34 41
4610 4616
1905 1915
4773 4782
537 551
6036 6045
8470 8483
4920 4929
6309 6316
9139 9150
6984 6990
5099 5110
1875 1884
880 889
503 516
5475 5479
5876 5884
420 433
3817 3825
9671 9680
2232 2238
7838 7849
1205 1217
8177 8187
5820 5825
6682 6687
2472 2482
9475 9487
6847 6858
8813 8819
6824 6833
1626 1635
2687 2696
2003 2016
8292 8302
7492 7497
954 964
1030 1037
8259 8270
1387 1394
1425 1434
8493 8503
2299 2304
162 172
2785 2800
9537 9546
7150 7161
6888 6895
378 387
5363 5372
987 998
3636 3647
3461 3468
2519 2529
8513 8520
1106 1114
3301 3318
3766 3775
3709 3715
640 652
4982 4988
365 372
3465 3476
45 54
5306 5320
1150 1159
7581 7594
3324 3339
1546 1555
1916 1929
8804 8813
9489 9495
2711 2721
7198 7203
615 626
7070 7082
6838 6849
570 578
5184 5190
8309 8323
790 799
4745 4754
1556 1564
64 76
850 856
5554 5564
3279 3286
6094 6109
2552 2562
4306 4315
8532 8542
2379 2390
8598 8607
6635 6646
2891 2897
7516 7527
3586 3596
7182 7192
3035 3045
998 1009
245 260
4693 4700
7847 7860
4244 4257
591 600
2674 2689
5140 5147
1531 1538
8386 8400
6371 6382
4397 4405
2983 2999
2818 2828
8035 8039
4121 4135
2552 2558
7755 7762
5539 5546
8324 8334
8412 8421
8808 8820
