3000
3931 3937
8784 8790
6607 6611
134 142
4127 4131
3217 3224
373 381
5793 5798
6653 6661
2943 2948
9078 9081
5016 5020
6166 6178
5167 5172
5618 5621
7802 7805
8316 8320
5508 5511
7100 7103
7773 7777
9827 9832
9909 9914
829 835
760 770
872 876
5666 5674
2199 2205
7876 7882
7418 7429
6981 6984
8444 8446
684 689
4189 4196
1972 1979
7854 7857
3781 3786
4958 4962
8408 8415
2050 2060
6937 6941
8428 8435
3198 3205
9450 9455
2749 2753
2339 2343
3995 3998
7527 7529
7351 7357
6310 6317
7632 7636
4576 4580
255 258
3869 3873
271 279
4295 4299
6380 6383
6382 6384
7032 7037
2812 2818
6879 6883
2659 2665
39 46
3022 3026
5723 5726
5218 5225
3606 3615
8161 8164
8159 8165
480 483
1154 1158
2249 2254
644 646
1584 1592
9361 9366
5917 5924
216 224
3688 3692
9359 9364
8767 8772
1559 1567
6858 6868
3024 3029
8820 8829
551 558
2379 2384
2970 2980
3544 3549
5748 5753
4688 4695
285 291
9332 9341
5845 5851
7273 7275
1067 1073
1960 1966
4432 4435
9482 9484
6095 6098
2918 2929
1439 1443
7675 7682
5959 5965
6773 6782
5423 5427
8790 8796
1577 1580
687 691
1720 1722
8696 8699
5634 5641
6089 6094
2777 2781
1058 1060
3291 3296
8727 8732
8466 8472
3567 3569
5979 5984
8898 8905
6062 6068
675 679
8350 8356
2760 2765
1575 1581
9067 9072
8228 8236
1781 1786
7053 7060
2805 2807
7501 7510
1734 1736
8385 8386
5987 5993
8201 8206
7688 7691
7187 7194
501 506
5591 5600
6367 6372
1006 1010
5568 5575
6392 6397
4150 4153
6366 6369
2199 2203
104 111
4730 4735
944 950
8143 8151
4877 4884
5809 5811
9164 9167
8666 8671
9795 9801
5639 5650
6326 6331
3865 3868
3325 3330
5279 5285
2893 2896
7058 7061
5879 5885
282 285
2029 2032
1814 1820
9696 9700
6614 6621
6478 6480
8811 8819
2768 2774
8190 8198
6 12
9429 9431
7229 7230
9947 9952
1192 1198
2431 2433
3509 3513
408 410
7056 7060
2603 2608
6072 6075
2084 2090
4322 4329
4645 4652
5999 6002
7564 7565
6178 6183
1652 1657
167 175
3665 3674
1489 1493
4671 4674
7711 7718
1214 1215
1939 1945
2902 2910
4268 4272
290 295
8508 8514
5228 5234
4509 4513
1788 1792
8906 8909
2344 2349
173 180
5602 5604
4621 4622
7226 7228
851 858
3659 3662
1359 1361
8732 8739
8003 8008
607 610
8196 8198
2337 2342
1192 1199
8537 8540
1007 1013
995 999
1777 1785
7185 7190
9756 9762
5836 5840
6727 6731
4854 4856
3187 3196
9480 9485
7730 7737
7797 7801
5857 5863
2933 2939
7836 7837
7072 7076
8938 8940
506 509
3668 3672
5599 5609
372 375
4279 4282
5038 5046
3865 3869
9429 9432
5237 5242
5530 5537
4993 4996
6553 6556
3235 3242
2388 2395
64 69
6140 6146
1300 1306
2043 2051
2865 2871
6485 6490
6832 6838
5071 5079
4117 4123
1852 1861
5960 5967
6769 6774
8910 8913
5762 5767
2848 2853
2609 2614
2710 2717
7892 7895
2613 2618
5418 5420
2263 2271
2307 2315
8462 8468
4624 4631
6375 6378
637 643
7739 7743
5519 5524
5619 5621
8104 8108
3268 3271
2256 2263
7926 7931
3514 3519
7756 7760
5221 5225
2844 2847
7873 7879
7254 7258
4894 4899
9541 9552
5023 5025
6416 6424
96 103
2959 2963
5659 5663
4793 4802
1489 1494
499 505
6263 6267
4294 4306
7881 7887
317 320
4498 4501
1309 1315
8197 8200
8048 8051
5365 5367
3242 3246
1276 1280
3537 3539
3428 3431
561 565
6275 6280
1107 1112
3290 3293
853 858
3659 3662
9957 9965
4750 4755
7247 7253
4009 4016
1533 1535
3649 3656
9084 9087
8386 8388
7164 7168
4831 4835
747 752
2759 2761
4914 4920
1110 1111
2489 2493
1619 1625
5156 5159
7334 7341
8778 8784
2752 2758
1703 1709
9504 9510
1227 1231
2550 2556
9376 9377
3295 3298
3775 3781
2762 2771
5638 5643
3886 3890
2414 2419
1699 1702
1024 1030
933 940
7471 7475
3013 3018
3656 3662
6856 6861
4707 4710
3238 3241
1112 1119
7194 7199
8825 8828
2002 2007
8011 8015
540 543
3936 3940
1968 1974
8954 8961
1359 1363
4599 4602
2526 2532
7208 7221
5482 5485
880 887
8284 8286
1657 1665
333 337
6006 6011
5633 5638
739 742
294 298
6768 6772
8443 8444
6337 6344
6503 6507
1931 1935
5360 5364
3762 3765
7622 7629
5380 5392
3775 3783
9474 9480
6864 6866
6004 6007
1491 1500
8936 8939
8106 8112
7799 7807
712 718
8985 8989
122 126
251 253
167 172
7625 7629
4004 4009
5537 5540
6695 6698
4020 4027
4577 4586
6990 6993
6073 6075
9907 9909
2976 2981
9609 9614
8365 8372
1316 1319
1792 1802
705 710
107 110
5667 5671
4361 4364
2882 2888
7215 7221
2088 2093
2592 2599
1468 1475
9632 9641
2783 2787
6730 6733
4611 4614
1634 1640
6025 6032
677 681
8869 8877
1142 1148
301 305
9556 9562
9914 9915
7942 7949
2456 2459
3489 3495
902 907
3680 3686
2614 2619
8975 8979
6335 6345
6215 6220
8154 8159
4463 4468
8852 8859
6357 6361
1916 1922
4863 4866
5956 5963
8361 8362
3881 3886
4966 4975
455 459
1623 1628
6145 6149
4800 4804
1867 1874
9384 9390
4808 4813
5828 5832
5776 5784
8182 8189
5751 5756
4894 4901
6753 6757
5876 5881
859 866
6368 6371
9662 9668
3621 3625
9809 9814
809 813
2050 2054
7666 7674
2509 2515
4116 4128
324 327
8822 8826
2105 2107
6831 6833
3039 3044
2906 2910
4915 4918
7575 7584
1581 1587
9884 9888
7140 7145
1730 1734
9497 9500
6197 6203
783 786
240 244
5178 5182
7996 8004
1568 1573
987 993
7393 7397
3555 3560
2667 2674
2728 2740
5747 5752
8368 8375
1207 1211
2006 2009
8786 8793
371 376
9587 9589
3282 3286
6809 6813
7821 7823
3490 3493
98 104
3922 3926
1274 1278
373 377
3051 3054
9512 9515
2467 2470
7050 7053
7957 7965
8853 8860
7942 7947
1734 1740
431 438
1840 1845
8954 8962
8505 8510
8196 8203
5659 5662
480 485
9234 9238
6698 6707
4933 4940
8761 8767
794 802
2687 2688
7155 7163
3991 3996
9747 9751
3571 3575
6110 6116
962 966
8688 8696
9958 9964
902 906
363 368
2218 2222
4264 4268
8368 8370
237 240
1467 1472
7720 7727
950 953
6939 6944
6111 6115
1447 1452
1024 1027
3428 3439
4407 4412
6767 6772
2299 2302
3720 3729
9825 9829
7054 7062
6317 6322
5701 5705
5725 5729
1211 1214
8614 8619
6284 6290
8442 8446
4013 4016
989 995
1432 1438
2383 2391
9963 9967
417 423
6283 6288
1436 1443
1465 1471
9455 9462
4123 4129
7463 7472
721 726
6538 6545
7504 7509
6388 6393
9072 9077
1351 1356
3806 3813
3053 3058
9107 9112
6662 6669
5629 5633
475 480
9981 9986
9538 9543
8472 8476
4692 4699
4190 4193
414 419
2567 2571
9039 9047
1051 1053
5875 5880
3603 3607
4689 4697
7471 7477
5809 5812
6025 6029
3006 3010
3971 3975
6289 6296
8996 9006
885 894
6032 6036
7708 7712
401 409
5702 5705
7633 7638
4719 4725
9742 9750
4181 4186
301 303
8902 8909
6173 6179
675 681
6303 6307
333 337
3637 3642
659 665
2035 2039
5069 5075
4606 4616
4453 4456
5765 5768
179 183
3561 3563
6096 6099
6411 6416
2948 2954
6916 6919
7047 7050
4107 4110
5694 5699
8633 8640
684 690
2634 2642
6291 6295
8369 8375
5105 5110
7739 7744
3587 3592
4863 4864
1823 1829
2007 2010
7776 7779
1723 1727
9485 9488
4251 4253
9404 9408
3353 3360
9757 9764
3406 3414
3686 3689
7785 7788
2750 2755
9420 9427
9395 9398
1332 1336
1389 1393
626 632
1826 1832
7166 7172
4348 4351
6032 6034
3391 3395
812 817
2959 2963
1638 1641
6579 6586
5057 5062
5203 5207
199 202
6502 6505
7283 7287
8731 8737
1364 1367
8964 8969
7876 7886
1094 1098
9477 9484
3568 3574
5392 5394
9641 9647
751 753
5423 5429
5107 5109
2647 2652
2368 2375
9569 9575
8661 8668
8530 8538
3315 3322
1012 1016
6986 6993
8038 8042
1326 1331
61 66
3320 3324
5282 5287
9623 9625
1461 1470
1658 1663
4510 4516
6020 6027
4224 4226
703 708
6408 6414
2086 2090
639 646
3883 3891
2021 2028
6707 6716
8495 8498
375 386
2261 2266
348 353
8011 8014
7649 7653
2442 2449
5134 5139
53 56
1231 1236
2531 2535
3144 3148
2709 2714
229 233
818 822
1749 1753
9699 9704
9567 9572
5615 5618
1437 1444
6298 6303
243 247
1096 1102
2485 2488
1925 1928
11 18
639 644
574 576
2312 2317
3778 3780
2248 2251
3633 3643
9308 9316
1699 1701
2734 2742
8359 8367
6134 6137
1254 1258
5548 5557
2913 2920
749 756
4780 4784
1612 1617
8160 8168
2129 2133
2775 2780
3279 3283
2595 2599
2413 2414
235 238
9016 9023
5680 5684
3406 3409
7668 7675
3712 3717
2661 2665
2538 2540
1780 1781
7592 7598
5379 5388
3244 3252
5278 5283
5768 5771
2577 2582
9953 9960
115 122
7660 7665
3100 3106
9710 9715
995 999
7705 7711
8270 8274
2060 2065
7871 7872
3814 3818
3501 3505
2540 2546
9702 9708
6700 6704
466 472
6060 6065
7166 7171
6453 6456
4810 4816
9228 9232
4451 4460
681 687
8676 8685
4010 4016
1030 1035
529 537
7712 7715
2361 2362
5278 5281
7257 7263
7747 7753
531 535
3020 3024
786 795
1139 1147
63 72
8384 8389
8149 8152
5672 5677
3315 3320
9143 9154
4807 4815
2044 2048
220 225
2544 2552
9142 9148
5460 5465
4587 4593
9478 9482
3231 3235
9501 9507
2701 2706
307 313
3784 3792
55 63
5885 5892
1106 1112
1412 1419
2629 2633
5 6
5478 5482
3707 3708
6295 6299
6085 6092
2345 2348
587 593
4469 4474
2594 2599
1372 1374
114 122
2524 2528
1572 1577
8359 8364
104 108
993 998
7860 7868
2032 2036
6571 6576
682 686
9702 9706
4682 4688
7799 7802
8680 8687
1339 1344
4199 4201
6003 6008
3751 3757
8282 8286
2663 2671
956 959
3398 3404
1740 1745
5678 5684
51 54
4460 4463
4973 4978
68 70
1046 1052
1729 1736
5278 5285
7141 7144
7453 7458
8095 8098
1650 1657
2585 2587
2837 2840
9690 9693
5587 5593
923 929
7285 7291
3846 3849
9217 9219
331 338
5689 5697
5071 5075
7930 7935
7079 7082
9376 9379
4149 4153
9082 9088
6363 6369
5845 5849
2665 2671
8946 8952
441 445
3532 3536
8672 8677
4454 4459
2099 2104
6484 6488
2536 2544
5743 5746
2078 2085
6449 6452
3523 3527
21 25
7266 7274
1547 1554
5740 5744
7169 7175
42 45
277 282
7331 7342
1477 1482
6797 6802
5595 5602
5211 5216
2201 2207
786 794
7151 7155
251 257
2244 2251
9655 9659
2586 2594
188 193
3859 3868
787 790
6525 6527
7211 7214
6741 6745
1633 1638
2754 2760
4765 4773
226 230
7337 7339
4018 4024
5685 5694
920 923
2326 2333
9590 9596
7756 7762
2157 2163
585 587
8522 8528
8082 8087
8135 8141
2873 2878
514 519
1099 1104
5221 5228
1907 1910
8803 8807
119 124
2246 2248
8881 8884
5288 5292
7883 7891
4464 4467
2505 2510
3769 3775
1340 1344
7380 7385
1906 1911
4425 4429
7315 7320
7435 7441
9431 9435
1082 1090
4955 4959
6347 6351
1658 1664
211 213
2602 2606
2591 2594
1845 1848
1266 1269
6108 6113
8612 8620
4592 4597
6607 6613
8525 8527
7777 7782
3509 3513
606 610
375 378
4169 4177
1565 1570
5174 5178
5912 5915
1312 1319
6699 6701
7854 7857
1393 1402
5222 5228
7323 7325
378 384
2900 2905
3012 3018
2398 2401
2026 2032
291 296
7160 7164
6411 6413
2576 2580
948 952
242 251
3419 3422
7287 7295
7651 7655
1202 1207
6391 6395
9894 9896
1561 1565
3156 3160
5079 5085
6725 6730
3935 3942
1902 1905
8041 8049
2168 2175
5452 5458
1803 1808
2064 2067
6541 6543
7888 7895
2439 2449
9573 9578
2643 2649
2458 2462
9524 9532
9499 9503
3589 3593
9674 9677
1994 2004
3354 3357
1816 1821
1701 1703
2624 2627
3047 3054
498 499
9172 9177
1951 1954
2752 2759
9566 9572
816 820
3212 3215
5315 5317
6455 6461
1101 1108
7124 7130
1489 1492
4931 4940
3142 3147
309 311
9242 9245
7140 7144
434 437
4520 4524
8713 8716
7556 7560
7963 7966
6470 6477
7675 7683
7618 7622
2987 2991
5546 5552
2074 2079
2910 2917
7589 7595
945 950
432 437
4402 4410
7319 7325
236 239
3765 3769
756 761
2391 2400
2305 2311
7716 7722
1425 1431
5180 5187
9261 9267
7927 7933
862 868
4995 4999
5352 5353
7022 7026
403 406
7166 7171
4714 4718
2088 2090
7413 7417
2424 2428
272 276
3060 3064
5535 5540
8598 8601
3098 3103
7769 7773
8435 8438
2344 2345
9379 9385
1741 1745
5898 5900
7811 7817
8742 8749
2353 2358
8454 8457
8969 8976
1687 1689
1080 1084
1172 1178
5758 5765
3843 3845
6177 6182
1635 1636
2492 2502
7917 7920
8944 8952
1108 1116
9736 9741
9581 9584
8192 8198
1567 1572
2621 2622
7062 7068
3819 3828
9424 9428
8427 8430
432 435
141 144
8077 8081
731 735
7388 7392
7914 7918
4286 4291
6565 6568
7896 7898
4267 4274
8054 8063
3127 3134
6812 6816
7334 7339
353 357
2619 2627
5277 5284
692 696
9352 9353
893 899
3146 3151
7777 7781
252 254
2771 2775
1784 1787
2808 2810
9763 9771
855 860
4329 4333
1722 1724
3735 3739
7349 7351
6676 6685
8372 8375
222 226
2984 2990
5801 5808
775 781
8397 8400
1367 1372
9806 9809
8077 8082
2003 2006
2380 2387
2793 2798
6509 6516
410 417
5746 5753
7371 7377
5964 5967
3167 3177
3728 3732
5882 5885
9951 9959
2867 2872
2743 2746
8961 8969
7319 7321
6043 6049
5940 5944
2064 2067
620 626
798 800
2122 2131
1449 1452
7832 7836
4771 4776
8695 8702
706 709
6915 6924
4987 4990
2955 2964
5998 6005
5206 5210
5935 5940
6916 6921
4462 4465
627 632
9017 9022
1398 1401
5612 5616
4883 4889
3713 3720
5549 5554
2348 2350
6678 6685
4629 4634
3559 3564
408 416
5941 5944
5965 5968
4988 4990
4399 4404
728 738
2521 2524
9623 9625
524 528
584 587
2029 2034
147 155
9564 9570
3799 3806
8690 8694
1136 1142
2401 2404
8226 8231
6982 6988
735 738
8034 8038
930 934
654 662
8839 8841
3234 3244
377 383
4833 4836
7481 7484
8475 8480
35 42
3583 3590
9293 9299
378 380
8496 8501
1035 1044
6118 6121
7942 7947
4285 4288
8707 8715
8689 8692
172 176
3210 3216
4925 4933
6184 6188
3976 3978
6488 6498
3720 3726
3164 3172
7182 7185
1426 1430
6580 6591
3306 3312
9413 9416
7889 7898
4871 4873
4722 4726
9562 9569
8202 8208
1893 1900
3345 3349
2661 2665
6884 6891
5659 5665
3117 3123
9255 9259
2075 2077
7045 7051
8469 8471
7903 7904
4439 4444
1499 1505
5499 5502
9991 9997
656 665
9558 9562
6717 6721
833 844
866 870
2178 2185
3674 3677
7362 7365
7483 7490
2112 2117
660 663
4222 4226
2825 2828
9188 9191
4781 4784
1690 1694
9738 9741
7291 7294
3537 3545
7458 7461
543 548
9140 9144
8378 8380
2386 2392
7718 7723
187 194
2222 2228
4752 4755
1856 1860
943 948
3666 3672
4559 4563
705 711
7989 7992
9867 9870
1127 1132
2098 2102
1296 1301
7520 7523
7726 7729
7464 7469
6907 6908
2656 2662
2216 2219
7452 7460
6201 6205
4953 4956
20 26
9198 9206
1074 1078
6692 6696
6809 6815
749 753
4657 4663
3078 3082
9539 9542
961 964
9269 9271
8556 8565
330 336
881 885
9428 9430
4215 4220
109 112
6758 6761
6567 6570
4795 4796
7262 7267
2867 2873
7865 7870
3069 3073
1926 1929
9704 9707
1381 1385
1825 1830
95 98
1523 1527
8079 8083
8583 8593
1050 1055
807 810
330 333
5272 5277
7103 7111
9247 9253
715 717
2615 2618
2702 2705
2944 2947
757 763
6899 6903
8944 8946
2296 2304
4473 4482
7247 7251
7856 7859
6712 6716
5927 5935
4461 4471
6893 6897
1191 1200
9362 9366
9975 9979
5826 5829
8151 8156
1886 1889
7288 7294
1477 1479
9616 9621
4899 4905
856 860
9035 9038
5 9
914 921
9955 9957
4470 4476
4226 4231
975 979
4255 4259
9946 9951
416 419
8119 8124
6072 6076
3536 3541
1658 1661
1486 1491
3068 3073
663 668
2403 2413
4304 4308
71 80
1819 1826
2625 2631
2829 2834
1446 1453
6935 6943
9580 9586
6292 6296
6407 6410
5249 5259
2731 2736
4628 4633
7176 7180
8785 8789
6694 6696
7364 7373
9699 9702
9170 9177
303 308
4191 4193
8235 8244
9884 9890
2958 2966
3613 3621
4786 4796
7824 7831
5418 5424
2652 2655
2156 2160
812 819
2898 2901
2601 2607
1046 1050
764 770
3635 3638
8749 8752
839 844
524 527
811 815
5648 5653
355 359
3296 3299
8298 8307
2025 2029
4793 4798
3959 3962
1961 1968
2986 2996
2798 2809
5615 5621
6878 6883
8702 8707
1066 1071
4448 4455
195 203
8198 8205
8294 8298
8570 8576
2002 2007
874 881
1306 1311
2236 2241
2955 2960
2081 2086
6237 6242
2164 2169
1020 1026
1636 1639
1746 1752
2403 2407
2616 2618
846 851
5756 5759
5611 5617
8539 8541
8088 8094
1146 1151
3215 3218
4140 4144
8164 8171
217 222
701 705
4236 4239
3514 3516
2267 2271
8872 8877
141 144
1583 1590
5731 5740
7817 7823
1850 1852
4118 4123
271 275
9422 9427
98 103
8311 8316
7129 7140
3048 3057
6875 6879
6662 6665
9590 9594
1695 1701
7487 7491
3168 3174
8619 8626
6285 6288
3793 3803
5037 5043
2746 2749
6855 6863
9979 9981
855 856
2326 2330
5475 5480
4661 4665
9979 9983
8751 8755
8951 8956
884 890
4964 4967
1631 1635
1736 1739
6294 6301
2746 2750
6223 6227
4606 4610
4698 4703
2813 2821
1804 1807
8455 8458
893 900
1358 1361
1667 1672
6395 6399
9068 9072
973 978
7602 7605
6354 6361
1904 1905
8547 8551
1876 1882
4592 4600
6265 6269
6151 6156
6598 6606
7908 7914
9653 9660
1805 1812
9300 9308
1006 1013
3300 3307
5526 5532
1589 1594
8997 9001
4209 4218
4994 4999
8207 8217
8892 8897
5523 5528
4169 4172
6593 6600
2081 2092
3595 3602
1154 1161
1004 1007
3932 3938
8287 8289
5788 5791
5218 5225
992 995
7207 7211
6653 6656
7085 7091
599 605
2615 2619
7800 7802
8211 8219
5682 5691
7138 7142
559 564
4519 4527
7432 7435
3899 3900
4709 4716
555 562
6857 6862
2552 2562
8666 8671
7071 7076
1157 1162
5824 5830
1373 1378
6054 6060
5599 5602
3104 3107
1018 1026
9726 9734
6158 6167
7238 7246
6229 6235
521 526
642 643
460 464
5275 5281
2717 2725
1219 1223
7029 7035
1122 1126
2238 2241
612 617
4292 4295
204 212
3588 3594
1207 1211
4804 4809
2708 2713
583 589
5044 5045
5867 5870
9472 9480
2268 2274
796 801
7233 7239
7684 7690
1357 1364
3758 3765
8410 8411
6628 6636
4557 4559
7105 7109
2481 2485
1274 1278
2483 2491
1577 1580
8854 8864
7118 7127
6572 6581
1701 1707
7565 7569
4577 4584
4808 4815
7018 7023
273 279
5348 5355
9172 9179
5813 5821
8175 8179
8438 8443
5897 5899
241 245
2374 2382
8234 8240
3925 3931
6094 6099
9793 9800
5111 5116
1891 1897
9312 9315
7734 7740
3207 3209
2476 2483
2510 2517
1799 1807
2553 2557
2228 2232
857 862
4368 4372
8350 8357
5042 5048
7802 7810
2337 2343
3702 3709
1370 1374
7799 7807
5109 5119
4613 4621
4140 4144
839 847
9011 9016
9554 9558
8969 8973
8804 8810
9448 9452
8119 8122
742 749
319 326
5228 5231
9954 9959
8084 8090
9197 9199
4043 4047
3912 3916
7807 7812
3041 3047
172 177
3749 3754
3561 3568
8589 8593
2643 2651
1921 1926
781 782
8615 8619
7820 7825
2776 2780
7313 7317
1124 1130
3605 3609
2876 2885
1564 1569
827 832
5132 5135
5223 5229
7717 7723
5702 5707
982 988
7434 7441
468 472
23 29
9241 9250
1685 1690
1387 1391
4485 4489
1209 1212
4198 4200
3990 3991
5486 5492
1038 1044
6728 6736
4080 4084
160 163
8508 8513
4253 4260
9434 9436
8208 8212
6132 6136
9243 9248
7376 7378
9289 9291
7041 7044
1771 1779
3574 3579
2023 2027
2758 2766
3336 3343
2211 2216
3939 3942
5584 5589
5148 5157
1066 1072
3458 3462
7564 7569
1277 1283
1496 1502
8723 8727
5101 5107
7451 7457
4668 4671
4378 4381
625 630
965 969
5203 5206
644 650
3284 3288
8529 8536
8488 8497
5080 5087
3866 3872
7627 7635
4544 4549
8785 8792
3115 3122
8056 8061
2506 2512
5617 5623
8133 8135
515 521
9635 9638
2337 2340
2778 2781
4213 4216
2334 2337
5490 5498
5985 5990
4008 4014
4688 4699
6848 6856
802 804
9377 9380
3639 3643
3144 3149
5222 5228
7461 7466
3808 3812
3700 3706
5808 5811
5848 5853
2848 2850
7135 7139
1554 1558
5595 5602
2826 2831
5748 5753
1503 1506
9198 9201
8104 8108
8903 8906
375 380
4900 4904
9346 9355
528 533
6853 6855
1098 1104
1518 1525
8199 8202
1459 1463
5537 5543
2676 2678
3467 3474
9839 9844
8053 8058
1028 1033
170 176
6716 6718
8717 8723
573 579
1052 1056
273 281
2435 2440
2054 2055
6744 6749
1458 1461
707 711
4473 4474
8844 8848
1129 1133
9427 9431
9195 9199
9711 9714
1386 1391
3371 3380
6130 6138
1178 1182
5764 5771
4565 4571
440 444
3107 3114
2655 2658
1377 1379
3826 3830
5714 5718
179 184
2207 2210
9913 9917
2722 2727
9856 9862
1539 1545
9976 9980
7439 7445
8375 8380
9618 9621
3065 3069
5672 5676
2552 2556
5330 5333
8324 8328
5320 5326
1788 1792
3651 3658
7571 7576
6418 6426
1483 1488
4305 4310
8595 8600
2226 2229
9462 9470
2957 2962
1179 1183
564 569
4963 4965
7458 7463
1920 1927
9293 9300
7348 7358
157 163
8026 8029
5833 5839
4957 4961
317 321
1977 1980
1212 1217
8317 8323
1095 1098
7462 7468
127 130
8307 8309
7245 7248
8679 8680
2111 2117
833 838
1905 1910
9666 9673
3471 3475
1024 1027
4825 4834
823 828
8538 8543
1556 1563
857 860
7637 7646
7063 7067
5501 5508
6738 6744
1749 1753
2386 2390
2162 2165
8091 8097
4949 4954
7840 7844
2415 2420
2105 2108
325 329
959 962
1915 1921
5667 5676
4255 4258
1293 1296
7809 7815
1858 1865
889 896
8653 8658
6492 6495
1011 1018
976 982
3112 3121
432 439
7974 7980
6237 6241
1898 1903
447 459
1300 1305
1125 1130
1285 1293
5312 5318
937 941
4735 4740
4559 4566
3059 3063
1789 1796
6009 6017
403 404
8216 8224
7108 7110
9792 9794
8883 8886
1349 1356
27 33
9860 9867
900 905
2961 2966
1619 1622
6828 6832
2974 2978
1784 1785
8446 8449
2763 2772
3640 3644
8478 8482
1128 1131
969 977
5456 5460
8140 8143
9097 9101
387 393
763 770
9938 9946
4937 4945
516 520
3413 3418
4864 4871
478 488
43 50
2961 2965
1184 1186
1508 1512
6189 6193
2999 3002
1307 1312
3227 3231
9762 9767
2318 2324
8500 8504
2186 2194
6681 6689
5578 5581
6154 6159
9638 9641
8141 8144
6705 6711
6815 6819
7603 7609
495 500
422 426
5963 5968
3088 3092
6003 6008
6375 6381
3322 3328
3481 3489
4199 4204
2357 2361
1646 1654
2946 2949
1657 1663
3780 3785
5757 5761
1302 1310
3559 3565
1020 1024
6858 6866
9438 9441
2443 2449
8339 8345
7562 7570
9038 9043
6041 6044
6678 6681
2719 2722
9536 9538
4863 4869
8921 8931
7119 7129
7769 7773
205 211
6578 6582
4372 4375
7217 7220
8762 8765
3963 3969
2219 2226
1676 1680
257 261
73 78
3889 3893
7555 7561
4519 4522
1707 1714
3639 3644
5678 5680
2535 2543
3140 3143
6700 6706
2404 2410
8202 8206
6211 6217
534 538
2507 2509
9918 9924
7856 7859
2143 2147
8232 8236
8083 8089
2975 2976
9440 9447
2410 2417
424 432
3433 3440
3085 3087
3344 3347
1311 1313
1032 1038
6221 6227
6183 6188
1407 1413
6601 6607
8550 8557
8892 8896
2519 2525
535 539
7690 7692
2574 2580
9198 9201
8167 8175
1554 1562
2080 2084
7573 7576
5348 5353
3426 3428
8321 8328
8747 8750
7628 7632
3200 3203
934 940
4819 4824
479 484
3909 3914
9360 9366
5776 5779
7396 7405
1025 1030
1211 1214
9244 9247
7268 7275
7752 7761
711 719
5820 5823
4475 4478
7342 7346
2782 2786
6919 6923
8520 8527
8067 8074
1406 1413
692 695
7358 7366
2980 2985
2452 2458
2925 2932
1286 1292
7860 7865
2613 2617
6782 6783
9758 9761
2216 2219
7945 7948
7840 7841
2424 2432
3467 3472
9642 9647
8660 8668
1809 1812
776 785
4593 4600
4484 4488
4039 4043
4851 4859
2124 2127
1061 1066
7595 7597
5645 5649
4059 4066
8094 8103
3322 3328
3289 3292
334 340
703 709
8914 8918
149 156
8164 8167
4028 4033
8429 8437
5496 5501
244 251
6533 6536
6618 6623
6405 6411
4742 4743
6229 6237
4253 4258
9449 9454
8568 8573
1322 1326
9754 9761
9703 9706
687 694
1904 1908
7671 7673
2794 2801
3285 3290
7342 7347
9575 9578
841 847
1557 1560
9355 9358
7036 7040
1945 1951
1825 1830
1175 1176
5205 5209
5853 5858
3461 3468
8089 8093
594 602
3606 3609
3138 3145
1513 1517
268 271
529 533
1903 1909
6433 6439
3603 3607
7681 7687
179 183
7061 7070
5633 5637
8840 8846
1837 1840
1018 1021
595 599
852 857
6858 6861
4267 4272
6491 6494
1176 1183
2035 2040
5910 5914
1188 1194
5430 5435
4283 4288
6769 6773
3840 3847
2130 2137
434 435
6945 6951
465 473
2302 2307
3615 3621
1823 1829
2499 2507
4677 4680
2315 2321
7927 7930
9764 9769
7936 7938
7244 7248
8528 8534
1936 1943
8423 8428
9959 9965
3203 3213
8549 8553
2753 2755
8717 8722
4111 4114
259 262
2469 2474
7343 7348
351 355
1714 1718
776 782
2068 2073
7015 7019
8227 8231
7416 7418
1903 1908
4271 4273
6851 6858
4509 4516
3862 3868
3037 3041
9208 9215
2054 2058
4019 4021
6460 6465
1454 1459
7258 7262
1277 1279
1067 1073
4129 4133
7918 7923
2063 2067
2797 2802
2268 2272
630 633
3444 3448
8516 8519
3588 3591
4202 4206
4475 4478
2691 2696
6773 6778
606 612
3828 3831
4164 4168
7074 7076
9431 9435
1887 1892
6741 6744
3524 3530
8773 8777
6436 6441
1757 1763
6052 6060
3965 3967
2970 2974
749 755
4593 4596
5518 5521
843 846
6597 6605
5784 5788
8794 8801
5862 5869
5997 6000
4119 4122
3888 3895
9918 9920
4593 4597
5029 5038
5071 5075
5541 5546
4810 4820
6171 6176
4813 4816
2507 2511
1481 1485
3218 3221
611 613
7874 7881
5644 5649
348 354
3690 3694
977 979
5589 5594
2785 2790
3721 3724
221 228
4147 4150
7307 7313
8201 8207
2143 2147
2510 2518
1807 1813
602 605
8611 8614
3644 3648
4247 4253
3076 3080
215 218
7691 7695
5582 5586
212 220
2206 2209
5965 5968
1910 1916
1692 1698
8659 8662
6032 6034
9200 9207
1550 1558
2473 2479
1354 1361
499 502
6238 6244
313 321
5969 5974
8905 8912
3842 3846
815 819
1875 1879
3824 3830
6398 6404
1214 1220
9980 9983
9585 9591
6028 6032
9938 9947
3983 3989
541 549
1601 1605
6214 6217
2531 2538
3210 3214
2310 2314
2379 2382
5663 5668
4862 4867
2354 2359
2700 2704
3145 3151
8919 8922
7535 7539
631 635
9988 9996
2159 2166
7884 7887
1514 1520
2562 2566
823 829
516 525
1632 1635
9329 9334
6108 6111
8469 8477
7258 7263
1256 1262
7892 7898
3081 3086
2903 2907
2672 2678
2544 2549
7346 7350
229 233
9278 9282
4 9
6609 6615
2431 2437
5231 5238
6453 6456
7964 7966
8198 8201
1926 1932
1587 1596
398 403
2420 2422
6748 6752
5124 5130
4056 4059
431 435
8834 8837
1869 1875
7477 7480
7979 7986
6556 6561
5031 5037
1154 1158
3797 3803
2326 2328
5195 5200
4533 4540
4580 4586
7226 7235
2013 2017
9370 9376
8844 8849
6376 6380
539 543
1462 1469
7717 7720
631 638
1417 1423
8078 8081
5808 5815
9729 9731
4915 4920
3894 3898
3041 3045
4254 4258
6981 6986
224 230
8853 8859
3741 3747
9522 9526
9356 9361
1404 1414
1009 1013
6409 6415
1274 1283
272 275
1932 1937
9673 9678
2389 2394
8280 8284
8135 8140
2348 2350
2333 2336
1826 1830
1608 1613
3547 3552
6083 6087
3190 3195
8020 8026
5015 5020
2310 2316
2129 2133
4972 4976
1982 1989
5471 5475
28 34
2532 2538
8622 8628
9113 9119
5636 5644
2777 2780
3767 3769
9993 9998
2996 3000
1997 2003
7743 7749
3993 4000
7662 7665
8115 8123
3653 3657
2305 2314
8548 8554
2192 2194
4712 4718
5393 5398
1562 1566
2660 2663
1902 1908
8944 8947
3340 3345
5426 5433
3060 3064
294 303
6941 6948
9821 9824
9943 9948
1789 1798
8806 8812
6230 6232
8690 8695
1867 1873
5590 5596
9728 9732
8717 8720
2453 2458
6226 6229
9013 9017
5930 5940
4568 4572
8444 8450
7195 7200
3608 3619
4722 4727
8934 8937
4709 4713
8015 8021
1648 1652
5284 5287
2151 2153
963 965
507 515
8913 8918
1043 1045
7458 7463
8433 8443
9861 9867
1951 1954
7355 7358
1503 1505
7168 7171
7444 7448
1938 1943
7995 8000
9471 9477
9378 9381
8194 8198
1790 1796
7995 7997
3431 3434
2319 2328
1062 1067
1053 1058
3732 3734
1273 1277
958 966
4230 4233
1745 1751
61 67
8690 8694
2849 2854
9834 9837
3018 3021
2059 2064
1877 1883
2181 2185
7866 7872
9230 9233
6477 6481
1143 1146
809 815
9707 9711
796 802
2873 2876
9198 9202
1513 1520
2348 2356
327 333
7395 7401
9506 9511
9231 9235
9575 9581
6004 6009
7147 7151
8202 8205
6101 6106
2536 2541
9888 9895
5450 5455
665 670
9168 9176
9727 9732
1722 1725
4811 4815
1729 1732
5308 5314
7643 7647
1859 1864
2827 2833
1989 1996
1095 1099
1562 1567
5474 5477
5169 5172
7706 7713
3867 3869
3525 3530
7589 7595
5194 5196
6627 6641
3994 4001
7983 7987
1528 1536
8069 8075
1065 1070
9332 9335
5804 5811
3678 3686
1870 1877
8490 8494
394 397
2349 2354
4219 4225
6347 6351
2018 2028
1651 1657
6007 6011
9 13
6778 6788
9410 9415
5847 5852
416 418
3977 3985
2263 2269
9030 9039
4198 4202
8270 8280
1969 1975
9600 9607
5893 5899
6117 6119
8908 8913
2594 2600
2723 2728
1580 1584
2518 2522
8783 8784
1403 1410
4031 4034
6871 6877
4572 4580
1306 1310
2001 2008
648 650
169 173
186 188
1415 1418
4286 4290
3371 3382
5154 5157
9368 9373
7152 7161
9320 9323
9464 9467
5234 5237
571 577
502 510
3991 3995
743 750
563 569
9885 9887
7260 7267
6358 6363
3307 3314
1943 1947
1757 1763
8472 8477
3930 3933
7113 7116
3851 3858
4595 4604
1562 1567
4527 4531
6521 6524
6649 6657
1298 1303
4184 4190
2948 2954
4742 4749
9347 9355
6589 6594
4513 4517
3447 3453
2024 2029
7845 7853
1317 1321
8150 8153
6470 6476
1405 1410
3743 3746
8517 8522
7675 7679
155 161
2572 2578
5895 5900
2483 2485
523 530
6248 6255
6379 6383
9624 9628
5622 5624
8891 8897
2353 2357
5769 5772
5332 5333
1566 1572
4725 4729
174 176
647 655
4694 4702
2710 2718
4459 4463
2597 2604
5509 5514
9349 9354
41 47
439 445
3762 3764
1979 1985
9330 9333
197 202
1869 1872
7335 7338
4322 4327
6697 6701
8319 8323
1779 1782
4631 4636
907 910
2666 2670
7383 7387
2662 2670
1666 1671
7135 7140
9259 9264
7422 7426
7512 7516
276 285
4529 4531
5058 5063
3337 3344
8342 8348
350 354
3868 3872
9656 9661
4788 4790
8126 8133
2965 2968
1106 1114
224 228
3009 3015
6767 6771
9459 9461
444 446
825 831
3355 3361
9151 9154
1060 1065
8683 8686
1683 1689
993 998
7834 7839
3131 3134
749 758
1451 1454
9230 9236
431 432
1027 1030
8507 8511
1297 1299
2256 2261
3893 3900
2156 2158
9630 9634
5870 5872
42 48
1352 1357
8223 8228
4796 4798
1660 1664
4370 4373
1369 1375
3509 3515
185 190
8728 8732
3552 3559
4958 4965
9479 9486
7681 7685
2933 2941
3899 3902
2196 2202
7224 7226
9447 9451
395 402
7840 7844
6187 6193
7005 7010
8048 8054
9339 9344
2696 2701
6917 6921
6430 6432
9266 9270
5878 5884
1570 1575
4543 4550
6474 6481
8152 8159
8113 8115
653 658
7152 7162
3669 3671
1828 1835
4471 4475
6464 6473
2 6
7240 7243
8041 8044
381 383
1314 1317
1708 1715
7891 7894
1829 1834
3008 3011
4426 4432
9388 9390
9279 9281
383 389
3986 3991
1912 1919
1698 1703
4153 4158
5874 5879
716 718
2851 2855
2683 2688
3891 3897
4802 4804
7691 7696
1914 1917
8765 8768
6525 6528
5120 5124
169 175
720 727
1185 1193
6264 6268
6647 6649
8492 8500
9084 9085
2839 2844
1293 1298
5191 5195
2642 2645
8402 8406
6982 6987
8893 8901
1587 1591
1111 1115
1862 1866
437 441
7233 7239
7336 7341
8327 8329
8895 8900
1119 1122
2056 2060
5195 5199
8039 8044
9394 9397
3678 3684
6968 6972
925 929
5604 5607
5873 5878
8353 8359
9971 9974
4882 4889
1317 1321
1764 1768
6230 6237
3881 3883
6564 6569
500 504
6807 6812
3314 3319
754 757
6390 6396
8206 8210
1891 1897
7889 7893
1786 1789
8325 8328
6838 6844
435 440
5936 5938
5936 5941
1546 1554
8937 8944
8236 8241
3868 3879
4231 4237
6562 6566
1806 1811
1771 1774
6194 6198
4348 4350
471 473
2732 2737
8312 8316
4341 4347
2566 2571
1425 1431
4430 4435
3159 3164
4030 4035
7244 7246
4897 4904
411 414
961 967
6944 6947
7542 7546
499 506
4617 4622
798 802
5054 5058
5050 5054
9065 9070
605 610
8200 8204
1836 1842
8279 8281
1223 1227
5061 5067
1168 1177
1831 1835
492 495
7274 7279
5692 5695
442 451
6579 6582
7401 7405
9085 9092
1551 1554
5891 5896
3985 3993
1621 1625
8625 8628
1146 1151
8356 8364
5479 5485
4562 4568
6116 6121
940 944
5552 5556
