7000
4341 4342
6199 6201
8545 8546
1654 1656
7158 7159
4059 4061
5794 5796
3793 3795
3343 3346
4839 4841
8900 8901
3234 3237
2675 2676
9736 9737
7438 7439
9958 9961
586 589
7085 7086
5014 5016
5284 5286
5253 5254
729 731
288 290
2426 2428
9670 9671
4537 4539
3281 3284
3372 3374
6549 6554
1348 1350
9077 9078
6199 6200
6835 6836
3573 3574
8137 8138
8351 8352
8731 8732
7617 7618
5233 5235
574 576
7378 7380
5531 5533
7734 7738
1044 1045
342 343
6467 6468
0 1
7528 7531
916 917
2636 2639
4999 5000
7758 7760
9240 9241
581 585
3623 3624
5941 5942
7131 7133
5749 5750
1545 1548
9299 9300
5577 5579
4099 4100
4364 4366
3245 3246
4726 4727
201 203
6424 6426
4083 4084
7389 7390
735 736
2026 2028
8896 8898
8745 8746
6170 6172
1488 1494
8721 8724
8392 8393
8752 8753
1325 1327
9773 9774
7744 7747
8255 8256
4468 4471
2072 2074
6843 6844
32 35
5757 5759
765 766
3114 3115
2980 2981
1458 1460
2359 2361
8124 8125
6008 6010
5313 5315
6667 6669
1717 1718
5928 5929
7592 7595
1102 1104
4580 4582
3871 3873
2990 2992
5414 5416
4001 4003
8064 8065
8275 8276
84 85
9684 9687
7912 7914
106 107
9868 9869
8644 8646
3830 3833
6436 6437
7366 7367
1592 1593
4988 4989
8841 8845
5869 5874
7212 7213
3949 3951
7446 7448
9660 9662
1052 1053
5771 5772
1256 1257
1110 1111
2063 2066
667 669
6252 6254
2670 2671
3146 3148
3925 3926
1151 1153
5874 5876
5776 5778
7043 7045
9429 9432
5536 5537
6763 6766
16 17
1862 1865
3936 3938
7301 7303
2061 2064
2661 2664
3815 3816
1178 1181
585 587
139 140
2082 2083
4025 4027
906 910
1575 1577
9338 9340
5376 5377
1300 1301
9424 9425
5865 5867
537 538
2695 2698
8527 8530
8629 8630
2855 2858
9788 9789
794 795
1744 1745
1708 1710
75 76
6072 6074
6490 6493
1887 1889
4819 4820
9979 9980
7197 7199
5158 5159
6807 6808
845 846
5375 5377
7439 7441
1158 1160
4821 4823
432 433
9766 9769
7224 7226
2959 2961
553 554
6273 6275
6955 6957
9389 9390
7625 7626
8029 8030
3128 3131
2039 2040
1527 1529
398 401
8490 8492
9648 9649
8058 8061
5517 5519
4192 4193
2530 2531
2618 2619
3148 3149
4058 4060
2990 2991
2282 2283
9745 9747
6439 6440
1303 1305
1495 1497
1927 1928
269 272
396 398
1033 1034
8431 8432
3592 3593
1135 1137
9027 9029
5842 5843
9082 9085
8616 8617
4961 4964
8717 8718
5908 5910
5920 5921
3245 3246
2168 2170
130 134
7782 7783
2782 2785
7006 7007
6491 6493
1870 1871
4616 4618
2197 2199
3143 3144
1763 1764
4772 4774
3598 3602
4936 4938
9217 9218
5414 5416
5881 5883
3469 3472
6723 6725
6952 6953
7325 7329
1828 1829
8231 8233
429 430
1426 1428
7700 7702
4153 4154
2153 2155
1797 1799
5041 5042
5264 5265
8383 8385
8720 8721
144 145
400 405
4077 4078
8213 8214
5202 5204
8658 8660
4202 4205
3753 3754
2249 2250
5058 5060
6575 6576
8090 8092
4638 4639
6823 6825
1395 1396
4703 4705
7205 7206
1559 1561
3123 3124
4287 4288
1041 1042
4026 4027
2530 2532
6209 6211
4822 4825
935 939
7043 7045
2533 2536
5678 5681
3902 3905
8100 8101
3075 3078
8776 8778
5009 5010
6430 6434
2798 2801
8624 8626
1737 1739
6890 6893
5015 5018
2452 2454
6756 6758
9782 9784
7934 7936
5188 5189
7855 7856
1960 1961
7945 7946
9923 9925
545 547
4659 4660
487 488
5943 5946
5347 5348
8586 8589
1389 1390
1671 1673
1798 1804
3198 3199
2280 2281
7485 7489
2707 2708
1813 1816
6860 6861
5448 5450
9846 9847
7271 7272
2188 2191
2344 2345
3143 3145
6448 6449
5636 5637
2354 2356
7549 7550
3889 3891
2823 2825
1827 1830
9251 9252
6190 6191
7639 7640
2046 2047
3362 3363
5775 5778
7624 7625
4078 4079
4985 4987
103 104
6783 6785
377 379
6352 6354
6048 6049
170 171
8494 8495
216 217
2730 2732
9728 9730
6039 6041
9919 9922
8672 8673
8352 8353
5863 5865
6421 6422
7669 7671
1130 1133
1465 1466
4330 4332
259 260
4084 4086
5389 5391
4986 4987
1419 1420
2736 2738
2140 2142
8666 8667
3633 3635
3488 3492
5822 5823
3 4
5161 5162
1896 1897
6143 6145
2150 2152
8432 8433
5872 5873
2361 2362
4770 4771
2316 2318
7167 7169
5645 5646
8120 8121
1810 1812
2131 2133
5970 5971
6621 6622
3596 3597
5006 5009
8514 8515
803 806
3210 3211
5271 5273
9552 9553
2238 2240
471 472
6344 6345
1830 1831
6382 6386
7261 7262
6395 6396
7153 7155
668 670
83 87
8710 8711
6760 6762
7372 7373
2295 2297
7907 7909
14 15
3452 3453
288 291
9905 9906
5812 5813
8023 8025
6341 6345
6575 6577
2292 2294
7525 7526
6611 6612
2173 2177
6982 6983
5783 5785
3387 3388
8795 8797
8052 8054
9679 9680
8269 8271
1274 1275
884 885
2629 2630
337 339
2461 2463
4111 4115
1513 1515
4994 4996
7824 7825
7550 7551
7016 7017
8060 8062
9802 9804
759 760
9311 9313
2923 2924
67 70
7300 7301
7225 7226
8256 8257
9141 9143
50 53
1658 1660
1807 1809
4450 4452
8491 8492
8763 8767
4382 4383
4836 4839
222 224
270 271
9680 9682
1725 1726
5519 5523
4809 4812
6701 6702
6631 6632
8324 8325
5811 5814
2726 2728
2307 2311
283 284
3969 3971
2491 2495
1166 1168
3965 3968
4124 4125
7534 7535
7772 7774
2851 2854
3999 4002
3730 3734
9513 9515
73 77
265 266
844 847
3379 3381
4955 4956
6028 6029
1661 1663
2432 2433
8228 8230
166 169
6140 6142
2666 2667
2239 2241
2051 2053
4852 4855
4408 4411
7048 7051
5567 5569
8223 8225
2133 2134
3175 3176
6241 6243
2517 2519
2148 2150
7362 7363
3956 3958
9676 9677
3454 3456
1658 1659
1721 1724
784 785
690 693
467 469
6120 6125
865 869
180 181
6429 6430
4537 4538
3629 3630
8390 8392
9843 9844
7004 7007
103 105
9388 9391
2920 2921
1990 1992
5136 5137
9052 9053
7582 7583
1528 1530
6366 6367
1472 1475
9195 9197
6960 6962
4179 4181
8983 8984
5987 5990
823 824
397 401
1097 1099
6594 6595
8901 8903
7654 7656
4521 4523
503 504
3472 3473
20 23
1932 1933
4953 4954
824 825
5033 5034
57 58
5666 5668
2732 2734
2280 2281
5169 5171
6967 6969
5690 5691
868 869
9926 9927
2830 2832
1481 1483
4144 4145
9705 9707
9449 9450
8833 8834
2004 2006
2910 2911
3240 3242
1033 1037
5610 5611
527 529
5282 5283
6393 6394
7189 7192
7863 7864
3963 3965
2565 2567
8599 8600
9251 9252
7320 7322
2083 2086
3558 3560
8109 8113
6358 6359
5238 5239
7178 7180
7465 7467
7457 7458
6572 6573
7221 7222
6923 6925
5756 5757
867 868
1262 1264
9298 9302
5345 5347
5234 5236
6843 6845
4021 4023
5354 5356
4063 4065
8411 8413
6811 6812
1795 1797
7406 7408
6881 6883
3651 3653
5768 5773
7898 7899
1275 1278
5842 5843
5694 5697
5084 5085
1535 1536
6502 6505
956 958
1155 1156
325 327
650 652
6688 6690
5939 5942
4010 4012
6017 6018
4934 4937
4949 4951
1210 1211
3495 3497
6419 6420
4648 4649
4189 4190
173 176
5853 5856
3695 3697
1223 1224
3637 3638
6649 6650
5800 5801
4407 4408
8134 8135
884 885
7178 7180
4813 4815
643 645
5304 5305
4496 4497
3164 3166
2538 2540
8551 8552
5855 5858
2732 2734
1565 1566
8939 8941
7445 7446
1230 1232
8194 8196
4528 4531
2178 2182
5745 5746
6928 6929
4205 4207
5150 5152
5257 5258
5312 5314
9401 9402
5199 5200
4729 4731
2695 2697
2353 2354
7795 7796
6548 6552
2569 2571
7153 7156
2376 2377
4256 4258
6744 6746
6749 6751
103 104
2815 2816
4049 4052
1074 1076
8967 8969
4749 4751
137 140
2175 2178
4332 4334
7970 7971
6053 6054
8768 8770
8054 8056
3178 3179
1158 1161
4981 4982
2697 2700
7588 7591
3931 3934
731 733
4278 4279
7860 7862
8752 8754
5089 5091
1961 1963
240 242
7054 7056
7974 7976
4208 4209
5656 5657
4173 4175
8148 8150
8503 8505
9511 9512
2177 2179
8823 8826
6107 6108
2206 2208
2603 2606
788 789
3263 3266
9047 9049
4435 4436
7492 7493
5732 5733
76 77
4667 4668
403 405
8368 8370
8900 8902
1056 1058
167 168
9212 9213
6114 6115
132 134
5793 5795
1978 1980
9854 9855
5013 5015
6831 6833
4890 4892
3328 3330
2650 2652
1299 1300
2489 2491
9676 9678
5838 5840
6612 6614
4391 4394
1957 1958
5503 5504
9491 9492
482 483
2829 2831
7027 7028
3362 3364
952 953
8496 8498
5646 5647
5184 5186
5598 5600
1555 1557
5038 5042
8102 8103
5945 5946
478 480
8224 8225
9081 9083
2195 2196
1623 1624
7634 7636
8343 8344
2606 2609
5369 5370
3282 3283
9991 9994
4438 4440
1601 1603
35 36
3179 3180
9656 9659
4654 4656
3403 3406
8350 8351
138 141
8947 8949
5293 5295
1873 1875
2649 2651
2590 2591
9204 9205
2177 2178
5707 5709
5319 5320
4750 4751
534 537
228 229
5722 5723
9672 9675
8785 8786
3774 3775
9184 9185
6651 6652
8885 8887
7037 7038
916 918
5189 5190
1682 1684
9074 9075
3760 3762
5850 5851
4546 4548
9260 9261
6427 6428
2233 2234
9421 9423
3161 3163
7818 7819
9546 9547
1352 1354
1265 1267
6461 6462
1846 1847
3458 3459
9594 9595
7371 7372
7946 7948
3504 3507
8246 8248
422 424
5254 5255
7953 7954
5761 5763
3586 3589
5421 5423
8737 8739
6616 6617
113 114
3336 3338
8592 8593
9022 9025
9265 9266
9370 9371
2336 2337
6525 6526
2746 2747
7645 7647
9512 9513
9486 9489
2815 2817
5105 5108
5726 5727
3201 3202
773 774
5308 5310
3080 3081
1599 1602
3990 3991
4591 4593
4214 4215
3223 3224
5857 5860
2700 2702
8850 8852
2322 2324
3285 3286
6762 6763
2702 2704
1268 1270
1378 1381
5152 5153
3848 3849
9239 9242
8640 8642
2762 2763
8239 8241
6272 6274
1792 1793
2200 2201
6343 6344
7520 7522
7481 7484
3370 3373
8991 8992
9147 9149
9984 9985
2716 2719
7093 7098
79 80
4403 4406
6282 6283
4386 4387
7119 7120
2650 2653
2195 2198
188 190
5520 5523
8608 8609
7888 7889
9499 9502
2426 2428
6900 6903
7769 7770
5333 5335
9814 9815
1504 1507
5970 5973
9537 9538
7598 7599
1080 1082
5398 5399
6851 6853
1889 1891
4463 4464
9055 9057
3505 3506
5742 5744
1267 1268
9663 9665
9655 9656
4083 4086
9695 9696
9618 9619
6872 6873
5096 5098
9670 9671
2538 2540
7121 7122
1445 1446
4523 4524
8243 8244
2365 2366
4718 4719
7135 7136
6938 6940
4599 4600
1502 1504
3193 3195
554 555
9127 9131
31 32
8066 8067
6431 6433
2723 2725
9558 9560
3818 3819
1877 1879
1692 1693
3912 3915
8362 8364
3133 3135
9729 9731
531 535
1149 1150
7279 7281
1829 1831
9356 9361
1278 1281
7778 7780
2338 2339
5175 5176
8944 8945
6125 6127
139 140
9823 9826
6340 6341
3640 3641
7966 7967
9083 9085
8148 8150
7548 7550
9951 9952
2908 2910
9554 9558
3110 3111
6557 6559
7079 7081
3009 3010
403 406
1578 1580
541 543
6023 6024
2574 2575
5456 5459
369 372
1907 1909
2485 2486
5001 5003
8048 8049
3932 3934
573 574
6660 6662
5816 5817
8884 8885
375 377
33 35
2604 2605
9783 9784
5791 5792
5426 5429
8010 8012
991 994
2364 2365
568 570
5994 5995
579 582
4031 4036
5709 5710
1660 1662
4141 4144
9285 9286
8477 8479
4025 4028
7272 7273
8828 8830
1435 1436
3551 3554
2520 2524
9009 9011
7745 7747
870 872
1265 1266
1592 1594
2891 2892
369 370
1538 1539
7604 7606
3778 3781
2212 2213
991 992
2693 2694
3411 3413
1621 1623
8197 8198
2662 2663
5128 5129
6101 6103
2759 2760
844 847
8441 8443
89 90
9494 9495
2644 2646
1620 1621
1486 1487
6146 6147
7968 7971
1486 1487
1271 1273
949 952
9466 9469
1474 1475
3445 3446
1788 1789
7349 7350
5828 5830
954 955
1504 1505
3281 3283
4247 4249
3757 3758
7285 7286
6114 6115
350 351
2832 2833
3677 3680
4945 4948
2312 2313
3232 3234
4885 4888
3239 3240
7768 7769
2589 2590
7683 7684
6209 6210
1987 1988
8796 8798
3245 3246
1912 1915
8641 8643
938 940
4248 4250
1479 1481
3207 3208
1230 1231
3954 3956
9601 9602
3940 3941
2043 2044
9718 9719
3412 3413
4377 4378
6623 6624
1472 1473
1984 1986
3885 3886
9688 9690
8720 8721
6258 6260
4704 4707
4441 4444
606 607
2276 2277
5924 5925
652 653
3037 3038
9035 9036
1699 1700
3316 3317
1890 1891
3368 3370
9607 9609
1221 1222
7975 7976
1520 1521
2792 2793
4565 4566
5547 5548
4258 4259
7684 7685
1533 1535
2829 2832
1782 1783
2708 2710
6166 6169
5690 5692
5923 5924
870 871
5342 5343
9282 9284
4196 4197
2182 2185
9969 9970
9073 9075
8715 8716
6053 6056
4738 4740
1755 1756
5176 5179
8479 8482
1154 1158
4731 4733
883 885
5851 5852
9770 9772
1238 1240
8303 8305
5678 5681
3604 3605
7073 7074
4163 4165
1199 1201
8595 8596
2125 2126
5485 5487
5063 5065
9231 9233
7560 7561
7718 7719
9073 9074
8079 8081
8709 8710
9662 9664
225 227
1575 1577
7682 7685
7475 7477
8817 8819
9349 9353
7446 7447
7532 7533
4569 4571
2684 2685
4361 4362
5472 5473
5288 5290
8266 8269
6089 6090
2154 2156
4604 4606
7235 7238
5600 5604
9076 9077
598 599
8605 8607
3533 3534
468 469
1184 1185
1423 1426
2964 2965
9616 9617
1016 1019
4066 4067
4998 5001
6875 6878
7148 7150
2510 2511
396 397
5941 5942
5795 5798
6867 6869
5589 5590
4020 4021
3355 3356
5948 5949
8253 8255
5081 5082
2280 2284
1828 1830
9228 9229
1173 1174
3456 3459
310 312
6430 6432
1238 1239
3992 3994
3739 3740
4853 4854
448 449
2568 2570
7055 7057
9877 9878
2490 2491
1200 1202
9056 9057
773 774
589 590
6864 6866
7538 7540
9431 9433
2889 2891
540 542
7587 7590
1843 1845
4167 4168
5520 5522
1560 1561
1047 1048
4581 4582
385 387
9606 9607
1990 1992
6786 6788
3404 3406
1964 1967
1462 1463
8732 8735
396 399
6843 6844
4065 4068
6925 6928
4613 4616
4742 4744
692 694
2445 2447
2270 2271
3919 3921
8849 8850
6118 6122
576 577
1846 1848
2486 2488
9556 9557
8603 8604
1364 1365
6501 6505
2508 2510
2878 2879
3338 3339
6723 6726
3005 3007
2411 2412
4193 4195
3121 3124
943 945
1227 1230
4514 4516
5290 5291
418 420
801 802
339 340
6544 6545
238 240
12 13
6278 6283
5433 5434
9744 9747
4403 4405
185 187
1135 1136
4832 4835
633 634
437 438
2134 2135
8577 8578
3671 3673
8722 8723
7263 7264
9659 9660
4540 4541
9368 9369
283 285
1848 1849
368 370
3292 3294
3227 3228
4459 4461
2083 2088
112 115
6305 6307
1001 1002
5434 5435
1770 1771
9555 9557
8507 8509
4299 4300
7730 7731
4075 4076
8803 8804
1441 1443
6196 6198
2488 2489
8664 8665
6675 6677
7048 7049
5362 5365
2280 2281
2490 2492
9767 9771
3713 3714
4015 4017
2453 2455
8172 8175
4980 4982
6766 6768
2704 2705
1418 1420
8651 8653
378 380
2837 2838
8539 8541
9459 9460
434 436
957 959
2109 2112
528 530
5937 5939
1366 1367
3914 3915
3159 3162
9291 9293
6446 6448
8183 8185
9635 9636
99 103
3936 3940
5846 5847
1244 1248
5456 5458
4405 4407
9714 9715
5599 5600
41 42
6925 6926
8075 8077
2324 2325
345 347
9863 9864
3749 3750
9276 9277
597 598
4335 4337
6647 6648
2426 2427
47 50
3244 3247
3592 3593
8763 8765
7270 7272
5175 5176
1145 1148
4698 4700
9482 9484
4471 4472
268 269
6713 6714
7666 7667
6030 6031
807 809
7109 7110
4290 4291
9059 9060
1684 1685
4546 4549
2765 2768
1106 1108
606 607
391 392
2093 2094
3199 3203
583 584
7951 7953
7557 7558
7435 7437
12 13
6667 6670
869 870
166 168
1903 1904
976 978
7793 7795
2516 2517
6149 6150
4515 4517
118 119
4255 4262
3388 3389
2497 2498
7711 7712
1091 1092
1875 1877
8564 8566
9125 9127
7007 7008
8371 8373
5123 5126
7727 7728
2658 2660
4336 4337
8275 8276
1221 1223
1577 1579
1799 1800
4919 4920
4241 4242
8615 8618
5712 5713
212 214
3639 3642
3265 3267
7830 7831
8514 8517
3336 3338
5783 5784
1032 1033
4988 4989
3339 3340
3705 3706
4672 4675
5940 5941
9868 9870
8395 8398
7728 7730
4985 4986
5537 5539
6320 6321
3124 3125
1000 1002
9354 9355
8705 8707
5494 5497
562 563
3865 3866
7555 7557
700 701
2305 2307
9718 9721
1629 1630
6794 6795
1026 1027
463 464
528 530
1751 1753
5679 5680
1353 1355
199 200
3 5
8444 8447
9280 9281
16 17
5292 5295
5098 5099
9858 9859
1730 1731
8553 8554
9551 9552
3270 3275
444 446
1651 1653
487 490
7055 7057
2573 2575
2890 2892
2858 2859
7552 7553
129 131
4640 4641
6860 6862
8046 8047
8629 8631
5044 5045
6422 6423
5936 5937
7473 7474
9156 9159
333 336
8756 8758
1051 1052
5393 5395
6536 6539
3931 3932
2322 2323
7079 7080
8202 8204
1176 1177
1580 1581
3270 3272
5388 5389
3429 3430
5886 5888
2004 2006
7612 7614
6328 6330
4275 4277
5760 5762
99 100
5044 5046
3055 3056
4393 4394
1068 1070
4928 4930
4574 4576
9284 9285
4728 4731
8798 8799
525 527
6201 6202
1590 1592
4088 4089
1997 1998
1653 1655
9175 9176
5750 5751
681 685
1456 1458
895 897
630 631
7406 7407
9531 9533
489 490
5167 5170
4521 4522
127 128
9964 9965
440 443
1117 1120
392 394
2716 2720
488 489
3765 3768
323 325
8188 8190
3823 3825
7264 7265
6003 6007
9754 9755
4722 4723
5318 5320
5854 5856
6586 6587
6425 6426
9524 9526
5819 5821
7304 7306
120 121
2662 2664
488 490
682 683
8341 8342
2574 2575
6500 6502
5568 5570
6226 6229
5754 5756
1552 1554
850 852
1516 1517
3228 3231
3488 3490
6602 6604
7737 7739
8903 8905
7901 7902
2749 2750
5967 5968
102 103
4265 4266
1881 1882
1846 1848
6710 6711
4510 4513
6489 6490
9858 9861
184 185
8122 8124
106 107
6586 6587
3991 3994
1374 1376
2496 2499
4974 4976
520 523
2073 2075
2359 2362
1281 1283
2662 2665
7996 7997
8217 8220
9451 9453
9117 9119
8804 8807
9786 9788
333 334
1566 1568
505 507
2837 2838
1454 1456
3784 3785
6333 6334
6972 6973
6923 6925
1547 1549
5373 5377
3257 3258
88 90
6129 6130
297 298
3340 3343
9923 9924
7901 7902
5344 5346
5876 5877
1731 1733
7500 7501
5649 5651
3613 3614
253 255
311 312
9693 9694
6332 6335
7453 7455
1814 1816
1605 1608
216 218
3212 3213
6834 6835
3849 3851
2258 2261
912 913
142 144
3209 3210
7452 7454
9180 9182
7570 7572
9535 9538
4562 4563
3367 3369
5111 5112
2817 2818
1014 1018
763 764
1327 1330
2612 2615
3346 3348
1443 1444
9850 9854
2593 2594
8666 8669
4443 4445
7444 7445
5834 5836
736 737
6502 6504
1025 1026
7559 7560
7953 7954
1008 1010
9006 9007
1543 1544
1133 1136
2751 2752
1072 1074
7395 7396
1228 1229
7541 7542
62 64
3220 3221
2715 2716
948 951
2180 2182
7658 7660
5384 5387
7738 7740
383 384
4638 4640
3737 3739
3636 3638
5030 5032
9783 9785
2315 2316
2083 2085
2021 2023
2427 2429
7753 7755
9204 9205
5446 5447
9413 9415
3007 3011
8045 8048
8827 8829
1244 1245
2549 2551
6994 6995
8529 8531
132 133
9 12
2316 2317
2429 2432
7761 7763
9133 9135
2930 2931
746 747
5532 5534
5283 5284
876 878
442 444
1880 1881
8835 8836
4989 4991
570 571
5589 5590
7629 7630
5560 5562
9523 9525
598 600
2192 2194
3165 3168
447 449
8621 8622
4705 4706
2815 2817
713 714
2340 2344
7001 7004
3137 3138
5617 5619
4165 4167
2064 2067
3511 3512
8383 8385
6846 6847
943 944
2746 2750
9835 9838
8655 8656
2252 2254
4351 4352
3290 3291
6053 6055
2296 2298
4420 4421
4065 4068
4360 4361
9769 9771
5273 5274
8034 8035
2133 2134
5191 5192
9301 9302
378 379
5387 5388
7881 7883
3500 3501
6615 6617
2712 2716
4074 4076
5061 5062
9954 9957
970 971
2829 2833
8064 8065
2537 2538
2052 2054
1610 1611
8791 8792
2978 2979
2443 2444
7161 7162
4821 4822
2718 2720
2298 2299
5183 5184
6933 6934
8695 8696
4709 4710
1074 1076
7468 7471
8703 8706
2865 2867
848 850
1849 1851
9050 9051
8646 8647
1142 1143
2444 2445
2156 2158
6459 6460
768 770
8885 8886
304 306
768 771
9847 9849
2606 2607
3187 3188
4536 4538
309 310
8370 8374
7635 7638
9352 9354
9141 9143
8626 8628
1724 1725
5347 5349
3200 3201
840 842
6031 6032
1222 1224
3217 3218
3626 3628
3584 3585
4815 4816
2344 2346
8352 8354
2020 2022
6070 6074
1367 1368
8919 8921
2174 2175
4487 4488
7030 7033
2345 2346
2718 2720
8046 8048
1702 1704
5164 5166
1687 1689
6116 6118
5321 5322
6502 6503
8541 8542
7804 7807
5577 5580
733 734
1457 1463
7811 7812
2231 2234
2224 2226
2161 2163
9983 9984
1665 1666
3845 3847
3950 3951
6826 6827
8591 8592
6899 6901
3219 3223
2371 2372
1987 1989
4662 4663
5193 5197
5584 5585
1906 1907
5418 5420
1622 1623
7723 7726
9672 9676
6220 6223
1991 1992
959 960
9566 9567
7105 7108
3285 3289
501 503
4867 4869
1345 1346
6105 6107
7431 7433
20 21
6025 6026
1534 1535
5821 5822
1833 1834
6238 6242
289 292
8395 8397
4827 4828
3348 3351
6625 6627
2692 2693
1919 1921
2801 2803
7245 7247
6431 6432
9086 9087
9695 9696
1508 1509
1755 1757
1597 1598
3194 3196
1127 1130
2819 2821
8907 8908
9073 9075
5022 5025
561 562
1991 1992
2054 2056
5251 5252
1523 1525
8969 8972
4958 4960
6980 6981
5062 5064
8465 8466
7523 7524
2301 2303
5834 5838
9237 9239
7955 7957
4614 4616
3682 3683
3880 3883
6157 6159
5289 5291
3292 3293
5200 5202
1776 1777
2461 2462
848 852
9133 9136
7664 7667
8700 8701
1638 1639
1082 1084
4620 4621
2545 2546
932 934
168 169
4142 4144
8763 8765
836 838
1633 1634
2273 2275
3086 3089
0 1
4561 4563
1364 1368
6141 6142
6101 6104
6336 6338
7665 7667
6833 6835
9031 9033
8831 8834
7254 7255
1030 1032
321 324
5984 5986
7112 7114
168 169
4419 4421
9399 9401
8125 8128
7406 7407
1412 1415
8463 8464
2048 2049
4690 4694
4969 4970
5344 5345
8603 8606
4643 4644
155 156
2466 2469
4538 4540
5558 5559
7207 7209
6913 6916
9414 9415
9947 9948
1293 1294
9129 9130
6587 6588
4080 4081
85 88
8764 8766
7234 7235
7076 7077
4015 4016
121 123
3387 3391
4849 4851
650 652
549 551
5555 5556
832 833
6781 6782
843 846
7429 7431
5896 5897
5859 5860
8324 8325
7801 7803
5653 5654
7701 7702
8841 8842
4404 4406
5729 5730
9216 9218
568 570
3650 3652
5534 5536
3083 3085
9719 9720
8298 8301
4443 4446
778 779
2239 2241
5241 5242
803 804
6006 6007
2622 2624
2673 2675
7849 7851
9205 9206
4524 4525
5078 5079
1787 1788
1984 1985
2629 2630
139 140
7898 7899
9974 9976
2638 2639
3815 3817
1008 1012
4043 4045
4485 4486
5064 5066
2211 2212
68 70
8827 8828
9583 9584
3930 3931
6567 6569
2082 2083
7988 7992
8831 8833
8239 8242
3290 3291
1812 1813
3256 3257
5803 5805
1448 1450
6513 6516
6128 6130
8498 8500
7064 7065
3215 3216
2297 2302
1907 1908
8437 8438
8424 8431
6338 6339
2428 2431
70 72
1184 1186
6345 6347
9328 9330
6061 6063
7483 7486
9223 9226
2537 2538
1561 1563
1352 1354
924 926
886 888
5905 5906
5848 5850
9319 9323
2786 2788
6986 6988
4409 4410
235 237
2500 2501
1970 1972
839 842
1157 1158
5668 5670
3856 3858
4485 4487
3594 3596
1025 1027
4733 4735
2735 2736
1383 1384
9827 9828
4499 4500
3061 3062
2094 2097
7135 7136
2100 2101
1481 1483
6575 6577
906 907
6885 6886
7245 7246
3209 3210
5838 5840
9982 9984
941 943
9699 9701
104 106
9407 9409
195 196
1222 1224
3084 3086
1427 1428
9359 9362
5564 5567
2135 2137
5453 5455
4800 4801
603 604
1688 1689
5398 5400
6875 6879
1569 1570
304 307
6990 6991
7845 7847
9557 9558
7857 7860
1319 1320
1875 1876
4153 4156
8190 8191
3946 3947
798 799
9468 9470
6348 6350
509 510
89 93
482 484
7981 7982
3207 3208
7719 7720
2141 2143
2425 2426
1699 1702
770 771
2014 2015
2510 2511
2356 2358
4234 4236
5765 5766
8618 8619
1726 1729
6237 6238
8264 8265
709 712
706 708
2550 2553
2053 2055
2542 2544
4301 4304
2344 2345
7429 7432
6143 6145
2910 2913
9697 9699
4824 4825
9684 9686
1101 1103
640 641
1131 1132
9572 9575
3754 3755
3535 3536
903 904
9446 9448
7609 7610
5416 5419
6032 6033
2917 2918
1632 1635
5320 5322
2432 2433
4413 4414
4092 4094
8463 8466
132 133
6635 6636
1517 1518
6649 6652
9321 9323
1818 1820
1809 1812
4333 4336
4721 4723
5247 5249
4970 4974
5788 5789
6394 6395
1008 1009
7229 7232
8835 8838
577 578
5675 5677
205 206
50 51
4643 4645
9255 9257
318 319
1390 1391
8724 8725
979 980
1368 1370
4755 4757
3171 3175
4022 4023
5844 5845
7268 7270
2509 2510
2410 2411
1873 1875
6553 6555
5875 5877
6977 6978
3697 3698
5372 5375
9941 9945
271 274
2343 2346
617 620
4970 4972
5065 5066
7321 7322
8656 8658
6727 6728
6914 6915
8283 8285
2137 2138
6932 6933
6555 6559
1162 1165
2882 2883
4036 4038
8592 8593
5137 5139
8930 8931
2534 2537
7521 7523
7729 7731
9690 9692
9725 9727
6636 6638
5235 5237
5603 5604
7125 7126
6122 6124
2782 2783
760 761
7065 7066
1939 1943
8264 8265
5423 5426
3322 3323
4486 4487
8908 8909
4640 4643
8631 8632
1565 1566
6426 6427
4362 4364
563 565
8378 8379
4422 4426
1851 1852
8741 8743
5317 5319
3077 3079
1170 1172
1521 1522
101 103
9587 9588
531 532
7239 7241
8339 8342
552 553
6830 6831
478 481
785 788
3742 3743
9118 9121
2900 2902
9700 9701
4236 4238
5608 5610
680 681
9790 9791
6923 6926
7399 7400
8168 8169
485 487
9634 9635
5457 5459
7544 7546
2444 2447
714 717
804 807
5221 5223
521 523
6351 6354
8949 8951
7580 7581
9301 9303
1452 1455
684 685
6123 6126
9132 9133
3340 3341
1888 1889
9770 9771
9298 9300
1433 1434
5141 5143
2622 2623
4545 4546
5540 5541
727 728
8252 8255
1082 1083
9247 9248
8101 8103
50 51
7730 7731
8396 8398
8308 8311
6331 6332
8806 8808
8053 8055
1084 1086
3139 3140
6767 6769
4372 4374
6676 6677
143 144
559 561
7974 7976
7118 7120
1957 1958
8286 8287
7366 7367
433 434
843 844
675 677
9814 9815
1298 1299
1472 1474
8937 8938
1262 1264
2811 2814
920 921
3588 3590
7328 7330
8443 8445
9053 9054
3323 3324
2528 2529
5491 5493
4601 4604
7099 7101
1881 1882
1825 1827
3311 3313
3671 3672
7582 7585
3993 3994
5092 5095
1659 1663
1236 1238
6266 6267
4247 4248
2113 2114
7422 7423
747 750
5976 5978
3488 3489
3022 3023
3377 3378
7519 7520
4083 4084
5966 5967
805 806
2794 2796
7646 7648
8324 8326
3442 3444
1095 1098
7098 7099
1797 1798
2066 2067
6460 6461
393 395
573 574
5467 5469
6605 6606
6806 6807
7440 7443
6396 6397
7518 7519
8264 8266
7950 7954
1726 1727
7015 7016
2893 2894
9323 9324
3569 3570
1124 1127
4218 4220
5369 5370
475 477
1670 1671
7161 7162
8017 8019
7825 7826
2731 2733
1494 1495
4039 4041
4195 4196
3830 3831
6550 6552
5300 5301
1701 1702
796 799
8562 8564
3304 3306
4994 4997
3959 3960
4948 4951
9209 9213
4613 4614
8973 8976
5641 5644
9455 9456
6561 6562
2651 2652
4410 4412
2677 2678
6576 6577
2539 2540
7222 7223
7502 7503
2227 2229
3196 3199
6849 6850
4027 4030
3912 3913
7723 7724
5714 5715
5371 5375
6808 6809
1620 1621
8981 8982
3156 3157
3302 3305
149 150
2145 2146
500 502
9467 9469
7445 7447
9448 9449
6396 6399
3531 3532
206 209
9696 9698
7300 7304
5450 5452
9151 9154
1951 1952
2584 2586
1601 1603
1845 1846
3677 3680
245 247
1593 1597
1435 1437
6100 6103
4401 4404
1567 1568
2297 2298
6009 6010
8941 8945
6233 6235
6099 6100
4898 4899
976 979
4389 4391
759 761
1262 1263
6146 6148
5729 5730
3660 3662
9324 9325
767 768
4966 4968
3968 3969
5928 5930
2094 2096
849 850
1796 1797
9544 9546
7923 7924
7396 7397
5417 5419
5412 5414
7368 7369
2048 2049
5781 5782
3833 3834
574 575
4690 4692
1886 1888
7668 7669
469 471
2425 2427
6204 6205
1847 1849
921 922
4963 4967
1911 1912
3922 3923
9951 9952
6700 6701
344 347
630 631
3425 3426
430 431
9453 9456
7720 7721
199 201
8529 8531
1483 1485
4405 4406
1382 1383
2427 2430
1616 1618
6614 6617
6204 6205
3192 3194
4009 4011
4940 4943
5005 5006
6866 6867
6667 6669
2171 2172
3080 3081
6964 6966
7541 7542
5027 5029
7886 7887
1935 1937
2736 2740
3253 3255
725 727
3076 3077
5293 5295
8159 8160
954 956
5596 5597
9527 9528
808 810
4287 4289
2029 2032
1920 1922
805 806
1127 1128
4837 4838
9710 9711
6583 6584
9803 9805
5137 5138
9485 9487
1341 1342
5635 5636
8621 8622
3277 3278
2280 2282
80 81
6435 6437
4711 4712
2229 2230
8853 8854
1930 1931
5408 5409
4731 4733
7448 7452
1634 1636
9144 9148
2670 2673
5416 5417
3063 3064
1818 1819
8816 8818
9984 9985
6509 6510
7975 7977
1741 1744
1885 1886
1408 1409
960 961
9748 9749
3087 3089
5778 5779
110 114
8171 8172
2508 2510
7401 7402
4798 4800
4172 4175
1113 1116
733 735
8987 8988
1671 1673
3525 3526
184 185
5803 5805
1729 1731
3747 3749
9689 9691
5352 5354
9197 9200
989 990
7895 7896
398 401
4951 4952
2019 2021
9374 9376
6258 6260
1719 1720
3873 3874
6915 6917
3068 3071
2883 2886
5612 5614
1859 1860
2125 2126
7598 7600
2841 2843
7584 7586
3518 3519
9159 9162
1518 1519
3061 3062
6167 6169
8603 8604
8170 8173
9940 9942
6226 6227
7193 7194
7883 7885
7876 7877
5760 5761
8738 8739
4557 4558
3780 3782
8556 8559
3078 3081
8064 8068
6868 6869
4523 4525
5673 5674
1102 1105
4757 4759
1258 1259
3420 3422
4345 4346
7902 7904
189 190
2216 2217
5958 5960
3239 3240
3725 3726
8125 8126
8532 8533
7178 7180
421 422
8716 8719
1764 1766
287 288
8212 8215
4738 4740
5530 5531
4605 4606
9491 9493
3799 3801
9569 9570
2407 2408
3253 3254
9413 9414
7656 7657
5785 5786
589 592
8348 8349
8595 8598
801 803
3362 3363
5606 5609
3666 3668
1735 1736
6219 6222
1671 1672
6664 6665
2599 2600
608 612
9847 9851
4016 4018
2914 2915
3212 3213
7507 7508
2622 2623
8327 8328
2492 2493
320 321
6999 7000
9898 9899
1271 1272
8388 8391
2192 2193
8552 8553
6218 6220
2527 2529
4988 4989
693 695
5089 5090
7688 7691
2414 2415
2296 2297
268 269
4346 4347
5358 5359
1737 1739
7747 7749
1568 1569
798 800
825 826
9647 9648
8225 8228
7237 7241
643 644
9907 9908
3670 3671
4549 4551
2546 2547
9040 9042
2252 2253
15 17
6020 6021
1432 1434
2479 2481
691 693
525 526
2845 2848
6099 6100
4416 4417
7774 7778
7058 7061
8677 8678
6872 6873
1736 1737
1008 1009
6896 6898
309 310
5133 5135
2358 2359
1788 1789
744 745
4 5
8930 8932
6729 6732
7651 7653
8519 8520
4868 4869
174 175
7901 7904
8361 8362
4255 4256
3970 3973
6931 6934
1315 1317
362 364
4781 4783
8818 8819
9728 9729
3289 3290
1713 1714
4941 4942
8225 8227
2796 2797
6731 6733
2841 2843
234 236
2135 2136
5632 5633
9583 9585
1382 1384
3253 3257
2645 2647
8852 8853
7459 7462
9601 9603
2274 2277
1033 1034
773 777
1894 1895
419 420
8526 8528
884 886
6533 6534
6783 6785
7514 7516
7436 7437
6826 6828
1058 1062
5814 5816
24 25
5845 5848
3296 3297
203 205
3775 3777
9760 9762
4305 4309
6679 6682
1360 1362
1111 1112
5281 5284
1650 1651
1570 1571
1984 1987
4253 4254
2327 2328
6359 6360
3717 3719
5797 5798
6118 6119
7719 7721
3777 3778
381 382
6066 6068
2158 2161
716 718
4371 4373
6176 6177
6586 6588
6874 6875
242 243
250 254
512 514
9099 9102
2662 2663
1248 1249
2242 2244
7148 7149
2592 2593
8536 8537
5620 5621
4617 4620
1231 1233
9624 9626
1781 1782
4638 4639
2706 2707
5561 5562
2353 2355
2548 2550
4458 4459
9039 9040
1905 1906
9985 9988
6470 6472
8414 8415
5601 5602
5318 5320
8295 8297
1967 1968
7045 7046
2167 2168
39 40
6163 6164
601 603
9774 9776
8444 8445
999 1000
7525 7526
8080 8081
3217 3218
6824 6825
449 450
4087 4089
5674 5675
1257 1259
4185 4186
1215 1216
58 60
2276 2278
5230 5232
6582 6583
2211 2213
5038 5040
273 275
8962 8963
6592 6594
28 29
2661 2662
3615 3619
9698 9700
6878 6881
2106 2109
9958 9959
5173 5176
4193 4195
3250 3252
2122 2123
2698 2699
2550 2551
5758 5759
5728 5731
3145 3146
3746 3749
7438 7439
1860 1861
1473 1474
4477 4478
1494 1496
695 698
5405 5407
7214 7216
32 33
5525 5526
904 905
2298 2300
9221 9222
5848 5849
168 170
8092 8097
622 624
8091 8092
4840 4843
9232 9233
1119 1120
343 346
3568 3570
432 433
7262 7263
8535 8537
9831 9832
3637 3639
4696 4699
6102 6103
7012 7014
2517 2519
643 645
2269 2270
3834 3837
3547 3549
9730 9732
1503 1504
1044 1046
606 609
411 412
8299 8301
4737 4738
8102 8103
4015 4017
3064 3066
8117 8119
6318 6320
2003 2008
2152 2154
647 650
7538 7541
6782 6785
3454 3455
1887 1888
2012 2013
3912 3914
8922 8924
3839 3841
2176 2178
7091 7093
808 809
3718 3719
1851 1852
8279 8281
1629 1632
5854 5856
1211 1212
8230 8231
6589 6590
8001 8002
2015 2016
2493 2496
4728 4729
3029 3030
9921 9922
5987 5988
5865 5868
7331 7334
9488 9492
3477 3480
6714 6715
846 847
478 480
5084 5087
7835 7838
3839 3840
2619 2620
4169 4170
9647 9648
9362 9363
2406 2407
4562 4564
8752 8753
908 910
2561 2562
2720 2721
4382 4384
7441 7442
6550 6551
1339 1341
1740 1742
7124 7125
952 954
1005 1007
4940 4942
2989 2990
2625 2628
1482 1484
5110 5114
653 655
3382 3384
1432 1434
3611 3613
2606 2607
3060 3062
9787 9788
2054 2056
6327 6328
1432 1435
7622 7623
747 748
3407 3408
4298 4300
3716 3718
7205 7207
4949 4950
5407 5409
8811 8813
2515 2516
1937 1939
1591 1593
7785 7787
8334 8335
6913 6914
9023 9024
1476 1477
9963 9967
4177 4178
5727 5729
2922 2924
1707 1708
3531 3533
9266 9268
3627 3628
9425 9427
9903 9907
3248 3252
7975 7976
7530 7531
7757 7759
1419 1423
9096 9097
7016 7017
8092 8094
6909 6912
7251 7253
1807 1808
3731 3733
7707 7710
5547 5549
4452 4455
2259 2262
4684 4685
8535 8537
594 595
146 149
7790 7791
8037 8039
48 50
8505 8506
607 608
3278 3279
4958 4960
6282 6284
7746 7747
302 304
4423 4425
4596 4599
6413 6414
2808 2809
4054 4056
8041 8042
3791 3792
7576 7577
6924 6925
659 662
6708 6709
3948 3950
9960 9962
6636 6639
2263 2265
1627 1628
7832 7834
6441 6442
2682 2684
637 638
1100 1101
6641 6644
911 914
1750 1751
4654 4657
8540 8541
1600 1602
8827 8829
6979 6980
9046 9047
2139 2141
5840 5842
8081 8083
898 899
9792 9793
5224 5228
8699 8702
293 294
813 814
6206 6208
929 930
693 694
351 353
4816 4819
194 195
6239 6241
3990 3992
2677 2679
3972 3974
421 424
5980 5981
1683 1685
6968 6970
1099 1100
4756 4758
609 610
2466 2469
3668 3669
9359 9360
6395 6397
7186 7188
7928 7929
5096 5099
4338 4342
1866 1867
6458 6459
5269 5273
9463 9464
6913 6914
7435 7440
1286 1288
3361 3363
3168 3170
8451 8453
9124 9126
5264 5267
3885 3888
2175 2177
4966 4967
5706 5707
8946 8947
2474 2475
708 709
5347 5349
3670 3671
820 821
2266 2267
5071 5073
1382 1385
3928 3930
3042 3045
8884 8885
3359 3360
7771 7774
1979 1981
4030 4031
924 926
193 195
4890 4891
3093 3094
1444 1446
2809 2810
9507 9508
6040 6042
2526 2528
8223 8225
647 649
151 153
5228 5232
7262 7263
9382 9383
2971 2973
9740 9743
6001 6002
4855 4856
305 306
9526 9527
6287 6289
1866 1868
6980 6982
2970 2973
4480 4482
5345 5346
4211 4213
8886 8887
4908 4910
4720 4721
5643 5646
9606 9607
4442 4443
5361 5362
6984 6986
8938 8939
6817 6818
795 796
3709 3711
8799 8801
503 506
3795 3799
8746 8749
1254 1256
1369 1371
4140 4141
8105 8108
856 858
6755 6756
1052 1053
6856 6857
8445 8446
2268 2271
2997 2999
650 651
791 794
67 69
4705 4706
9127 9128
4447 4448
4428 4430
3505 3508
1276 1277
4267 4270
6675 6676
5246 5248
9782 9784
7804 7806
5815 5816
4263 4264
2762 2764
9316 9317
2584 2586
3777 3778
2533 2534
1828 1829
4784 4785
2705 2707
4444 4446
479 481
8376 8379
2111 2113
7535 7539
4402 4405
3937 3940
4441 4442
1789 1791
393 394
3320 3322
1414 1415
946 948
1857 1858
2914 2917
2304 2305
5498 5500
7691 7692
6708 6710
8826 8827
6218 6220
7585 7587
2133 2134
4511 4512
977 979
2305 2307
9665 9666
3208 3210
9098 9099
2418 2419
7620 7622
6792 6794
5025 5027
467 468
6850 6852
9936 9938
6495 6496
6975 6976
9077 9079
7694 7696
5789 5792
5465 5466
4765 4769
7639 7642
7508 7509
7463 7467
5682 5683
589 591
1495 1496
9122 9125
3935 3936
3950 3952
1562 1564
5119 5121
5138 5139
5466 5467
1373 1374
756 759
2060 2061
9341 9342
2093 2094
8550 8552
407 409
1924 1927
4269 4271
212 213
6065 6066
6619 6620
128 130
8572 8574
3115 3117
8042 8043
7750 7753
2749 2750
1728 1731
1264 1266
9977 9978
8736 8737
4025 4026
1606 1607
467 469
9783 9786
3956 3960
1405 1406
1626 1627
1162 1166
165 167
6546 6548
1133 1136
5780 5781
2433 2435
2383 2385
186 188
1347 1348
725 727
9081 9082
9063 9064
5546 5548
2249 2250
4426 4427
6440 6443
1662 1663
1293 1295
9029 9031
9698 9699
1602 1605
4978 4979
3728 3730
2825 2826
462 464
6271 6273
5180 5181
2224 2226
7349 7352
6402 6404
2167 2169
1082 1083
5424 5426
4059 4064
8187 8188
8807 8809
8810 8812
1332 1334
6091 6092
8113 8116
7544 7545
9344 9346
3075 3076
7689 7690
3207 3209
6756 6757
4724 4725
1218 1220
9856 9859
2051 2053
762 764
2280 2281
1652 1654
2088 2089
4970 4973
1067 1068
5779 5781
1173 1176
3843 3845
9048 9050
5932 5934
1576 1578
763 766
9598 9599
4335 4336
9616 9617
1863 1866
980 981
2169 2173
1661 1662
5493 5495
3935 3938
3929 3931
4087 4089
5251 5253
891 893
4693 4695
3288 3289
6290 6292
786 788
4059 4061
2561 2564
8827 8828
6910 6912
6228 6230
1292 1294
1241 1242
266 269
669 671
77 79
6692 6693
154 157
4414 4416
4892 4893
216 218
160 162
8827 8828
1161 1164
42 43
2839 2840
164 166
1448 1449
6396 6398
6251 6253
2898 2901
3196 3198
9678 9679
9108 9109
3486 3487
3438 3440
5305 5307
323 324
8003 8006
7043 7046
9845 9846
3634 3637
5094 5095
400 401
8993 8994
2054 2056
8394 8395
9206 9208
5542 5544
6124 6125
2572 2574
8581 8583
2643 2644
1829 1831
8201 8202
4502 4504
9025 9028
2040 2043
3561 3562
3836 3838
3102 3104
4205 4206
6900 6902
4732 4733
1457 1459
8637 8639
1210 1211
3917 3918
2593 2594
4477 4478
3796 3799
2912 2914
6990 6992
9412 9415
2775 2777
7891 7894
2069 2070
1391 1392
6140 6142
1835 1838
4306 4309
41 44
2176 2178
1071 1073
7573 7574
1446 1449
1827 1829
4195 4198
3342 3346
401 404
5108 5112
4316 4318
9009 9011
3022 3023
6766 6769
9948 9949
5008 5009
3772 3773
7008 7012
3791 3793
9159 9161
5047 5048
831 833
9086 9087
1699 1701
906 907
7467 7469
1814 1815
6190 6191
5468 5470
5606 5608
5511 5513
2385 2387
4655 4657
1439 1440
4826 4828
1942 1943
1932 1936
7440 7444
3527 3529
8540 8541
3887 3889
8444 8446
9047 9048
2163 2169
8471 8473
610 613
1605 1606
4709 4710
2973 2975
6475 6478
7242 7243
2332 2335
8844 8846
2423 2425
3227 3229
884 886
1724 1727
6588 6589
5351 5352
7252 7253
5857 5858
6867 6869
977 979
7432 7434
1352 1354
6102 6103
5750 5751
1790 1793
6749 6751
72 74
7292 7295
1219 1220
3719 3722
1993 1994
3762 3764
757 759
4092 4093
7693 7695
1205 1208
7033 7035
8849 8850
8873 8874
6343 6344
7933 7934
446 448
856 857
4486 4487
8028 8032
2364 2365
4000 4002
2332 2333
3024 3026
9145 9146
62 66
7710 7712
897 899
6747 6749
4508 4509
9319 9320
1640 1643
7136 7138
3123 3124
6245 6247
8984 8986
2491 2493
3375 3376
6546 6549
439 440
5050 5052
4565 4566
8962 8963
1177 1181
3719 3720
5469 5470
9982 9983
8113 8115
3287 3288
2343 2345
766 767
7633 7634
299 303
8321 8322
636 638
8678 8680
7995 7996
912 915
9463 9464
5249 5250
1623 1627
8056 8060
6133 6134
9568 9570
5955 5956
57 59
5421 5422
463 465
2507 2511
6660 6661
8917 8919
3163 3167
8738 8739
3378 3379
9399 9402
7334 7335
9588 9590
9499 9500
470 471
5199 5200
4117 4120
366 368
1465 1467
5232 5233
9876 9879
9078 9079
4337 4338
6800 6801
2848 2849
7995 7997
5958 5959
6757 6758
3675 3678
9058 9059
4684 4686
6617 6618
1068 1070
2712 2715
5820 5821
5312 5313
206 208
9603 9605
9197 9198
2136 2137
8643 8645
9116 9117
2982 2985
2308 2311
2624 2625
5115 5116
2473 2474
6160 6161
4678 4681
2336 2337
4721 4723
4608 4609
5188 5189
7782 7783
4321 4322
4616 4617
223 224
2714 2717
1186 1187
7170 7171
4766 4767
9044 9046
268 269
8460 8462
877 879
4662 4664
9946 9947
6981 6982
1754 1756
4704 4705
839 841
8597 8599
4322 4323
9597 9600
8911 8914
1115 1116
387 388
1221 1222
237 240
2604 2605
5578 5581
4642 4645
1864 1867
566 567
1694 1695
7931 7932
9365 9368
6758 6760
7184 7186
2065 2067
5106 5107
9265 9266
2000 2001
5984 5988
4389 4392
5404 5406
5415 5418
8957 8959
1810 1812
4409 4411
227 230
3686 3687
7943 7944
5035 5037
3112 3113
8231 8233
677 678
7049 7050
1206 1208
403 405
1437 1439
3546 3548
7959 7960
7576 7577
6811 6812
1708 1709
90 91
1164 1166
597 599
9725 9726
4107 4108
5883 5884
6415 6416
2377 2378
1094 1095
5384 5387
5355 5356
5170 5172
6938 6941
383 385
8611 8613
316 317
8404 8406
1948 1949
4200 4201
3042 3044
5660 5663
1273 1274
7725 7728
7189 7191
2032 2033
7223 7224
7787 7789
8178 8179
739 740
1506 1508
1137 1138
4892 4895
2463 2467
2179 2181
9801 9802
204 206
1917 1920
6832 6834
5315 5317
4099 4100
2998 2999
8103 8104
6598 6599
119 121
3790 3791
4870 4872
7374 7375
5692 5694
457 461
4107 4109
1184 1185
8848 8849
5926 5927
567 568
8235 8237
2407 2408
3977 3978
5471 5472
7205 7206
2030 2033
8920 8921
6845 6846
3459 3461
759 760
600 602
1048 1051
2808 2809
2277 2278
2066 2069
7635 7637
3506 3508
278 279
7290 7291
5311 5312
9444 9447
17 18
408 411
2871 2873
5543 5544
848 849
226 227
6761 6763
59 61
8865 8868
5646 5647
2490 2491
4668 4669
3526 3528
3386 3387
2610 2611
1651 1653
6339 6341
813 814
5164 5166
8358 8359
8222 8224
437 438
9815 9818
8875 8876
6372 6373
4876 4878
9390 9391
1432 1434
555 556
6010 6011
9079 9082
4786 4789
9275 9276
3435 3438
5976 5977
4841 4843
6049 6051
8529 8530
190 191
2636 2638
1367 1368
2637 2638
7327 7330
5445 5446
9005 9007
7998 8001
8086 8089
3734 3736
1452 1454
5275 5278
2541 2542
1925 1928
7203 7205
4855 4856
5306 5309
2378 2379
1391 1392
8435 8437
3263 3267
2725 2726
2826 2827
8125 8126
690 691
4189 4191
9711 9714
3935 3936
5849 5851
5720 5722
886 888
8615 8617
9428 9429
316 318
2050 2053
8026 8027
2644 2647
7729 7732
1711 1713
2466 2468
565 566
3965 3966
7887 7889
4473 4474
8977 8979
1752 1754
8653 8654
1954 1956
5229 5230
4509 4512
5343 5346
8600 8601
8773 8776
3612 3614
8778 8779
6763 6766
6188 6189
1568 1570
5003 5005
7962 7965
6968 6969
7373 7375
7666 7667
2360 2361
418 419
2385 2386
4001 4003
3486 3488
1619 1620
2946 2947
6617 6620
6696 6697
2391 2394
6894 6897
804 805
1125 1128
6219 6220
8628 8630
94 97
8462 8464
9296 9298
2652 2653
3643 3644
90 91
2748 2750
7965 7966
1124 1126
287 289
2525 2526
5957 5962
1796 1799
2111 2113
2198 2200
497 498
805 806
4112 4113
3856 3857
3258 3260
7732 7734
1233 1236
3034 3035
8501 8502
4175 4178
6438 6441
658 660
3265 3266
7238 7240
8469 8470
9924 9925
392 395
8973 8975
808 812
3652 3653
5471 5472
3583 3587
925 926
380 381
6710 6713
3601 3604
137 139
5869 5871
8728 8729
5813 5815
1834 1836
1684 1685
7293 7294
4659 4661
5140 5142
6887 6888
9689 9691
77 78
9561 9563
2960 2962
531 533
8632 8634
2676 2677
6140 6141
639 641
4391 4394
5860 5861
277 279
8062 8065
2094 2095
2329 2331
6439 6441
5053 5054
5386 5388
4139 4142
6927 6928
6734 6738
8198 8200
1306 1309
4369 4371
6396 6397
2975 2976
4813 4815
1183 1184
391 392
148 149
3646 3647
335 337
3559 3560
9128 9130
1776 1780
8601 8602
2213 2216
2501 2505
552 553
8835 8836
4460 4461
9653 9655
3175 3178
8595 8596
9720 9721
7273 7274
6090 6093
9469 9471
1378 1380
1167 1170
1612 1613
475 477
3650 3652
7932 7934
4628 4629
5395 5396
583 586
3834 3836
3127 3128
2045 2047
5002 5004
1987 1989
1990 1991
9772 9774
4638 4639
3771 3772
2794 2796
1697 1699
4374 4376
2063 2065
4910 4912
716 717
5300 5302
6739 6740
827 828
3497 3498
3872 3874
581 583
9289 9290
3772 3773
5693 5694
7658 7660
3000 3002
7478 7479
7366 7367
9610 9611
645 647
1 4
3567 3568
3577 3579
3856 3859
8456 8458
3992 3993
7602 7603
2229 2231
9996 9998
5049 5052
1376 1378
2548 2550
7883 7884
444 445
1881 1882
1978 1980
4670 4673
8847 8848
2320 2322
8099 8101
1971 1974
1597 1599
3572 3573
6067 6068
5138 5141
991 992
1789 1790
1268 1269
4461 4463
6514 6516
8300 8301
6813 6815
8434 8436
1677 1679
7576 7578
4617 4618
1890 1891
47 49
990 991
3340 3341
6705 6706
6484 6487
5645 5647
9816 9818
4564 4566
1502 1505
299 301
7682 7683
3877 3879
373 375
4924 4926
6499 6501
1051 1052
8864 8865
2681 2684
3023 3024
260 261
8766 8769
5117 5118
5468 5470
770 771
2920 2922
2855 2856
297 298
5727 5728
4665 4669
302 305
1892 1895
4969 4970
1813 1814
4399 4401
1244 1246
363 366
6852 6854
456 457
5611 5615
5810 5811
8428 8430
3913 3915
420 421
6883 6885
3032 3033
3266 3267
6388 6390
635 638
1464 1465
1503 1505
5380 5381
588 590
6702 6703
1074 1076
9653 9654
8594 8596
8227 8228
388 389
7954 7955
7802 7803
1866 1868
9168 9169
7149 7151
371 372
1137 1139
6633 6634
4312 4313
7862 7864
5320 5323
7103 7105
2555 2556
4685 4686
8086 8087
3118 3120
2743 2745
9764 9766
651 655
7932 7933
8669 8672
8953 8954
1146 1147
213 215
3594 3595
5709 5712
2075 2076
3266 3268
6729 6730
8483 8485
4508 4509
1802 1803
2494 2495
2573 2575
506 507
698 700
7955 7956
9146 9148
2448 2451
9226 9229
6778 6779
8103 8105
34 36
8740 8741
8303 8306
925 926
528 529
6561 6563
8589 8590
2272 2275
3851 3853
6916 6919
4788 4789
1563 1564
8400 8401
5541 5542
9514 9515
5506 5508
44 45
2711 2712
7375 7376
8285 8287
8106 8107
6258 6261
7397 7398
4394 4395
159 160
7127 7130
2415 2416
4096 4097
7822 7823
259 261
873 874
882 885
396 397
8706 8707
2107 2109
8795 8796
8387 8389
1143 1145
7143 7145
6140 6142
8389 8391
2839 2840
2277 2278
2372 2373
752 753
1396 1397
4682 4683
771 772
2585 2586
9529 9530
5584 5585
1447 1451
6868 6870
3939 3940
2000 2002
9615 9616
5526 5529
4246 4249
4713 4715
4707 4708
3631 3632
8850 8853
7455 7457
7971 7972
6490 6491
2209 2211
5460 5462
927 929
4729 4731
5870 5872
8964 8965
9561 9565
7905 7906
1291 1293
9207 9208
5357 5360
3396 3397
9323 9324
341 342
7049 7050
637 639
6786 6788
1426 1427
9789 9793
4611 4613
8823 8825
869 870
8258 8259
6411 6412
800 801
6805 6807
4985 4986
503 504
2362 2363
2610 2612
5922 5923
9040 9041
7401 7402
5939 5942
12 13
1347 1348
6919 6920
7095 7098
7148 7149
1161 1163
1405 1408
1425 1426
91 93
1330 1331
5282 5284
1891 1893
797 799
3638 3639
9411 9412
9985 9987
9647 9648
6655 6656
371 372
5504 5506
5104 5107
7765 7768
5717 5718
3965 3966
4539 4542
9502 9504
6423 6424
3815 3816
9413 9416
53 54
6002 6005
4431 4433
1586 1588
7089 7090
9811 9814
5945 5947
5537 5539
9264 9265
812 813
3628 3630
8984 8985
2757 2759
98 100
8887 8889
450 452
7238 7239
9755 9756
2415 2417
5741 5742
7056 7057
4609 4611
6019 6020
5829 5831
6862 6864
4249 4251
4779 4780
1344 1346
8731 8732
8751 8752
8253 8255
5096 5097
504 507
985 988
5138 5139
2309 2311
3991 3992
8301 8302
2414 2416
7783 7786
8451 8452
3469 3470
8286 8287
7277 7278
148 152
4541 4542
3357 3359
6435 6436
6658 6659
4800 4802
5961 5962
8380 8381
1376 1378
8586 8588
541 543
8113 8114
1656 1657
4595 4597
8373 8375
675 678
5031 5032
4252 4253
7253 7256
4399 4400
2623 2624
6102 6105
42 46
602 604
8368 8370
7192 7193
7546 7548
6164 6165
7303 7306
6281 6282
3954 3956
5809 5810
1933 1934
8722 8724
1482 1484
91 93
2243 2245
1708 1711
2873 2876
7940 7941
1138 1140
2065 2066
5807 5809
1613 1615
9674 9676
6828 6830
9955 9956
625 626
1211 1213
7156 7157
7390 7392
9646 9647
4868 4869
3614 3615
4413 4415
8798 8800
9726 9728
5065 5066
2085 2086
2181 2184
7829 7830
5256 5258
4188 4189
2716 2717
838 840
1000 1002
1915 1916
7500 7502
2223 2225
6733 6737
1471 1473
7629 7630
2146 2148
6916 6917
1032 1035
9662 9664
792 794
8425 8427
9741 9742
447 448
4349 4351
2719 2720
1083 1085
2385 2387
2489 2491
2105 2107
2406 2408
3749 3752
7390 7391
5991 5992
8168 8170
6547 6549
3317 3318
9345 9346
4167 4169
7270 7272
5538 5539
7988 7990
1925 1926
1202 1203
7182 7183
9095 9096
634 637
6255 6256
3396 3399
7720 7721
2344 2346
4813 4814
5547 5549
4278 4279
4027 4030
3903 3904
4724 4725
1695 1699
5986 5987
3365 3366
1397 1398
5868 5869
7616 7617
6218 6219
8344 8345
604 605
3163 3164
880 882
6015 6016
9372 9373
6843 6844
8807 8809
6217 6218
7326 7328
4017 4018
181 183
60 62
9870 9872
2536 2537
5459 5461
3700 3702
5622 5623
7274 7275
8835 8836
6828 6829
3915 3917
7958 7959
5899 5900
2427 2428
8592 8593
3921 3923
5340 5341
7089 7090
5537 5539
8046 8050
1499 1502
2149 2151
5021 5023
5831 5835
7094 7095
2218 2219
804 807
2945 2947
9496 9499
9027 9028
3217 3218
2087 2089
5403 5404
1678 1681
4777 4779
2687 2689
9711 9712
5066 5067
7254 7256
1356 1358
9942 9944
2643 2644
1500 1502
6152 6154
5867 5869
5209 5211
4538 4541
6398 6400
7502 7505
182 183
1916 1917
6685 6687
7693 7694
3253 3255
1924 1926
4623 4625
5252 5255
6112 6114
9275 9277
2045 2047
7103 7104
1623 1624
8120 8123
9725 9727
4285 4289
5204 5206
9716 9721
7119 7121
9086 9089
5470 5472
5808 5810
5967 5969
1106 1108
584 585
1382 1384
2065 2068
4372 4374
630 631
562 565
9087 9088
2715 2716
1945 1946
5997 6000
2621 2622
6842 6843
1465 1466
2253 2258
2159 2161
148 149
9766 9767
5070 5071
1496 1498
6693 6695
8703 8704
9967 9968
4683 4684
3461 3463
1714 1718
2444 2445
2416 2418
3714 3715
9924 9925
9961 9964
7729 7732
6200 6201
1667 1668
9774 9776
5249 5251
4817 4818
2218 2219
9817 9820
7360 7362
1383 1386
473 478
5088 5090
5475 5478
2727 2729
4246 4248
5187 5190
3519 3522
283 285
2071 2076
340 341
7501 7502
7235 7236
2625 2626
3273 3274
9947 9948
6008 6011
7388 7389
917 918
1243 1245
9340 9342
2190 2193
4957 4958
4641 4643
1100 1103
9266 9270
7535 7538
253 254
668 670
2243 2246
5391 5393
7971 7972
2028 2030
4499 4501
9460 9461
8186 8188
7493 7495
6100 6102
6494 6498
7942 7944
8890 8892
8106 8111
7413 7416
8498 8500
2227 2230
2790 2792
3562 3563
7125 7126
4221 4223
7997 7999
4946 4947
9580 9582
1754 1756
9201 9202
1523 1524
4413 4414
8098 8099
3550 3553
5687 5688
481 483
8212 8213
8918 8921
2488 2491
5684 5685
714 715
2356 2357
4019 4020
1458 1459
6127 6130
4730 4731
7402 7404
8826 8827
2893 2895
9770 9773
6024 6025
4544 4545
755 756
105 107
4620 4622
292 295
2386 2389
4421 4422
1764 1769
5636 5638
668 669
2199 2202
1410 1411
7215 7217
1509 1511
8135 8136
9915 9916
1562 1563
9354 9356
303 305
6235 6237
1115 1116
4410 4411
263 264
1077 1079
2094 2096
1986 1988
4881 4882
2948 2949
2040 2041
8424 8425
1301 1302
7783 7785
705 707
296 298
5898 5900
4021 4023
4901 4902
8455 8456
983 986
5980 5982
2016 2018
2007 2008
6673 6674
5699 5701
9066 9067
2068 2069
8987 8990
524 525
764 765
1587 1588
7631 7633
1118 1119
111 112
7606 7609
2325 2327
2043 2045
189 191
2942 2943
4497 4498
9188 9189
372 373
841 843
7613 7614
8933 8934
5348 5349
2831 2832
8550 8551
7596 7598
1659 1660
9609 9610
6033 6036
4117 4119
6328 6331
3906 3907
1321 1322
8191 8194
1225 1228
9742 9745
4409 4410
2469 2470
5881 5882
5245 5249
8107 8109
2629 2630
9915 9918
154 156
6685 6687
4050 4051
6397 6400
5251 5254
5796 5798
3202 3203
8008 8009
1934 1935
8729 8732
8672 8673
5707 5709
1498 1500
7942 7943
4972 4973
2652 2654
5008 5009
5819 5821
5621 5622
9483 9484
727 729
3575 3578
3705 3706
4648 4651
8158 8159
3375 3376
3644 3645
2491 2493
7934 7935
8753 8755
8984 8986
224 225
4986 4987
463 464
3331 3332
1905 1908
753 754
6959 6962
326 328
1598 1600
2728 2729
4251 4252
8063 8065
4010 4012
9480 9481
7155 7158
4029 4031
6891 6892
7491 7492
7254 7257
1809 1810
5726 5727
6269 6270
5134 5135
863 865
6130 6131
5721 5723
1667 1668
1049 1050
5018 5020
5666 5668
7012 7014
7725 7726
4908 4909
3162 3163
2050 2052
3524 3527
1215 1216
8599 8600
7670 7671
2456 2458
4713 4715
6221 6223
1680 1681
37 38
8570 8572
2807 2810
3535 3536
3668 3670
3092 3093
1882 1884
4049 4050
3106 3108
2594 2595
3324 3325
6444 6445
2072 2074
3259 3260
33 34
2956 2957
9093 9094
2892 2894
22 23
4605 4606
1889 1891
4757 4758
498 499
6028 6029
8448 8450
4920 4921
6297 6298
9130 9132
6976 6978
5090 5092
1859 1860
866 868
479 480
5473 5475
5869 5870
408 409
3817 3818
9663 9664
2224 2226
7820 7822
1185 1187
8177 8178
5820 5821
6679 6681
2454 2455
9464 9465
6847 6848
8805 8807
6824 6826
1626 1628
2663 2664
1991 1992
8292 8293
7492 7493
954 956
1030 1032
8250 8252
1375 1376
1425 1427
8493 8494
2291 2292
162 163
2771 2772
9537 9538
7141 7143
6888 6889
357 359
5363 5365
969 971
3636 3638
3461 3463
2519 2521
8513 8515
1106 1107
3285 3286
3750 3751
3705 3707
640 642
4972 4973
359 363
3465 3466
45 46
5306 5307
1126 1127
7557 7558
3298 3300
1546 1547
1883 1885
8796 8797
9485 9487
2693 2694
7196 7199
605 606
7059 7060
6838 6839
558 560
5179 5180
8298 8301
782 783
4729 4730
1556 1557
42 43
840 841
5536 5537
3279 3280
6094 6095
2543 2544
4306 4308
8532 8534
2379 2380
8594 8599
6635 6638
2881 2882
7516 7517
3577 3578
7173 7174
3017 3018
980 982
206 208
4683 4685
7825 7827
4234 4237
579 582
2635 2637
5140 5141
1531 1533
8386 8388
6362 6364
4397 4398
2955 2957
2809 2810
8035 8037
4121 4123
2543 2546
7745 7747
5533 5534
8308 8310
8398 8400
8788 8790
2037 2039
673 674
4438 4441
9413 9417
1804 1806
810 812
3952 3953
7626 7627
2331 2333
4569 4571
1809 1811
8531 8532
1731 1732
7709 7711
1146 1147
6678 6679
945 947
149 152
7331 7333
961 962
47 48
4772 4774
7426 7429
9388 9390
4617 4621
2688 2690
1705 1707
9539 9540
7367 7369
5523 5525
1044 1045
4502 4503
1057 1058
2123 2125
719 721
38 39
5133 5135
389 391
5344 5345
439 440
7535 7537
5901 5902
3988 3989
2893 2896
2141 2143
8234 8237
1834 1835
5447 5451
9765 9766
5356 5358
6833 6834
1789 1791
1528 1529
2609 2611
4363 4365
6300 6303
7005 7006
9530 9531
6132 6134
810 813
2705 2706
9797 9798
5918 5919
3317 3319
6996 6997
5891 5893
4833 4834
620 622
2703 2705
7711 7712
5460 5461
6136 6138
9690 9692
3420 3422
2646 2648
8860 8861
8449 8452
6590 6591
145 146
1374 1377
1013 1014
9836 9838
2110 2111
69 71
6906 6908
2708 2710
6958 6960
7701 7704
6479 6480
3494 3495
254 255
8126 8127
1113 1114
646 647
5443 5444
8914 8915
2515 2516
8787 8788
90 91
2200 2202
9569 9570
2433 2434
4150 4152
6132 6134
7204 7208
2862 2863
9836 9838
8461 8463
7233 7237
4611 4612
4309 4312
4568 4570
7030 7031
8138 8139
4934 4936
7001 7002
9102 9103
6191 6192
3406 3407
7806 7809
8579 8581
1673 1674
8212 8214
8967 8969
37 39
2219 2220
9818 9820
5053 5056
712 714
8646 8647
6718 6719
5040 5042
9289 9291
2690 2691
9033 9034
4672 4673
9989 9990
5457 5460
4544 4545
167 169
8504 8506
8772 8774
7569 7570
739 742
9968 9969
5838 5840
1224 1225
7456 7457
3390 3392
4368 4370
6296 6298
3658 3659
7586 7587
9420 9423
3834 3836
25 26
9278 9280
3309 3310
8091 8092
3842 3843
1721 1722
8787 8788
9110 9112
1389 1390
4383 4384
5721 5722
6587 6588
4377 4378
3924 3925
3438 3439
9914 9916
1662 1663
1856 1858
177 178
3706 3709
8421 8423
9643 9645
2304 2306
6612 6613
5521 5522
5693 5695
407 408
3218 3219
5144 5145
3748 3749
1415 1416
7879 7880
5521 5522
5448 5449
5653 5655
7087 7088
7475 7476
8879 8881
1858 1859
8584 8586
9947 9949
4187 4188
3407 3408
8288 8290
7927 7930
6395 6396
2860 2861
4322 4324
5394 5397
4768 4770
5658 5660
5354 5355
672 673
8447 8449
5160 5163
885 889
4500 4501
4293 4294
3205 3207
2313 2316
508 509
1585 1586
2289 2290
5274 5278
583 585
4127 4128
4550 4552
6941 6942
6502 6503
9793 9796
5994 5995
6157 6158
8621 8622
3158 3160
7805 7808
4466 4467
830 833
6288 6289
8012 8013
4764 4765
1941 1944
7072 7073
2834 2836
2920 2921
4 6
9203 9205
3049 3051
3508 3511
6913 6914
5363 5365
5212 5214
7784 7785
8064 8065
1587 1589
8773 8776
3392 3393
4012 4013
4939 4941
3789 3792
1101 1102
8769 8770
811 813
7588 7589
9775 9777
1774 1775
867 868
2838 2839
460 463
4198 4199
1231 1233
9753 9754
712 714
3864 3866
3720 3721
7810 7812
125 126
7906 7908
9009 9011
8418 8419
900 901
1728 1729
1878 1879
1827 1828
4403 4404
8955 8956
5739 5740
7540 7541
1019 1020
7682 7684
5393 5394
6257 6258
792 793
7726 7727
4237 4238
2359 2360
1539 1541
2981 2982
7552 7553
5383 5384
442 443
1979 1980
4807 4808
8889 8890
5780 5781
1265 1266
4783 4784
5795 5797
8463 8464
7014 7016
925 926
1961 1962
6398 6400
4362 4364
7485 7487
3096 3098
3007 3008
7157 7159
7546 7548
4605 4608
6624 6626
6056 6057
892 893
2250 2251
6087 6090
2420 2422
9431 9432
1516 1517
8786 8787
5034 5035
7491 7492
8649 8651
3617 3618
947 948
4889 4890
1092 1093
3296 3297
6835 6837
8225 8227
2172 2173
1048 1049
23 27
2293 2295
8166 8167
261 262
4981 4982
941 942
6461 6462
9445 9447
2246 2248
3696 3697
4229 4230
8373 8376
3902 3904
3650 3651
6703 6704
4828 4829
4731 4732
8941 8944
4523 4524
1942 1943
2712 2714
8388 8390
6013 6014
788 789
3479 3480
8073 8075
9220 9221
737 739
3555 3557
8814 8815
1431 1432
6002 6005
7997 7998
6412 6414
7008 7009
6919 6922
202 203
6128 6129
1245 1248
5641 5643
6629 6630
700 702
8933 8935
8597 8599
6884 6885
2076 2077
4731 4733
5413 5414
6604 6606
9593 9595
7404 7406
4966 4969
1698 1700
304 307
1042 1044
540 541
9245 9246
2464 2465
8226 8229
818 820
860 861
1989 1990
3772 3775
4750 4752
9297 9298
8091 8093
5024 5025
3252 3253
321 322
3741 3743
9715 9718
6835 6836
8316 8317
5489 5490
7796 7797
6548 6549
2664 2665
5858 5859
547 550
5081 5082
5580 5581
1407 1408
4436 4438
7672 7674
9664 9666
2865 2867
9166 9168
6465 6468
9057 9059
6598 6599
5772 5773
9331 9332
1861 1863
8300 8301
8493 8494
2041 2042
652 654
3644 3645
4237 4238
3083 3085
7619 7621
667 668
463 464
8822 8826
2619 2623
2045 2047
2619 2620
8413 8414
883 885
8108 8109
1306 1307
8847 8848
4806 4808
1452 1453
3697 3699
9573 9575
3500 3501
6377 6378
458 461
6539 6542
1011 1012
1587 1589
6102 6104
84 86
4423 4424
7883 7884
2313 2314
5932 5933
6081 6083
2582 2583
6000 6001
1616 1618
6360 6362
7844 7846
7807 7808
7909 7910
415 416
4767 4769
4530 4531
72 73
9319 9321
7058 7059
3282 3284
2274 2276
263 266
2757 2758
8740 8742
7107 7109
9313 9315
6257 6260
2393 2395
972 974
1589 1591
1744 1746
4472 4475
3802 3803
91 93
4298 4299
6582 6583
2252 2253
7977 7979
1457 1458
4385 4386
9293 9294
1722 1725
9629 9631
2394 2395
9292 9294
3771 3773
5107 5108
2914 2917
4333 4335
509 511
3294 3296
5677 5678
4227 4228
5205 5206
7091 7092
9691 9692
9183 9184
6881 6884
272 274
2635 2637
1604 1605
7320 7323
118 121
1613 1614
5374 5375
6849 6850
5152 5153
2827 2828
2916 2918
4337 4338
2790 2793
7255 7256
5177 5178
853 855
9968 9969
584 585
377 381
9246 9247
6020 6021
5406 5407
8162 8164
1753 1758
9745 9746
2341 2342
2432 2433
4060 4062
495 497
2154 2155
6094 6095
3513 3514
8538 8539
2398 2399
2508 2510
343 346
1257 1260
2073 2074
3847 3848
219 220
1479 1480
7217 7218
3145 3146
446 447
609 613
3504 3508
797 798
141 142
7925 7926
7842 7844
199 200
9009 9010
3656 3657
3443 3444
992 993
5690 5691
4474 4475
3458 3461
4081 4083
1288 1289
4975 4977
8300 8301
5064 5068
4658 4661
9067 9069
6932 6934
3826 3828
2852 2854
5675 5676
4177 4178
734 735
6621 6623
3895 3897
5023 5024
5940 5941
9960 9962
2118 2119
3028 3029
7376 7377
7946 7948
454 456
7035 7036
5565 5566
828 830
5670 5671
6715 6719
880 881
2527 2529
8961 8963
460 461
7977 7978
4200 4201
1277 1279
5783 5784
5781 5782
506 507
4987 4990
9501 9502
4569 4571
8192 8193
3714 3715
1741 1743
1705 1707
1694 1695
8130 8131
7230 7231
7614 7615
6600 6602
7140 7142
9546 9547
4762 4764
767 771
6854 6855
8450 8452
3828 3829
2530 2531
1224 1225
8692 8693
1114 1115
8889 8892
5964 5967
1114 1115
6245 6246
8464 8465
1646 1648
8819 8820
9328 9331
4948 4949
4544 4545
1863 1867
5970 5971
1455 1456
3360 3361
7909 7911
4898 4899
3065 3067
584 585
3925 3926
558 559
6914 6917
3132 3134
9479 9480
803 804
5399 5400
8785 8786
7002 7004
5651 5652
7554 7555
981 983
3889 3891
1911 1913
7854 7857
1662 1664
7829 7830
3243 3245
4282 4283
7067 7070
9883 9885
6475 6477
9381 9383
5570 5571
7639 7641
5352 5353
1644 1646
9644 9645
5775 5776
7072 7073
2033 2034
1696 1698
8143 8145
7709 7710
8601 8605
1826 1827
1345 1346
9206 9208
6777 6778
5789 5790
2250 2251
7778 7779
2160 2162
1574 1576
5060 5061
2104 2105
1716 1717
4600 4604
3189 3191
7716 7719
5756 5757
28 29
6929 6931
4930 4931
3346 3347
3787 3789
5096 5099
6116 6118
2278 2280
3568 3569
533 534
222 224
1891 1892
5323 5324
9248 9250
9778 9779
1091 1093
3698 3700
3616 3618
8900 8901
7357 7358
2532 2533
6703 6704
1962 1963
985 987
5596 5597
8765 8769
8541 8542
4761 4763
8425 8426
7184 7185
3415 3416
8752 8754
4525 4527
19 21
2093 2094
8374 8375
5573 5576
9899 9900
3897 3901
798 801
7634 7636
7327 7328
7729 7732
2372 2373
7689 7691
9551 9552
3557 3558
4980 4983
3491 3492
6863 6865
2990 2992
7739 7740
3260 3262
9200 9202
1576 1579
415 418
8235 8237
7026 7028
9452 9454
4946 4947
1924 1928
1682 1684
4637 4639
3036 3037
7746 7748
1926 1928
9525 9527
7976 7979
1342 1343
9599 9600
8724 8725
1929 1930
5851 5853
628 629
2667 2668
5200 5202
7357 7358
3241 3243
9150 9151
6454 6456
9149 9150
1606 1609
1491 1492
8811 8812
8414 8415
8753 8754
2210 2211
744 747
9554 9556
1228 1230
2770 2773
2215 2216
6213 6214
5951 5953
4524 4525
8442 8443
1156 1158
9218 9220
2940 2941
2112 2113
2190 2193
7451 7453
5628 5629
467 470
963 964
399 402
2287 2288
3000 3002
786 787
7443 7444
4438 4440
6222 6225
121 123
4914 4916
6897 6898
9605 9608
6946 6947
1789 1790
5570 5571
2337 2338
9436 9438
990 991
7797 7798
194 196
317 318
3903 3904
1231 1233
4865 4866
4954 4956
6719 6720
3297 3298
1654 1656
1529 1531
274 275
183 184
9561 9562
8915 8918
3154 3156
1824 1825
8700 8702
9550 9551
8391 8393
6149 6151
3356 3359
124 125
4901 4902
320 322
3905 3906
6768 6770
2140 2141
2189 2191
1155 1156
3730 3732
8656 8658
6335 6336
4485 4487
5600 5601
9631 9634
1756 1759
7801 7802
8076 8078
5816 5818
2937 2938
532 534
3461 3462
610 614
4047 4048
7981 7982
5455 5456
3675 3677
6840 6843
591 593
4813 4815
9727 9731
6017 6019
5315 5316
3312 3313
698 700
5333 5335
1943 1946
2608 2610
9976 9979
2069 2072
454 456
7018 7021
8665 8667
9859 9860
2688 2690
8551 8552
9089 9091
872 873
8346 8348
967 972
3378 3380
3905 3908
822 826
8891 8893
5632 5633
2188 2189
9012 9013
9541 9543
4990 4991
3657 3658
1718 1719
5615 5616
9717 9718
1859 1860
4072 4073
3646 3648
2449 2450
9671 9673
3168 3169
7081 7082
1171 1173
9606 9607
1853 1855
5386 5387
944 945
1240 1241
531 533
782 785
2880 2882
6673 6675
7659 7660
2792 2794
7298 7300
2387 2388
1021 1022
6604 6606
1623 1625
118 120
9847 9849
1622 1623
3925 3926
2 3
7120 7121
8899 8900
6836 6839
4804 4805
9969 9972
8283 8285
8568 8569
3538 3539
3478 3481
5156 5158
9017 9018
4202 4204
2579 2580
6432 6433
6449 6451
3047 3048
4044 4046
9009 9010
4550 4553
557 559
5270 5271
4241 4242
2039 2040
4293 4294
7196 7197
513 514
5031 5032
1121 1122
4972 4973
896 897
8328 8329
3290 3292
2739 2741
8415 8417
1399 1400
3757 3759
6184 6185
8658 8659
8484 8486
8525 8527
7975 7976
9691 9694
372 374
5794 5796
4385 4386
944 945
9920 9921
4775 4776
165 170
2334 2340
3971 3972
4467 4469
5235 5236
1959 1960
7542 7545
2443 2444
9056 9057
9655 9657
2497 2498
7339 7340
1709 1711
8057 8059
4302 4303
2323 2324
2046 2050
1338 1339
3916 3918
3697 3698
1491 1492
9402 9403
8189 8190
8687 8688
1003 1006
3120 3121
567 570
5955 5959
2929 2933
9523 9524
1593 1595
2848 2849
5035 5036
7692 7694
6744 6745
3664 3668
5512 5514
4098 4099
4772 4773
9355 9356
2773 2775
5409 5411
9754 9756
1450 1452
5745 5746
5304 5305
4514 4517
3918 3920
3857 3860
7198 7199
6762 6763
159 161
9196 9198
9418 9419
9164 9166
6704 6705
3319 3321
8545 8546
6813 6814
5695 5696
1155 1157
436 438
8254 8255
618 619
6801 6803
4429 4430
7561 7562
3932 3933
1358 1359
7546 7547
1260 1261
8943 8944
3723 3725
9817 9818
2712 2713
3906 3907
2831 2832
8039 8040
7109 7110
730 731
90 91
2337 2338
9721 9722
1979 1982
9274 9275
9118 9120
6685 6688
3257 3260
468 470
8643 8645
959 960
451 453
7621 7622
8979 8981
4956 4957
1134 1135
7274 7275
9747 9749
1304 1308
4401 4403
861 863
3463 3464
7256 7258
4816 4818
2050 2051
8970 8973
1929 1931
4017 4018
8785 8786
5932 5933
1270 1271
7894 7895
8012 8016
9292 9293
9984 9985
8538 8541
3461 3463
2102 2103
1499 1500
417 418
6110 6112
6752 6753
9491 9493
638 639
944 947
1969 1971
7770 7772
1603 1604
257 259
437 438
1922 1923
7487 7489
480 484
6209 6211
9563 9566
276 278
6032 6034
2372 2373
2589 2591
6091 6092
558 559
7393 7395
9963 9965
7462 7463
5183 5184
7416 7418
3848 3852
2535 2536
7397 7398
9025 9027
3707 3708
7185 7187
1448 1453
3022 3023
9075 9077
9994 9995
877 880
9406 9408
6559 6560
8930 8932
5993 5994
3947 3948
6361 6362
8930 8932
3959 3961
4415 4417
6016 6017
15 17
1466 1467
4662 4663
7292 7293
6060 6062
2398 2399
2333 2335
7179 7180
1188 1189
73 74
3946 3947
6090 6092
9981 9983
8482 8484
6500 6501
8881 8883
9487 9488
1341 1342
8262 8264
8241 8242
2801 2805
1689 1690
5573 5574
3908 3910
1409 1410
3950 3952
7308 7309
8945 8948
9468 9470
3425 3426
5452 5455
2704 2705
6736 6737
5069 5071
57 59
3285 3286
2088 2090
6921 6922
6628 6629
7935 7936
2215 2216
7604 7606
1244 1245
5050 5051
4655 4656
8021 8023
9881 9882
3620 3622
2948 2951
2657 2659
5631 5632
2941 2942
2180 2182
3273 3274
3489 3490
4497 4501
5338 5339
5578 5580
2676 2678
325 326
1468 1470
3829 3830
2650 2652
6737 6739
8989 8990
8298 8299
7885 7887
749 750
8423 8426
4040 4042
440 442
2734 2735
3384 3385
215 216
4024 4026
4789 4791
9193 9195
1842 1843
6022 6023
8317 8319
122 123
5925 5926
6180 6182
9293 9295
6271 6272
3871 3874
4906 4909
8493 8494
100 102
462 464
83 84
6890 6891
2295 2298
7417 7419
6391 6392
9018 9019
5022 5025
6303 6304
5375 5376
667 668
5392 5393
2032 2033
7108 7109
8641 8643
1 3
1258 1259
2114 2116
5695 5698
4001 4002
9687 9688
516 517
1620 1622
7718 7720
3668 3669
536 537
9747 9748
6523 6524
1797 1799
3073 3074
1552 1553
8615 8616
1256 1257
1929 1931
4115 4116
2619 2622
345 347
254 257
8710 8711
5544 5545
6210 6212
2105 2107
8040 8041
8337 8340
2016 2019
7036 7039
3744 3745
3217 3219
6068 6069
3235 3236
1104 1105
34 36
5816 5817
7691 7692
3197 3198
2146 2148
4853 4854
7225 7227
2478 2479
3235 3237
965 967
9991 9993
1430 1432
4125 4127
5985 5988
8491 8493
428 430
1984 1985
3286 3287
6535 6537
5996 5998
2662 2663
4365 4367
5536 5538
8667 8668
1437 1439
5156 5158
6579 6582
7156 7158
4971 4973
3664 3666
7460 7461
1763 1764
4316 4317
95 97
6147 6148
6519 6521
9509 9510
7665 7667
7112 7113
7524 7526
8935 8937
9806 9807
6383 6385
8590 8591
638 641
7415 7416
6862 6863
580 581
4919 4921
2526 2528
7370 7371
4850 4852
944 945
8018 8019
2716 2717
4061 4062
9422 9423
1008 1010
826 827
703 705
3039 3040
7810 7811
7216 7218
4751 4753
4432 4433
7985 7986
7685 7687
3303 3305
4535 4536
9502 9503
8963 8964
9564 9568
5015 5019
3440 3441
1712 1714
4537 4538
778 779
4782 4784
336 338
5051 5052
2043 2045
2710 2711
2541 2543
7507 7508
6349 6351
1951 1952
1350 1351
7606 7607
4799 4802
9171 9172
3621 3622
1088 1089
7675 7676
8726 8728
2809 2811
5630 5632
1265 1267
7787 7789
8373 8375
6289 6290
7187 7190
6981 6982
6657 6659
687 688
3395 3397
1506 1507
9716 9720
91 92
9651 9654
9287 9288
6243 6245
6182 6183
8971 8972
8552 8553
6096 6098
7221 7223
7301 7302
7389 7391
8727 8728
7327 7329
6142 6144
2097 2101
5830 5831
4958 4960
6051 6052
304 305
9672 9673
3521 3522
9021 9024
7855 7857
3023 3025
9252 9254
1578 1581
398 401
886 889
394 397
9321 9322
2014 2016
101 103
6029 6031
6509 6510
5823 5825
2579 2581
962 964
2953 2954
2062 2066
6372 6375
1041 1042
3617 3618
6462 6465
7253 7254
8650 8651
2586 2587
7807 7808
1526 1527
2749 2750
2273 2274
3964 3965
2825 2827
3270 3271
6899 6902
4922 4924
7948 7950
9746 9747
1531 1534
7576 7580
1310 1311
7268 7270
5808 5809
259 260
4072 4074
2453 2454
304 305
1256 1257
2454 2455
1005 1007
9001 9002
9143 9144
2119 2120
8734 8736
344 345
8828 8830
9993 9994
7191 7192
9341 9343
9958 9960
3519 3521
1468 1470
7372 7373
2034 2036
706 707
1588 1589
2955 2956
8547 8549
2663 2667
823 824
5018 5023
1688 1690
6098 6100
8409 8411
1951 1952
9922 9923
8804 8805
2190 2191
1381 1382
8912 8914
5798 5799
8117 8118
5444 5445
3012 3014
1914 1915
2164 2165
1158 1161
593 594
4060 4062
7659 7662
9386 9387
9479 9480
6115 6117
8056 8057
6540 6541
3282 3283
1339 1340
9827 9828
8566 8567
5582 5583
931 932
2090 2091
9713 9714
6231 6233
9604 9605
1684 1685
159 161
7504 7509
5749 5751
164 167
8089 8093
8552 8553
1501 1503
1507 1508
1155 1157
2474 2475
7522 7523
8685 8689
2184 2185
1541 1542
2759 2762
4939 4940
6253 6254
5678 5680
7905 7908
8806 8810
7434 7435
6783 6785
2331 2332
6746 6748
2872 2874
1255 1257
8066 8069
1410 1411
4680 4681
8360 8361
5780 5782
6228 6230
3388 3392
5112 5114
5087 5088
1233 1235
1842 1843
4703 4704
6953 6954
6718 6720
8314 8316
9170 9172
2217 2219
6671 6672
3729 3731
6207 6209
6201 6202
5794 5795
5086 5088
7915 7916
673 676
1010 1011
4637 4638
6969 6970
7484 7485
1282 1283
8326 8327
9160 9163
5311 5312
4904 4905
1445 1447
4454 4456
3681 3682
4733 4734
2350 2354
2138 2139
2973 2975
6839 6841
4861 4863
5561 5564
5756 5758
5004 5006
9652 9656
7573 7577
5233 5234
2756 2758
8549 8552
2807 2809
2410 2413
9929 9930
495 496
1166 1167
4925 4926
7468 7469
4125 4126
5804 5805
4644 4645
8710 8713
700 702
4642 4643
8202 8207
5251 5253
1234 1235
4562 4564
3034 3035
2846 2849
9407 9408
3589 3590
2597 2598
9440 9443
5189 5190
8544 8545
3851 3852
2264 2265
3973 3974
4980 4982
2855 2856
127 128
797 798
1540 1541
1727 1729
6150 6151
1486 1487
5996 5998
1006 1007
4761 4762
4341 4343
8930 8932
2317 2320
7236 7238
9071 9072
6963 6964
5456 5459
3388 3389
9432 9434
6266 6267
7606 7608
8066 8068
1905 1907
2835 2839
7584 7585
9738 9739
8888 8889
282 283
9538 9541
3496 3497
7868 7870
4303 4305
7332 7334
7470 7471
4322 4325
6288 6289
2413 2415
3441 3442
6530 6531
3037 3038
6904 6907
6035 6036
7878 7880
8428 8429
1355 1357
2492 2493
297 298
2673 2675
78 79
1275 1277
2812 2814
819 820
4590 4593
8091 8092
510 513
529 530
8600 8602
2248 2249
637 638
3861 3864
3452 3453
6645 6646
3995 3996
1273 1274
6875 6876
26 29
9895 9897
5682 5683
7833 7834
2660 2661
1250 1251
2985 2989
7645 7647
4383 4384
9807 9809
3911 3912
509 512
9208 9210
85 87
6692 6693
3808 3810
1894 1895
3381 3382
3159 3160
757 760
2483 2485
6418 6419
5713 5715
2271 2272
2494 2495
2043 2044
1565 1567
9681 9683
4294 4295
2798 2799
1694 1695
6745 6747
8511 8512
5223 5224
2034 2035
939 940
7606 7608
7977 7980
444 447
4234 4235
2238 2241
3812 3813
3131 3132
8098 8099
2281 2282
6369 6371
8468 8470
9882 9883
3719 3721
79 80
2973 2974
773 776
8204 8208
2467 2468
7481 7482
6739 6740
1491 1493
2716 2718
7682 7683
6333 6334
900 902
795 796
2500 2502
5394 5396
229 231
4940 4941
9642 9645
2572 2573
8411 8412
3420 3423
1763 1765
1942 1943
7491 7492
1583 1584
8591 8592
345 346
4028 4029
1487 1489
1353 1355
4742 4744
86 87
464 465
1939 1942
1655 1659
9624 9625
8181 8182
7760 7761
8874 8876
2351 2352
5347 5348
177 180
4959 4960
3862 3863
7819 7821
5154 5156
5554 5556
7945 7947
606 609
6476 6477
8690 8691
8161 8162
9293 9294
4447 4448
2012 2014
4639 4644
7895 7897
6475 6476
1352 1353
1402 1405
1 2
8763 8764
4634 4635
8747 8748
2865 2866
7088 7089
8305 8307
3004 3005
240 241
4078 4080
7051 7052
2603 2605
640 642
6212 6213
6685 6687
9685 9686
8708 8709
2260 2262
5917 5919
5462 5463
3472 3473
2514 2519
374 376
1806 1808
3406 3407
8823 8824
1644 1646
6390 6391
1061 1062
490 492
9271 9272
5988 5989
5331 5333
1410 1412
3470 3472
9549 9550
1471 1475
5772 5773
5214 5215
299 300
336 339
6794 6795
5616 5617
178 180
7905 7907
4959 4960
528 530
2281 2282
9920 9921
938 939
6683 6684
5910 5911
1727 1728
4128 4130
3824 3825
7240 7241
1332 1333
2515 2517
7859 7860
3742 3744
2479 2480
9708 9710
8447 8450
4025 4026
8667 8669
3911 3912
7741 7743
600 604
146 148
1770 1771
7526 7527
4268 4269
7917 7918
1870 1871
415 417
4643 4645
1702 1704
2022 2023
7852 7853
8505 8506
154 157
2228 2229
9561 9563
2367 2368
4945 4946
9740 9741
4824 4825
1466 1467
262 263
7051 7053
8107 8109
1463 1464
6016 6017
735 737
2804 2805
1918 1919
4513 4514
5408 5409
1594 1595
1018 1019
5249 5251
2546 2547
2735 2736
6152 6153
6848 6849
2561 2562
1570 1572
3213 3214
7970 7971
6689 6690
5153 5156
8784 8788
9713 9715
4455 4456
2218 2219
1706 1708
7938 7941
1419 1421
2581 2582
6122 6123
4092 4095
5716 5718
6873 6874
8126 8128
7997 7998
9387 9388
1397 1399
7948 7949
686 687
3418 3421
8994 8995
5429 5430
1742 1744
4781 4782
7925 7927
9062 9063
444 445
3263 3266
9629 9630
3049 3051
2353 2354
5769 5771
1258 1260
9247 9249
