10000
274 275
2993 2994
8784 8786
2206 2208
7462 7464
8290 8291
9662 9663
2307 2308
999 1001
1151 1152
8423 8424
8890 8891
6717 6718
6640 6641
8703 8704
5566 5567
4883 4884
3661 3662
2659 2660
8245 8246
386 387
2657 2660
2765 2766
9601 9602
6841 6843
7209 7210
1497 1498
7283 7284
9254 9257
8058 8059
8421 8422
175 176
584 586
6787 6788
3271 3272
4287 4288
7999 8000
2505 2507
4981 4983
2138 2139
702 705
530 533
2461 2462
2118 2119
205 206
7540 7541
8828 8829
4459 4460
1623 1625
4398 4399
3760 3761
7098 7099
2935 2936
483 486
614 615
9568 9570
8493 8494
8596 8597
9162 9164
7746 7747
538 539
7670 7672
538 539
1476 1477
1555 1556
4919 4921
6371 6372
6761 6763
5752 5753
3758 3759
5433 5434
2255 2256
9067 9069
726 729
2401 2402
3034 3036
2759 2760
393 394
551 553
7273 7274
8794 8797
6193 6194
2933 2934
140 142
7103 7104
3690 3691
8211 8212
3694 3695
4668 4669
2627 2628
7498 7499
989 990
5248 5249
3879 3881
1647 1648
1149 1150
931 932
669 670
875 876
5598 5599
5449 5450
5436 5437
4599 4600
125 127
1443 1444
1731 1732
8155 8157
2861 2862
4434 4435
9385 9387
3967 3968
816 817
1394 1396
6704 6705
9868 9870
953 954
311 313
8223 8224
8684 8685
792 793
2667 2668
48 49
2469 2470
3931 3933
811 812
9814 9815
6090 6091
5427 5428
3743 3744
1604 1605
599 600
6474 6475
7195 7196
506 508
5158 5159
7590 7592
9858 9860
7809 7810
7889 7890
1447 1448
40 42
3818 3819
9364 9367
7975 7976
26 28
5091 5093
2503 2504
66 67
6414 6416
6840 6841
2570 2571
4676 4677
5395 5396
8643 8645
9986 9987
7651 7652
1109 1110
8187 8188
83 84
1089 1092
3390 3391
1250 1251
8686 8687
4755 4756
1381 1382
8128 8129
5502 5503
4277 4278
865 867
6426 6428
3565 3567
3872 3873
832 833
885 886
4428 4429
6646 6648
891 893
6478 6479
885 888
4925 4926
1267 1269
1260 1261
5045 5046
780 782
5821 5822
3855 3856
2520 2521
2927 2928
4775 4777
5138 5141
7251 7252
2677 2679
3336 3337
6336 6339
1001 1002
2737 2740
9310 9311
5974 5975
7590 7591
356 357
1071 1072
2080 2081
936 938
2145 2146
7282 7283
1825 1826
8718 8719
3573 3574
4712 4714
3037 3038
4998 4999
9905 9906
7162 7164
1717 1718
8692 8693
9540 9542
8047 8048
946 947
9103 9104
231 232
4115 4116
839 841
5860 5862
829 830
2645 2646
3394 3395
7199 7200
9646 9648
4272 4273
675 677
1862 1863
2072 2073
3773 3774
2480 2481
1238 1239
6899 6901
3542 3544
9608 9609
9204 9206
3277 3278
6125 6126
136 138
1401 1402
9078 9079
8382 8383
169 170
736 737
7478 7479
7940 7942
1138 1139
8721 8722
1426 1427
663 664
1677 1678
1575 1576
6724 6725
5981 5982
7700 7701
7961 7962
8864 8866
6002 6003
8448 8449
5095 5096
684 685
4016 4017
5137 5138
9507 9508
3994 3996
1286 1288
2944 2945
259 260
821 823
7058 7059
4643 4644
7668 7669
677 678
119 120
9857 9858
3043 3045
8891 8892
5264 5265
1623 1624
6915 6916
8072 8073
7929 7930
841 843
4715 4716
7615 7616
2537 2539
4958 4960
7759 7760
700 702
3453 3455
5093 5095
4241 4242
1829 1830
2448 2449
5227 5228
1798 1799
6224 6225
326 329
2274 2275
8133 8134
2889 2892
5038 5039
2170 2171
6862 6863
2629 2630
5084 5085
1909 1910
4878 4879
6923 6924
7085 7086
9400 9401
3024 3025
4194 4196
3105 3106
9412 9413
5766 5768
5767 5768
5407 5408
677 678
3785 3787
704 705
4790 4791
9834 9835
892 894
621 622
8086 8088
7734 7735
5192 5194
542 543
7998 7999
2088 2090
2018 2019
5622 5624
424 425
2599 2601
1378 1380
4254 4255
9669 9670
8108 8109
2927 2928
2493 2494
6068 6069
6366 6367
9102 9103
2438 2439
2600 2601
819 820
4318 4319
2290 2291
4984 4985
6340 6342
2556 2557
5810 5812
4632 4633
1478 1479
6814 6815
3787 3788
7239 7240
8074 8075
5020 5021
828 830
2554 2555
1988 1989
7441 7442
6798 6799
3642 3643
9002 9003
6321 6322
104 105
3946 3947
7056 7057
8509 8510
9833 9834
7708 7709
9761 9762
6533 6534
686 687
4805 4807
6385 6386
142 143
8843 8845
7260 7261
2161 2162
1620 1621
4343 4344
9578 9579
1187 1189
113 114
3063 3064
4591 4592
5934 5935
415 416
656 657
9763 9765
5012 5013
8411 8412
1959 1960
6251 6252
8738 8739
3370 3371
6124 6125
5507 5508
8007 8008
7585 7587
951 952
3101 3102
4489 4490
4958 4959
5441 5442
1790 1791
7013 7014
412 413
4856 4858
1062 1064
7093 7094
8472 8474
5402 5403
2676 2677
3543 3544
7373 7376
6266 6267
7653 7655
5275 5276
1530 1532
532 533
761 762
5469 5470
2503 2504
2729 2730
7108 7110
7892 7893
2451 2452
7953 7954
8392 8393
2570 2571
3519 3520
9472 9473
3409 3411
2494 2495
9505 9506
8440 8441
383 384
4262 4263
1409 1410
8607 8608
8039 8041
4360 4361
5471 5473
1171 1172
654 655
9947 9948
1514 1515
4523 4524
1229 1230
489 490
6766 6767
7887 7888
9756 9757
6632 6633
7470 7471
5739 5740
666 667
8522 8523
7283 7285
8160 8162
7553 7554
4705 4706
7093 7095
1259 1260
5388 5390
1687 1688
4629 4632
42 44
8319 8321
2045 2046
2356 2357
3389 3391
5452 5453
3154 3156
469 471
1833 1834
7760 7761
6921 6923
5631 5632
6738 6739
1267 1268
5778 5780
1100 1102
4316 4318
6320 6321
3054 3056
4007 4008
6470 6472
4216 4217
9722 9723
9843 9845
9007 9008
5463 5464
6260 6261
953 956
3794 3796
8630 8631
8717 8718
3043 3044
1376 1377
5316 5318
6626 6627
7117 7118
1334 1335
620 621
4171 4172
6792 6793
8964 8965
9154 9155
8866 8867
4693 4694
664 665
3775 3776
3000 3001
2212 2213
1102 1104
7551 7553
5476 5477
6379 6380
944 946
7878 7880
3789 3790
361 362
1385 1386
8272 8273
1434 1435
5144 5145
9561 9562
5563 5564
4505 4507
2946 2947
3888 3889
310 312
2157 2158
1430 1433
5123 5124
6464 6465
4074 4075
4346 4347
3837 3838
1981 1983
5318 5319
6611 6612
6292 6293
7591 7592
3832 3833
7123 7124
6461 6463
6995 7000
1461 1462
7330 7331
8498 8499
7369 7370
7291 7292
8400 8401
4179 4180
4117 4118
2317 2318
9914 9915
1595 1596
1441 1443
5936 5937
1867 1868
7028 7029
1453 1454
7911 7913
3973 3974
7981 7982
1503 1504
6571 6573
6816 6817
1883 1884
5369 5371
5385 5386
8402 8403
5230 5231
7157 7158
8683 8685
5567 5568
8310 8311
1866 1867
3687 3688
3171 3172
3477 3479
1245 1246
2764 2765
6238 6240
7671 7672
2047 2048
6115 6116
4592 4593
7311 7312
2660 2662
1405 1407
53 54
7171 7172
580 581
2740 2741
2530 2531
3675 3676
4324 4327
5790 5791
3378 3380
998 999
6586 6587
1604 1605
4489 4490
9632 9634
9744 9745
8388 8389
6610 6611
8718 8719
6919 6920
8259 8260
5927 5928
4609 4610
8119 8120
1479 1480
2718 2720
6300 6301
1396 1397
6853 6854
1458 1459
830 831
4593 4594
806 807
9849 9850
4855 4857
4272 4273
6160 6161
2294 2295
2054 2055
6335 6337
146 147
4229 4230
472 474
428 429
559 560
2241 2242
9423 9425
2690 2692
6367 6369
2033 2034
6685 6686
2270 2272
5329 5330
2261 2262
2860 2861
2208 2209
8982 8983
2164 2166
2506 2507
6878 6879
1979 1980
1897 1898
7887 7889
6538 6539
4469 4470
786 788
7541 7543
2795 2796
7266 7267
8633 8634
3510 3512
4557 4558
2317 2318
6136 6138
2056 2058
8135 8136
2258 2259
2593 2594
7843 7844
1693 1694
6468 6471
2951 2952
8140 8141
1094 1095
2937 2938
5174 5175
2512 2514
6097 6098
9551 9552
2695 2697
1817 1818
3492 3493
1294 1296
237 238
7532 7534
613 614
5298 5300
1710 1711
2389 2390
5628 5629
5809 5810
8788 8790
1744 1745
8840 8841
8182 8183
8569 8570
6120 6122
7393 7394
6292 6293
4964 4967
4214 4215
2528 2530
6807 6808
3195 3197
8705 8706
4713 4714
7011 7012
8914 8916
6693 6694
9664 9665
6203 6204
8999 9002
7762 7763
4381 4382
6946 6947
9909 9910
1048 1049
1768 1769
6624 6625
2511 2512
7954 7955
4235 4236
1127 1128
4633 4634
8240 8241
1862 1863
5128 5130
7577 7578
3817 3818
2340 2341
142 143
5101 5103
8400 8401
6558 6559
1476 1477
3154 3155
935 936
6431 6433
5831 5832
1297 1299
3537 3538
5623 5624
7923 7925
2927 2929
8029 8030
211 212
6211 6212
1754 1755
6880 6881
2253 2254
3293 3295
1321 1322
785 786
6528 6529
443 444
1000 1001
555 556
4671 4672
9270 9271
7452 7453
9375 9377
4631 4632
3640 3641
8934 8936
8040 8041
7986 7987
8834 8835
4249 4251
1539 1540
8765 8766
2796 2797
312 313
7262 7264
5052 5053
731 732
3987 3988
4464 4465
2560 2562
4248 4249
9556 9557
170 171
5450 5452
7182 7183
7301 7302
3293 3294
4099 4100
3334 3336
9045 9047
2334 2336
75 76
1004 1005
9050 9051
5026 5027
4066 4067
1738 1739
9801 9802
9625 9628
3844 3846
441 442
3380 3381
9695 9696
7918 7919
3659 3660
1363 1365
2628 2629
6329 6330
1088 1089
8854 8855
8613 8614
4979 4980
8569 8570
666 667
7679 7680
7577 7578
7839 7841
3402 3403
3115 3116
3292 3293
1723 1724
2872 2873
9448 9449
323 324
1154 1156
5948 5949
4395 4396
5201 5204
4508 4509
2910 2912
7411 7412
3993 3994
7665 7666
6781 6782
3202 3203
7611 7613
4828 4829
7256 7257
7705 7706
8965 8966
8023 8024
769 770
1716 1718
253 254
1805 1806
3684 3685
9480 9482
2145 2146
1840 1841
833 834
9285 9286
6900 6901
969 971
3994 3995
6633 6634
3885 3886
348 349
8282 8284
8032 8033
6256 6257
9910 9911
872 873
8982 8983
3901 3902
2306 2307
636 638
7861 7863
2471 2472
9529 9531
7137 7138
8343 8344
9768 9769
8233 8234
3995 3996
9171 9172
7603 7604
8942 8943
8011 8012
7879 7880
1037 1039
4512 4513
4593 4594
530 531
4161 4162
3238 3241
258 259
1926 1927
5906 5907
5191 5192
4443 4444
6188 6191
233 236
2719 2720
6484 6485
5224 5225
9094 9096
438 440
3224 3225
8094 8095
3582 3583
8867 8868
8627 8630
2007 2009
1147 1149
2689 2691
6589 6590
540 541
8237 8238
2850 2851
8759 8760
9578 9579
8956 8957
2677 2678
2403 2404
8042 8043
6300 6301
5811 5812
5225 5226
1143 1144
1595 1596
1016 1017
6615 6616
8804 8805
1008 1010
8368 8369
1641 1642
335 336
698 699
1325 1326
8315 8317
8023 8024
2314 2316
4618 4619
8457 8458
8397 8399
8339 8340
1088 1090
2094 2095
7846 7847
7043 7044
1522 1523
2911 2912
6280 6281
3455 3456
6358 6359
6847 6848
8870 8871
990 991
3873 3874
4327 4329
3413 3414
3454 3455
1896 1897
2472 2473
4450 4451
7241 7242
4641 4642
5646 5647
3525 3526
8215 8217
6824 6825
7929 7930
8695 8697
5405 5407
2594 2595
7993 7996
6067 6068
2187 2188
4640 4641
5079 5080
41 42
8125 8126
2534 2535
4860 4861
3000 3001
4907 4908
2621 2622
7694 7696
5295 5297
5117 5118
7717 7718
403 404
3943 3944
7893 7894
639 640
9011 9012
6925 6926
4028 4029
9978 9979
748 749
2850 2851
2892 2893
6448 6451
654 655
3627 3630
4353 4354
2036 2037
1547 1548
1346 1347
826 828
6062 6064
3904 3905
238 239
7573 7576
6886 6887
6405 6406
5299 5301
2056 2057
1729 1731
1267 1269
3751 3752
2019 2022
9991 9992
8166 8167
5717 5720
5846 5847
7094 7096
3187 3188
1421 1423
2914 2916
6867 6868
8299 8300
2444 2445
9897 9898
1201 1202
3328 3329
4942 4943
7104 7105
1768 1769
9768 9769
6641 6642
6296 6297
1262 1263
720 721
1244 1245
7918 7919
9625 9626
1219 1220
7585 7587
8174 8175
984 985
459 460
3150 3152
7015 7017
5695 5696
2504 2506
5032 5033
3853 3856
1537 1538
6816 6818
8363 8364
4651 4653
1219 1220
4290 4291
5919 5921
1685 1687
1918 1919
6584 6585
7252 7253
3586 3588
1272 1274
6248 6249
2139 2142
2397 2399
424 425
3168 3169
29 31
8148 8149
1993 1994
383 385
9271 9272
7673 7676
893 894
877 878
1014 1016
9104 9105
484 485
2943 2944
1495 1496
6813 6815
1293 1294
8892 8893
6798 6799
1990 1991
1299 1300
4890 4891
8493 8494
9074 9075
1549 1550
3775 3777
9314 9315
173 174
4071 4073
9218 9219
6865 6866
6833 6834
5238 5239
9911 9912
3253 3255
6463 6464
6508 6509
5149 5150
3092 3095
2245 2246
6231 6233
1920 1921
107 109
9271 9272
2368 2369
6421 6422
5259 5261
4157 4158
9647 9648
4982 4983
8238 8239
4124 4126
7723 7724
906 907
8706 8707
189 190
1156 1157
345 346
2352 2354
6923 6925
7118 7119
1550 1551
2097 2098
1837 1839
591 592
3406 3407
4510 4511
5813 5814
4651 4652
5880 5881
7844 7845
4743 4744
7741 7742
1246 1248
4578 4579
4949 4950
1705 1706
4516 4518
9785 9786
9227 9228
8624 8626
7204 7205
8356 8357
3917 3918
6227 6228
555 556
103 105
4286 4287
9468 9469
1698 1699
8979 8981
1411 1412
2489 2490
758 759
3490 3491
775 776
8410 8411
7132 7133
7089 7090
7298 7300
1951 1953
3112 3113
122 123
2529 2530
7672 7673
5836 5837
8277 8278
5553 5554
3977 3979
670 671
9085 9086
2655 2657
1751 1753
397 398
9751 9752
9003 9005
435 436
6693 6694
5073 5075
7918 7921
6716 6717
5328 5329
1511 1512
2131 2134
1839 1841
7296 7297
8939 8940
1545 1547
1056 1057
2827 2829
2903 2905
6758 6759
4588 4589
2021 2022
2586 2587
4108 4109
9777 9778
2628 2629
1979 1980
6947 6948
2549 2550
1280 1281
3245 3246
5128 5129
4062 4063
426 427
4719 4720
677 678
9095 9098
4047 4048
3785 3786
3233 3235
7406 7407
8684 8686
1954 1955
6769 6770
4709 4710
7956 7957
2421 2422
5945 5946
3465 3466
6016 6017
1860 1861
6497 6498
8335 8336
5190 5191
5677 5678
8051 8053
1005 1006
7886 7887
3390 3392
8676 8678
3143 3144
7377 7378
131 133
8487 8488
6555 6556
2482 2483
5253 5254
5000 5001
7754 7755
289 290
2488 2489
5215 5216
2008 2009
1313 1315
940 941
7799 7800
2997 2998
9707 9708
8454 8455
304 306
8237 8238
485 486
2500 2502
792 793
9613 9614
2612 2613
8682 8683
2983 2984
5351 5352
6129 6130
7137 7138
5033 5035
6600 6601
1867 1869
3683 3684
1857 1858
8968 8969
1710 1712
1968 1969
1708 1709
2641 2642
7736 7739
2437 2438
1684 1685
2499 2500
2701 2702
9869 9870
8583 8584
9260 9263
9692 9693
7640 7641
2087 2088
5012 5013
3810 3811
5820 5821
4835 4836
1663 1664
615 616
5897 5898
8677 8678
2774 2775
134 135
7553 7554
9533 9534
8878 8879
2286 2288
5626 5628
2734 2735
8076 8078
5349 5350
712 713
6986 6988
624 625
7794 7796
6504 6505
8822 8823
4055 4056
8914 8916
462 465
4473 4474
84 85
4160 4161
1122 1123
6053 6054
9398 9400
1822 1823
9751 9753
1337 1338
3918 3920
4006 4007
4931 4932
2197 2198
7507 7509
9238 9240
358 360
6599 6601
8290 8291
1898 1900
985 986
1447 1448
1084 1085
592 593
8725 8726
8996 8998
9855 9856
4828 4829
5339 5341
7342 7343
4428 4429
9795 9796
745 747
37 38
5506 5508
6767 6768
5053 5054
9793 9794
8507 8509
4146 4147
3609 3611
3925 3927
9854 9855
9465 9466
2240 2242
6206 6207
4211 4213
5492 5493
6499 6500
8175 8176
1036 1037
3061 3062
3647 3648
5619 5621
5013 5014
6727 6728
5712 5713
7896 7897
1911 1913
7843 7845
130 131
9090 9091
9034 9035
7915 7917
6286 6287
3523 3525
666 667
1344 1345
2736 2737
2037 2038
5416 5417
5893 5894
1949 1950
971 972
844 845
2777 2778
9285 9286
6202 6204
4590 4591
285 286
8325 8326
7118 7119
5668 5669
6 7
9729 9730
4010 4012
4541 4542
225 226
5537 5539
1980 1981
716 717
470 471
5384 5385
8751 8754
328 329
7938 7940
6204 6205
701 703
7523 7524
6366 6368
1411 1412
6040 6041
250 252
1505 1507
3483 3484
1766 1767
6141 6142
2670 2672
845 846
506 507
9088 9089
3256 3257
5107 5108
8266 8267
5857 5858
2678 2679
4199 4200
2674 2675
4155 4156
5191 5192
8990 8991
9832 9833
858 859
996 997
8917 8918
8290 8291
3967 3968
1707 1709
8234 8235
8246 8247
1462 1463
9403 9405
8239 8241
3426 3427
9097 9100
906 907
8314 8316
350 351
4586 4588
5279 5281
7776 7777
5822 5823
6879 6880
2301 2302
5812 5813
5676 5677
3164 3165
7357 7358
2570 2571
6038 6039
4312 4313
144 145
6561 6562
8180 8181
8201 8203
646 648
1856 1857
8061 8062
2647 2648
5939 5940
9808 9809
9290 9291
7452 7453
979 980
2621 2623
1419 1420
4007 4008
2286 2288
4547 4548
9977 9978
5676 5678
8613 8614
8710 8712
3371 3372
8646 8649
6339 6340
6336 6337
2621 2622
1501 1502
6034 6035
8129 8130
1358 1359
1436 1437
8469 8470
2897 2898
8504 8505
4798 4799
4202 4203
3107 3109
1238 1239
5032 5033
65 66
2517 2519
4481 4482
5579 5580
9023 9024
1727 1728
1771 1773
1316 1318
382 383
6140 6141
4816 4817
8488 8489
5319 5320
5589 5590
5513 5515
8259 8260
851 852
2277 2280
3283 3284
4364 4365
7038 7039
3012 3013
3184 3185
1759 1760
3505 3508
9574 9576
8735 8737
5059 5060
7714 7715
7653 7656
6595 6596
8524 8526
4541 4542
418 420
5378 5380
1052 1053
565 567
9891 9892
138 140
3310 3311
967 968
5055 5056
3788 3790
7224 7225
8222 8223
6439 6440
7443 7445
6648 6650
6806 6808
7836 7838
9368 9369
1441 1442
8872 8873
2668 2669
9974 9975
9176 9177
5137 5139
633 634
3241 3242
5745 5746
8018 8019
1015 1016
2974 2975
9254 9257
846 848
8956 8957
5524 5525
6966 6967
5581 5582
8144 8145
2240 2241
9336 9338
5296 5297
1877 1879
5029 5031
1205 1206
2018 2019
4291 4293
1641 1642
3465 3466
6192 6194
2471 2472
6259 6260
3700 3701
217 218
2016 2018
1943 1945
4625 4627
7064 7065
1505 1506
1157 1158
1502 1503
7666 7667
9275 9276
2049 2051
7632 7633
9789 9790
6046 6047
2145 2146
6003 6004
3152 3153
1904 1906
8326 8327
9155 9157
1184 1185
9649 9650
353 355
405 406
4346 4347
1025 1026
8972 8974
4336 4337
4795 4798
9793 9795
1323 1324
5532 5533
8858 8860
5896 5897
3210 3211
7776 7777
5692 5694
4552 4555
5290 5291
3796 3798
3852 3853
7350 7351
8315 8316
37 39
9361 9362
3760 3763
9984 9985
8729 8730
2534 2535
6050 6053
8082 8083
6806 6807
1936 1938
5584 5585
790 791
1617 1618
9182 9183
9068 9071
3116 3117
6388 6389
9425 9426
3102 3104
5610 5611
6450 6451
9984 9987
8621 8622
5193 5194
7038 7039
6754 6755
4593 4594
4895 4896
280 281
5638 5640
5167 5168
7421 7423
4345 4347
6883 6884
3865 3866
4696 4697
833 834
390 391
2634 2636
189 190
7839 7840
183 184
3817 3818
2129 2130
6753 6754
679 680
8613 8614
600 601
8252 8253
5146 5148
9861 9862
2151 2152
8318 8319
8965 8967
7813 7815
4907 4908
9554 9555
1476 1477
617 618
1211 1212
5431 5433
2264 2265
5966 5967
9531 9532
9942 9943
698 699
9522 9523
1155 1156
7587 7588
5257 5258
3158 3159
4464 4465
3762 3763
8510 8511
946 947
1065 1066
8380 8382
3166 3168
5946 5947
3540 3541
7297 7298
8042 8043
4465 4467
3198 3201
2584 2585
271 273
2715 2716
2200 2201
1206 1207
2106 2107
1302 1303
4696 4697
8833 8834
7611 7612
9068 9070
415 416
6645 6646
175 176
6354 6355
3448 3449
4919 4920
3079 3080
7988 7989
6321 6322
7592 7593
1597 1598
2197 2198
3509 3510
8652 8654
71 72
658 659
4123 4125
6859 6860
7997 7999
999 1000
1899 1900
4120 4121
1320 1323
2039 2041
6984 6985
4912 4913
1915 1917
3957 3960
9485 9486
741 742
199 200
1567 1568
4208 4209
6844 6846
169 170
9681 9682
4879 4880
1108 1109
7208 7210
5259 5261
5706 5707
3851 3853
4075 4076
8026 8027
124 125
7609 7611
7774 7775
2884 2886
130 132
4548 4550
3145 3146
483 485
1714 1715
149 150
4168 4169
3338 3339
307 308
6793 6794
3506 3508
1105 1106
1697 1698
8217 8218
5955 5956
6641 6642
2343 2344
6133 6134
2097 2098
679 680
736 737
9555 9556
5633 5634
1954 1956
930 931
252 253
9905 9907
279 280
2489 2491
4870 4871
1754 1755
6072 6073
2176 2177
6701 6702
5416 5418
8086 8087
4231 4232
7480 7481
9975 9976
260 261
514 515
8938 8939
6657 6658
4990 4991
9438 9439
8981 8982
5447 5448
5242 5243
4620 4622
6071 6073
5631 5632
4061 4062
7221 7223
8783 8785
990 991
2833 2834
8672 8675
1563 1564
1304 1306
502 503
6928 6929
721 722
4898 4899
1450 1452
945 946
8406 8407
2222 2223
8686 8687
5794 5795
3577 3578
2844 2845
8683 8684
1547 1548
3240 3241
485 486
6464 6465
1723 1724
337 338
6653 6654
7168 7169
8130 8131
5255 5256
1466 1467
4858 4859
2512 2513
9658 9660
3318 3319
3201 3202
142 143
1276 1277
1509 1511
2702 2703
684 685
5023 5024
270 271
6312 6313
8250 8251
3477 3480
311 312
6850 6851
9195 9196
5488 5490
1520 1521
6101 6102
183 184
4798 4799
7892 7893
8849 8851
6784 6787
245 246
2187 2188
4463 4465
8343 8344
8258 8259
6859 6860
8871 8872
4016 4017
8172 8174
2832 2833
4443 4445
7683 7684
6088 6089
2015 2016
3977 3979
8518 8521
8298 8299
39 40
1286 1288
3205 3206
9998 10000
9146 9147
5769 5770
3675 3676
917 918
9387 9388
5020 5021
6030 6032
7442 7443
1735 1736
2392 2394
375 377
3480 3481
2074 2076
777 778
786 788
8381 8382
1785 1786
522 523
8345 8346
979 980
6086 6088
5713 5714
935 936
9735 9736
883 884
2186 2187
6096 6097
650 652
2085 2087
4752 4753
521 522
9260 9262
1982 1983
6636 6638
7688 7690
9919 9920
7236 7237
6792 6793
7065 7066
9278 9279
4198 4200
1496 1497
6386 6387
1011 1012
976 977
7547 7548
2121 2122
3202 3203
7245 7247
6702 6704
8564 8565
1539 1540
2572 2573
2257 2258
2370 2371
1922 1924
1654 1655
9359 9360
1080 1081
7298 7299
3393 3395
3960 3961
510 511
9591 9592
5867 5868
2035 2037
1675 1676
2137 2139
502 504
7775 7776
5790 5791
4376 4377
1256 1257
272 273
703 704
5086 5087
967 968
9515 9517
3542 3543
3497 3499
3566 3567
8456 8457
4186 4187
8437 8438
9199 9201
2627 2629
8364 8365
1085 1086
1665 1666
8909 8911
340 341
1360 1361
2814 2815
1154 1155
8012 8013
9752 9753
3338 3339
8706 8708
2526 2528
630 631
9249 9250
3181 3183
3079 3080
8313 8314
8840 8842
2517 2518
8421 8422
4145 4146
5991 5993
1969 1970
1839 1840
4308 4309
6565 6566
3762 3763
9474 9476
3683 3685
1970 1971
3147 3148
7053 7054
2708 2709
6508 6509
6715 6716
4429 4430
1066 1067
7689 7690
4663 4664
1771 1772
5541 5542
6260 6262
8632 8634
3576 3579
2514 2515
966 967
5988 5989
8170 8171
8168 8169
2199 2200
655 656
3850 3852
3445 3447
2936 2937
6278 6279
9406 9407
9427 9428
313 314
7523 7524
2374 2376
3327 3328
7073 7074
3461 3462
2173 2174
9934 9935
1102 1103
5587 5588
1417 1418
1463 1464
6153 6154
6126 6127
595 596
1495 1496
9219 9223
2406 2408
7372 7374
3859 3860
3307 3309
2498 2500
4833 4834
4223 4224
4852 4854
7879 7880
519 520
6126 6127
7793 7794
1585 1586
1469 1472
1371 1372
5444 5445
7107 7108
7271 7272
4087 4088
8099 8100
6520 6522
8596 8597
5715 5717
7552 7553
2492 2493
4753 4754
8257 8258
7590 7591
4959 4960
3358 3360
887 889
7809 7811
5865 5866
5686 5687
2019 2020
259 260
2315 2317
2435 2437
1028 1029
4101 4102
468 469
2869 2870
456 457
6731 6732
7578 7580
6074 6075
1395 1396
843 844
1274 1275
3316 3317
5025 5027
511 512
8585 8586
5722 5723
8971 8972
57 58
4095 4096
8174 8175
5038 5039
2183 2184
6658 6659
7296 7298
5722 5723
6983 6984
6231 6232
9503 9504
2232 2233
4302 4304
5590 5591
1482 1484
7408 7409
5505 5506
2702 2703
2858 2859
9818 9819
557 558
5561 5562
4120 4121
5028 5029
3658 3660
5713 5714
3332 3333
3092 3093
7183 7185
6467 6468
1320 1321
7358 7360
1074 1075
3987 3988
9094 9096
4983 4984
1364 1365
7264 7265
9716 9719
6746 6747
4392 4394
426 428
6255 6256
3163 3164
1467 1468
5792 5793
4231 4232
2619 2620
2880 2881
4718 4721
6128 6129
9949 9951
4720 4722
9079 9080
2091 2092
3766 3767
7587 7588
5808 5810
2126 2127
4826 4828
1162 1164
7518 7519
3220 3221
36 38
1317 1319
5458 5460
4149 4151
9156 9157
134 135
3360 3361
751 752
6208 6209
1478 1479
2294 2295
2589 2590
7524 7525
7976 7978
9694 9695
4090 4091
193 196
9372 9373
7419 7420
301 302
1702 1703
4846 4848
523 524
6539 6540
609 610
1827 1828
6637 6638
8186 8188
7416 7417
1827 1828
5170 5172
7623 7624
4900 4902
2516 2518
415 416
3644 3645
5436 5437
3669 3670
378 379
1676 1677
7859 7861
7952 7953
9846 9847
7137 7138
5915 5917
2988 2989
4616 4617
7288 7289
2382 2383
8074 8075
333 334
3915 3918
1056 1057
5656 5657
62 63
9616 9617
4526 4528
2129 2130
7442 7443
1984 1985
4872 4873
7049 7050
3396 3397
8026 8027
8582 8585
203 205
8776 8778
5416 5417
665 666
4552 4553
8760 8762
2755 2756
1417 1418
2844 2845
3554 3555
9444 9446
6824 6825
2002 2004
8422 8423
121 122
5733 5734
1413 1414
9917 9918
5794 5796
1873 1874
2060 2061
1181 1184
9074 9075
5985 5986
2501 2502
1622 1623
3208 3209
7395 7396
1026 1027
6722 6724
6291 6292
1988 1989
931 934
9072 9073
980 982
193 194
8 9
2255 2257
922 924
876 877
5137 5138
816 817
3803 3804
1090 1091
7912 7913
2290 2292
7253 7254
9979 9980
7299 7301
2322 2323
2902 2903
7602 7603
6369 6370
654 655
2729 2730
9734 9735
2438 2439
2274 2275
5226 5228
6464 6466
8134 8135
2974 2976
4348 4349
6453 6454
9503 9504
2307 2308
5520 5522
8333 8334
7437 7438
697 699
3179 3180
661 662
3146 3148
7659 7660
961 962
1907 1908
6576 6577
3472 3473
647 649
3592 3593
2972 2973
628 629
4196 4197
6811 6812
5535 5536
5835 5836
1229 1230
3716 3717
3532 3533
4956 4957
6159 6161
9749 9750
4620 4621
3296 3297
9725 9727
3120 3121
4526 4527
6407 6409
8983 8985
3445 3446
574 575
1691 1692
6588 6589
544 547
664 665
8106 8109
877 878
353 354
2942 2943
7004 7005
626 628
4852 4853
5625 5626
7611 7612
7844 7846
8724 8725
1149 1150
135 136
3591 3593
146 147
7328 7329
3855 3856
7804 7805
1741 1742
6910 6912
9381 9382
2779 2780
9102 9103
84 86
692 693
532 533
7312 7313
6099 6100
6161 6163
1048 1050
2407 2409
5290 5291
7569 7570
9959 9960
2628 2629
2139 2140
1228 1229
7580 7581
2471 2472
1778 1779
7440 7441
8457 8459
2148 2149
9444 9445
4745 4746
6125 6126
7210 7212
4698 4699
5616 5617
1180 1181
4817 4819
6064 6065
6226 6227
9472 9473
7479 7480
9593 9594
2482 2483
3005 3007
8537 8539
5333 5334
1106 1108
7587 7588
735 737
5638 5639
1165 1166
1064 1066
4518 4519
8399 8400
5032 5034
7508 7509
3897 3899
3438 3439
3978 3979
2638 2639
8245 8246
4059 4060
4171 4173
744 745
7362 7363
4769 4770
1049 1050
6518 6519
6468 6470
558 559
2143 2144
3061 3062
5603 5604
9190 9191
2186 2187
1226 1227
3603 3604
7004 7005
1304 1307
1768 1769
423 424
1347 1348
5396 5397
4566 4567
5230 5231
1665 1666
6152 6153
2000 2001
3617 3618
9175 9177
786 787
669 671
1597 1598
1579 1580
6224 6225
7728 7729
6260 6261
2158 2159
3425 3426
3267 3268
9312 9313
734 735
452 453
5169 5170
9566 9569
1570 1571
8211 8214
9235 9236
6890 6891
1711 1712
2064 2065
4750 4751
8960 8961
7545 7546
4767 4768
1754 1755
787 788
8217 8218
4565 4566
9942 9943
2088 2089
274 276
2815 2816
7579 7580
840 842
9388 9389
9270 9272
1886 1887
3831 3833
809 810
4640 4641
7321 7323
8319 8320
9883 9885
1626 1627
3020 3021
1411 1413
454 455
5893 5894
1984 1985
2357 2358
2999 3000
336 337
8829 8830
5950 5951
1457 1458
2405 2406
365 366
2334 2337
49 50
9094 9095
8594 8596
1276 1279
119 120
3017 3018
9315 9317
5253 5254
6117 6118
4977 4978
9160 9161
1505 1506
153 154
4591 4592
6562 6563
3576 3577
4854 4855
72 73
1135 1137
3016 3017
5050 5051
9193 9194
1945 1946
1852 1856
749 751
2521 2522
8061 8062
6344 6345
259 260
8366 8367
2885 2886
4439 4440
2718 2719
9107 9108
5268 5269
3554 3555
2050 2051
7432 7433
3799 3800
2020 2021
6736 6738
1098 1099
2792 2793
3916 3917
6184 6186
9029 9030
5316 5317
3059 3060
3758 3759
4583 4584
2399 2400
1135 1136
8357 8360
70 71
5271 5272
2344 2346
7780 7781
3877 3878
409 411
8295 8296
7686 7687
2403 2404
8252 8254
5719 5721
3035 3036
7285 7287
8428 8429
6680 6683
5960 5961
101 102
949 950
2364 2365
6387 6389
7628 7630
7158 7160
2737 2738
4841 4842
8938 8939
1594 1596
7096 7097
1033 1034
4493 4496
9768 9769
7877 7880
9935 9936
9111 9114
96 97
381 382
1561 1562
5739 5740
5584 5585
5923 5924
8499 8500
6732 6734
1849 1850
5442 5443
8606 8607
6850 6853
8287 8288
6044 6047
2769 2770
9223 9224
1588 1589
6467 6468
2084 2086
3400 3401
1158 1159
5606 5607
6939 6941
9463 9464
920 921
8368 8371
5758 5759
9685 9686
9023 9025
229 230
9298 9299
9356 9357
5470 5471
3175 3176
4198 4200
1683 1684
9988 9990
7619 7620
2946 2947
2190 2191
8275 8276
2469 2470
5521 5523
4341 4342
6197 6198
8545 8546
1654 1656
7158 7159
4058 4059
5794 5796
3793 3795
3343 3346
4837 4838
8900 8901
3232 3233
2675 2676
9738 9741
7439 7441
9958 9960
583 585
7085 7086
5014 5016
5284 5285
5253 5254
727 728
288 290
2426 2429
9670 9671
4536 4537
3281 3282
3370 3371
6549 6551
1348 1349
9077 9079
6201 6203
6835 6836
3573 3574
8137 8138
8351 8352
8731 8732
7617 7618
5233 5234
571 572
7378 7380
5529 5530
7731 7732
1044 1045
344 346
6467 6468
3 5
7528 7531
919 921
2635 2637
4999 5000
7757 7758
9242 9244
581 582
3623 3624
5941 5942
7131 7132
5749 5750
1539 1540
9299 9300
5575 5576
4099 4100
4364 4366
3246 3248
4726 4727
201 202
6424 6425
4085 4087
7389 7391
735 736
2026 2028
8896 8898
8745 8746
6170 6171
1483 1484
8717 8718
8392 8393
8752 8753
1324 1325
9774 9776
7740 7741
8255 8256
4468 4470
2070 2071
6843 6844
30 31
5758 5761
766 768
3114 3115
2980 2981
1458 1460
2358 2359
8124 8125
6008 6009
5311 5312
6667 6670
1717 1718
5928 5929
7590 7591
1099 1100
4580 4581
3871 3873
2990 2992
5414 5416
4001 4003
8065 8067
8275 8276
84 85
9682 9683
7911 7912
106 107
9868 9869
8644 8645
3826 3827
6436 6437
7366 7367
1592 1593
4988 4989
8838 8839
5865 5866
7212 7213
3947 3948
7446 7447
9659 9660
1052 1054
5771 5772
1256 1257
1110 1111
2057 2058
666 667
6252 6254
2670 2671
3145 3146
3925 3926
1148 1149
5874 5875
5774 5775
7043 7044
9429 9430
5536 5537
6763 6765
16 17
1858 1859
3936 3938
7301 7302
2061 2063
2655 2656
3815 3816
1174 1175
582 583
139 140
2082 2083
4024 4025
900 901
1575 1576
9337 9338
5376 5377
1300 1301
9425 9427
5864 5865
537 538
2695 2697
8525 8526
8630 8632
2851 2852
9788 9789
794 795
1744 1745
1706 1707
75 76
6071 6072
6490 6491
1884 1885
4819 4820
9979 9980
7197 7199
5158 5159
6807 6808
845 846
5374 5375
7439 7441
1156 1157
4820 4821
432 433
9766 9767
7222 7223
2957 2958
553 554
6273 6275
6955 6956
9389 9390
7625 7626
8029 8030
3128 3130
2039 2040
1527 1529
394 395
8490 8491
9648 9649
8054 8055
5517 5518
4192 4193
2530 2531
2618 2619
3148 3150
4056 4057
2990 2991
2282 2284
9743 9744
6439 6440
1303 1305
1493 1494
1927 1929
269 270
393 394
1033 1034
8431 8432
3592 3593
1135 1136
9026 9027
5842 5843
9080 9081
8616 8617
4961 4962
8717 8718
5907 5908
5920 5921
3245 3246
2168 2170
121 122
7784 7786
2782 2783
7006 7007
6491 6493
1870 1871
4616 4618
2195 2196
3143 3144
1763 1764
4771 4772
3592 3593
4936 4938
9217 9218
5412 5413
5881 5882
3467 3468
6721 6722
6952 6953
7322 7323
1828 1829
8230 8231
429 430
1424 1425
7699 7700
4153 4154
2151 2152
1794 1795
5041 5043
5265 5267
8383 8384
8720 8721
144 145
388 389
4077 4078
8213 8214
5202 5203
8658 8659
4202 4203
3753 3754
2251 2253
5058 5060
6575 6576
8090 8091
4638 4639
6823 6825
1395 1396
4703 4705
7205 7206
1559 1561
3123 3124
4289 4291
1041 1042
4026 4027
2530 2532
6209 6210
4820 4821
935 937
7043 7044
2532 2534
5674 5675
3902 3903
8100 8101
3071 3072
8775 8776
5010 5012
6430 6431
2794 2795
8622 8623
1736 1737
6890 6891
5015 5017
2452 2453
6754 6755
9782 9783
7933 7934
5188 5189
7855 7856
1960 1961
7946 7948
9923 9924
542 543
4659 4660
487 488
5943 5944
5347 5348
8584 8585
1391 1393
1668 1669
1788 1789
3198 3200
2280 2281
7479 7480
2707 2708
1813 1814
6860 6861
5447 5448
9846 9847
7271 7272
2182 2183
2344 2345
3142 3143
6448 6449
5636 5637
2353 2354
7549 7550
3888 3889
2823 2824
1825 1826
9251 9253
6190 6191
7639 7642
2046 2047
3362 3363
5775 5777
7624 7625
4078 4079
4985 4986
103 104
6781 6782
377 378
6350 6351
6048 6049
172 174
8494 8495
216 217
2729 2730
9726 9727
6038 6039
9915 9916
8672 8673
8353 8355
5862 5863
6421 6422
7667 7668
1128 1129
1465 1466
4329 4330
259 261
4082 4083
5389 5390
4986 4987
1419 1420
2735 2736
2140 2142
8666 8667
3633 3635
3486 3488
5822 5823
3 4
5161 5162
1897 1899
6141 6142
2150 2152
8432 8433
5872 5874
2361 2362
4770 4771
2313 2314
7167 7169
5645 5646
8120 8121
1810 1811
2128 2129
5970 5971
6621 6623
3596 3597
5004 5005
8514 8515
801 803
3210 3211
5269 5270
9552 9553
2235 2236
471 472
6344 6345
1830 1831
6382 6384
7261 7262
6397 6399
7153 7155
668 670
83 84
8710 8711
6758 6759
7372 7373
2295 2296
7906 7907
17 19
3453 3455
284 285
9905 9906
5812 5813
8021 8022
6341 6342
6575 6576
2290 2291
7525 7526
6611 6612
2167 2168
6982 6983
5783 5784
3387 3388
8793 8794
8050 8051
9679 9680
8268 8269
1274 1275
884 885
2638 2642
335 336
2460 2461
4105 4106
1511 1512
4992 4993
7824 7825
7550 7551
7016 7017
8060 8062
9801 9802
759 760
9309 9310
2923 2924
67 68
7300 7301
7225 7226
8256 8257
9140 9141
48 49
1655 1656
1807 1808
4449 4450
8491 8492
8760 8761
4382 4383
4836 4837
219 220
270 271
9679 9680
1725 1726
5519 5520
4809 4810
6701 6702
6631 6632
8324 8325
5807 5808
2725 2726
2301 2302
283 284
3969 3970
2489 2491
1164 1165
3963 3964
4124 4125
7534 7535
7770 7771
2851 2852
3997 3998
3726 3728
9511 9512
67 68
265 266
842 844
3379 3380
4955 4956
6028 6029
1661 1662
2432 2433
8229 8232
160 161
6140 6142
2666 2667
2237 2238
2048 2049
4848 4849
4404 4405
7048 7049
5567 5569
8223 8225
2133 2134
3175 3176
6241 6243
2514 2515
2147 2148
7362 7363
3958 3961
9676 9677
3454 3455
1658 1659
1721 1722
784 785
688 689
466 467
6116 6117
856 857
180 181
6429 6430
4539 4541
3629 3630
8390 8392
9843 9844
7004 7005
105 108
9384 9385
2921 2923
1990 1992
5136 5137
9052 9053
7582 7583
1528 1529
6366 6367
1472 1475
9195 9197
6958 6959
4179 4180
8985 8987
5987 5988
823 824
397 398
1096 1097
6594 6595
8901 8902
7653 7654
4520 4521
503 504
3472 3473
20 22
1932 1933
4953 4954
824 825
5033 5034
57 58
5666 5668
2732 2733
2280 2281
5167 5168
6966 6967
5692 5694
868 869
9926 9927
2830 2832
1479 1480
4144 4145
9703 9704
9449 9450
8833 8834
2003 2004
2910 2911
3240 3242
1027 1028
5611 5613
527 528
5282 5283
6393 6394
7187 7188
7863 7865
3961 3962
2565 2566
8599 8600
9252 9254
7318 7319
2083 2086
3558 3559
8103 8104
6358 6359
5238 5239
7178 7179
7465 7467
7457 7458
6572 6573
7221 7222
6922 6923
5756 5757
867 868
1262 1264
9298 9299
5343 5344
5234 5236
6843 6845
4019 4020
5354 5356
4062 4063
8411 8412
6811 6812
1793 1794
7405 7406
6881 6882
3651 3653
5760 5761
7898 7899
1271 1272
5842 5843
5694 5696
5084 5085
1535 1536
6500 6501
955 956
1158 1160
323 324
650 651
6688 6689
5939 5940
4010 4011
6017 6018
4932 4933
4949 4951
1216 1219
3495 3496
6419 6420
4648 4649
4189 4190
171 172
5851 5852
3695 3697
1223 1224
3637 3638
6649 6650
5800 5801
4407 4408
8134 8135
884 885
7177 7178
4812 4813
641 642
5304 5305
4496 4498
3162 3163
2537 2538
8551 8552
5851 5852
2732 2733
1565 1566
8938 8939
7445 7446
1230 1232
8194 8195
4526 4527
2178 2179
5745 5746
6928 6929
4205 4206
5149 5150
5257 5258
5312 5313
9401 9402
5199 5200
4729 4731
2692 2693
2353 2354
7797 7799
6542 6543
2571 2574
7149 7150
2377 2379
4255 4256
6742 6743
6749 6751
103 104
2817 2819
4048 4050
1073 1074
8965 8966
4749 4750
137 138
2169 2170
4331 4332
7970 7971
6055 6057
8768 8769
8052 8053
3178 3179
1156 1157
4981 4982
2696 2698
7586 7587
3930 3932
731 732
4278 4279
7859 7860
8752 8753
5089 5090
1958 1959
238 239
7054 7055
7972 7973
4208 4209
5656 5657
4171 4172
8147 8148
8503 8504
9511 9512
2174 2175
8819 8820
6107 6108
2205 2206
2599 2600
788 789
3261 3262
9045 9046
4435 4436
7492 7493
5732 5733
76 77
4667 4668
403 405
8367 8368
8899 8900
1054 1055
169 172
9213 9215
6114 6115
129 130
5793 5795
1977 1978
9854 9855
5012 5013
6831 6833
4890 4892
3326 3327
2647 2648
1299 1300
2489 2490
9674 9675
5836 5837
6612 6613
4387 4388
1957 1958
5503 5504
9491 9492
482 483
2829 2830
7027 7028
3361 3362
952 953
8496 8497
5646 5647
5183 5184
5597 5598
1554 1555
5032 5033
8102 8103
5945 5946
476 477
8224 8225
9081 9083
2195 2196
1626 1628
7632 7633
8345 8347
2602 2603
5370 5372
3282 3283
9989 9990
4437 4438
1599 1600
35 37
3179 3180
9654 9655
4652 4653
3399 3400
8352 8354
135 137
8945 8946
5293 5295
1871 1872
2649 2651
2590 2591
9204 9205
2180 2182
5705 5706
5319 5320
4750 4752
528 529
228 229
5722 5724
9668 9669
8785 8786
3774 3775
9184 9185
6651 6652
8884 8885
7037 7038
915 916
5189 5190
1681 1682
9074 9075
3759 3760
5850 5851
4546 4547
9260 9261
6427 6428
2233 2234
9421 9423
3161 3162
7818 7819
9546 9547
1350 1351
1265 1267
6461 6462
1846 1847
3458 3459
9594 9595
7371 7372
7948 7952
3502 3503
8246 8248
422 424
5254 5255
7953 7954
5760 5761
3586 3587
5419 5420
8735 8736
6617 6619
113 114
3335 3336
8592 8593
9018 9019
9265 9266
9370 9372
2336 2337
6525 6526
2746 2747
7644 7645
9512 9513
9484 9486
2815 2816
5105 5106
5726 5727
3201 3202
773 774
5306 5307
3080 3081
1596 1598
3990 3991
4591 4592
4214 4215
3223 3224
5857 5858
2700 2702
8849 8850
2322 2324
3285 3286
6762 6764
2702 2703
1268 1270
1374 1375
5152 5153
3848 3849
9235 9236
8638 8639
2762 2763
8237 8238
6272 6273
1792 1793
2200 2201
6343 6344
7519 7520
7481 7482
3370 3371
8991 8992
9147 9149
9984 9985
2714 2715
7087 7089
82 84
4399 4400
6282 6283
4387 4389
7119 7120
2650 2651
2193 2194
188 190
5518 5520
8608 8609
7889 7891
9499 9500
2426 2428
6896 6897
7769 7770
5331 5332
9814 9816
1502 1503
5970 5971
9537 9538
7599 7601
1077 1078
5398 5399
6851 6852
1888 1889
4463 4464
9053 9054
3505 3506
5741 5742
1269 1271
9663 9665
9657 9659
4081 4082
9695 9696
9618 9619
6876 6879
5096 5098
9670 9671
2538 2539
7121 7123
1445 1447
4523 4524
8243 8245
2365 2366
4718 4719
7135 7136
6937 6938
4599 4600
1502 1504
3192 3193
554 555
9124 9125
31 32
8068 8070
6429 6430
2722 2723
9556 9557
3818 3819
1875 1876
1692 1694
3910 3911
8361 8362
3132 3133
9728 9729
522 523
1149 1150
7277 7278
1826 1827
9348 9349
1278 1279
7777 7778
2338 2339
5175 5176
8945 8947
6125 6126
139 140
9822 9824
6340 6341
3640 3641
7966 7967
9081 9082
8148 8149
7547 7548
9951 9952
2907 2908
9551 9552
3110 3111
6557 6558
7077 7078
3009 3010
403 405
1576 1577
540 541
6023 6024
2574 2575
5454 5455
369 370
1907 1909
2485 2486
5001 5003
8048 8049
3932 3934
573 574
6660 6662
5818 5820
8884 8885
375 377
33 35
2604 2605
9783 9784
5791 5792
5422 5423
8010 8011
987 988
2364 2365
568 569
5994 5995
579 580
4023 4024
5709 5710
1657 1658
4141 4142
9285 9286
8477 8478
4023 4024
7272 7273
8828 8829
1436 1438
3549 3550
2517 2518
9009 9010
7743 7744
867 868
1265 1266
1590 1591
2892 2894
369 370
1538 1539
7604 7605
3776 3777
2212 2213
991 992
2693 2694
3411 3413
1620 1621
8201 8204
2662 2663
5128 5129
6100 6101
2762 2764
843 845
8440 8441
89 90
9494 9495
2642 2643
1620 1621
1486 1487
6146 6147
7964 7965
1486 1487
1271 1272
943 944
9466 9467
1476 1478
3445 3447
1788 1789
7349 7350
5828 5830
957 959
1504 1505
3281 3282
4246 4247
3757 3758
7287 7289
6114 6115
350 351
2832 2833
3673 3674
4943 4944
2313 2315
3232 3234
4884 4886
3239 3240
7768 7769
2589 2590
7683 7684
6209 6210
1987 1988
8796 8798
3245 3246
1912 1913
8639 8640
935 936
4248 4249
1479 1480
3207 3208
1230 1231
3954 3955
9601 9602
3940 3941
2043 2044
9718 9719
3412 3413
4377 4378
6625 6627
1473 1475
1983 1984
3885 3886
9688 9690
8720 8721
6257 6258
4702 4703
4439 4440
606 607
2276 2277
5924 5925
652 653
3037 3038
9035 9036
1699 1700
3316 3317
1890 1891
3367 3368
9606 9607
1221 1222
7975 7976
1523 1525
2792 2793
4565 4566
5547 5548
4260 4262
7684 7685
1531 1532
2829 2830
1782 1783
2705 2706
6162 6163
5689 5690
5923 5924
873 875
5342 5343
9282 9283
4196 4197
2180 2181
9969 9970
9072 9073
8715 8716
6051 6052
4736 4737
1755 1756
5174 5175
8477 8478
1154 1155
4729 4730
882 883
5851 5852
9771 9774
1237 1238
8301 8302
5676 5677
3604 3605
7073 7074
4163 4165
1197 1198
8595 8596
2125 2126
5485 5486
5062 5063
9229 9230
7560 7561
7718 7719
9073 9074
8079 8080
8709 8711
9662 9663
224 225
1574 1575
7682 7685
7475 7476
8815 8816
9347 9350
7446 7447
7536 7539
4568 4569
2684 2685
4361 4362
5472 5473
5286 5287
8266 8267
6089 6091
2151 2152
4604 4606
7233 7234
5594 5595
9076 9077
598 600
8604 8605
3533 3534
468 470
1184 1185
1417 1418
2964 2966
9620 9623
1014 1015
4066 4067
4996 4997
6874 6876
7148 7150
2510 2511
396 397
5941 5942
5791 5792
6866 6867
5589 5590
4020 4021
3355 3356
5949 5951
8251 8252
5081 5082
2271 2272
1828 1830
9228 9229
1173 1174
3454 3455
309 310
6430 6432
1238 1239
3991 3992
3740 3742
4855 4857
448 449
2567 2568
7054 7055
9879 9881
2490 2491
1197 1198
9056 9057
773 774
589 590
6862 6863
7536 7537
9429 9430
2888 2889
539 540
7586 7588
1841 1842
4167 4168
5520 5521
1560 1561
1047 1048
4581 4582
382 383
9606 9607
1990 1992
6784 6785
3403 3404
1960 1961
1462 1463
8732 8733
392 393
6843 6844
4063 4064
6923 6924
4611 4612
4740 4741
692 693
2443 2444
2270 2271
3919 3921
8849 8850
6112 6113
576 577
1845 1846
2486 2487
9556 9557
8603 8604
1364 1366
6498 6499
2508 2509
2878 2879
3338 3339
6723 6724
3005 3007
2411 2412
4193 4194
3117 3118
943 944
1227 1229
4514 4515
5290 5291
416 417
801 802
345 348
6544 6545
236 237
12 13
6274 6275
5433 5434
9740 9741
4401 4402
183 184
1135 1136
4828 4829
633 634
437 438
2134 2135
8579 8581
3671 3672
8722 8723
7263 7264
9660 9662
4540 4541
9368 9369
282 283
1848 1849
368 370
3290 3291
3227 3229
4458 4459
2071 2072
106 107
6305 6306
1003 1006
5434 5435
1770 1771
9555 9556
8507 8508
4299 4300
7730 7733
4075 4076
8803 8804
1439 1440
6194 6195
2488 2489
8664 8665
6673 6674
7052 7055
5360 5362
2280 2281
2487 2488
9765 9767
3715 3717
4013 4014
2453 2455
8170 8171
4978 4979
6766 6767
2704 2705
1416 1417
8651 8653
377 378
2837 2838
8537 8538
9459 9460
432 433
955 956
2105 2106
526 527
5937 5939
1366 1368
3914 3915
3155 3156
9290 9291
6446 6447
8182 8183
9635 9636
97 100
3936 3937
5846 5847
1240 1242
5456 5457
4403 4404
9715 9717
5599 5600
41 42
6925 6926
8074 8075
2324 2325
344 345
9865 9867
3749 3750
9276 9277
598 600
4334 4335
6648 6650
2426 2427
43 44
3244 3245
3592 3593
8761 8762
7269 7270
5175 5176
1145 1148
4698 4700
9481 9482
4471 4472
268 269
6713 6714
7666 7667
6030 6031
806 807
7111 7113
4290 4291
9059 9060
1684 1685
4546 4547
2759 2760
1103 1104
606 607
391 392
2093 2094
3196 3197
583 584
7950 7951
7557 7558
7435 7436
12 14
6667 6668
869 870
165 166
1903 1904
973 974
7793 7795
2516 2517
6149 6150
4515 4516
118 119
4243 4244
3388 3389
2497 2498
7711 7712
1091 1092
1875 1877
8563 8564
9125 9126
7007 7011
8370 8371
5121 5122
7727 7728
2658 2659
4336 4337
8275 8276
1221 1223
1576 1577
1799 1800
4919 4920
4241 4242
8611 8612
5712 5713
212 214
3637 3639
3263 3264
7830 7831
8514 8515
3336 3337
5783 5784
1032 1033
4988 4989
3339 3340
3705 3706
4670 4671
5940 5941
9868 9869
8391 8392
7728 7729
4985 4987
5537 5538
6320 6321
3124 3125
1003 1006
9354 9356
8703 8704
5494 5495
562 563
3865 3866
7554 7555
702 704
2302 2303
9714 9715
1629 1630
6795 6797
1026 1027
463 464
528 529
1748 1749
5679 5680
1351 1352
199 200
3 4
8442 8443
9280 9281
17 19
5291 5293
5098 5099
9858 9859
1730 1732
8553 8554
9553 9555
3262 3263
444 445
1649 1650
485 486
7055 7056
2572 2573
2889 2890
2858 2859
7553 7555
129 130
4640 4641
6860 6861
8046 8047
8627 8628
5044 5046
6422 6423
5936 5937
7473 7474
9154 9155
333 334
8756 8757
1051 1052
5393 5395
6534 6535
3931 3932
2322 2323
7079 7080
8202 8203
1176 1177
1582 1584
3269 3270
5388 5389
3429 3431
5885 5886
2004 2006
7614 7617
6327 6328
4274 4275
5760 5761
99 101
5042 5043
3055 3056
4393 4394
1065 1066
4928 4929
4572 4573
9284 9285
4726 4727
8798 8799
525 527
6203 6205
1587 1588
4088 4091
1997 1998
1652 1653
9175 9176
5750 5751
678 679
1455 1456
893 894
630 631
7406 7408
9531 9532
489 490
5165 5166
4521 4522
130 132
9964 9965
440 441
1113 1114
389 390
2712 2714
488 489
3763 3764
323 325
8188 8189
3821 3822
7264 7265
6003 6004
9754 9755
4723 4725
5316 5317
5854 5856
6586 6588
6425 6426
9524 9525
5818 5819
7302 7303
120 121
2659 2660
488 490
682 683
8341 8342
2574 2575
6500 6501
5566 5567
6224 6226
5754 5755
1552 1554
850 851
1516 1517
3226 3227
3486 3487
6602 6603
7737 7738
8901 8902
7901 7902
2749 2750
5967 5968
105 107
4265 4266
1881 1882
1843 1844
6710 6711
4508 4509
6489 6490
9858 9859
184 185
8121 8122
106 107
6586 6587
3987 3988
1371 1372
2493 2495
4974 4976
519 521
2073 2074
2353 2354
1281 1282
2662 2663
7996 7997
8213 8214
9451 9452
9115 9116
8804 8805
9785 9786
333 334
1564 1565
504 505
2837 2838
1454 1456
3784 3785
6333 6334
6972 6973
6921 6922
1544 1545
5370 5371
3257 3258
88 90
6129 6130
297 298
3340 3341
9923 9924
7901 7902
5343 5344
5876 5877
1731 1732
7500 7501
5648 5649
3613 3614
253 255
311 312
9693 9695
6332 6334
7451 7452
1814 1815
1605 1608
216 217
3212 3213
6834 6835
3849 3850
2252 2253
914 916
141 142
3209 3210
7450 7451
9180 9181
7570 7572
9535 9536
4562 4564
3365 3366
5111 5112
2817 2818
1011 1012
763 764
1321 1322
2609 2611
3345 3346
1443 1444
9850 9851
2593 2594
8664 8665
4442 4443
7444 7445
5833 5834
736 737
6502 6504
1025 1026
7559 7560
7953 7954
1007 1008
9006 9007
1543 1544
1131 1133
2751 2752
1070 1071
7397 7399
1228 1229
7542 7544
59 60
3220 3221
2715 2716
944 945
2180 2182
7658 7659
5384 5385
7738 7739
386 388
4638 4640
3737 3738
3635 3636
5030 5031
9783 9785
2318 2320
2080 2081
2021 2023
2425 2426
7752 7753
9204 9205
5446 5447
9412 9413
3004 3005
8045 8046
8827 8829
1244 1246
2549 2550
6994 6995
8529 8530
132 133
9 10
2318 2320
2429 2430
7761 7763
9133 9135
2930 2931
746 747
5532 5534
5283 5284
873 874
439 440
1880 1881
8835 8837
4989 4991
570 571
5589 5590
7629 7630
5560 5561
9521 9522
597 598
2189 2190
3163 3164
447 449
8621 8622
4705 4706
2815 2816
713 714
2336 2338
7000 7002
3138 3140
5615 5616
4164 4165
2058 2059
3511 3512
8383 8384
6846 6847
945 947
2743 2746
9831 9832
8655 8656
2251 2252
4351 4352
3290 3291
6053 6055
2295 2296
4420 4421
4061 4062
4360 4361
9767 9768
5273 5274
8034 8035
2133 2134
5191 5192
9301 9302
378 379
5387 5388
7879 7880
3500 3501
6615 6616
2709 2710
4072 4073
5061 5062
9952 9953
971 973
2823 2824
8064 8065
2537 2538
2050 2051
1610 1611
8793 8795
2978 2979
2443 2444
7161 7162
4821 4822
2718 2721
2298 2299
5183 5184
6933 6934
8695 8697
4709 4710
1072 1073
7468 7469
8703 8704
2864 2865
845 846
1849 1850
9050 9053
8646 8647
1154 1159
2444 2445
2155 2156
6459 6460
768 769
8885 8886
301 302
768 769
9847 9848
2606 2607
3187 3190
4536 4538
310 312
8364 8365
7634 7636
9351 9352
9140 9141
8625 8626
1724 1725
5346 5347
3200 3201
838 839
6031 6032
1221 1222
3217 3218
3624 3625
3584 3585
4815 4816
2344 2345
8352 8353
2019 2020
6070 6071
1367 1368
8919 8921
2174 2175
4487 4488
7030 7031
2345 2346
2718 2720
8044 8045
1699 1700
5164 5166
1685 1686
6115 6116
5321 5322
6502 6503
8543 8545
7804 7805
5575 5577
733 734
1452 1453
7811 7812
2229 2230
2224 2225
2159 2160
9983 9984
1665 1666
3845 3846
3950 3951
6826 6827
8591 8592
6897 6898
3215 3217
2371 2372
1986 1987
4662 4663
5190 5191
5584 5585
1906 1907
5418 5419
1622 1623
7719 7720
9666 9667
6218 6219
1991 1992
959 960
9566 9567
7103 7104
3279 3280
498 499
4867 4868
1347 1349
6103 6104
7430 7431
20 21
6025 6026
1534 1535
5821 5822
1833 1834
6235 6236
287 288
8395 8397
4827 4828
3348 3350
6624 6625
2692 2693
1918 1919
2800 2801
7244 7245
6431 6432
9086 9087
9695 9697
1508 1509
1753 1754
1597 1598
3192 3193
1124 1126
2819 2820
8907 8908
9071 9072
5022 5023
561 562
1991 1992
2052 2053
5251 5252
1523 1525
8965 8966
4956 4957
6980 6981
5061 5062
8465 8466
7523 7524
2302 2305
5828 5829
9235 9236
7953 7954
4614 4616
3682 3683
3876 3877
6157 6158
5289 5292
3292 3293
5200 5202
1776 1777
2461 2462
842 843
9131 9132
7662 7664
8700 8701
1638 1639
1080 1081
4622 4624
2545 2546
929 930
168 169
4141 4142
8762 8763
834 835
1633 1634
2273 2275
3082 3083
1 3
4561 4563
1364 1365
6141 6142
6100 6102
6336 6337
7665 7666
6833 6834
9029 9030
8827 8828
7254 7255
1028 1029
320 322
5984 5985
7112 7114
171 173
4417 4418
9399 9401
8125 8126
7406 7407
1410 1411
8463 8464
2048 2049
4690 4692
4969 4970
5344 5345
8599 8600
4643 4644
155 156
2464 2465
4537 4538
5558 5559
7206 7207
6911 6912
9414 9415
9947 9948
1293 1294
9129 9130
6587 6588
4081 4083
85 86
8764 8765
7234 7236
7076 7077
4015 4016
118 119
3384 3385
4847 4848
648 649
547 548
5555 5557
833 835
6781 6782
840 842
7427 7428
5898 5900
5859 5861
8324 8325
7799 7800
5654 5656
7701 7702
8843 8845
4404 4405
5730 5732
9215 9216
565 566
3650 3651
5532 5533
3083 3086
9719 9720
8296 8297
4439 4440
778 780
2238 2239
5241 5242
805 807
6006 6007
2620 2621
2670 2671
7849 7850
9205 9206
4524 4525
5078 5079
1788 1790
1984 1985
2630 2632
139 140
7898 7899
9973 9974
2638 2639
3815 3816
1002 1003
4041 4042
4485 4486
5063 5064
2211 2212
68 70
8828 8830
9583 9585
3930 3931
6565 6566
2082 2083
7982 7983
8831 8832
8235 8236
3290 3291
1812 1813
3256 3257
5802 5803
1448 1450
6513 6514
6128 6130
8497 8498
7064 7065
3215 3216
2293 2294
1907 1908
8437 8438
8418 8419
6338 6339
2426 2428
70 71
1184 1186
6345 6346
9328 9329
6063 6066
7483 7484
9221 9222
2537 2538
1560 1561
1349 1350
923 924
886 888
5905 5906
5847 5848
9313 9314
2786 2787
6984 6985
4409 4410
234 235
2500 2501
1970 1972
839 841
1157 1158
5668 5670
3856 3857
4485 4487
3592 3593
1025 1027
4733 4735
2735 2736
1384 1386
9827 9828
4501 4503
3061 3063
2090 2091
7135 7136
2100 2101
1479 1480
6573 6574
906 907
6885 6886
7245 7246
3210 3212
5836 5837
9982 9984
941 943
9699 9700
101 102
9407 9408
195 196
1219 1220
3084 3085
1428 1430
9355 9356
5560 5561
2135 2137
5453 5455
4800 4801
603 604
1688 1689
5398 5400
6875 6876
1570 1572
304 305
6990 6991
7843 7844
9557 9558
7857 7858
1319 1320
1875 1876
4149 4150
8190 8191
3946 3947
798 799
9467 9468
6346 6347
509 510
80 81
479 480
7981 7982
3207 3208
7719 7721
2141 2143
2425 2426
1699 1700
770 771
2014 2015
2513 2515
2356 2358
4232 4233
5765 5766
8618 8619
1720 1721
6237 6238
8264 8265
709 710
703 704
2544 2545
2053 2055
2541 2542
4301 4302
2344 2345
7427 7428
6141 6142
2910 2911
9696 9697
4824 4825
9683 9684
1098 1099
641 643
1131 1132
9570 9571
3754 3755
3535 3536
905 907
9445 9446
7609 7610
5414 5415
6032 6033
2919 2921
1630 1631
5320 5322
2433 2435
4413 4414
4090 4091
8461 8462
132 134
6635 6636
1517 1518
6647 6649
9321 9322
1818 1819
1805 1806
4333 4334
4721 4722
5246 5247
4970 4972
5788 5789
6394 6395
1008 1009
7228 7230
8835 8837
577 578
5675 5676
205 206
50 51
4642 4643
9256 9259
318 319
1390 1391
8724 8725
979 980
1365 1366
4754 4755
3171 3172
4023 4025
5844 5847
7267 7268
2509 2510
2410 2411
1872 1873
6552 6553
5874 5875
6977 6978
3697 3698
5370 5371
9941 9942
267 268
2341 2342
617 618
4968 4969
5065 5066
7321 7322
8656 8658
6727 6728
6914 6915
8283 8284
2137 2138
6932 6934
6549 6550
1162 1163
2882 2883
4035 4036
8592 8593
5135 5136
8930 8931
2534 2536
7520 7521
7728 7729
9688 9689
9724 9725
6636 6638
5233 5234
5603 5604
7126 7128
6122 6123
2782 2783
760 761
7066 7068
1933 1935
8266 8268
5423 5424
3324 3326
4486 4487
8908 8909
4638 4639
8631 8632
1565 1566
6426 6428
4362 4364
563 564
8378 8379
4419 4420
1851 1852
8741 8742
5317 5319
3078 3081
1168 1169
1522 1524
98 99
9588 9590
531 532
7239 7240
8339 8340
554 556
6830 6831
474 475
781 782
3742 3743
9118 9120
2900 2901
9700 9701
4236 4238
5606 5607
680 681
9790 9791
6923 6924
7399 7400
8168 8169
485 486
9634 9635
5457 5459
7544 7545
2444 2446
708 709
800 801
5219 5220
518 519
6349 6350
8947 8948
7580 7581
9299 9300
1450 1452
684 685
6121 6123
9132 9133
3342 3344
1888 1889
9770 9771
9298 9300
1437 1440
5140 5141
2622 2623
4545 4546
5540 5541
729 731
8250 8251
1082 1083
9247 9248
8099 8100
50 51
7730 7731
8396 8397
8304 8305
6331 6332
8807 8810
8053 8055
1084 1086
3139 3140
6767 6768
4370 4371
6676 6677
143 144
556 557
7974 7976
7116 7117
1957 1958
8286 8287
7366 7367
433 434
843 844
672 673
9814 9815
1298 1299
1471 1472
8937 8938
1261 1262
2810 2812
920 921
3586 3587
7327 7328
8441 8442
9053 9054
3323 3325
2528 2529
5491 5492
4597 4598
7099 7100
1881 1882
1825 1827
3310 3311
3671 3672
7580 7582
3993 3994
5090 5091
1653 1654
1234 1235
6266 6267
4247 4248
2113 2114
7422 7423
745 746
5974 5975
3488 3489
3022 3023
3379 3381
7520 7522
4083 4084
5966 5967
809 812
2794 2795
7646 7647
8324 8325
3441 3442
1089 1090
7098 7099
1797 1798
2066 2067
6460 6462
391 392
573 574
5467 5469
6605 6606
6806 6807
7438 7439
6396 6397
7518 7519
8262 8263
7944 7945
1726 1727
7015 7016
2895 2897
9323 9324
3569 3570
1124 1125
4218 4219
5369 5370
472 473
1670 1671
7161 7162
8015 8016
7825 7826
2731 2733
1494 1496
4037 4038
4195 4196
3830 3831
6549 6550
5300 5301
1701 1702
794 795
8562 8564
3303 3304
4992 4993
3959 3960
4948 4949
9206 9207
4613 4614
8969 8970
5639 5640
9455 9456
6561 6562
2651 2653
4410 4411
2677 2678
6577 6579
2539 2540
7222 7223
7502 7503
2224 2225
3196 3197
6849 6850
4023 4024
3912 3913
7723 7724
5714 5717
5371 5372
6808 6809
1620 1621
8982 8984
3156 3157
3300 3302
149 150
2145 2146
497 498
9466 9467
7443 7444
9448 9449
6394 6396
3531 3532
204 205
9695 9696
7294 7295
5450 5451
9149 9150
1951 1952
2584 2586
1598 1599
1845 1846
3675 3676
245 246
1584 1585
1433 1434
6100 6101
4399 4400
1567 1568
2297 2298
6009 6010
8941 8942
6231 6232
6099 6100
4898 4900
974 975
4387 4388
759 760
1262 1263
6145 6146
5729 5730
3660 3662
9324 9326
767 768
4966 4967
3968 3969
5927 5928
2094 2095
849 850
1796 1797
9542 9543
7923 7924
7396 7397
5417 5418
5411 5412
7368 7369
2049 2051
5782 5784
3833 3834
574 575
4688 4689
1886 1888
7668 7671
468 469
2425 2426
6204 6205
1844 1845
921 922
4960 4961
1911 1912
3922 3923
9951 9952
6700 6701
342 343
630 631
3425 3426
430 431
9452 9454
7720 7721
198 199
8527 8528
1480 1481
4405 4406
1382 1383
2425 2426
1614 1615
6612 6613
6204 6205
3192 3193
4009 4010
4938 4939
5005 5006
6866 6867
6667 6669
2171 2172
3080 3081
6964 6965
7541 7542
5026 5027
7886 7887
1935 1936
2733 2734
3251 3252
724 725
3076 3077
5292 5293
8159 8162
951 952
5596 5597
9527 9528
807 808
4287 4288
2028 2030
1920 1921
805 806
1127 1128
4837 4838
9710 9711
6583 6584
9803 9805
5137 5138
9487 9490
1341 1342
5635 5636
8621 8622
3277 3278
2282 2285
80 81
6434 6435
4711 4712
2229 2230
8853 8854
1930 1931
5408 5409
4730 4731
7448 7449
1634 1636
9141 9142
2670 2672
5416 5417
3063 3064
1818 1819
8815 8816
9984 9985
6509 6510
7974 7975
1741 1742
1885 1886
1408 1409
960 961
9748 9749
3085 3086
5778 5779
101 102
8171 8172
2505 2506
7401 7402
4796 4797
4172 4173
1111 1113
733 735
8987 8988
1670 1671
3525 3526
184 185
5802 5803
1727 1728
3746 3747
9688 9689
5352 5353
9197 9199
989 990
7895 7896
398 399
4951 4952
2018 2019
9373 9374
6257 6258
1719 1720
3873 3874
6915 6916
3068 3069
2883 2884
5610 5611
1859 1860
2125 2126
7596 7597
2839 2840
7583 7584
3518 3519
9159 9161
1518 1519
3061 3062
6167 6168
8603 8604
8166 8167
9938 9939
6228 6230
7193 7194
7882 7883
7876 7877
5760 5761
8738 8740
4557 4558
3780 3782
8554 8555
3078 3079
8062 8064
6868 6869
4521 4522
5673 5674
1098 1099
4757 4758
1258 1259
3419 3420
4345 4346
7901 7902
189 190
2216 2217
5956 5957
3239 3240
3725 3726
8125 8126
8532 8533
7178 7179
421 422
8716 8717
1764 1766
287 288
8208 8209
4738 4739
5530 5531
4605 4606
9490 9491
3799 3800
9569 9570
2407 2408
3253 3254
9413 9414
7656 7657
5785 5786
583 584
8350 8352
8593 8594
799 800
3362 3363
5606 5607
3666 3667
1737 1739
6219 6220
1671 1672
6664 6665
2599 2600
608 609
9847 9848
4014 4015
2914 2915
3212 3213
7507 7508
2624 2626
8327 8328
2492 2493
320 321
6999 7000
9898 9899
1271 1272
8386 8387
2192 2193
8552 8554
6217 6218
2524 2525
4988 4989
693 694
5089 5090
7688 7689
2414 2415
2296 2297
268 269
4346 4347
5358 5359
1737 1739
7745 7746
1568 1569
797 798
825 826
9649 9651
8221 8222
7237 7238
645 647
9907 9908
3670 3671
4549 4550
2546 2547
9040 9042
2252 2253
12 13
6020 6021
1431 1432
2476 2477
691 692
525 526
2845 2846
6099 6100
4416 4417
7774 7776
7056 7057
8677 8678
6872 6873
1736 1737
1008 1010
6896 6897
312 314
5132 5133
2358 2359
1791 1793
744 745
4 5
8930 8932
6727 6728
7649 7650
8519 8520
4868 4869
174 175
7901 7902
8361 8362
4255 4256
3968 3970
6927 6928
1313 1314
362 364
4780 4781
8818 8819
9728 9729
3289 3290
1715 1717
4941 4942
8223 8224
2796 2797
6731 6732
2840 2841
231 232
2136 2138
5632 5633
9582 9583
1382 1383
3250 3251
2644 2645
8852 8853
7457 7458
9601 9602
2268 2269
1033 1034
773 775
1894 1895
419 420
8526 8528
883 884
6533 6534
6782 6783
7512 7513
7436 7437
6825 6826
1052 1053
5812 5813
24 25
5845 5847
3296 3297
202 203
3773 3774
9758 9759
4305 4306
6677 6678
1358 1359
1111 1112
5281 5282
1650 1651
1570 1571
1980 1981
4253 4254
2327 2328
6359 6360
3716 3717
5797 5798
6118 6119
7718 7719
3777 3778
383 385
6065 6066
2152 2153
713 714
4371 4372
6176 6177
6586 6588
6874 6875
245 247
244 246
509 510
9097 9098
2662 2663
1251 1253
2242 2243
7148 7149
2595 2597
8536 8537
5623 5627
4617 4618
1229 1230
9624 9625
1781 1782
4638 4639
2706 2707
5561 5562
2350 2351
2548 2550
4458 4459
9039 9040
1905 1906
9981 9982
6470 6472
8414 8415
5601 5602
5316 5317
8297 8301
1967 1968
7045 7046
2169 2171
39 40
6163 6164
600 601
9774 9775
8445 8447
1002 1004
7525 7526
8080 8081
3217 3218
6824 6825
449 450
4086 4087
5674 5675
1257 1258
4185 4186
1215 1216
58 59
2275 2276
5230 5231
6582 6583
2211 2214
5037 5038
270 271
8962 8963
6591 6592
28 29
2661 2662
3612 3613
9696 9697
6876 6877
2100 2101
9958 9959
5172 5174
4195 4198
3248 3249
2122 2123
2699 2701
2550 2551
5758 5759
5728 5730
3145 3146
3742 3743
7438 7439
1860 1861
1473 1474
4477 4478
1494 1496
695 696
5404 5405
7213 7214
33 35
5525 5527
904 905
2295 2296
9221 9222
5848 5849
168 169
8084 8085
622 624
8091 8092
4841 4845
9232 9233
1119 1120
337 338
3566 3567
432 433
7262 7263
8534 8535
9831 9832
3637 3638
4694 4695
6102 6103
7011 7012
2514 2515
642 643
2269 2270
3834 3835
3547 3548
9730 9731
1503 1504
1041 1042
606 607
414 418
8297 8298
4737 4738
8102 8103
4015 4016
3063 3064
8117 8118
6317 6318
1999 2000
2151 2152
643 644
7538 7540
6782 6783
3454 3455
1887 1889
2012 2013
3912 3914
8922 8923
3837 3838
2174 2175
7091 7092
808 809
3718 3719
1851 1852
8277 8278
1623 1624
5854 5856
1213 1216
8232 8234
6590 6592
8001 8002
2015 2016
2487 2488
4728 4729
3029 3030
9921 9923
5987 5988
5863 5864
7327 7328
9488 9489
3477 3478
6714 6715
846 847
475 476
5082 5083
7831 7832
3839 3841
2619 2620
4171 4173
9647 9648
9362 9363
2406 2407
4560 4561
8752 8753
911 914
2562 2564
2720 2721
4380 4381
7441 7442
6550 6552
1339 1340
1738 1739
7124 7125
951 952
1005 1006
4940 4942
2989 2990
2625 2626
1482 1483
5104 5105
653 655
3382 3384
1430 1431
3611 3613
2607 2609
3058 3059
9787 9788
2051 2052
6327 6328
1430 1431
7622 7623
747 748
3407 3408
4298 4300
3714 3715
7205 7206
4949 4950
5406 5407
8810 8811
2515 2516
1935 1936
1588 1589
7785 7786
8334 8335
6913 6914
9023 9024
1476 1477
9963 9965
4177 4178
5727 5729
2922 2923
1707 1708
3529 3530
9266 9267
3627 3628
9425 9426
9900 9901
3248 3249
7975 7978
7531 7533
7757 7758
1413 1414
9096 9097
7017 7019
8092 8093
6905 6906
7251 7252
1807 1808
3730 3731
7705 7707
5547 5548
4452 4453
2255 2256
4684 4685
8535 8536
594 595
146 147
7790 7791
8036 8037
47 48
8505 8506
607 608
3278 3280
4958 4959
6281 6282
7747 7749
302 304
4422 4423
4592 4593
6413 6415
2810 2813
4052 4053
8041 8042
3791 3792
7576 7577
6924 6925
657 658
6708 6709
3946 3947
9958 9959
6632 6633
2263 2264
1627 1628
7831 7832
6441 6442
2679 2680
637 638
1100 1101
6637 6638
909 910
1750 1751
4654 4655
8542 8544
1600 1602
8827 8828
6979 6980
9046 9047
2139 2140
5838 5839
8081 8082
898 900
9792 9793
5221 5222
8699 8702
293 294
813 815
6206 6207
932 934
693 695
351 352
4816 4817
194 195
6238 6239
3992 3995
2675 2676
3971 3972
421 422
5980 5981
1683 1684
6966 6967
1101 1104
4756 4757
609 610
2466 2468
3668 3669
9359 9360
6395 6396
7184 7185
7928 7929
5094 5095
4332 4333
1866 1867
6458 6459
5266 5267
9463 9464
6913 6914
7431 7432
1286 1287
3360 3361
3166 3167
8449 8450
9122 9123
5260 5261
3883 3884
2173 2174
4966 4967
5706 5707
8946 8947
2474 2477
708 709
5347 5349
3670 3671
820 821
2270 2273
5069 5070
1378 1379
3927 3928
3038 3039
8884 8885
3359 3360
7769 7771
1978 1979
4030 4031
921 922
191 192
4890 4891
3093 3094
1444 1445
2809 2810
9507 9509
6040 6042
2523 2524
8222 8223
647 648
150 151
5225 5226
7262 7263
9384 9386
2969 2970
9740 9741
6001 6002
4855 4856
305 307
9526 9527
6287 6288
1863 1864
6980 6982
2966 2967
4478 4479
5345 5346
4209 4210
8887 8889
4906 4907
4720 4721
5643 5644
9606 9607
4442 4443
5361 5362
6983 6984
8938 8939
6817 6818
795 796
3709 3710
8799 8800
497 498
3795 3796
8742 8743
1254 1256
1367 1368
4140 4141
8103 8104
855 856
6755 6756
1052 1053
6856 6857
8445 8446
2262 2263
2997 2999
650 651
789 790
65 66
4705 4706
9127 9128
4447 4449
4428 4430
3503 3504
1276 1278
4265 4266
6675 6676
5246 5247
9782 9784
7803 7804
5815 5816
4263 4264
2760 2761
9316 9317
2581 2582
3777 3778
2533 2534
1828 1829
4784 4785
2703 2704
4444 4445
476 477
8374 8375
2108 2109
7535 7538
4402 4403
3936 3938
4441 4442
1786 1787
393 394
3320 3322
1414 1415
944 945
1857 1858
2912 2913
2304 2305
5496 5497
7691 7692
6706 6707
8826 8827
6216 6217
7583 7584
2133 2134
4511 4512
977 979
2305 2306
9665 9666
3208 3210
9098 9099
2418 2419
7620 7622
6792 6794
5024 5025
468 470
6850 6852
9934 9935
6495 6496
6975 6976
9075 9076
7694 7695
5787 5788
5465 5466
4762 4763
7639 7640
7508 7509
7460 7461
5682 5683
586 587
1495 1496
9122 9123
3935 3936
3948 3949
1559 1560
5119 5120
5138 5139
5466 5468
1373 1374
750 751
2066 2069
9341 9342
2093 2094
8548 8549
406 407
1918 1919
4268 4269
212 213
6065 6066
6619 6620
128 130
8571 8572
3114 3115
8042 8043
7750 7751
2752 2754
1728 1729
1267 1270
9977 9978
8736 8737
4025 4026
1606 1607
465 466
9783 9784
3953 3954
1405 1406
1626 1627
1156 1158
165 166
6545 6546
1127 1128
5781 5783
2431 2432
2380 2381
183 184
1347 1348
723 724
9083 9085
9063 9064
5546 5548
2249 2250
4426 4427
6440 6442
1662 1664
1291 1292
9029 9030
9698 9699
1598 1599
4978 4979
3727 3728
2825 2826
462 464
6269 6270
5180 5182
2223 2224
7347 7348
6402 6404
2165 2166
1082 1083
5424 5426
4056 4058
8187 8188
8807 8808
8809 8810
1334 1337
6091 6092
8111 8112
7544 7545
9344 9345
3075 3076
7689 7690
3205 3206
6756 6757
4724 4725
1217 1218
9856 9857
2051 2053
760 761
2280 2281
1652 1654
2088 2089
4966 4967
1067 1068
5778 5779
1173 1175
3843 3844
9048 9049
5932 5933
1576 1577
763 764
9598 9599
4335 4336
9617 9619
1857 1858
980 981
2166 2167
1661 1662
5493 5495
3933 3934
3929 3930
4085 4086
5251 5253
891 892
4693 4694
3288 3289
6288 6289
786 787
4057 4058
2560 2562
8827 8828
6910 6911
6226 6227
1290 1291
1241 1242
265 267
666 667
74 75
6692 6693
154 157
4412 4413
4892 4893
216 218
158 159
8827 8828
1159 1160
42 43
2839 2840
163 164
1450 1452
6396 6397
6250 6251
2896 2897
3196 3198
9680 9682
9108 9109
3486 3487
3437 3438
5303 5304
323 324
8001 8002
7041 7042
9845 9846
3630 3631
5094 5095
400 401
8993 8994
2054 2055
8394 8395
9204 9205
5542 5543
6124 6125
2572 2574
8581 8583
2643 2644
1827 1828
8201 8202
4502 4504
9023 9024
2038 2039
3561 3562
3834 3835
3101 3102
4205 4206
6900 6901
4732 4733
1456 1457
8636 8637
1210 1211
3917 3918
2593 2594
4477 4479
3792 3793
2912 2914
6990 6991
9408 9409
2775 2776
7889 7890
2069 2070
1391 1392
6139 6140
1835 1836
4306 4309
39 40
2173 2174
1069 1070
7573 7574
1444 1445
1827 1828
4195 4196
3336 3337
395 396
5102 5103
4316 4317
9007 9008
3022 3024
6765 6767
9948 9949
5008 5009
3772 3773
7008 7009
3790 3791
9159 9161
5047 5048
831 833
9088 9090
1696 1697
906 907
7467 7468
1814 1815
6190 6191
5467 5468
5605 5606
5511 5512
2385 2387
4653 4654
1439 1440
4826 4827
1942 1943
1929 1930
7440 7441
3527 3528
8540 8541
3886 3887
8443 8444
9047 9048
2153 2154
8470 8471
610 611
1607 1609
4709 4710
2971 2972
6471 6472
7242 7244
2332 2333
8842 8843
2420 2421
3225 3226
881 882
1718 1719
6589 6591
5351 5352
7252 7253
5857 5858
6867 6869
975 976
7430 7431
1351 1352
6104 6106
5750 5751
1789 1791
6747 6748
72 74
7290 7291
1219 1220
3717 3718
1993 1994
3760 3761
756 757
4092 4094
7693 7694
1202 1204
7033 7035
8849 8850
8873 8874
6343 6344
7933 7934
446 448
856 857
4486 4487
8026 8028
2364 2365
4000 4002
2332 2333
3022 3023
9145 9146
53 54
7709 7710
895 896
6747 6749
4508 4509
9319 9320
1637 1639
7136 7139
3123 3124
6244 6245
8982 8983
2490 2491
3375 3377
6546 6547
439 440
5048 5049
4565 4566
8962 8963
1168 1169
3719 3720
5469 5470
9982 9983
8113 8114
3287 3288
2340 2341
766 768
7633 7634
290 291
8321 8322
636 637
8677 8678
7995 7996
906 907
9463 9464
5249 5250
1620 1621
8056 8057
6133 6134
9568 9570
5955 5956
57 59
5423 5425
461 462
2501 2502
6660 6661
8916 8917
3163 3164
8740 8742
3378 3379
9398 9400
7334 7335
9588 9589
9499 9500
470 471
5199 5200
4115 4116
366 367
1465 1466
5232 5233
9874 9875
9078 9079
4337 4338
6800 6801
2849 2851
7995 7997
5958 5959
6758 6760
3675 3678
9058 9059
4684 4686
6617 6618
1068 1070
2706 2707
5820 5821
5312 5313
204 205
9602 9603
9197 9198
2136 2137
8643 8644
9116 9117
2978 2979
2306 2307
2624 2625
5115 5116
2473 2474
6160 6161
4678 4679
2336 2337
4719 4720
4608 4609
5188 5189
7782 7783
4321 4322
4616 4617
223 224
2712 2713
1186 1187
7170 7171
4766 4767
9042 9043
268 269
8460 8462
876 877
4662 4663
9946 9947
6981 6982
1753 1754
4704 4705
838 839
8597 8598
4322 4324
9595 9596
8911 8912
1117 1119
387 389
1221 1222
237 239
2604 2605
5578 5579
4640 4641
1864 1865
568 570
1694 1695
7931 7932
9365 9366
6758 6760
7184 7187
2065 2066
5106 5107
9265 9266
2000 2001
5984 5986
4389 4390
5402 5403
5413 5415
8957 8958
1807 1808
4409 4411
227 228
3686 3687
7943 7944
5035 5036
3112 3116
8231 8232
677 678
7049 7050
1206 1208
401 402
1435 1436
3546 3548
7959 7960
7576 7577
6811 6812
1710 1712
90 91
1164 1165
597 598
9725 9726
4107 4108
5883 5884
6415 6416
2377 2378
1094 1096
5380 5381
5355 5356
5168 5169
6936 6938
383 384
8611 8612
316 317
8404 8406
1948 1949
4200 4201
3041 3042
5660 5661
1273 1274
7724 7726
7189 7190
2032 2033
7223 7224
7787 7791
8178 8179
742 744
1503 1504
1137 1138
4890 4891
2463 2465
2177 2178
9801 9802
204 206
1913 1914
6832 6834
5315 5317
4099 4100
2998 2999
8103 8104
6599 6601
117 118
3790 3791
4868 4869
7374 7375
5692 5693
448 449
4107 4109
1184 1185
8848 8849
5926 5927
570 572
8235 8236
2407 2408
3977 3978
5471 5472
7205 7206
2030 2031
8921 8923
6846 6848
3458 3459
759 760
598 599
1042 1043
2810 2812
2277 2278
2066 2068
7633 7634
3505 3506
278 279
7290 7291
5311 5312
9440 9441
17 18
402 403
2869 2870
5543 5544
848 849
226 227
6760 6761
57 58
8864 8866
5646 5647
2490 2491
4668 4669
3526 3528
3386 3387
2612 2615
1653 1656
6339 6340
813 814
5162 5163
8358 8359
8220 8221
437 438
9815 9816
8875 8877
6372 6373
4876 4877
9390 9391
1429 1430
555 556
6010 6011
9077 9078
4784 4785
9275 9276
3435 3437
5976 5977
4840 4841
6048 6049
8529 8530
190 191
2636 2638
1367 1368
2637 2638
7323 7324
5445 5446
9003 9004
7994 7995
8086 8087
3734 3735
1452 1453
5275 5276
2541 2543
1925 1926
7203 7205
4855 4856
5304 5305
2378 2379
1391 1393
8433 8434
3261 3263
2725 2726
2826 2827
8125 8126
690 691
4189 4190
9709 9711
3935 3936
5847 5848
5719 5720
883 884
8615 8617
9428 9429
313 314
2048 2049
8026 8027
2640 2641
7727 7728
1711 1713
2466 2467
565 566
3965 3966
7887 7888
4473 4474
8977 8979
1750 1751
8653 8655
1953 1954
5229 5230
4509 4510
5343 5344
8600 8601
8771 8772
3612 3614
8778 8780
6763 6764
6188 6189
1568 1569
5002 5003
7960 7961
6968 6969
7373 7374
7666 7668
2360 2361
418 419
2385 2386
4001 4003
3485 3486
1619 1620
2948 2950
6615 6617
6696 6697
2389 2390
6894 6895
804 805
1119 1120
6219 6220
8628 8630
88 89
8461 8462
9295 9296
2652 2653
3643 3644
90 91
2747 2748
7965 7966
1124 1125
284 285
2528 2530
5954 5956
1794 1796
2110 2111
2197 2198
497 498
805 806
4112 4113
3856 3857
3256 3257
7730 7731
1231 1232
3034 3035
8501 8502
4171 4172
6438 6440
656 657
3265 3266
7236 7237
8471 8473
9924 9925
386 387
8972 8973
802 803
3652 3653
5471 5472
3580 3581
926 928
380 381
6708 6709
3599 3600
137 139
5867 5868
8728 8729
5812 5813
1834 1836
1684 1685
7293 7294
4658 4659
5140 5141
6887 6888
9688 9689
77 78
9559 9560
2959 2960
531 533
8632 8634
2676 2677
6140 6141
638 639
4391 4392
5860 5861
277 279
8063 8067
2094 2095
2328 2329
6437 6438
5053 5054
5385 5386
4139 4140
6927 6928
6728 6729
8196 8197
1304 1305
4368 4369
6396 6397
2975 2976
4813 4814
1183 1184
391 392
148 149
3646 3647
333 334
3559 3560
9127 9128
1773 1774
8601 8602
2210 2212
2495 2496
552 553
8835 8836
4460 4461
9653 9655
3171 3172
8595 8596
9722 9724
7273 7274
6088 6089
9469 9471
1381 1384
1165 1167
1612 1613
474 475
3649 3650
7930 7931
4630 4632
5397 5399
583 584
3833 3834
3127 3128
2045 2046
5000 5001
1985 1986
1990 1991
9772 9773
4638 4639
3771 3772
2793 2794
1696 1697
4373 4374
2061 2062
4908 4909
716 717
5300 5301
6740 6742
827 828
3497 3498
3872 3873
578 579
9289 9290
3772 3773
5693 5694
7658 7659
2999 3000
7478 7479
7366 7368
9610 9611
642 643
9995 9996
3567 3568
3577 3578
3854 3855
8454 8455
3992 3993
7602 7603
2226 2227
9994 9995
5045 5046
1376 1378
2548 2549
7883 7884
444 445
1881 1882
1975 1976
4670 4671
8847 8848
2320 2322
8098 8099
1967 1968
1594 1595
3572 3573
6067 6069
5138 5139
991 992
1789 1791
1268 1269
4460 4461
6514 6516
8300 8301
6812 6813
8434 8435
1677 1679
7575 7576
4617 4618
1894 1897
47 48
990 991
3342 3344
6705 6706
6484 6486
5643 5644
9814 9815
4564 4565
1500 1501
298 299
7682 7684
3877 3879
370 371
4923 4924
6498 6499
1051 1052
8864 8865
2677 2678
3025 3027
260 261
8764 8765
5117 5118
5467 5468
772 774
2920 2922
2855 2856
297 298
5727 5728
4665 4666
300 301
1888 1889
4969 4970
1813 1814
4398 4399
1244 1245
359 360
6850 6851
456 457
5605 5606
5810 5811
8428 8431
3913 3915
420 421
6882 6883
3032 3033
3266 3267
6387 6388
631 632
1464 1465
1501 1502
5381 5383
588 590
6703 6705
1073 1074
9653 9654
8594 8595
8227 8228
388 389
7954 7955
7802 7803
1866 1867
9169 9171
7147 7148
371 372
1137 1138
6633 6634
4312 4313
7862 7863
5320 5321
7101 7102
2555 2556
4685 4686
8086 8087
3118 3120
2741 2742
9763 9764
649 651
7932 7933
8668 8670
8953 8954
1146 1147
213 214
3594 3595
5708 5710
2075 2076
3266 3268
6729 6730
8482 8483
4508 4509
1802 1803
2494 2495
2571 2572
507 509
698 699
7955 7956
9144 9145
2444 2445
9224 9225
6778 6779
8101 8102
31 32
8740 8741
8303 8304
925 926
528 529
6561 6563
8590 8592
2271 2273
3851 3853
6912 6913
4788 4789
1563 1564
8400 8401
5541 5542
9514 9515
5506 5508
44 45
2711 2712
7375 7376
8284 8285
8106 8107
6258 6259
7397 7398
4394 4395
161 163
7123 7124
2416 2418
4097 4099
7822 7823
259 261
873 874
882 885
399 401
8706 8707
2105 2106
8795 8796
8387 8388
1143 1144
7143 7145
6139 6140
8388 8389
2839 2840
2277 2278
2372 2373
752 753
1396 1400
4682 4683
771 772
2585 2586
9529 9530
5584 5585
1447 1448
6868 6870
3939 3940
1999 2000
9617 9620
5522 5523
4242 4243
4712 4713
4707 4708
3631 3632
8848 8849
7455 7457
7971 7972
6490 6491
2209 2210
5458 5459
925 926
4727 4728
5868 5869
8964 8965
9555 9556
7905 7906
1289 1290
9207 9208
5355 5356
3396 3397
9323 9324
342 344
7049 7050
634 635
6784 6785
1426 1427
9786 9787
4611 4612
8822 8823
869 870
8258 8259
6413 6415
800 802
6805 6807
4987 4989
503 504
2362 2363
2608 2609
5922 5923
9040 9041
7401 7402
5937 5938
12 13
1347 1348
6919 6920
7091 7092
7148 7149
1160 1161
1405 1407
1425 1426
90 91
1330 1331
5281 5282
1888 1889
795 796
3638 3639
9411 9412
9984 9985
9648 9650
6655 6656
371 372
5504 5506
5100 5101
7763 7765
5718 5720
3965 3966
4539 4541
9501 9502
6423 6425
3815 3816
9409 9410
53 54
6002 6003
4431 4432
1585 1586
7089 7090
9807 9808
5944 5945
5535 5536
9264 9265
812 813
3627 3628
8984 8985
2755 2756
95 96
8885 8886
449 450
7238 7239
9755 9756
2415 2417
5741 5742
7056 7058
4609 4610
6020 6022
5827 5828
6862 6863
4248 4249
4779 4780
1343 1344
8731 8732
8751 8752
8253 8255
5096 5097
498 499
979 980
5138 5139
2309 2311
3991 3992
8301 8302
2413 2414
7781 7782
8453 8455
3469 3471
8286 8287
7277 7279
142 143
4541 4542
3355 3356
6435 6436
6658 6659
4799 4800
5962 5964
8380 8381
1374 1375
8584 8585
538 539
8113 8114
1656 1657
4593 4594
8373 8376
671 672
5031 5032
4252 4253
7253 7254
4399 4400
2624 2626
6101 6103
36 37
600 601
8366 8367
7192 7193
7546 7547
6164 6165
7303 7304
6281 6282
3952 3953
5809 5810
1933 1934
8722 8723
1482 1483
93 96
2242 2243
1704 1705
2869 2870
7941 7943
1138 1140
2065 2066
5805 5806
1612 1613
9672 9673
6826 6827
9955 9956
625 626
1210 1211
7156 7157
7388 7389
9646 9647
4868 4869
3614 3615
4413 4414
8796 8797
9726 9727
5065 5066
2085 2086
2181 2182
7829 7830
5256 5257
4188 4189
2718 2721
838 839
998 999
1915 1916
7499 7500
2223 2225
6733 6734
1468 1469
7629 7630
2143 2144
6916 6917
1028 1029
9662 9664
790 791
8424 8425
9741 9742
448 450
4347 4348
2719 2720
1083 1085
2385 2387
2489 2490
2105 2106
2403 2404
3749 3750
7390 7391
5991 5992
8168 8169
6545 6546
3317 3318
9345 9346
4167 4168
7270 7271
5538 5540
7986 7987
1925 1926
1202 1203
7186 7189
9095 9096
628 629
6256 6258
3396 3397
7720 7721
2341 2342
4815 4817
5546 5547
4278 4279
4027 4028
3903 3906
4724 4725
1686 1687
5986 5987
3365 3366
1397 1398
5869 5871
7616 7617
6219 6221
8344 8345
604 605
3163 3164
879 880
6016 6018
9372 9373
6843 6844
8807 8809
6217 6218
7326 7327
4017 4018
180 181
57 58
9870 9872
2538 2540
5458 5459
3700 3701
5623 5625
7274 7275
8835 8836
6829 6831
3914 3915
7960 7962
5899 5900
2429 2431
8592 8593
3921 3922
5340 5341
7089 7090
5536 5537
8043 8044
1499 1502
2146 2147
5021 5022
5828 5829
7094 7095
2218 2219
802 803
2943 2944
9496 9497
9027 9028
3217 3218
2085 2086
5403 5404
1675 1677
4776 4777
2685 2686
9711 9712
5066 5067
7254 7255
1354 1355
9942 9943
2643 2644
1500 1502
6150 6151
5866 5867
5209 5210
4534 4535
6398 6400
7500 7501
182 183
1916 1917
6685 6686
7693 7694
3253 3254
1924 1925
4621 4622
5248 5249
6111 6112
9275 9277
2043 2044
7103 7104
1623 1624
8118 8120
9723 9724
4285 4286
5204 5206
9712 9713
7117 7118
9084 9085
5469 5470
5807 5808
5966 5967
1104 1105
584 585
1381 1382
2065 2066
4372 4375
630 631
560 561
9087 9088
2715 2716
1945 1946
5993 5994
2621 2622
6842 6843
1465 1466
2249 2250
2158 2159
148 149
9766 9767
5070 5071
1496 1497
6693 6694
8703 8704
9967 9968
4683 4684
3460 3461
1714 1715
2444 2445
2415 2416
3714 3715
9924 9925
9961 9962
7725 7726
6200 6201
1667 1668
9772 9773
5249 5250
4818 4820
2218 2219
9813 9814
7358 7359
1379 1380
469 470
5086 5087
5475 5476
2724 2725
4246 4247
5187 5189
3517 3518
282 283
2071 2072
340 341
7501 7502
7235 7236
2625 2626
3273 3274
9947 9948
6007 6009
7389 7391
919 921
1243 1244
9340 9342
2184 2185
4957 4958
4641 4643
1094 1095
9260 9261
7533 7535
253 254
665 666
2237 2238
5390 5391
7971 7972
2027 2028
4497 4498
9460 9461
8184 8185
7493 7495
6099 6100
6491 6492
7942 7944
8890 8893
8106 8107
7413 7414
8498 8500
2225 2227
2790 2791
3562 3563
7125 7126
4221 4222
7995 7996
4946 4947
9578 9579
1754 1756
9201 9202
1523 1524
4413 4414
8098 8099
3546 3547
5687 5688
481 483
8212 8213
8918 8919
2482 2483
5684 5685
714 715
2356 2357
4020 4022
1458 1459
6127 6128
4730 4731
7401 7402
8826 8827
2892 2893
9766 9767
6024 6025
4544 4545
755 756
102 103
4620 4622
288 289
2384 2385
4421 4422
1756 1757
5636 5638
668 669
2199 2200
1410 1411
7213 7214
1508 1509
8137 8140
9915 9916
1562 1563
9354 9355
302 303
6234 6235
1115 1116
4410 4411
263 264
1074 1075
2092 2093
1990 1994
4881 4882
2948 2949
2040 2041
8424 8425
1303 1305
7781 7782
702 703
293 294
5898 5900
4020 4021
4901 4902
8455 8456
979 980
5980 5982
2014 2015
2007 2009
6673 6674
5699 5701
9067 9069
2068 2069
8985 8986
524 525
764 765
1587 1588
7629 7630
1118 1119
111 112
7602 7603
2322 2323
2043 2045
187 188
2942 2943
4499 4502
9188 9189
372 373
838 839
7613 7616
8933 8934
5348 5349
2831 2832
8550 8551
7596 7597
1659 1660
9609 9610
6029 6030
4117 4118
6326 6328
3906 3907
1321 1322
8190 8192
1225 1226
9738 9739
4409 4410
2469 2470
5882 5884
5239 5240
8107 8109
2629 2630
9914 9916
154 156
6685 6686
4050 4051
6393 6394
5249 5250
5794 5795
3202 3203
8008 8009
1934 1935
8727 8728
8672 8673
5707 5708
1498 1500
7943 7945
4973 4975
2650 2651
5008 5009
5819 5820
5621 5622
9484 9486
727 728
3573 3574
3706 3708
4644 4645
8159 8161
3375 3376
3644 3646
2491 2492
7934 7935
8752 8753
8983 8984
224 225
4986 4987
463 464
3331 3332
1901 1902
753 754
6957 6959
326 327
1600 1603
2728 2729
4251 4252
8063 8065
4010 4011
9480 9481
7154 7156
4027 4028
6891 6892
7491 7492
7252 7253
1809 1810
5726 5727
6269 6270
5134 5135
863 865
6130 6131
5721 5722
1670 1672
1049 1050
5017 5018
5665 5666
7011 7012
7725 7726
4908 4909
3162 3163
2050 2051
3524 3525
1215 1216
8599 8600
7670 7671
2455 2456
4711 4712
6221 6222
1680 1681
37 38
8569 8570
2807 2808
3535 3536
3666 3667
3092 3093
1882 1884
4049 4050
3106 3107
2594 2595
3324 3325
6444 6446
2072 2074
3259 3260
33 34
2956 2957
9093 9094
2891 2892
22 23
4606 4608
1889 1891
4757 4758
498 499
6028 6029
8446 8447
4920 4922
6297 6298
9130 9132
6976 6978
5090 5092
1859 1860
864 865
479 480
5472 5473
5869 5870
408 409
3817 3818
9663 9664
2226 2229
7820 7822
1185 1187
8177 8178
5820 5821
6678 6679
2454 2455
9465 9467
6847 6849
8803 8804
6824 6825
1626 1627
2669 2672
1991 1992
8292 8293
7492 7494
954 955
1030 1032
8249 8250
1375 1376
1425 1427
8493 8494
2291 2292
162 164
2771 2772
9537 9538
7140 7141
6888 6889
354 355
5363 5365
967 968
3636 3637
3461 3463
2519 2520
8513 8514
1106 1107
3285 3286
3752 3754
3704 3705
640 641
4974 4976
353 354
3465 3466
45 46
5306 5307
1129 1131
7559 7561
3296 3297
1546 1547
1880 1881
8796 8797
9484 9485
2693 2694
7194 7195
605 606
7060 7062
6838 6839
556 557
5179 5180
8297 8299
782 783
4729 4730
1556 1558
42 43
840 841
5536 5537
3279 3280
6094 6095
2543 2544
4306 4308
8532 8533
2379 2380
8590 8591
6635 6636
2881 2882
7516 7518
3577 3578
7174 7176
3017 3018
978 979
203 204
4681 4682
7823 7824
4232 4233
575 576
2632 2633
5140 5141
1531 1532
8386 8388
6361 6362
4397 4398
2953 2954
2809 2810
8035 8036
4121 4122
2537 2538
7743 7744
5533 5534
8306 8307
8396 8397
8786 8787
2035 2036
673 674
4434 4435
9407 9408
1804 1805
807 808
3952 3954
7626 7627
2331 2334
4569 4570
1808 1809
8531 8532
1731 1732
7707 7708
1146 1147
6679 6681
945 947
145 146
7330 7331
961 962
47 48
4772 4774
7426 7428
9387 9388
4614 4615
2686 2687
1705 1706
9539 9540
7365 7366
5521 5522
1044 1045
4502 4503
1057 1058
2120 2121
716 717
39 41
5131 5132
388 389
5344 5345
439 440
7535 7536
5901 5902
3988 3989
2891 2892
2140 2141
8232 8233
1834 1835
5441 5442
9765 9768
5356 5357
6833 6834
1789 1791
1528 1529
2609 2610
4363 4364
6300 6301
7005 7006
9530 9531
6131 6132
810 811
2705 2706
9797 9798
5918 5919
3317 3319
6996 6997
5889 5890
4833 4834
618 619
2703 2705
7711 7712
5460 5461
6135 6136
9690 9691
3420 3421
2646 2647
8860 8862
8445 8446
6590 6591
145 147
1370 1371
1013 1014
9836 9837
2110 2111
68 69
6906 6907
2707 2708
6956 6957
7701 7702
6479 6480
3494 3495
254 255
8126 8127
1113 1114
646 647
5443 5444
8914 8915
2515 2516
8787 8788
90 91
2197 2198
9569 9570
2433 2434
4150 4152
6130 6131
7204 7205
2862 2863
9836 9838
8460 8461
7231 7233
4611 4612
4309 4311
4568 4569
7030 7031
8138 8139
4932 4933
7001 7002
9102 9103
6191 6192
3406 3407
7804 7805
8579 8581
1673 1674
8212 8214
8965 8966
37 38
2221 2223
9818 9819
5051 5053
712 714
8646 8647
6718 6719
5038 5039
9289 9290
2690 2691
9033 9034
4672 4673
9990 9992
5453 5454
4544 4545
165 166
8503 8504
8770 8771
7569 7570
739 740
9968 9969
5837 5838
1224 1225
7456 7457
3388 3389
4366 4367
6296 6297
3658 3659
7586 7587
9420 9421
3832 3833
25 26
9278 9280
3309 3310
8091 8092
3846 3849
1721 1722
8787 8788
9109 9110
1389 1390
4383 4384
5723 5726
6587 6588
4377 4378
3924 3925
3438 3439
9914 9915
1662 1663
1855 1856
177 178
3706 3707
8419 8420
9643 9644
2304 2306
6612 6613
5521 5522
5692 5693
407 408
3218 3219
5144 5145
3748 3749
1415 1416
7879 7880
5521 5523
5448 5449
5651 5652
7087 7088
7475 7476
8879 8880
1858 1859
8583 8584
9947 9949
4187 4188
3408 3410
8288 8289
7925 7926
6396 6398
2862 2864
4320 4321
5390 5391
4767 4768
5656 5657
5354 5355
672 673
8447 8449
5156 5157
879 880
4500 4501
4293 4294
3205 3207
2309 2310
508 509
1585 1586
2289 2291
5271 5272
580 581
4127 4128
4550 4552
6941 6942
6502 6503
9793 9794
5994 5995
6157 6158
8621 8622
3156 3157
7803 7804
4466 4467
829 831
6288 6289
8012 8014
4764 4765
1935 1936
7072 7073
2833 2834
2920 2921
2 3
9203 9205
3048 3049
3506 3507
6913 6914
5363 5365
5212 5214
7784 7785
8064 8065
1585 1586
8772 8774
3392 3393
4012 4013
4938 4939
3789 3793
1101 1102
8769 8770
809 810
7588 7589
9774 9775
1777 1779
867 868
2838 2839
458 460
4198 4200
1228 1229
9753 9754
709 710
3864 3865
3720 3721
7809 7810
128 130
7905 7906
9007 9008
8418 8419
900 901
1728 1729
1878 1879
1831 1834
4403 4404
8956 8958
5739 5740
7540 7541
1019 1020
7680 7681
5393 5394
6257 6258
792 793
7726 7727
4237 4238
2359 2360
1539 1540
2981 2982
7552 7553
5383 5384
442 443
1979 1980
4807 4808
8889 8890
5780 5781
1265 1266
4783 4784
5794 5795
8463 8465
7014 7016
927 929
1961 1962
6397 6398
4361 4362
7485 7486
3095 3096
3007 3008
7156 7157
7544 7545
4605 4606
6624 6626
6056 6057
892 893
2251 2253
6086 6088
2420 2421
9431 9432
1516 1517
8788 8790
5034 5036
7491 7492
8647 8648
3617 3618
947 948
4889 4890
1092 1093
3298 3300
6834 6835
8223 8224
2172 2173
1048 1049
23 24
2291 2292
8166 8167
261 262
4981 4983
941 942
6461 6462
9443 9444
2245 2246
3696 3697
4229 4230
8373 8374
3900 3901
3650 3652
6703 6704
4830 4832
4731 4732
8941 8942
4523 4524
1942 1943
2712 2714
8388 8389
6013 6014
788 789
3479 3480
8073 8074
9220 9221
737 738
3555 3556
8814 8815
1432 1434
6000 6001
7997 7998
6411 6412
7010 7013
6918 6920
202 203
6128 6129
1245 1246
5639 5640
6629 6630
699 700
8933 8935
8596 8597
6884 6885
2076 2077
4729 4730
5413 5415
6603 6604
9591 9592
7403 7404
4964 4965
1695 1696
298 299
1042 1043
540 541
9245 9246
2464 2465
8222 8223
815 816
860 861
1989 1990
3771 3773
4749 4750
9297 9298
8091 8092
5026 5028
3252 3253
321 322
3740 3741
9714 9716
6835 6836
8318 8320
5489 5490
7798 7800
6550 6552
2664 2666
5858 5859
545 547
5081 5082
5580 5581
1407 1408
4436 4437
7670 7671
9662 9663
2863 2864
9166 9167
6464 6466
9055 9056
6598 6599
5772 5773
9331 9332
1861 1863
8300 8301
8493 8494
2042 2044
652 654
3644 3645
4237 4238
3082 3083
7619 7620
667 668
463 464
8816 8817
2610 2611
2045 2047
2620 2622
8413 8414
880 881
8108 8110
1306 1307
8847 8848
4806 4807
1454 1456
3696 3697
9571 9572
3500 3501
6377 6378
456 457
6535 6536
1011 1012
1587 1588
6102 6104
84 85
4424 4426
7883 7884
2317 2320
5932 5933
6079 6080
2582 2583
6000 6001
1616 1617
6358 6359
7843 7844
7807 7808
7909 7910
415 416
4767 4769
4530 4531
72 73
9317 9318
7058 7059
3282 3284
2272 2273
260 262
2757 2758
8740 8741
7107 7108
9311 9312
6257 6258
2393 2395
971 972
1587 1588
1743 1744
4470 4472
3802 3803
88 89
4298 4299
6582 6583
2252 2253
7977 7978
1457 1458
4385 4386
9293 9294
1716 1717
9628 9629
2394 2395
9291 9292
3771 3772
5107 5108
2912 2913
4332 4333
509 510
3294 3296
5677 5678
4227 4228
5205 5206
7091 7093
9691 9692
9183 9184
6881 6882
270 271
2632 2633
1607 1609
7318 7319
114 115
1613 1614
5374 5375
6849 6850
5152 5153
2827 2829
2915 2916
4337 4338
2788 2789
7255 7256
5177 5178
851 852
9968 9969
586 588
377 378
9246 9248
6020 6021
5406 5407
8162 8163
1745 1746
9747 9749
2341 2342
2435 2437
4058 4059
494 495
2154 2155
6094 6095
3515 3517
8539 8541
2398 2399
2508 2510
341 343
1251 1252
2073 2074
3847 3848
220 222
1479 1480
7219 7221
3145 3146
446 447
600 601
3498 3499
797 798
141 142
7925 7926
7840 7841
199 201
9009 9010
3656 3657
3445 3447
992 993
5690 5691
4474 4475
3458 3459
4079 4080
1288 1289
4975 4977
8300 8301
5064 5067
4654 4655
9067 9068
6932 6934
3826 3827
2852 2853
5675 5677
4177 4178
734 735
6620 6621
3893 3894
5023 5024
5940 5941
9960 9962
2118 2120
3028 3029
7376 7377
7946 7948
453 454
7035 7036
5565 5566
826 827
5670 5671
6712 6713
880 881
2526 2527
8959 8960
460 461
7977 7978
4200 4201
1277 1279
5783 5784
5783 5786
506 507
4987 4988
9501 9504
4568 4569
8192 8193
3716 3718
1741 1742
1705 1707
1694 1695
8130 8131
7230 7231
7614 7615
6598 6599
7140 7142
9548 9550
4762 4763
767 768
6854 6855
8448 8449
3828 3829
2530 2531
1224 1226
8692 8693
1114 1115
8887 8888
5960 5961
1114 1115
6245 6246
8464 8465
1643 1644
8819 8821
9326 9327
4948 4949
4544 4545
1863 1865
5970 5971
1457 1459
3360 3361
7908 7909
4898 4899
3063 3064
584 585
3925 3926
558 559
6914 6917
3130 3131
9479 9480
803 804
5399 5400
8787 8789
7000 7001
5651 5652
7554 7555
980 981
3888 3889
1908 1909
7852 7853
1662 1664
7829 7830
3243 3244
4282 4283
7065 7066
9881 9882
6474 6475
9381 9383
5570 5571
7639 7641
5352 5353
1641 1642
9644 9645
5775 5776
7072 7074
2033 2034
1694 1695
8141 8142
7709 7710
8597 8599
1826 1827
1347 1349
9204 9205
6777 6779
5791 5793
2250 2251
7778 7779
2160 2161
1571 1572
5060 5061
2104 2105
1716 1717
4598 4600
3188 3189
7716 7717
5756 5757
28 29
6929 6930
4930 4931
3346 3347
3787 3789
5094 5095
6114 6115
2278 2279
3568 3569
533 534
222 224
1891 1892
5323 5324
9246 9247
9779 9781
1089 1090
3698 3699
3616 3617
8900 8901
7357 7358
2532 2533
6703 6704
1962 1963
982 983
5596 5598
8761 8763
8541 8542
4761 4762
8425 8426
7184 7185
3415 3416
8752 8753
4524 4525
19 21
2094 2096
8374 8375
5569 5570
9899 9900
3897 3898
798 799
7634 7635
7327 7328
7725 7726
2372 2373
7688 7689
9551 9552
3558 3560
4980 4982
3491 3492
6863 6865
2988 2989
7739 7740
3260 3261
9199 9200
1570 1571
413 415
8233 8234
7026 7027
9452 9454
4946 4947
1921 1922
1684 1687
4636 4637
3036 3037
7745 7746
1925 1926
9523 9524
7976 7978
1342 1343
9599 9600
8724 8726
1931 1933
5851 5852
628 629
2670 2672
5198 5199
7357 7358
3241 3244
9150 9151
6452 6453
9150 9152
1603 1605
1491 1492
8812 8814
8414 8415
8753 8754
2210 2211
742 743
9553 9554
1228 1229
2764 2765
2215 2216
6213 6214
5949 5950
4528 4531
8442 8443
1154 1155
9217 9218
2940 2941
2112 2113
2184 2185
7451 7453
5628 5629
463 464
963 964
397 398
2287 2288
3000 3001
786 787
7443 7444
4438 4440
6220 6222
120 121
4914 4916
6897 6898
9605 9606
6946 6947
1789 1791
5570 5571
2337 2338
9436 9438
990 991
7797 7798
194 196
317 318
3903 3904
1230 1231
4865 4866
4952 4953
6719 6721
3297 3298
1654 1656
1528 1529
274 275
183 184
9561 9562
8913 8914
3154 3156
1824 1825
8698 8699
9550 9551
8390 8391
6149 6151
3356 3357
124 125
4901 4902
318 319
3905 3906
6768 6769
2140 2141
2187 2188
1155 1156
3728 3729
8655 8656
6335 6337
4485 4486
5600 5601
9629 9630
1754 1755
7801 7802
8075 8076
5816 5818
2937 2938
531 532
3461 3462
610 611
4047 4048
7981 7982
5455 5456
3674 3675
6838 6839
591 593
4811 4812
9721 9722
6017 6019
5316 5318
3312 3313
697 698
5331 5332
1943 1946
2608 2609
9974 9975
2069 2070
452 453
7016 7017
8664 8665
9859 9860
2686 2687
8551 8552
9089 9091
872 873
8345 8346
963 964
3376 3377
3901 3902
813 814
8889 8890
5632 5633
2188 2189
9012 9013
9539 9540
4992 4995
3657 3658
1718 1719
5615 5616
9718 9720
1859 1860
4073 4075
3646 3648
2449 2450
9671 9672
3168 3169
7081 7082
1171 1172
9606 9607
1852 1853
5386 5387
944 945
1240 1241
531 532
778 779
2880 2882
6673 6675
7659 7660
2792 2794
7298 7300
2387 2388
1023 1026
6602 6603
1623 1625
116 117
9847 9848
1622 1623
3925 3926
3 5
7120 7121
8899 8900
6834 6835
4804 4805
9969 9970
8283 8284
8570 8572
3540 3543
3476 3478
5156 5157
9017 9018
4200 4201
2579 2580
6432 6433
6448 6449
3047 3048
4044 4045
9011 9013
4548 4550
556 557
5272 5274
4241 4242
2040 2042
4293 4294
7196 7197
513 514
5032 5034
1121 1122
4972 4973
896 897
8328 8329
3288 3289
2739 2740
8415 8416
1399 1401
3755 3756
6184 6186
8660 8662
8484 8485
8525 8527
7975 7976
9690 9692
371 372
5794 5795
4385 4386
944 946
9920 9921
4775 4776
162 164
2324 2325
3971 3972
4466 4467
5235 5237
1959 1960
7540 7541
2443 2444
9057 9059
9654 9655
2497 2498
7339 7342
1709 1711
8057 8058
4302 4303
2323 2325
2037 2038
1338 1339
3916 3917
3697 3698
1494 1496
9402 9403
8189 8191
8687 8688
1000 1002
3120 3121
567 568
5951 5953
2926 2927
9523 9524
1591 1592
2849 2851
5035 5036
7691 7692
6744 6745
3658 3659
5512 5513
4098 4099
4772 4773
9355 9356
2771 2772
5409 5410
9753 9754
1448 1449
5745 5746
5304 5305
4513 4515
3916 3917
3855 3856
7198 7199
6762 6763
157 158
9196 9197
9419 9421
9164 9165
6704 6705
3318 3319
8545 8546
6813 6814
5695 5696
1155 1157
436 438
8254 8255
618 619
6801 6803
4429 4430
7561 7562
3934 3936
1358 1359
7546 7548
1266 1270
8943 8944
3723 3724
9817 9818
2712 2713
3906 3907
2833 2835
8039 8040
7109 7110
730 731
90 91
2338 2340
9721 9722
1975 1976
9274 9275
9116 9117
6681 6682
3257 3259
465 466
8643 8644
959 960
450 451
7621 7622
8978 8979
4957 4959
1134 1136
7274 7275
9747 9748
1295 1296
4401 4403
861 862
3464 3466
7255 7256
4814 4815
2050 2051
8968 8969
1926 1927
4017 4018
8785 8786
5934 5936
1270 1271
7894 7895
8012 8013
9295 9299
9984 9985
8536 8537
3461 3462
2102 2103
1499 1500
417 418
6109 6110
6752 6753
9490 9491
638 639
944 945
1966 1967
7770 7771
1603 1605
255 256
437 438
1922 1923
7487 7490
477 478
6209 6210
9563 9565
273 274
6031 6032
2372 2373
2586 2587
6091 6092
558 559
7392 7393
9963 9964
7462 7463
5183 5184
7415 7416
3848 3850
2535 2536
7397 7398
9025 9026
3707 3708
7184 7185
1444 1445
3022 3023
9075 9077
9994 9995
873 874
9404 9405
6561 6563
8929 8930
5993 5994
3947 3948
6361 6362
8928 8929
3959 3960
4415 4416
6016 6017
15 16
1466 1467
4662 4663
7292 7293
6058 6059
2398 2400
2331 2332
7179 7180
1188 1189
73 74
3947 3949
6089 6090
9980 9981
8481 8482
6500 6501
8880 8881
9487 9489
1341 1342
8261 8262
8241 8242
2798 2799
1692 1694
5573 5574
3908 3910
1409 1410
3950 3951
7308 7309
8941 8942
9467 9468
3425 3428
5450 5451
2704 2705
6736 6737
5067 5068
54 55
3285 3286
2085 2086
6923 6926
6628 6629
7935 7936
2215 2216
7604 7605
1244 1245
5050 5052
4655 4656
8019 8020
9881 9882
3619 3620
2948 2949
2656 2657
5631 5633
2941 2942
2178 2179
3273 3274
3489 3490
4497 4498
5340 5342
5576 5577
2674 2675
325 326
1465 1466
3829 3830
2650 2651
6737 6739
8989 8990
8298 8299
7885 7887
749 750
8421 8422
4040 4042
437 438
2734 2735
3384 3385
216 218
4022 4023
4787 4788
9193 9196
1842 1843
6022 6023
8316 8317
122 123
5925 5926
6179 6180
9293 9295
6271 6272
3871 3872
4904 4905
8493 8494
100 101
462 463
83 84
6890 6891
2289 2290
7417 7418
6391 6392
9018 9019
5020 5021
6303 6304
5375 5376
667 669
5392 5393
2032 2033
7108 7109
8641 8643
9998 9999
1258 1259
2114 2116
5693 5694
4001 4002
9687 9688
516 517
1618 1619
7718 7719
3668 3669
536 537
9747 9748
6523 6524
1797 1799
3073 3074
1554 1557
8615 8616
1256 1257
1928 1929
4115 4116
2619 2620
343 344
248 249
8710 8711
5544 5545
6210 6211
2104 2105
8042 8045
8337 8338
2012 2013
7034 7035
3744 3745
3217 3218
6068 6069
3235 3236
1104 1105
32 33
5816 5817
7691 7692
3197 3198
2146 2147
4853 4854
7223 7224
2478 2479
3233 3234
965 967
9990 9991
1432 1435
4125 4127
5981 5982
8489 8490
425 426
1984 1985
3286 3287
6535 6536
5996 5997
2662 2664
4363 4364
5535 5536
8667 8670
1437 1438
5155 5156
6575 6576
7154 7155
4970 4971
3663 3664
7460 7461
1763 1764
4316 4317
94 95
6149 6151
6518 6519
9509 9510
7664 7665
7113 7115
7524 7525
8934 8935
9806 9808
6381 6382
8590 8591
634 635
7415 7416
6862 6863
580 581
4919 4921
2526 2527
7370 7371
4850 4851
944 945
8018 8019
2716 2717
4061 4062
9422 9423
1006 1007
826 827
703 705
3039 3040
7810 7811
7214 7215
4751 4752
4432 4433
7985 7986
7684 7685
3301 3302
4535 4536
9502 9503
8963 8964
9564 9565
5012 5013
3442 3445
1711 1712
4537 4538
778 779
4781 4782
334 335
5051 5052
2040 2041
2710 2711
2538 2539
7507 7509
6349 6350
1951 1952
1350 1351
7606 7607
4797 4799
9171 9172
3621 3622
1089 1091
7675 7677
8725 8726
2807 2808
5628 5629
1265 1267
7786 7787
8373 8375
6289 6290
7186 7188
6981 6982
6655 6656
687 688
3394 3395
1506 1507
9716 9719
91 92
9651 9652
9287 9288
6242 6243
6182 6183
8971 8972
8552 8553
6095 6096
7221 7222
7301 7302
7387 7388
8727 8728
7325 7326
6140 6141
2091 2092
5830 5831
4957 4958
6051 6052
304 305
9672 9673
3522 3524
9017 9018
7855 7856
3023 3024
9253 9256
1578 1579
398 399
886 887
388 389
9325 9328
2011 2012
100 101
6028 6029
6509 6510
5822 5823
2579 2581
959 960
2953 2954
2059 2060
6368 6369
1041 1042
3617 3618
6460 6461
7253 7255
8650 8651
2587 2589
7807 7810
1526 1527
2749 2750
2273 2274
3966 3969
2825 2826
3270 3271
6895 6896
4922 4923
7948 7950
9746 9747
1531 1532
7570 7571
1310 1311
7268 7270
5808 5809
265 268
4072 4074
2456 2458
304 305
1258 1260
2454 2455
1007 1010
9001 9002
9143 9144
2119 2120
8734 8736
344 345
8828 8829
9993 9994
7191 7192
9340 9341
9957 9958
3517 3518
1465 1466
7374 7376
2031 2032
706 707
1588 1589
2955 2956
8545 8546
2654 2655
823 824
5018 5019
1687 1688
6096 6097
8409 8411
1952 1954
9923 9925
8804 8805
2190 2191
1381 1382
8910 8911
5798 5799
8117 8118
5444 5445
3012 3013
1914 1915
2164 2165
1154 1155
593 594
4060 4062
7657 7658
9386 9387
9479 9480
6115 6116
8056 8057
6540 6541
3282 3284
1341 1343
9827 9828
8566 8567
5582 5583
931 932
2090 2091
9713 9714
6231 6232
9604 9605
1684 1685
158 159
7504 7506
5748 5749
158 159
8083 8084
8552 8553
1498 1499
1507 1508
1153 1154
2474 2475
7522 7523
8685 8686
2184 2185
1541 1542
2755 2756
4939 4940
6253 6254
5678 5680
7903 7904
8803 8804
7434 7435
6783 6785
2331 2334
6746 6747
2870 2871
1255 1256
8065 8067
1410 1411
4680 4681
8360 8361
5780 5782
6227 6228
3382 3383
5114 5117
5087 5088
1230 1231
1842 1843
4703 4704
6953 6954
6717 6718
8314 8316
9170 9171
2217 2219
6671 6672
3729 3730
6206 6207
6203 6205
5794 5795
5084 5085
7915 7916
670 672
1010 1011
4637 4638
6969 6970
7484 7485
1282 1283
8326 8327
9159 9161
5311 5312
4904 4905
1445 1446
4456 4459
3681 3682
4733 4734
2350 2351
2138 2139
2972 2973
6837 6838
4859 4860
5561 5562
5756 5758
5004 5005
9649 9650
7570 7571
5233 5234
2754 2755
8549 8550
2806 2807
2407 2409
9929 9930
495 496
1166 1167
4925 4927
7474 7478
4125 4126
5804 5805
4644 4645
8708 8710
699 700
4642 4644
8198 8199
5251 5252
1234 1235
4562 4563
3034 3035
2842 2843
9407 9408
3589 3590
2597 2598
9436 9437
5189 5191
8544 8545
3851 3852
2266 2268
3973 3974
4979 4980
2855 2857
127 128
797 798
1540 1541
1725 1726
6150 6151
1486 1487
5996 5997
1006 1007
4761 4762
4339 4340
8928 8929
2315 2316
7236 7238
9071 9072
6963 6965
5455 5457
3388 3389
9430 9431
6266 6267
7607 7610
8066 8068
1903 1904
2832 2833
7586 7588
9738 9739
8888 8889
282 283
9534 9535
3496 3497
7867 7868
4302 4303
7332 7334
7470 7471
4320 4321
6288 6289
2412 2413
3442 3444
6530 6532
3037 3038
6902 6903
6035 6036
7878 7879
8428 8429
1355 1356
2492 2493
298 300
2673 2674
78 79
1274 1275
2810 2811
819 820
4586 4587
8091 8092
504 505
529 530
8598 8599
2248 2249
637 638
3859 3861
3452 3453
6645 6646
3995 3996
1273 1274
6875 6876
22 23
9894 9895
5682 5683
7837 7840
2660 2661
1250 1251
2985 2986
7644 7645
4385 4387
9806 9807
3911 3912
508 510
9206 9207
82 83
6692 6693
3808 3809
1894 1895
3381 3382
3161 3163
755 757
2480 2481
6418 6419
5713 5714
2271 2272
2498 2501
2043 2044
1564 1565
9679 9680
4294 4295
2798 2799
1694 1695
6744 6745
8511 8512
5225 5227
2034 2035
939 940
7604 7605
7975 7976
440 441
4234 4235
2232 2233
3812 3813
3131 3132
8098 8100
2281 2282
6369 6372
8468 8469
9882 9883
3719 3720
79 80
2973 2974
769 770
8198 8199
2467 2468
7481 7482
6739 6740
1491 1494
2714 2715
7682 7683
6333 6334
900 902
795 796
2500 2502
5393 5394
227 228
4942 4944
9640 9641
2572 2573
8411 8412
3416 3417
1762 1763
1942 1943
7491 7492
1583 1584
8591 8592
345 346
4028 4029
1486 1487
1353 1354
4742 4743
86 87
464 465
1933 1934
1652 1653
9626 9628
8181 8184
7760 7761
8874 8876
2354 2356
5347 5348
177 180
4959 4960
3862 3863
7818 7819
5154 5156
5554 5556
7943 7944
604 605
6476 6477
8690 8692
8161 8162
9294 9296
4447 4448
2009 2010
4635 4636
7895 7896
6475 6477
1352 1353
1401 1403
1 2
8764 8766
4634 4635
8748 8750
2867 2870
7088 7089
8304 8305
3004 3005
240 241
4077 4078
7051 7052
2603 2604
640 642
6212 6213
6685 6686
9685 9686
8708 8709
2258 2259
5915 5916
5462 5463
3472 3473
2502 2503
374 375
1806 1807
3408 3410
8823 8824
1643 1644
6390 6391
1061 1062
487 488
9272 9274
5988 5989
5331 5332
1410 1411
3470 3471
9549 9550
1465 1466
5772 5773
5214 5215
299 300
330 331
6794 6796
5616 5617
175 176
7904 7905
4959 4961
528 530
2281 2283
9920 9921
938 940
6684 6686
5910 5911
1727 1728
4126 4127
3825 3827
7240 7241
1332 1334
2515 2516
7860 7862
3740 3741
2479 2480
9707 9708
8446 8448
4025 4026
8667 8668
3912 3914
7741 7743
597 598
145 146
1770 1771
7526 7527
4268 4269
7917 7918
1870 1871
415 416
4643 4644
1700 1701
2022 2023
7853 7855
8505 8506
150 151
2228 2229
9560 9561
2367 2368
4945 4946
9740 9741
4824 4825
1466 1467
262 263
7049 7050
8107 8109
1463 1464
6016 6017
735 736
2804 2805
1918 1919
4513 4514
5408 5409
1594 1595
1018 1019
5249 5251
2546 2547
2735 2736
6152 6154
6848 6849
2561 2562
1572 1575
3213 3214
7970 7971
6689 6690
5151 5153
8781 8782
9711 9712
4455 4456
2218 2219
1706 1707
7934 7935
1417 1418
2584 2586
6122 6123
4092 4093
5714 5715
6873 6874
8124 8125
7997 7998
9387 9388
1394 1395
7948 7949
686 687
3414 3415
8994 8995
5429 5430
1742 1744
4781 4782
7923 7924
9062 9064
444 445
3259 3260
9629 9630
3048 3049
2353 2354
5768 5769
1258 1259
9247 9248
3921 3922
8779 8780
6603 6605
130 134
4127 4128
3211 3212
352 353
5793 5794
6639 6640
2935 2936
9078 9079
5013 5014
6144 6145
5161 5163
5616 5617
7802 7803
8313 8314
5506 5507
7098 7099
7773 7774
9827 9828
9906 9908
825 827
751 752
872 873
5652 5653
2191 2193
7866 7867
7418 7419
6979 6980
8443 8444
676 677
4183 4184
1960 1961
7852 7853
3781 3783
4955 4956
8396 8397
2050 2051
6934 6935
8423 8425
3198 3199
9450 9451
2746 2747
2336 2337
3995 3996
7526 7527
7346 7347
6298 6299
7628 7630
4570 4571
251 252
3863 3864
264 265
4295 4296
6378 6379
6382 6384
7028 7029
2807 2808
6877 6879
2659 2660
27 28
3016 3017
5721 5723
5206 5207
3590 3591
8157 8158
8149 8150
474 475
1154 1155
2241 2242
642 643
1577 1578
9361 9362
5917 5918
195 196
3686 3688
9359 9360
8764 8766
1547 1549
6858 6859
3016 3017
8813 8815
551 552
2371 2372
2952 2953
3544 3546
5744 5745
4688 4689
275 276
9316 9317
5845 5846
7271 7272
1062 1063
1945 1946
4430 4431
9480 9481
6093 6094
2898 2899
1430 1431
7669 7670
5959 5960
6773 6774
5421 5423
8785 8786
1575 1576
678 679
1720 1722
8696 8698
5628 5629
6089 6090
2777 2778
1056 1057
3283 3284
8727 8728
8458 8460
3567 3569
5979 5980
8898 8899
6057 6058
669 670
8345 8346
2748 2749
1565 1566
9067 9069
8221 8222
1781 1783
7041 7042
2804 2805
7493 7494
1732 1733
8385 8386
5987 5988
8193 8194
7688 7691
7183 7186
501 502
5591 5592
6367 6369
1006 1007
5568 5569
6392 6394
4150 4151
6362 6363
2196 2197
98 99
4724 4726
934 935
8129 8130
4871 4872
5807 5808
9164 9165
8666 8667
9790 9791
5639 5640
6320 6322
3865 3866
3323 3326
5269 5270
2889 2890
7058 7062
5879 5880
282 283
2029 2030
1804 1805
9690 9691
6608 6609
6476 6477
8797 8798
2763 2764
8190 8191
1 2
9429 9430
7229 7230
9947 9948
1187 1188
2431 2432
3505 3507
406 407
7050 7051
2595 2596
6070 6071
2069 2070
4322 4323
4639 4640
5995 5996
7564 7565
6174 6175
1640 1641
160 161
3665 3666
1486 1487
4667 4668
7705 7706
1214 1215
1939 1941
2890 2892
4265 4266
281 283
8500 8502
5222 5225
4506 4507
1788 1789
8904 8905
2338 2340
163 165
5600 5601
4621 4622
7224 7225
836 838
3659 3660
1359 1361
8732 8733
7999 8000
606 608
8194 8195
2325 2326
1174 1175
8535 8537
997 998
992 993
1762 1765
7185 7187
9751 9752
5830 5831
6724 6725
4854 4855
3180 3182
9472 9473
7718 7719
7795 7797
5847 5848
2923 2924
7836 7837
7072 7073
8938 8939
505 507
3662 3663
5581 5582
370 372
4279 4281
5024 5025
3865 3867
9427 9428
5237 5238
5530 5531
4992 4994
6549 6550
3235 3236
2376 2377
58 60
6140 6141
1290 1291
2036 2037
2860 2861
6477 6478
6827 6828
5059 5061
4107 4108
1836 1837
5948 5949
6765 6768
8908 8909
5762 5763
2848 2849
2601 2602
2692 2693
7888 7889
2613 2615
5418 5419
2249 2250
2307 2309
8452 8453
4612 4613
6375 6377
633 635
7733 7734
5519 5521
5619 5620
8098 8099
3266 3267
2250 2251
7918 7919
3514 3515
7756 7757
5215 5216
2844 2845
7863 7864
7251 7252
4886 4887
9541 9542
5022 5023
6402 6403
90 91
2957 2959
5659 5660
4777 4778
1481 1482
494 495
6261 6264
4272 4273
7873 7875
317 318
4494 4495
1304 1305
8197 8198
8048 8051
5365 5367
3236 3237
1272 1274
3536 3537
3426 3427
552 553
6275 6276
1103 1104
3289 3291
849 850
3657 3659
9943 9944
4750 4751
7239 7241
3999 4001
1532 1533
3643 3644
9084 9085
8385 8386
7162 7164
4828 4829
735 736
2756 2757
4904 4905
1110 1111
2480 2481
1604 1605
5154 5155
7324 7326
8778 8779
2747 2748
1703 1705
9499 9500
1227 1228
2538 2540
9376 9377
3293 3294
3775 3776
