13
99 73 62 86 67 99 98 97 78 82 77 84 72
74 82 72 90 99 98 61 90 75 60 83 62 75
99 69 96 67 80 98 73 88 90 86 87 95 84
73 97 90 78 94 69 98 94 87 87 69 80 63
85 83 75 80 88 60 79 70 86 84 84 68 94
81 68 61 83 68 92 62 85 86 94 74 60 62
75 77 70 88 79 62 99 63 93 87 88 94 93
86 89 60 84 81 66 62 83 61 87 73 74 88
90 73 62 80 61 99 64 83 65 90 80 64 62
72 66 70 76 90 88 76 65 90 80 81 68 95
63 77 66 87 86 71 79 64 69 64 72 76 69
79 62 83 90 87 84 77 72 79 69 72 85 96
72 94 72 92 62 91 73 84 78 94 89 75 85
