20
246
1 2
1 3
1 5
1 6
1 7
1 8
9 2
9 3
9 4
9 5
9 7
13 11
13 12
13 10
18 20
11 6
11 1
19 6
19 5
19 4
13 14
19 3
19 2
13 17
19 1
13 20
6 18
12 13
6 17
8 1
12 15
8 2
12 14
8 3
8 4
8 6
12 18
8 9
6 12
6 11
12 20
6 14
6 13
6 16
19 8
6 15
1 18
10 7
10 8
1 19
1 16
1 17
1 14
10 3
10 4
1 15
10 1
1 12
1 13
18 8
18 7
18 6
18 3
18 2
18 14
18 16
18 17
18 12
18 13
7 2
7 3
7 4
7 6
7 9
17 11
17 16
17 15
17 14
17 13
17 1
7 19
17 8
7 18
17 7
17 18
17 6
17 5
17 4
17 2
7 10
7 13
17 20
7 15
7 14
12 11
12 10
7 16
20 9
20 8
2 16
20 5
20 4
2 14
20 3
20 2
6 2
16 18
6 5
6 7
6 8
6 9
16 20
11 10
20 1
2 11
2 10
7 20
16 2
16 1
11 13
16 7
11 16
11 15
11 18
16 3
11 17
11 20
10 18
10 19
5 1
5 2
8 19
10 11
5 4
5 6
5 7
10 14
5 8
10 15
10 16
10 17
8 12
8 16
8 15
8 18
8 10
15 2
15 1
3 19
3 18
3 17
3 15
3 14
15 9
15 8
15 7
15 6
15 5
16 15
16 14
16 13
16 12
3 12
3 11
8 20
4 1
4 3
4 5
4 6
4 7
4 8
15 14
15 13
15 12
3 20
14 3
14 2
15 17
15 16
14 9
14 8
15 19
14 5
9 14
15 20
9 15
9 12
9 13
9 19
9 16
9 10
9 11
3 1
3 2
3 4
14 16
4 15
3 6
4 17
3 7
14 15
4 19
14 19
20 15
20 16
14 20
20 14
4 10
4 11
20 12
4 12
4 13
20 10
9 20
20 18
13 4
13 3
13 2
13 1
13 9
2 1
2 7
2 8
19 15
19 17
19 11
19 13
19 14
19 10
12 6
12 5
12 4
12 3
12 2
12 1
5 16
5 18
12 9
5 10
5 11
14 13
5 13
14 10
5 15
14 11
19 20
