20
147
1 2
1 3
1 4
5 1
1 5
1 6
5 2
5 3
10 12
1 9
5 6
10 13
5 7
10 15
5 8
18 19
9 5
10 16
10 17
8 12
8 14
8 13
13 11
13 12
13 10
15 2
11 6
11 5
11 4
3 17
11 2
3 15
11 1
13 16
13 19
19 2
15 6
16 15
8 20
4 1
4 2
6 18
12 15
12 14
6 19
4 8
8 4
12 16
4 9
8 5
15 10
8 9
6 12
6 14
6 16
19 9
19 8
14 4
14 2
10 6
18 7
15 16
18 6
14 8
18 2
10 9
15 19
18 14
6 20
15 20
9 12
9 13
18 11
18 12
18 13
9 17
9 11
3 2
3 5
4 15
14 17
4 17
7 3
3 8
4 19
7 6
14 18
7 8
14 19
17 12
7 9
17 11
20 16
17 16
17 13
20 19
13 4
13 3
17 8
13 9
13 8
17 4
17 2
13 6
7 10
4 20
7 17
12 11
7 16
2 19
2 15
20 3
6 2
16 18
6 3
2 8
6 5
6 7
19 15
19 16
19 17
19 18
19 11
19 12
19 13
2 12
7 20
11 19
12 4
12 2
12 1
5 16
16 9
5 18
11 13
11 16
12 9
12 7
5 10
14 13
5 13
14 10
5 14
5 15
14 11
11 20
19 20
