30
546
30 23
30 25
30 26
1 3
30 20
30 21
1 5
1 6
30 22
1 8
1 9
29 30
30 27
30 28
18 19
18 25
18 26
18 27
18 28
18 21
18 22
18 23
30 12
30 14
30 15
30 10
19 5
19 4
19 3
30 17
19 1
18 30
29 12
29 11
29 16
29 17
29 15
17 29
17 28
19 9
17 30
1 18
29 23
29 24
1 19
29 21
1 17
29 22
1 14
29 27
29 28
1 13
29 26
18 7
18 5
18 4
29 20
18 2
18 14
18 15
18 17
18 10
18 11
18 12
18 13
29 19
1 29
28 22
28 23
28 20
28 21
1 28
1 25
28 26
28 27
1 23
1 24
28 25
29 8
29 6
29 5
29 3
29 2
29 1
17 12
17 10
17 16
17 15
17 13
28 19
1 22
1 20
28 18
17 1
17 9
17 8
17 19
17 18
17 7
17 6
17 5
17 4
17 3
17 2
17 23
17 22
17 21
17 20
17 27
17 25
29 9
17 24
1 30
28 29
28 1
2 19
2 18
27 30
2 17
2 13
16 19
28 9
16 18
28 7
28 6
28 4
28 3
16 20
16 26
16 24
16 23
27 29
2 10
27 28
16 2
28 11
16 1
2 28
28 16
2 26
2 25
2 24
16 29
16 9
16 28
16 8
16 27
16 7
16 6
16 4
2 23
2 22
2 21
2 20
10 18
27 2
27 9
10 11
10 12
27 7
10 14
10 15
27 5
10 16
21 28
21 26
21 25
21 24
10 20
2 30
21 29
15 3
10 29
3 19
3 18
3 14
10 21
10 22
10 23
15 7
15 6
10 27
15 5
15 4
10 30
3 13
3 12
3 11
3 10
26 3
26 2
3 29
3 27
3 25
26 9
26 7
26 6
26 5
3 24
3 23
3 21
3 20
14 4
14 3
14 2
14 9
14 8
14 6
14 5
21 17
21 15
21 11
3 30
21 18
25 2
4 15
4 16
25 9
25 8
4 19
25 7
25 5
20 15
20 13
20 14
4 10
20 11
20 12
4 12
20 10
4 14
19 30
20 18
13 4
13 1
4 27
4 28
4 29
13 9
20 24
4 22
4 24
4 25
20 28
20 29
24 5
24 4
24 3
24 2
24 1
24 8
19 15
19 17
19 11
19 12
19 13
19 10
12 5
12 4
12 3
12 1
5 16
5 18
12 9
12 7
19 26
19 28
5 11
5 12
19 22
19 23
5 15
19 25
19 20
19 21
23 3
23 1
24 23
5 27
5 28
9 1
5 29
9 2
9 4
23 9
9 5
5 20
9 8
13 11
5 23
5 24
5 25
13 10
24 13
24 15
24 16
11 7
11 4
11 1
13 15
13 14
11 9
13 17
11 8
13 18
13 22
13 23
13 20
24 28
24 29
22 5
22 4
6 18
6 17
8 1
12 15
8 2
12 14
8 4
12 17
12 16
8 5
22 9
8 6
6 10
6 12
6 14
6 13
12 22
6 16
6 15
23 24
23 25
23 26
23 27
23 28
10 7
10 8
10 5
10 3
24 10
24 12
10 2
6 29
12 24
12 23
6 28
12 26
12 28
10 9
12 29
6 23
6 22
6 25
6 24
12 30
6 27
21 7
21 5
21 4
23 10
23 11
21 1
7 1
11 22
11 25
7 3
7 4
11 29
7 8
21 9
7 9
11 30
6 30
23 20
7 19
7 18
7 11
7 12
7 15
12 11
7 17
12 10
7 16
23 13
23 14
23 15
23 16
23 17
23 18
23 19
20 9
20 8
20 7
20 6
6 1
22 21
6 2
6 3
7 29
6 4
6 5
6 9
22 18
7 24
22 15
7 26
7 25
22 13
7 28
22 12
22 11
20 1
22 19
11 12
22 30
11 13
11 16
11 18
11 17
22 29
22 27
22 26
22 25
22 24
22 23
11 20
27 10
27 15
27 12
5 3
15 28
5 4
15 27
15 26
5 6
5 8
8 12
15 30
8 14
8 16
8 17
8 10
27 21
27 22
30 8
27 20
27 25
27 26
30 5
30 4
27 23
30 3
8 23
8 22
16 10
8 27
8 28
16 12
27 18
30 2
27 19
30 1
27 17
8 21
8 20
26 20
26 22
4 1
26 25
4 6
4 7
4 8
4 9
15 13
26 15
26 18
26 19
26 30
15 18
15 19
9 14
15 20
9 15
9 18
15 25
15 23
9 16
9 17
26 28
9 10
9 11
25 30
3 1
3 2
14 16
3 5
3 6
3 9
14 18
9 25
14 20
9 26
14 23
9 27
14 21
14 22
9 28
25 26
25 27
9 21
9 22
25 29
9 20
26 10
26 12
26 11
26 14
26 13
14 27
14 28
14 26
14 29
14 30
9 30
2 3
2 4
25 12
13 26
2 6
2 7
13 24
2 9
13 25
13 29
25 20
25 22
25 21
25 24
25 23
14 12
14 10
14 11
25 14
25 16
25 18
