30
538
30 23
30 25
30 26
1 4
1 5
30 21
1 6
1 7
1 8
30 27
30 28
18 19
18 25
18 26
18 27
18 28
18 22
18 24
30 13
30 14
30 10
19 7
19 6
19 4
30 16
18 29
19 2
19 1
18 30
29 12
29 13
29 10
29 16
29 14
17 29
17 28
19 9
19 8
29 23
1 18
29 24
1 19
29 21
1 16
1 17
29 27
1 14
1 15
29 26
18 8
18 5
18 4
18 3
18 2
18 15
18 16
18 17
18 10
18 11
18 12
1 11
29 18
1 27
28 21
1 28
28 26
1 25
28 27
28 24
28 25
1 24
29 8
29 7
29 5
29 2
29 1
17 11
17 10
17 14
18 9
17 13
1 21
28 17
1 20
28 18
17 1
17 9
17 8
17 6
28 30
17 4
17 3
17 23
17 22
17 26
1 30
28 29
2 14
2 13
28 9
28 8
16 17
28 5
28 3
16 22
16 21
16 20
16 26
16 25
16 24
16 23
2 12
27 29
2 11
2 10
27 28
16 2
28 11
28 12
2 28
28 10
2 27
28 15
2 26
28 16
2 25
28 14
2 24
16 29
16 8
16 28
16 6
16 5
16 4
16 30
2 22
2 20
10 18
27 2
27 1
10 19
21 30
10 11
27 8
27 7
27 5
10 17
27 3
21 27
21 26
21 23
21 22
10 20
2 30
15 3
15 2
15 1
3 18
3 17
3 16
3 14
10 21
22 10
15 9
15 8
10 24
10 25
15 5
10 27
10 28
15 4
3 13
3 11
26 3
26 1
3 29
3 28
3 27
3 26
3 25
26 9
26 7
26 6
3 24
3 22
3 21
14 3
14 2
14 1
21 20
14 9
14 8
14 7
14 6
14 5
21 17
21 16
21 13
3 30
21 18
25 3
25 2
4 15
4 16
25 8
25 6
20 15
20 16
20 13
4 10
20 11
4 11
4 12
20 12
4 13
20 10
20 18
13 3
13 2
13 1
4 27
20 30
4 28
4 29
13 9
13 8
13 7
13 6
20 26
4 20
4 21
20 25
20 22
4 22
4 23
4 24
4 25
20 21
20 28
20 29
24 5
24 1
24 8
24 7
24 6
19 16
4 30
19 10
12 5
12 1
5 16
5 17
5 19
12 7
19 26
19 27
19 28
5 10
5 11
5 12
5 13
19 24
5 14
19 20
19 21
23 4
23 3
24 20
23 1
24 21
24 22
24 23
5 28
9 1
5 29
9 3
23 9
23 8
9 5
9 6
23 7
5 20
9 8
5 22
13 11
5 24
13 12
5 25
13 10
24 13
24 16
24 19
11 7
11 6
11 5
11 4
24 30
11 3
11 2
11 1
13 14
11 9
13 18
11 8
5 30
13 21
24 25
24 26
24 27
24 28
22 7
22 5
23 30
22 2
12 13
6 17
8 2
12 14
8 3
6 19
8 4
12 17
12 16
8 5
12 19
8 6
8 7
12 20
6 14
6 13
6 16
23 25
23 26
23 27
23 28
23 29
10 7
10 5
10 6
10 3
10 1
24 11
24 12
10 2
12 26
12 25
12 29
6 20
6 22
6 25
12 30
6 24
6 27
6 26
21 8
21 7
21 5
21 4
21 2
23 10
7 1
11 23
7 3
7 4
11 24
7 5
11 27
11 29
7 8
21 9
7 9
6 30
23 20
23 21
23 22
7 11
7 10
7 12
7 15
12 11
23 13
23 14
23 16
23 19
20 9
20 8
20 7
20 6
20 4
20 3
20 2
6 2
7 29
6 3
6 4
6 5
22 17
7 23
22 15
22 14
7 26
22 13
22 12
7 28
22 11
7 27
20 1
7 20
22 19
11 19
11 12
11 14
11 16
11 15
22 28
22 27
22 26
22 25
22 24
11 21
22 23
11 20
27 10
27 14
27 15
5 1
15 29
5 4
8 19
15 27
5 6
15 26
5 9
15 30
8 14
8 13
8 16
8 15
8 17
27 21
30 9
30 8
30 7
30 5
27 23
30 4
30 3
16 11
16 10
8 24
8 27
8 28
30 2
27 19
30 1
27 16
27 17
8 21
8 20
26 20
26 23
26 22
4 3
26 24
4 5
4 6
4 7
4 9
15 10
15 14
15 13
15 12
26 18
26 17
26 19
26 30
15 18
9 14
15 21
9 15
9 13
9 18
15 25
15 24
15 23
9 16
15 22
26 29
26 28
9 10
9 11
25 30
3 1
3 2
3 4
3 5
14 17
3 6
3 7
14 15
3 9
14 18
14 19
9 25
9 26
9 23
9 24
14 23
14 24
9 27
14 21
25 26
25 28
25 27
9 22
26 12
26 14
26 13
14 25
14 26
25 11
2 3
25 10
25 13
2 4
13 26
2 6
13 27
2 8
13 25
25 22
25 24
25 23
14 13
14 10
14 11
25 14
25 17
