1 0.94286 183.89978 -29.25858
77.80449 7.46769 269.62371 0.65167
2 0.94286 85.40434 127.23301
-169.21715 82.15010 117.97479 0.79839
121.86533 -59.30054 224.72121 0.23408
3 0.94286 38.70125 63.10691
59.68078 -53.46100 352.94656 0.67166
-52.07839 15.55583 133.33415 0.85200
-71.13329 -46.22118 72.10547 0.79007
9 0.94286 96.83169 160.31996
-39.74705 133.22402 214.48164 0.46044
67.57751 -52.38717 2.80160 0.75886
27.82528 -15.55040 356.68203 0.68771
-11.12325 -55.82080 358.27509 0.72669
77.62876 -4.14551 169.79888 0.75533
-56.72403 -3.06680 281.55522 0.50253
-74.01506 -1.11890 52.94473 0.66609
-12.22875 35.99485 306.54988 0.53816
-43.97818 -52.68536 237.65252 0.54140
10 0.94286 112.87161 151.39024
8.04800 -11.31350 336.87307 0.60192
-57.46212 -74.55791 95.61693 0.32774
-126.63868 -80.99210 77.18131 0.17629
-41.58112 -23.78466 347.29942 0.48170
74.00296 8.11310 332.55531 0.78236
128.71268 30.38058 247.26585 0.64862
-4.76847 178.71717 173.92987 0.70523
-14.37025 -68.76435 301.21036 0.35869
123.69848 133.11338 197.02383 0.79469
-96.97624 -92.12389 346.65120 0.20146
0 0 0 0
