1 1.62857 59.57628 13.79119
60.84788 -200.58202 345.09110 1.30553
2 1.62857 330.74972 192.37391
-173.77505 -11.06074 183.26853 1.00696
212.59334 53.01465 325.26017 1.05056
3 1.62857 129.37883 63.83239
-76.68933 -95.10942 90.79379 1.36711
-68.60825 95.83547 208.98831 1.26671
79.82891 17.59121 235.66393 1.54334
9 1.62857 -103.68328 -183.73760
101.53398 -145.06104 285.76312 1.31994
53.30250 -53.04085 162.37190 1.08078
163.87733 -148.27427 307.12119 1.02980
139.68733 167.76796 50.41780 0.31906
-112.87885 -80.63572 119.05148 1.30763
67.19420 -94.85000 312.26295 1.09779
97.89596 -1.15256 270.81027 1.03235
115.41690 168.12360 62.67891 0.35586
101.11081 92.11207 325.91937 0.58035
10 1.62857 127.39573 117.87457
-239.36025 -142.92311 72.23731 1.37671
177.69155 169.36704 228.79727 0.56316
-47.58275 -7.27639 52.90078 0.92264
-40.81484 114.79828 235.70788 0.92182
-35.18908 110.37313 301.64983 0.69290
149.88287 -183.31093 271.59032 1.40491
26.93898 75.02332 176.99515 1.12956
161.85188 49.67095 284.89517 0.78972
-217.39157 117.06457 92.74941 0.76605
-94.15864 133.82525 82.79550 0.69899
0 0 0 0
