1 0.08571 -1.80639 -5.73962
3.21237 2.46529 257.90094 0.06580
2 0.08571 12.67141 9.72881
0.83316 1.46735 136.69607 0.05659
-4.66122 8.61790 224.57839 0.04859
3 0.08571 9.29362 12.98880
-11.13263 -8.94924 78.57662 0.03918
-2.36749 -4.79456 327.82006 0.06360
5.26517 -4.90688 255.69262 0.03802
9 0.08571 21.79156 -2.75814
-6.43124 -4.54080 90.38728 0.06960
-13.77847 -11.81318 58.80062 0.04881
1.68881 -2.24224 287.76269 0.05382
-8.64070 -3.59176 356.64907 0.04073
11.30707 -3.18225 270.56856 0.06713
-13.73315 -3.05292 88.48659 0.04536
-6.33007 -3.31222 70.69918 0.05976
-0.77296 -0.42532 107.47154 0.06450
-2.70688 -6.22398 24.54421 0.08421
10 0.08571 -3.38804 4.16590
-1.44561 5.47944 185.09232 0.05763
-6.17592 10.13491 185.67461 0.04853
-1.30442 11.12407 165.19547 0.03651
10.30395 8.39477 244.95865 0.02092
4.54847 -2.10294 349.04630 0.04129
-6.24295 2.00570 48.15455 0.04605
-15.62061 -1.00762 82.15827 0.06435
-4.87397 -12.21962 26.13727 0.06653
0.30806 1.45384 124.00647 0.04525
0.58340 8.62077 105.39506 0.02994
0 0 0 0
