1 1.45714 306.73568 386.75765
-91.87972 -139.05653 311.05441 0.60871
2 1.45714 190.16840 438.61837
-129.57962 -27.76489 113.79986 0.93125
-214.00964 -4.08972 99.63805 1.02779
3 1.45714 323.32737 219.63707
43.69293 -105.72871 343.65184 1.06145
263.91965 86.25553 241.36601 1.38194
197.46983 98.16887 215.39354 1.35858
9 1.45714 97.03079 256.28614
-34.43851 -155.74341 11.04160 0.98954
-114.35855 253.26490 140.25575 1.30152
-28.05200 70.03632 268.51405 1.07296
-127.19457 192.51112 114.88754 1.37076
122.00718 -100.49723 19.89685 0.88609
130.85022 -57.55253 285.89496 1.06388
-55.03821 200.07966 215.80004 1.12875
-137.08846 -20.60517 98.89096 1.04512
-91.08418 7.51506 28.14783 1.45315
10 1.45714 -50.64461 362.22810
40.27495 -32.28828 76.28040 0.74736
-66.95732 105.93817 212.03162 1.39363
-106.45619 259.97241 185.85040 1.03012
104.74678 115.51222 50.79134 0.55516
-2.25955 -112.73633 334.44502 1.22885
204.05976 -115.95166 236.48793 0.50421
150.72482 71.06708 180.90640 0.64533
184.64623 104.32544 292.97037 0.63793
42.17094 118.53215 158.35078 0.85625
163.25195 162.06480 207.90063 0.64520
0 0 0 0
