1 1.37143 13.23771 142.55806
14.98269 -101.38557 63.23923 0.73918
2 1.37143 12.42421 278.04755
-205.00735 -85.32308 41.06815 1.31092
-16.94269 88.25994 128.39015 0.88568
3 1.37143 180.17347 219.99890
69.02076 -210.22943 39.47508 1.26978
60.83132 -102.99619 352.01270 1.00815
93.09063 177.95656 173.87494 0.76088
9 1.37143 -69.57732 27.24204
49.75706 -64.79599 139.91516 0.73428
67.64078 -43.00916 23.77514 0.87747
-59.31469 -107.52813 7.50389 1.29157
204.39073 -5.87224 232.43385 0.71268
103.46064 -95.27783 331.20396 1.00125
120.00907 -72.68797 139.57457 0.59788
107.11662 19.39252 167.56859 0.77035
-2.55338 246.15548 199.85839 1.00335
-94.58532 -3.15992 202.14362 0.98202
10 1.37143 56.61501 217.41093
-26.80341 54.41427 1.13163 0.90535
131.80910 91.40887 234.32356 1.01568
-62.66214 157.69173 109.80071 0.89793
107.75288 -8.87267 282.20344 1.18412
-75.77962 51.95578 69.66643 0.99838
-179.48418 -102.51411 108.08679 1.02151
194.91104 79.85492 248.72707 0.80924
-142.03048 -20.34518 31.60863 1.11687
2.74023 71.32526 219.98596 1.30913
119.90551 -28.34128 235.99353 1.01249
0 0 0 0
