1 1.02857 71.29026 49.03128
-129.20819 9.60406 131.93884 0.78892
2 1.02857 142.39595 85.74139
-135.17431 43.34286 25.03861 0.51948
91.98798 -152.44171 330.53377 0.71762
3 1.02857 242.20612 103.77416
62.28866 -22.29661 348.77163 0.89852
113.45827 -37.45810 297.29911 0.91119
80.04327 188.54187 199.66063 0.76907
9 1.02857 65.05716 337.90728
41.73601 57.41640 204.51674 0.72505
91.91802 -95.11388 350.68331 0.64607
42.62625 -5.12591 263.63598 0.67576
111.03789 24.57919 348.01355 0.86174
7.75865 -122.18187 300.67202 0.44135
-78.33990 19.53809 126.47847 0.65715
102.14673 -80.81113 271.88696 0.53069
163.66842 60.13212 301.99042 0.87318
-115.14125 4.71334 128.80764 0.55631
10 1.02857 237.18888 95.61473
-112.45610 36.60066 178.41243 0.62667
25.91721 121.94767 147.16636 0.51604
14.07891 94.43765 64.18409 0.42166
33.07184 63.07382 177.64336 0.78950
7.48215 11.93235 5.24064 0.56130
84.00054 -149.83175 324.33729 0.94676
-36.14137 82.09614 254.78072 0.48521
156.02923 -6.02386 218.31599 0.73021
74.43937 -19.56734 284.62050 0.75504
49.04596 24.25462 197.49626 0.93716
0 0 0 0
