1 1.11429 35.34324 197.45940
100.30940 136.08172 221.08463 0.87286
2 1.11429 -83.76623 42.84957
146.23182 69.55726 246.03534 0.36172
6.56374 91.33385 87.48680 0.45235
3 1.11429 241.60076 277.14078
58.59652 66.01585 230.37935 0.99646
-151.04594 -39.62553 114.21735 0.71565
-129.91109 0.91393 176.47877 0.63795
9 1.11429 151.95325 -21.26371
135.26215 -122.35294 333.93963 0.80540
-32.96222 -80.25728 341.60833 0.82926
-130.01197 20.16593 168.11792 0.78790
30.37640 -150.20025 310.38423 0.99282
-94.06151 -66.59862 3.55968 0.75246
-40.45145 66.14420 245.90350 0.66457
-45.62554 -90.51432 50.30793 0.93998
168.49524 73.70789 269.98627 0.55571
-30.55471 102.41408 259.76867 0.55770
10 1.11429 157.40446 63.75781
-73.67510 153.85401 141.82684 0.89621
65.59323 -107.23726 95.39720 0.62908
94.73472 -23.17464 357.54997 0.86800
-118.86469 -91.29830 102.29682 0.71252
73.65646 -24.72303 279.44578 0.97582
85.22543 -44.99857 237.11417 0.81216
18.00069 -158.61887 308.50551 0.70654
-120.96824 53.50827 75.23667 0.88464
114.71403 169.63492 230.81881 0.80771
-9.02062 13.52047 107.54845 0.92120
0 0 0 0
