1 1.54286 493.88568 215.63744
-123.10119 -96.05890 201.06693 0.75766
2 1.54286 128.75491 -12.58852
-86.29518 34.45345 242.93710 0.94382
-177.66182 120.81848 45.05631 0.67276
3 1.54286 316.15442 335.16135
49.49919 230.94231 147.17734 0.93828
9.22107 128.74584 241.16825 1.39130
-250.18504 2.91878 54.60372 1.28959
9 1.54286 -2.45552 -19.88037
25.26406 104.45763 114.77767 1.11314
37.29486 -21.33381 2.98837 1.18425
-181.78224 113.79424 143.67260 1.22093
-30.70635 26.06002 97.82525 1.25598
128.57779 221.02146 225.05081 1.03614
-81.30373 66.71918 154.26374 1.41580
241.15330 191.85006 227.77551 0.86884
-86.38104 8.07893 167.28294 1.23316
47.00757 -178.58960 337.90582 1.47833
10 1.54286 277.15177 232.22730
70.89142 85.24785 189.72869 1.38030
-182.89072 105.92296 109.11954 1.17050
259.77385 124.95211 245.95843 1.16597
-156.49335 -99.12907 54.08734 1.24901
-106.78218 185.69787 224.17188 0.85666
-6.99283 83.75879 199.73754 1.25609
-11.48160 153.87099 162.11921 1.51989
10.60190 3.01163 200.60549 1.16209
-13.02814 -22.90618 4.30677 1.24109
-81.54594 55.55844 161.70171 1.53088
0 0 0 0
