1 1.20000 32.86648 200.27515
-36.36676 -167.84222 48.12159 0.81454
2 1.20000 126.70968 133.04166
-90.78441 84.20508 136.69607 0.97186
-68.40326 104.16492 153.54961 0.96659
3 1.20000 73.31938 216.63918
117.85053 100.48587 184.20240 0.53636
88.93978 26.63091 208.58180 0.81050
-16.43165 -38.12637 161.44902 0.90043
9 1.20000 304.62893 -32.77761
127.31599 32.54110 259.84558 0.84560
161.10425 -73.54402 311.66967 0.83391
-137.39421 -179.90340 38.06879 0.98520
4.12166 154.88870 155.93371 0.63727
31.55126 131.19731 166.36006 0.72516
-52.29463 11.26251 74.34675 0.81726
-95.12678 -128.01370 4.08704 0.89887
-73.45532 -18.55066 47.22068 0.81434
0.23285 -210.36627 345.58550 1.19415
10 1.20000 96.22303 95.00961
-67.46161 176.25633 228.00623 0.59440
-47.35333 -115.22159 312.01025 0.47807
-137.41128 -24.05558 176.88528 0.39797
-168.98824 -9.18372 64.62355 0.53960
34.58964 -9.35838 321.54668 0.85501
-16.01363 -45.45830 164.17371 0.57606
-11.33636 -156.40352 358.03339 0.55992
-106.73052 -78.22915 65.09598 0.60132
-105.27852 -44.09386 115.17319 0.56621
-86.37919 -150.10203 1.97760 1.17380
0 0 0 0
