1 0.85714 36.24683 -18.25922
-125.57962 73.57925 121.30375 0.45561
2 0.85714 192.75002 104.33180
-98.68404 30.81433 67.43614 0.52159
-39.79529 -44.10968 257.92291 0.46787
3 0.85714 35.39232 -72.08167
29.37777 20.21063 330.05036 0.46833
-67.83629 -77.95026 100.51698 0.75759
-48.99255 76.52904 174.35835 0.49310
9 0.85714 155.07797 96.34816
-60.97878 29.68042 143.50780 0.57915
-48.76090 -10.72792 56.64724 0.75960
-8.89786 12.59035 247.78222 0.52836
15.32771 24.68850 102.81320 0.67824
25.13761 -17.78872 89.54131 0.60930
-3.57487 130.67121 129.25810 0.76623
36.58625 -38.25806 56.11988 0.63664
-55.61572 96.20367 185.16923 0.56954
-72.14630 -88.77731 327.42454 0.36327
10 0.85714 140.81362 64.32814
-0.66238 48.28757 95.25437 0.57366
68.72412 119.14289 133.85052 0.39975
45.56115 87.29456 274.34797 0.57773
-44.13750 -136.91231 344.02539 0.63435
-69.17957 -101.10958 16.49098 0.77849
-71.45144 23.96308 152.33009 0.74746
-49.84930 -123.61221 342.87179 0.66287
27.54274 91.11643 162.77841 0.61477
22.63974 79.89814 167.86523 0.65689
17.40283 44.28509 355.75915 0.53873
0 0 0 0
