1 1.28571 81.48625 358.94528
0.98855 2.19661 277.62200 0.95988
2 1.28571 164.18836 380.40590
-93.40352 -178.65623 15.95264 0.75130
-186.28072 51.76224 147.39708 0.82067
3 1.28571 23.53160 103.16660
-151.21387 97.07317 116.27186 0.74633
-42.81694 68.12782 316.31703 0.61533
-68.95119 -249.44787 24.36842 1.19416
9 1.28571 153.29325 176.92373
111.49748 -10.69458 276.75405 0.69254
-47.40961 64.63287 335.40086 0.54970
174.23553 14.64891 250.11139 0.49237
-73.30919 -191.40862 354.83627 1.10009
-39.81690 81.99084 196.72720 0.86670
73.74998 99.50973 30.65279 0.32617
136.14315 -133.58516 349.78240 0.57885
21.28526 62.68556 19.77599 0.46290
107.37135 132.11782 54.94430 0.22414
10 1.28571 -93.18339 190.88595
-163.98925 147.36595 163.95398 0.66642
142.43773 -103.43536 304.68215 0.62494
-6.73815 -66.72121 255.28611 1.17800
-74.80625 -5.28455 69.19401 0.72292
103.04174 123.09284 157.81243 0.33164
104.19026 2.48730 240.48708 0.71483
149.68150 -166.49723 345.37675 0.52012
144.45466 -4.03459 231.26926 0.57595
64.51932 -210.45965 349.38688 0.76779
-43.43099 96.16247 221.73284 0.78933
0 0 0 0
