1 1.71429 534.07636 -48.03369
-104.10114 220.63072 119.18332 0.67621
2 1.71429 154.70687 372.25501
-225.69629 -8.64569 96.56178 1.17964
13.59849 -242.74195 27.29087 1.47726
3 1.71429 120.99002 274.52254
21.69631 59.51909 174.22651 0.96012
-198.38948 -89.04925 76.52211 1.04606
46.22012 -74.71776 51.70324 0.81868
9 1.71429 89.32402 347.05893
83.04783 185.37972 201.95685 1.18793
-259.02106 104.44093 46.56148 1.18758
-169.60308 -50.11112 148.69350 1.24325
163.03841 3.51946 315.24033 1.04943
-181.94560 -4.48481 164.10779 1.31915
-174.16664 68.22094 85.71795 1.37336
79.54583 -119.72035 275.25987 1.31523
165.02014 -50.36093 297.96930 1.15696
-71.49591 176.24123 176.05029 1.50334
10 1.71429 157.53899 -111.81738
-177.19630 -140.36574 102.34077 1.27148
-13.59502 -207.50982 27.42271 1.39744
30.53027 -8.75240 269.75555 1.01645
217.60432 226.77185 203.08847 0.69670
272.91191 -24.24878 282.68685 1.16442
-94.68252 -92.61567 28.89492 1.05011
-206.18671 177.50317 122.87484 0.49794
-53.89835 17.92831 241.97027 0.90560
13.60864 -204.56072 343.99243 1.26396
237.21493 -119.50539 303.29783 1.68084
0 0 0 0
