1 0.17143 35.62511 -5.63836
21.14836 11.00638 250.56185 0.08736
2 0.17143 34.45930 1.83258
3.56804 8.48472 338.65291 0.09300
-21.32525 -11.18565 126.47847 0.08465
3 0.17143 16.48512 24.03174
0.37922 -18.01728 16.30421 0.11309
3.08005 29.60901 220.99673 0.15145
-11.35709 -10.88835 84.50941 0.16713
9 0.17143 -7.60253 18.11481
-1.69540 3.18089 260.27406 0.15465
21.48965 12.02214 271.63427 0.07759
5.04252 23.78196 216.34938 0.10197
-28.69971 -25.55335 57.64702 0.13083
4.70413 17.97860 117.18375 0.07899
15.17043 -26.40798 326.31489 0.09048
-1.08536 3.24090 168.93094 0.12492
-21.07530 -19.45952 55.76830 0.14722
17.44481 -6.84410 7.31712 0.07641
10 0.17143 -12.40455 1.87078
5.26050 -4.36114 248.23267 0.13615
21.90402 -7.52850 218.07428 0.07607
-12.33475 26.56022 149.68230 0.12826
12.47558 -14.27393 256.72536 0.10370
-11.48225 11.13450 113.86578 0.13253
15.41594 3.33534 298.38679 0.11758
-11.51017 -17.65122 31.23508 0.13966
3.15338 8.96989 138.93735 0.10686
-14.97300 -22.33364 45.08927 0.12383
-32.37187 0.82042 124.28114 0.16616
0 0 0 0
