1 0.25714 -20.26637 64.49025
28.27637 22.40725 295.04685 0.11641
2 0.25714 -12.92178 29.32194
22.23443 12.70953 177.51152 0.10792
-7.67299 -45.92667 346.06891 0.23282
3 0.25714 5.93133 74.72799
-27.34776 2.37585 133.97137 0.18145
3.49432 -17.82088 203.02255 0.11817
-12.81061 -4.82950 123.28135 0.25707
9 0.25714 33.54631 -5.66326
-3.27522 -36.30852 340.42177 0.20267
12.33459 29.95447 242.21198 0.09502
34.99206 10.32679 300.34242 0.06383
31.69930 21.55392 258.09870 0.06237
-7.98617 19.00530 307.36290 0.11883
-17.50675 -20.14738 351.96875 0.19499
23.99300 3.52497 144.58449 0.08492
17.75183 -7.76575 203.40709 0.14008
-8.23017 -4.01822 240.62990 0.24302
10 0.25714 2.99057 17.76214
33.02773 -27.04038 325.26017 0.13086
18.70852 -6.17441 114.93149 0.11874
21.89829 27.43031 272.59011 0.10266
22.28310 -13.88876 219.72228 0.16623
-12.17866 6.80426 300.74892 0.16305
7.23780 -35.12530 30.10346 0.15957
26.19456 -12.46954 217.00858 0.15301
-31.38561 -24.46343 95.04563 0.21957
-10.98189 -21.39177 57.77886 0.18802
30.56058 -31.93822 322.03009 0.24896
0 0 0 0
