1 0.34286 57.77081 -16.49171
3.56558 25.34654 68.54579 0.16220
2 0.34286 53.52263 -26.00372
-19.78318 25.01343 74.45662 0.13751
13.28204 -13.40602 76.59902 0.24065
3 0.34286 24.91336 65.47368
-27.79017 -9.91227 10.60213 0.27070
-26.20452 19.32820 343.27830 0.20776
56.11130 -2.34996 237.53166 0.34109
9 0.34286 -26.47176 23.80566
23.39954 -5.99940 288.16919 0.24356
24.42720 35.27555 265.94317 0.26881
14.27421 -30.80089 3.87829 0.18444
-58.63254 40.55073 111.96509 0.32940
44.43585 -25.19048 321.07425 0.13269
-19.92375 -37.60040 328.75393 0.22047
3.43566 -22.77897 195.04624 0.15261
0.99360 14.89571 318.17377 0.29902
26.24491 -38.87981 314.98764 0.15210
10 0.34286 37.64324 120.11158
57.26853 22.96316 261.31779 0.27931
49.36557 16.51043 221.21647 0.22577
-13.77114 -3.18542 190.92624 0.16140
-40.40628 35.49515 147.99036 0.20517
-25.95625 19.04042 51.49449 0.28955
-45.66100 -2.90314 111.41575 0.15984
36.48093 -37.31186 331.39073 0.17365
-14.53625 -32.10067 38.09076 0.18056
22.97717 -3.12482 311.84545 0.27365
-33.47542 -40.65218 330.78646 0.09561
0 0 0 0
