1 0.42857 138.21894 53.27067
-13.01985 15.31326 336.55446 0.18465
2 0.42857 17.71142 -24.30647
-7.42008 6.04716 184.00464 0.34879
-11.03703 -35.50979 273.15043 0.26765
3 0.42857 -14.23841 -21.42552
27.96249 -7.77563 266.22883 0.39610
35.51982 -65.01014 300.00183 0.33046
-28.37253 19.40871 99.56114 0.31587
9 0.42857 28.08374 67.01926
53.04936 3.39454 316.29505 0.24541
6.65032 15.27397 206.17573 0.28342
8.33190 -38.39265 334.93942 0.27052
-33.74985 -44.71681 323.96374 0.24199
41.69189 -39.50285 10.81088 0.16341
14.28029 -34.08520 40.17823 0.20947
6.15207 -52.95139 38.05780 0.18058
37.75470 -3.25421 307.06626 0.29827
24.82003 27.09132 161.82257 0.42592
10 0.42857 61.42827 64.36720
-32.94510 45.31416 90.21149 0.30252
-74.02271 -30.61978 85.57512 0.30920
-20.68753 35.50256 157.32902 0.39757
-7.94745 37.62650 141.39836 0.34313
-54.47870 17.25023 52.37342 0.32393
-1.87013 -43.50503 327.69921 0.38383
-0.03580 3.28509 261.44963 0.36700
45.62896 38.63743 263.86670 0.29987
57.87580 -47.76593 299.33164 0.24297
-57.21491 -56.70015 32.46559 0.30838
0 0 0 0
