1 0.51429 79.93970 111.35423
89.09480 -6.17371 284.47768 0.44566
2 0.51429 28.01050 -30.42024
59.75381 41.56132 206.87887 0.40484
47.77800 -35.95600 299.08994 0.44334
3 0.51429 113.78961 90.35871
13.94148 -6.56879 215.49242 0.30626
72.52972 -24.74744 300.93570 0.33411
-10.30594 50.50642 274.41389 0.36608
9 0.51429 118.22089 75.12387
-28.40768 -33.59449 61.44841 0.22303
-19.45035 -6.78924 16.30421 0.29828
-8.07877 17.47828 7.65770 0.34147
-1.86176 73.74306 109.82269 0.47298
30.46726 -34.08630 76.99454 0.27747
-52.82193 6.97299 121.83111 0.20113
-56.73863 75.31123 152.05542 0.21909
60.17239 -67.04279 301.06754 0.19155
36.27213 -34.56703 356.92373 0.34388
10 0.51429 -7.18821 57.03983
40.87453 -18.78537 311.61473 0.36164
-33.95374 -6.29383 0.39552 0.39711
22.29436 32.54245 135.15793 0.27852
-3.96342 65.08051 148.11121 0.31936
16.39632 9.57143 177.17093 0.34603
-2.78997 8.50795 348.72768 0.34954
17.99508 -44.16090 354.44075 0.36413
38.75618 50.68310 128.08252 0.21713
43.26498 -42.80737 240.33326 0.30082
28.81227 -34.99634 310.21943 0.50350
0 0 0 0
