1 0.60000 70.51143 62.06024
12.55654 -13.31616 6.82272 0.36060
2 0.60000 28.46913 77.39885
-20.92640 47.14570 290.16877 0.36817
-4.27594 -38.32438 252.01209 0.38735
3 0.60000 -18.93527 126.89682
-11.56036 9.44892 287.80663 0.50745
76.23605 -30.42152 292.20130 0.31396
72.21912 46.77263 192.15674 0.24963
9 0.60000 -32.32856 -48.61568
20.74669 -24.09525 73.46782 0.33724
46.74815 -35.17036 291.39927 0.46596
72.51870 -83.13074 324.85366 0.35904
-22.84702 -45.08991 302.72652 0.47843
42.64055 57.46179 248.41945 0.29615
17.81357 36.54087 22.87423 0.24745
69.85699 -73.73050 358.71456 0.30955
68.40409 -25.01698 295.73901 0.37777
41.67302 31.54665 160.24049 0.58438
10 0.60000 -12.35548 177.60393
-36.57678 109.45485 202.07770 0.47501
-21.38137 -25.34046 75.00595 0.40352
71.18953 14.31318 208.30714 0.30755
-14.52618 -46.22836 311.60375 0.48418
-35.92673 47.02512 220.67812 0.50308
54.22842 -79.61090 341.15787 0.27103
22.15952 27.00870 226.44612 0.48490
79.35892 -49.08556 270.65645 0.26468
-1.92983 50.24323 114.51399 0.39150
49.24762 -4.70023 7.58080 0.33588
0 0 0 0
