1 0.68571 -40.99002 -76.43544
-23.35338 -55.62468 304.86892 0.52366
2 0.68571 25.07498 197.29704
18.99178 -67.40877 48.65993 0.26542
49.80100 54.92836 144.27686 0.33240
3 0.68571 184.16187 51.11582
-22.11885 25.84335 124.13831 0.46838
-25.98192 83.20050 132.78481 0.27155
44.47372 53.87506 243.73913 0.36151
9 0.68571 44.98917 15.57421
-22.80578 -9.41301 68.72158 0.67038
98.35876 -0.18256 226.74276 0.53093
34.67265 118.62858 177.88507 0.54482
21.09585 23.37404 268.48109 0.47962
-62.64895 71.86888 93.15592 0.44950
82.84866 -70.41253 309.57121 0.53752
47.72825 -105.03217 334.48897 0.45293
14.82652 -112.52748 338.31233 0.39493
69.56542 -30.64212 274.16120 0.53889
10 0.68571 208.86477 172.70644
87.69719 99.70446 231.49998 0.57585
49.40544 -58.12549 296.85965 0.47589
0.02566 -79.04785 334.28022 0.42113
103.64634 54.12410 210.83407 0.58538
-44.12110 -10.02041 126.15986 0.45089
57.76103 15.47730 224.46852 0.53064
28.53860 -68.07505 321.41484 0.47555
68.83488 17.91436 229.42351 0.55027
-30.78162 32.66553 41.71636 0.50781
54.79020 99.75667 180.24720 0.68123
0 0 0 0
