1 0.77143 206.69320 54.94540
17.29043 27.82295 181.27995 0.63702
2 0.77143 208.00610 122.84848
98.44968 86.81233 230.63204 0.43239
7.41470 -10.55157 122.50130 0.71041
3 0.77143 239.56529 57.25260
-50.95197 -35.29590 164.10779 0.39315
-20.44892 -34.42891 249.85870 0.37412
126.94043 -98.40355 326.21601 0.70858
9 0.77143 128.80325 92.86038
26.21600 -128.78663 25.93951 0.65783
-13.28140 -103.56959 342.15766 0.46001
46.70869 19.63785 171.04038 0.70112
3.71488 26.69963 235.56505 0.43258
99.08610 -63.86592 330.92929 0.67009
-20.28498 73.02556 191.44261 0.40119
29.98456 79.00028 174.73189 0.55291
-17.06571 40.26115 49.37407 0.41698
95.65386 50.52504 233.08206 0.59518
10 0.77143 104.79739 54.30818
-3.03436 12.89061 15.91968 0.44899
-109.54599 59.97017 101.91229 0.38520
-107.88967 -25.94449 99.13266 0.59654
-44.02020 75.58658 109.81170 0.43359
6.51654 89.66856 211.04282 0.45623
109.03432 67.11037 314.99863 0.29886
25.11958 -78.49396 338.21345 0.65705
-86.14091 -50.18900 69.72137 0.64364
-92.08338 88.32648 146.26545 0.37403
47.54873 114.73845 181.85125 0.37277
0 0 0 0
