41
884 502 363
566 514 780
560 259 738
627 490 613
564 96 576
995 719 819
498 85 367
528 396 824
341 265 120
542 37 817
599 415 547
95 45 535
949 206 467
828 817 667
393 25 386
728 455 952
286 283 316
134 12 153
403 4 672
80 50 762
137 130 392
57 17 984
617 76 444
123 37 815
347 37 27
156 25 124
960 732 538
672 121 193
896 729 219
837 575 886
966 729 203
667 155 758
991 526 419
801 592 275
832 410 733
695 578 580
291 66 717
1000 384 67
345 133 142
814 79 717
902 494 344
3 6
4 3
31 11
19 5
9 29
41 1
1 8
2 10
35 40
8 11
12 1
30 20
20 9
5 1
16 22
7 37
4 21
25 9
14 28
33 30
26 21
6 23
24 9
1 34
2 1
27 24
12 38
16 6
13 11
17 8
18 5
11 36
32 31
3 1
14 11
3 7
39 31
1 9
15 2
15 35
