73
977 394 804
745 137 406
18 8 608
648 389 446
377 156 193
979 857 130
472 114 228
194 17 650
427 185 675
809 125 386
972 770 914
415 156 394
76 5 466
501 394 605
791 437 889
656 505 263
202 8 281
854 427 868
466 268 992
451 255 865
430 415 459
943 599 26
731 157 630
812 523 906
698 55 705
758 455 528
708 548 242
274 181 570
608 180 273
999 916 256
522 445 871
426 201 982
888 313 266
933 561 165
731 497 870
744 659 211
822 150 886
437 12 305
439 47 605
967 90 137
160 147 622
574 168 407
77 50 152
963 310 895
419 189 103
597 251 648
583 5 112
863 127 817
72 52 81
543 256 670
932 223 719
263 153 792
224 205 351
253 33 749
20 20 98
22 7 709
937 78 911
642 224 309
42 21 514
583 531 160
532 128 157
290 107 289
578 261 326
939 379 315
33 8 779
745 284 896
907 336 944
33 28 301
701 653 930
289 216 653
502 105 13
814 72 855
401 180 157
4 39
41 48
66 72
65 53
23 6
7 1
16 21
3 36
45 59
8 69
50 8
8 2
14 5
15 14
5 16
41 16
18 12
6 24
28 22
19 5
62 24
9 35
68 40
25 10
37 26
27 21
2 1
29 17
13 4
10 31
73 65
6 11
53 1
29 49
29 30
19 33
4 5
71 36
57 6
67 47
8 10
43 19
18 44
2 9
41 47
6 4
70 51
7 12
50 60
42 22
61 29
22 10
19 54
38 3
40 16
19 55
51 44
17 11
13 64
20 5
46 30
50 63
52 3
56 10
66 53
3 4
45 58
3 1
34 23
26 22
45 5
29 32
