63
263 69 430
800 308 499
718 692 55
970 744 661
878 488 421
655 315 979
366 214 595
593 40 313
708 574 302
634 87 430
65 47 478
507 199 230
217 4 732
905 886 114
531 485 40
864 529 896
733 270 926
192 63 860
735 682 90
502 298 788
528 238 603
753 27 850
539 9 651
461 39 85
9 7 969
344 269 531
711 341 990
636 177 369
894 338 918
89 51 84
508 459 340
597 5 201
842 475 768
338 134 871
937 746 814
997 407 100
928 831 265
897 217 482
546 255 520
224 40 218
377 43 111
578 215 340
615 533 100
815 373 795
156 8 479
649 310 550
202 95 748
448 28 373
404 307 920
517 173 612
320 87 527
135 22 258
274 107 403
93 67 939
250 93 884
408 321 547
580 558 503
430 339 81
52 49 757
262 145 496
588 546 205
447 253 146
448 61 281
22 52
7 15
4 1
5 36
39 28
11 8
55 10
4 6
14 19
56 11
1 2
26 7
42 15
25 20
2 47
4 59
16 9
34 24
20 3
21 10
32 8
47 51
29 61
6 13
27 2
16 23
10 14
9 5
12 2
4 31
13 22
54 50
7 49
35 5
24 38
6 10
63 58
2 5
43 31
7 4
34 50
18 5
44 25
58 15
46 9
9 30
51 60
40 23
3 1
28 14
40 41
53 42
9 57
8 7
31 45
20 48
45 62
29 14
21 33
1 24
17 13
7 37
