57
292 220 805
231 87 604
866 294 345
243 162 14
24 7 245
230 36 189
575 244 138
943 559 387
244 4 90
831 249 184
191 190 520
630 391 713
398 117 888
821 166 754
818 97 408
825 13 770
818 150 777
486 102 36
572 521 657
237 190 380
127 114 3
370 77 491
319 69 2
738 603 20
369 126 478
34 7 240
714 183 645
304 13 850
495 399 402
951 348 849
939 289 949
756 625 887
911 619 257
362 267 908
112 66 626
506 472 570
861 107 17
393 146 857
714 678 355
556 231 516
696 587 328
237 98 587
661 203 7
420 410 912
301 83 613
397 127 331
22 7 103
619 542 503
642 580 254
892 588 182
878 257 251
596 210 643
706 359 72
59 38 948
87 19 163
875 280 146
155 2 420
6 3
30 38
8 2
5 3
40 44
4 7
9 20
3 24
35 4
50 47
30 27
21 17
17 40
18 11
46 36
22 15
28 18
16 19
4 2
23 13
1 3
5 15
16 13
15 42
12 36
52 40
52 54
14 3
24 39
27 31
29 48
33 28
11 3
16 45
12 8
16 37
10 5
5 9
1 2
41 5
4 13
34 43
47 45
10 29
21 26
17 15
1 34
13 56
23 53
25 49
2 27
32 23
25 7
55 9
49 51
57 41
