46
289 141 24
315 151 346
464 153 674
776 571 731
839 200 878
786 194 999
456 293 223
807 253 119
926 723 332
337 51 622
820 401 107
544 341 46
337 248 768
896 709 385
253 229 543
287 172 991
346 107 789
2 2 547
107 85 945
711 73 378
322 118 650
583 487 387
255 227 567
763 158 626
285 171 570
702 142 981
796 142 386
162 11 916
925 719 67
959 284 515
824 720 524
918 528 138
361 180 350
866 761 809
992 420 78
386 124 392
842 444 83
774 17 773
929 149 140
92 84 729
475 119 773
104 79 139
790 179 843
912 584 931
255 51 29
411 210 108
37 35
1 5
9 7
32 46
1 4
30 33
13 14
8 5
6 15
24 12
26 9
14 22
18 6
33 39
27 18
12 21
42 24
2 1
23 3
21 25
19 6
10 2
3 6
45 3
12 2
11 20
16 11
11 13
12 17
31 1
32 18
35 13
2 3
28 12
29 41
11 10
8 29
23 30
4 40
38 32
5 7
42 43
15 44
11 34
36 33
