99
713 125 292
734 497 738
570 353 66
836 619 478
321 88 101
105 44 513
717 115 804
801 688 374
733 359 376
771 501 141
59 14 912
461 314 358
11 1 520
191 185 37
744 473 456
403 135 926
748 395 212
445 171 658
494 73 88
684 129 449
960 463 3
283 114 342
942 170 472
265 156 879
704 365 510
835 167 397
459 104 598
888 344 463
151 144 521
370 314 397
772 300 715
551 235 343
499 149 36
68 63 536
259 192 977
424 106 270
709 223 96
506 504 12
305 75 310
948 233 633
612 424 456
563 459 608
714 114 258
648 188 655
806 290 3
589 122 111
318 67 323
100 36 368
555 552 95
628 474 741
988 877 679
736 130 437
135 36 663
332 287 738
566 51 430
957 269 466
283 188 45
243 119 91
831 438 633
807 70 528
483 320 749
435 164 617
80 59 774
809 56 910
643 358 669
274 32 275
445 120 141
673 599 955
84 42 410
89 59 164
633 253 668
293 144 684
8 7 159
534 503 96
90 2 236
331 106 505
988 761 205
823 35 476
664 443 340
984 425 883
314 192 485
496 30 5
721 82 365
669 615 117
633 136 996
194 5 370
74 54 277
800 573 682
413 362 925
668 52 416
671 528 871
721 193 122
644 18 884
42 2 432
76 4 196
588 558 596
478 36 727
777 365 207
743 441 266
23 14
3 1
36 42
98 8
88 96
50 67
81 79
4 60
1 5
99 58
12 9
94 46
35 24
17 77
7 4
50 22
14 8
1 45
80 27
92 25
22 14
24 34
29 28
18 30
54 20
59 20
30 55
51 48
20 25
87 89
4 10
15 33
3 24
30 83
21 53
4 3
13 2
19 39
36 9
60 74
64 6
43 16
15 18
87 74
25 62
1 2
7 75
3 49
69 40
37 71
13 44
20 17
65 20
52 40
86 76
48 56
58 29
11 27
36 40
62 76
21 19
6 3
8 1
29 82
14 61
5 19
63 44
12 31
22 79
90 3
37 36
5 73
11 4
67 95
41 68
13 15
8 9
70 20
41 12
14 32
26 19
48 28
47 13
85 40
72 27
38 33
14 88
66 45
15 17
91 26
93 63
21 28
23 84
57 43
46 14
97 40
16 11
78 74
