57
914 400 949
921 451 924
823 499 379
81 40 569
945 789 327
684 354 163
900 318 755
141 13 840
792 789 247
117 8 855
15 5 515
778 220 555
562 265 754
919 230 790
537 381 91
194 83 114
809 649 347
40 35 322
257 118 739
43 11 629
318 90 768
261 126 470
225 203 788
900 279 444
482 251 965
723 333 955
596 472 678
111 60 923
130 60 35
14 0 465
669 358 756
219 43 17
960 165 463
798 265 853
44 13 81
337 167 505
32 6 461
117 74 89
893 846 300
710 619 993
282 14 980
4 3 306
823 213 678
682 351 791
932 555 648
792 53 227
789 414 424
556 414 469
383 109 432
922 884 454
51 42 333
624 100 759
793 254 881
105 30 963
833 491 605
569 272 738
848 243 137
47 40
2 4
36 8
19 39
22 1
26 13
8 24
3 55
9 10
35 45
18 8
13 12
24 49
3 17
8 19
5 7
6 5
13 15
27 30
29 23
20 43
23 19
48 5
19 52
38 26
27 28
8 9
1 16
22 25
37 21
25 27
37 40
6 8
56 51
28 41
33 10
46 26
11 8
2 31
9 12
39 42
51 34
18 20
15 21
13 14
34 21
2 1
3 5
32 13
24 54
39 44
19 53
1 3
33 35
50 42
57 40
