43
271 13 715
61 48 904
388 352 189
987 401 226
228 206 102
938 70 883
36 17 614
430 413 642
885 9 526
721 713 912
220 51 108
761 148 164
755 718 822
402 159 962
766 446 693
490 144 714
677 623 812
111 36 420
66 24 720
802 635 990
843 707 116
355 186 942
241 24 760
345 317 132
144 140 134
217 132 167
527 198 511
534 85 98
806 52 759
613 499 670
17 6 887
404 135 496
508 174 242
160 14 944
259 51 739
714 351 737
901 396 684
834 411 66
66 37 399
192 70 941
515 188 779
812 293 773
11 11 547
1 26
25 21
12 13
36 25
15 32
9 41
33 38
21 33
10 2
7 5
2 3
18 31
24 39
8 15
1 5
1 2
11 37
19 15
43 26
16 2
6 30
18 16
35 11
1 9
33 40
8 7
6 1
3 4
3 42
11 2
24 22
2 29
18 20
12 23
20 21
28 25
20 27
8 17
19 22
8 12
3 34
6 14
