82
888 206 771
32 16 372
47 31 271
22 13 716
962 852 656
823 671 5
840 446 327
926 71 306
78 77 909
490 290 961
48 41 540
575 514 749
432 36 587
542 357 280
705 313 237
847 669 705
896 816 533
592 219 107
425 40 628
764 52 387
510 291 383
127 31 378
145 40 808
31 6 738
878 744 727
224 58 212
462 105 971
996 349 751
970 478 358
665 353 984
312 53 707
779 764 441
657 428 326
20 14 56
556 412 712
78 75 531
597 396 235
863 818 644
25 1 942
339 304 716
778 432 800
775 27 895
125 93 400
853 249 385
303 58 65
237 154 239
31 20 424
130 50 543
155 78 107
420 291 566
289 142 549
455 91 469
507 133 950
909 504 304
971 606 962
409 185 792
922 356 26
448 48 485
493 265 235
778 743 305
344 154 686
821 427 47
618 607 135
650 482 768
830 389 333
349 281 72
84 3 340
980 260 300
839 681 508
520 356 697
403 120 811
30 1 667
436 393 476
504 14 105
159 32 685
777 333 113
234 70 769
340 30 11
826 558 526
711 701 663
536 125 262
230 220 540
9 24
7 79
12 11
37 72
77 5
33 9
37 39
70 63
26 63
6 20
67 42
6 13
34 29
62 25
8 15
8 3
12 30
7 5
40 32
56 43
17 64
37 28
3 19
36 12
32 51
23 10
41 6
28 76
15 45
11 9
5 2
18 14
7 14
78 22
55 47
70 71
61 28
4 28
20 22
31 53
2 1
43 38
25 6
80 13
29 11
49 34
65 7
3 4
66 24
26 3
25 52
17 3
82 31
31 30
69 23
13 57
10 1
59 53
58 10
75 8
35 18
60 31
81 58
9 6
27 26
48 47
30 46
3 2
50 54
35 68
50 9
16 32
69 74
38 7
13 16
19 21
73 66
36 42
47 13
31 44
2 6
