100
453 356 359
943 484 251
424 414 304
167 87 506
11 3 971
277 96 770
97 70 396
549 11 580
483 383 800
564 191 864
46 21 909
722 566 312
337 118 879
729 12 123
433 378 42
75 56 748
251 225 334
595 244 545
543 40 769
281 278 125
247 41 311
37 36 816
430 56 828
978 352 567
523 287 649
14 2 255
48 44 328
614 195 871
33 2 310
699 661 503
925 900 828
245 123 674
62 34 374
462 70 9
352 104 300
397 363 2
601 415 618
606 270 263
96 44 395
712 207 532
948 938 512
662 51 706
86 2 315
292 71 941
728 588 39
259 146 645
853 679 461
400 273 282
976 119 163
761 270 601
543 224 752
563 519 199
451 253 317
757 682 824
868 647 705
452 401 460
159 61 940
110 71 929
473 438 775
669 433 357
464 279 883
465 264 583
513 451 257
252 201 367
937 168 391
776 275 890
553 375 409
975 100 70
418 38 916
932 48 816
905 742 633
393 132 240
24 8 366
293 95 917
233 192 132
237 105 144
5 5 433
476 277 732
145 29 203
111 67 536
277 89 323
696 127 816
248 12 230
542 69 37
547 338 106
13 2 528
344 235 439
178 27 548
795 754 952
132 89 264
571 111 112
149 60 730
586 311 512
638 609 26
353 208 177
759 492 542
496 40 557
1000 58 482
56 27 215
722 523 422
67 27
3 1
3 4
14 32
35 40
76 4
82 30
34 84
17 27
10 9
12 4
3 5
6 2
83 78
87 75
56 50
55 51
19 1
6 20
14 2
72 63
62 17
19 94
39 13
8 28
2 44
5 26
60 61
23 15
12 43
59 16
28 29
32 34
3 18
31 6
14 41
81 44
5 75
24 19
18 90
3 9
54 74
48 46
38 45
33 54
24 47
5 8
65 5
21 50
68 23
51 16
51 53
27 42
34 38
16 3
15 7
71 64
8 35
58 27
49 96
91 15
63 54
2 1
17 13
38 66
60 3
7 13
57 73
7 11
16 97
33 17
26 57
98 79
58 79
70 48
36 32
49 41
86 69
64 32
15 80
21 10
99 36
37 5
28 85
64 89
69 26
52 29
21 25
61 92
22 12
78 39
93 35
46 28
95 83
30 27
9 77
1 7
82 88
59 100
