82
444 430 188
326 177 90
313 193 115
819 576 865
647 352 75
480 468 657
87 87 397
567 515 823
251 2 335
347 16 403
190 10 259
450 88 461
238 203 617
755 673 607
530 146 530
796 720 631
65 65 527
560 327 565
913 586 652
685 291 405
310 224 505
115 115 811
375 102 108
179 125 346
220 130 610
804 651 757
381 297 952
151 11 544
503 193 604
911 552 991
276 150 661
405 299 774
868 253 204
265 90 838
807 503 965
897 825 293
261 145 53
952 568 121
967 690 957
895 130 122
553 150 424
45 27 826
337 73 469
462 434 504
527 116 965
479 310 783
761 22 510
208 18 679
449 232 331
657 540 954
850 731 433
600 63 951
338 318 301
843 230 328
561 423 728
91 90 49
600 98 420
317 85 323
991 73 75
956 721 785
62 52 318
534 112 487
850 186 371
387 236 684
900 574 283
687 109 211
966 163 690
199 69 359
510 349 215
355 193 934
980 812 353
761 626 129
135 48 910
166 86 867
770 317 268
309 95 279
882 427 894
206 21 615
305 41 529
715 199 776
992 512 722
932 89 178
82 51
14 29
22 77
62 66
26 1
4 7
8 7
5 41
5 10
38 31
44 70
13 11
46 51
32 23
44 79
72 54
20 35
29 53
32 55
16 62
12 6
2 16
71 38
44 21
8 56
3 27
63 43
15 28
37 20
31 2
44 54
34 19
3 6
76 55
61 25
12 15
21 48
23 5
14 5
9 40
42 27
15 47
42 43
19 49
7 46
21 25
15 45
17 24
65 20
1 3
4 3
64 47
11 7
3 18
68 49
1 2
60 40
35 59
58 33
52 29
7 22
73 15
3 5
17 14
30 10
62 67
6 39
57 26
45 50
36 74
7 19
6 36
80 21
75 10
81 44
21 15
60 78
69 27
1 9
33 25
3 20
