48
51 16 218
882 378 521
768 706 717
745 584 149
388 350 859
875 782 951
543 35 141
916 290 209
670 225 704
275 199 317
45 4 966
642 303 729
743 37 441
531 96 786
680 54 888
289 139 909
256 88 5
97 92 542
660 104 403
113 9 251
701 71 945
682 25 990
514 282 48
771 308 936
325 147 674
397 348 533
353 260 877
191 68 226
311 191 460
449 377 47
24 4 696
518 482 152
571 448 241
444 194 262
245 222 740
238 134 224
185 97 1000
354 338 889
715 170 277
609 61 603
546 294 645
287 160 602
417 300 726
350 281 88
26 9 550
532 463 69
482 472 737
603 557 433
12 32
11 3
1 2
2 10
45 31
37 31
16 4
3 12
15 4
15 19
13 24
41 19
10 30
14 7
7 8
20 28
14 17
1 5
21 33
3 39
43 16
21 2
2 6
4 13
7 35
20 1
3 1
23 46
4 2
9 5
16 18
2 27
34 16
6 47
14 26
36 17
19 38
20 23
15 40
48 47
42 20
2 7
44 28
14 25
3 29
22 11
31 15
