54
802 695 60
31 17 654
370 99 796
746 524 591
704 577 420
450 405 934
896 174 223
342 115 967
77 32 113
938 487 776
9 7 939
308 112 259
787 731 69
924 166 3
591 218 910
898 897 413
906 817 180
405 64 62
828 515 891
330 154 662
462 403 877
790 26 543
37 15 841
725 246 879
268 190 870
125 50 858
282 260 880
33 32 96
915 368 577
694 78 864
930 900 787
242 19 356
818 426 338
339 196 364
508 318 574
328 235 600
741 715 681
315 138 568
401 355 543
542 175 134
612 17 263
79 8 289
665 241 628
88 53 369
667 266 988
321 202 116
491 77 716
277 207 460
175 26 596
227 216 913
259 211 857
538 197 433
166 6 876
118 109 104
15 18
12 31
34 44
27 18
6 5
25 21
4 2
47 53
15 26
10 11
19 51
4 13
21 40
41 6
16 9
12 29
4 54
45 47
7 8
12 6
7 1
48 16
2 1
9 22
6 19
13 21
15 8
52 17
30 28
1 3
23 10
17 34
50 1
13 33
11 37
36 12
5 10
28 6
39 13
20 17
22 35
9 43
14 1
11 45
9 3
32 11
5 2
30 42
24 49
38 8
7 17
20 46
24 18
