42
834 293 801
187 124 87
364 45 268
327 101 319
979 16 338
753 137 970
928 212 782
592 392 31
32 9 393
612 27 593
873 361 158
602 505 300
421 49 564
24 3 356
734 335 176
647 214 825
296 266 17
267 63 729
52 25 998
559 379 238
810 103 444
301 234 854
367 45 372
874 97 694
812 484 11
283 7 204
194 97 660
683 114 670
516 412 183
887 370 77
115 104 334
940 367 54
33 10 865
992 699 242
86 7 103
715 231 464
801 101 999
259 218 133
401 208 936
553 148 474
200 159 155
624 237 675
23 10
21 18
11 1
14 25
12 1
24 16
32 17
36 15
6 3
9 6
4 13
19 4
33 11
2 1
16 11
2 7
2 3
5 4
28 29
7 17
22 17
14 7
19 37
14 41
27 11
33 34
11 26
20 18
30 21
31 10
40 15
35 8
4 2
38 2
7 8
10 1
7 15
15 39
18 12
15 28
15 42
