81
528 524 888
282 270 743
790 135 869
136 111 738
375 351 595
81 32 244
159 97 811
98 7 468
661 331 183
648 445 296
293 290 631
141 128 244
355 16 565
490 62 414
194 175 195
863 109 739
980 871 215
480 395 855
381 169 514
915 904 923
267 253 4
451 448 728
346 336 209
352 239 75
576 406 279
635 289 773
795 192 989
244 114 747
273 195 611
201 99 179
289 202 447
218 8 244
748 225 681
343 152 659
685 376 613
470 152 512
595 336 141
833 316 114
588 404 536
369 105 536
543 261 360
712 556 919
339 204 436
498 60 880
667 583 658
542 265 62
175 155 346
669 170 17
244 175 791
843 2 557
199 105 847
394 123 681
874 529 358
127 23 974
287 284 126
244 83 358
517 298 206
34 1 995
646 252 106
389 51 349
54 19 155
835 421 833
12 1 814
472 414 965
136 131 973
341 235 647
855 534 979
809 47 592
120 42 838
605 428 461
511 359 923
655 429 953
46 34 742
871 603 531
2 2 700
567 385 533
420 344 359
40 13 376
544 28 208
315 12 320
611 384 410
72 28
44 53
60 40
5 2
7 66
54 42
7 4
32 35
12 29
11 7
63 15
17 40
33 26
12 9
18 4
37 6
44 69
13 9
4 6
24 19
8 46
21 23
64 51
4 2
67 29
61 81
22 18
4 80
17 5
73 49
25 30
36 6
1 2
3 10
34 6
70 21
17 26
14 2
58 54
9 6
8 42
41 25
38 44
17 74
75 29
3 27
19 1
57 34
3 47
32 51
15 13
48 50
43 48
32 12
10 21
7 49
31 25
5 59
3 1
28 9
20 62
56 23
38 10
44 76
21 78
8 1
2 71
42 45
77 62
7 68
9 39
16 25
27 43
10 16
60 65
20 19
52 31
66 79
55 39
61 53
