51
118 6 262
170 70 143
580 580 646
114 48 70
329 316 975
752 565 500
767 486 645
188 154 284
219 180 792
586 198 496
957 894 89
467 419 463
596 28 522
134 90 555
699 245 38
68 28 699
849 152 326
444 271 935
330 191 374
764 375 506
808 20 367
454 269 977
39 9 685
937 935 576
605 472 143
51 46 866
254 136 144
911 718 478
14 10 856
957 224 955
149 90 796
310 277 151
425 230 743
480 92 10
124 71 577
605 509 988
94 84 421
506 235 168
897 609 337
887 567 85
172 124 873
430 18 452
564 256 664
940 60 773
279 124 267
965 877 655
405 112 956
285 55 657
398 10 54
401 101 799
796 93 427
20 38
49 36
17 15
5 2
37 42
23 50
47 42
4 1
33 3
18 40
1 44
34 15
16 11
31 3
12 15
7 25
27 8
29 24
20 17
1 3
22 4
11 8
13 24
5 9
36 21
21 13
11 14
44 51
30 29
14 18
8 6
2 10
11 12
37 46
13 26
6 48
2 1
21 32
4 37
13 9
17 41
43 11
27 28
24 39
6 1
7 4
3 35
45 9
23 11
8 19
