74
600 419 76
721 415 622
712 288 798
198 51 862
179 116 525
817 245 767
830 449 848
272 223 482
182 6 282
945 826 89
484 115 642
697 88 965
935 339 131
591 488 716
805 537 57
474 113 679
756 630 651
907 871 244
837 330 804
800 195 64
649 230 781
240 94 951
423 245 186
600 293 212
68 31 875
876 826 290
58 4 768
235 141 216
606 601 403
722 5 128
954 5 170
870 848 819
537 79 495
750 580 424
310 61 676
459 335 726
701 540 368
196 165 995
340 330 667
629 328 982
104 58 388
356 163 492
294 274 68
210 124 511
554 353 188
868 276 676
827 548 399
108 37 526
992 123 650
402 23 901
812 157 302
439 172 75
605 176 395
198 24 267
354 198 845
787 686 990
487 109 409
648 415 807
171 142 850
825 147 582
391 268 940
181 160 298
931 765 586
672 241 646
17 13 542
15 4 26
728 48 2
68 19 149
202 43 420
216 91 959
696 454 554
625 545 40
237 106 174
772 645 555
37 21
13 5
18 22
43 39
1 3
52 1
7 47
45 21
25 11
11 4
11 29
38 11
72 43
15 4
11 36
2 4
38 41
6 1
17 3
21 17
70 2
2 5
33 19
31 22
51 67
60 21
21 28
18 19
50 38
73 17
32 25
49 6
9 6
4 68
40 30
13 69
2 23
2 18
10 27
5 10
11 30
53 20
46 57
43 51
63 51
48 9
3 24
17 55
46 12
15 26
14 20
14 35
54 3
59 48
30 58
1 8
42 34
31 61
6 7
65 17
46 62
4 14
64 27
39 9
66 25
41 56
38 44
70 74
34 33
58 71
12 7
16 4
1 2
