69
346 337 701
577 304 188
23 17 120
69 31 929
179 168 662
967 752 47
500 215 570
676 459 423
964 801 279
258 226 936
642 536 366
980 224 124
790 474 765
315 21 845
376 39 503
926 247 632
59 20 907
993 620 505
756 570 553
880 618 922
766 642 128
308 114 92
663 651 528
652 107 678
656 336 343
134 117 686
970 261 192
649 526 264
21 0 682
851 574 497
404 43 776
836 817 743
916 244 61
681 188 664
398 163 193
405 184 432
765 11 263
241 240 661
522 405 272
510 11 967
372 83 972
368 295 770
546 398 292
12 1 587
789 620 44
109 33 157
353 20 355
199 122 205
737 297 786
227 147 176
470 115 590
277 154 662
136 29 427
585 121 515
987 473 418
26 11 951
270 52 463
496 178 408
618 178 704
838 794 982
830 491 463
143 106 678
906 768 393
922 118 684
604 304 74
216 143 865
501 201 609
654 254 387
785 243 345
9 4
1 3
32 19
31 17
47 19
7 1
12 10
1 25
20 41
41 49
67 12
18 10
14 5
28 59
13 16
11 8
54 26
24 23
5 4
12 21
66 34
23 44
28 2
23 37
23 45
39 19
19 12
34 43
16 30
63 2
37 56
38 61
28 53
26 58
7 36
4 15
2 10
33 15
55 64
13 5
40 42
10 55
23 19
1 2
27 19
22 6
17 7
25 29
50 11
69 9
62 52
4 1
2 40
35 18
46 17
57 25
6 3
52 8
50 60
24 38
26 21
20 19
2 8
68 13
35 48
51 8
60 65
22 34
