52
859 641 55
442 166 424
271 27 26
313 148 986
413 246 840
481 432 910
316 221 259
974 416 309
966 754 675
809 759 873
986 507 836
61 56 854
860 321 779
910 434 773
656 10 590
946 485 187
425 247 52
737 118 535
604 237 745
616 469 797
686 646 27
630 302 731
767 579 26
688 194 714
690 638 526
564 120 190
549 11 415
487 257 983
87 77 768
896 215 269
887 350 280
306 271 77
321 28 414
568 12 145
618 292 955
812 19 51
28 9 569
616 361 295
499 489 462
725 328 215
571 231 257
104 20 612
811 200 239
976 365 739
790 157 772
848 735 833
603 60 710
384 205 724
550 383 958
325 60 461
182 127 649
309 52 739
20 13
3 1
3 14
22 51
19 41
23 13
4 7
22 13
20 28
11 7
12 27
7 10
35 14
24 15
49 45
14 21
18 13
19 8
1 8
46 12
17 15
6 25
45 30
32 25
29 2
13 39
33 31
9 48
11 30
31 16
1 2
5 6
40 21
5 2
13 7
37 13
4 3
12 1
15 14
4 9
38 17
9 43
32 44
26 17
36 52
31 36
24 50
13 16
32 34
47 12
30 42
