56
509 191 890
93 54 54
823 684 962
639 424 530
416 309 291
781 504 343
235 201 312
388 379 487
886 880 990
865 37 540
126 74 76
962 79 391
878 839 375
313 219 401
557 526 105
234 110 290
116 27 470
765 612 5
247 23 546
790 599 186
322 195 933
228 146 834
378 118 545
63 33 760
726 236 228
212 176 933
372 237 972
844 183 714
863 638 436
103 5 656
666 339 269
221 196 981
530 64 177
612 471 20
257 36 941
219 114 867
479 162 796
743 444 719
748 500 470
431 262 655
288 30 167
353 4 871
297 31 79
343 20 326
916 701 319
970 128 821
427 20 111
573 487 171
966 83 804
585 206 152
609 566 451
495 360 821
241 113 963
327 200 690
562 118 299
125 109 195
23 1
43 4
41 4
5 1
12 54
6 9
38 37
6 7
21 44
11 8
24 36
26 2
27 17
35 17
34 48
17 10
33 47
6 53
39 28
49 42
4 16
32 34
24 21
21 18
1 3
50 17
3 19
16 29
22 1
6 3
25 7
31 30
2 1
36 46
4 3
14 15
56 17
51 36
30 6
13 42
6 12
13 28
13 9
43 45
6 8
6 18
14 40
32 15
37 29
13 14
40 52
10 6
20 7
23 55
33 3
