40
636 218 657
396 356 910
698 53 267
790 562 869
180 148 249
879 512 57
296 160 209
566 30 708
29 14 221
934 561 392
261 20 891
593 158 730
873 772 134
616 259 986
760 126 967
240 59 518
883 74 673
88 0 39
966 780 990
661 432 554
556 325 421
894 600 546
877 477 794
326 280 114
765 669 840
985 581 782
615 482 922
756 615 990
651 309 309
942 573 9
924 441 161
950 894 975
220 0 345
76 76 197
443 324 933
727 486 676
592 535 121
618 387 432
534 272 501
902 709 281
30 19
27 24
38 11
12 19
1 7
39 1
7 8
7 9
10 3
35 29
22 1
8 23
12 11
12 14
3 5
6 32
28 26
22 31
6 4
7 36
24 3
34 1
2 13
14 33
3 21
37 28
11 1
16 29
2 4
5 15
26 7
29 40
11 18
1 2
16 3
3 1
12 17
21 25
17 20
