50
607 509 825
989 778 975
467 267 55
614 405 510
684 571 577
252 244 128
26 21 77
579 238 139
641 76 105
116 2 800
600 283 485
574 17 273
151 38 906
752 83 149
534 152 267
998 630 221
247 172 705
428 58 430
959 588 903
981 124 123
351 76 337
892 706 911
540 149 556
381 78 124
449 195 703
532 347 908
199 76 493
141 93 148
891 444 968
720 19 266
45 20 92
297 69 342
664 324 531
790 252 774
470 15 976
507 82 140
562 136 522
850 519 4
483 477 975
139 75 610
95 33 655
592 410 978
764 303 141
462 322 62
444 381 846
617 494 541
227 25 484
782 557 881
454 218 289
353 258 934
11 10
5 4
9 4
19 3
38 28
6 7
7 8
1 2
9 10
1 3
16 25
13 6
11 27
28 39
6 2
8 17
21 46
47 35
20 2
21 14
22 17
12 15
30 18
41 14
16 12
4 43
2 40
49 24
48 39
34 15
32 20
17 33
31 21
28 16
10 44
29 19
14 6
12 24
35 9
9 26
42 10
3 12
36 17
1 4
18 12
50 20
45 3
19 37
23 6
