100
717 220 329
967 564 265
286 149 921
311 194 199
994 505 690
363 335 201
604 489 408
269 180 333
905 557 643
568 217 617
53 36 1
430 34 903
990 76 282
787 105 865
979 32 250
94 76 603
571 390 863
398 142 164
989 393 533
668 231 657
273 124 476
124 112 192
837 515 583
889 662 963
164 34 919
787 404 826
40 17 47
817 553 869
721 690 955
450 45 421
171 121 523
646 46 151
737 532 317
508 278 706
174 27 1000
755 711 430
787 677 598
11 10 153
267 119 201
226 188 687
748 76 511
979 317 257
234 164 391
766 81 547
981 760 267
55 51 449
246 145 141
602 469 615
15 14 659
465 384 52
303 52 800
555 466 683
320 8 62
907 671 228
321 164 145
770 759 816
350 217 188
694 288 835
479 286 327
124 69 366
210 17 390
659 149 687
156 153 200
64 53 889
92 79 148
856 135 437
442 41 848
208 153 351
577 219 372
156 2 824
735 611 24
438 286 67
25 8 50
405 195 656
108 108 688
524 11 178
769 161 161
402 228 790
185 55 202
581 196 145
136 115 954
152 125 245
208 189 196
204 84 721
491 383 365
471 172 647
380 82 576
688 191 526
273 29 542
565 438 392
966 855 222
532 331 947
336 134 381
560 299 827
8 2 47
12 8 240
907 303 333
833 298 376
160 30 632
95 92 779
12 30
39 2
60 45
95 65
14 13
85 2
78 82
46 24
7 10
52 40
3 44
73 35
97 10
6 15
30 58
6 94
75 90
89 16
12 20
1 2
12 41
63 24
67 42
19 25
96 88
10 16
28 42
5 99
37 65
26 91
41 55
28 33
38 35
30 32
18 79
71 4
38 49
3 1
7 1
45 76
34 29
12 64
4 23
18 7
7 19
77 23
57 21
8 6
40 83
48 51
6 4
53 21
69 66
22 19
69 100
66 54
22 40
42 86
1 4
8 17
59 9
11 2
54 22
12 9
70 35
29 45
68 27
9 13
32 47
35 50
43 25
7 72
87 70
25 28
2 37
18 35
78 59
72 88
81 52
19 80
58 75
29 20
3 9
43 56
84 37
98 4
32 36
56 92
5 21
40 62
61 23
93 78
34 48
5 2
27 6
15 24
37 74
14 31
19 26
