34
919 224 814
657 549 697
415 36 499
739 491 580
502 476 818
663 416 186
956 939 431
33 13 949
225 112 702
608 608 153
916 809 223
48 21 760
495 230 65
880 449 707
71 17 855
325 89 816
499 148 682
793 12 339
315 23 60
403 312 339
94 61 557
912 328 40
394 54 717
82 14 975
842 628 100
632 37 329
988 166 916
215 123 643
259 57 388
30 11 33
515 361 898
840 160 831
370 268 322
368 112 931
33 21
19 5
26 17
21 24
16 1
7 3
21 25
6 9
15 7
2 1
12 6
11 3
23 15
10 2
17 18
1 3
14 13
14 28
3 21
9 17
2 13
24 30
1 6
34 4
1 20
1 8
32 14
15 31
29 8
15 22
21 27
5 1
1 4
