100
869 459 562
697 221 258
767 579 275
868 862 463
376 284 132
278 152 720
746 220 930
445 362 318
382 175 586
195 32 889
777 220 682
308 194 281
795 507 678
739 339 202
521 224 204
992 901 267
592 11 144
353 216 835
416 29 849
767 434 404
276 65 206
596 464 920
571 475 528
933 471 319
243 34 702
705 475 189
13 11 88
331 257 912
736 10 593
528 197 688
657 555 351
568 254 440
731 535 230
486 120 407
585 68 106
369 81 960
213 87 846
287 3 442
24 3 137
604 346 882
488 434 496
311 158 976
578 28 530
109 78 833
3 2 363
885 100 550
699 299 572
940 134 494
627 473 417
783 421 581
82 6 214
261 47 579
165 122 182
328 296 132
641 184 390
694 522 166
110 30 26
38 5 651
966 94 58
339 196 771
434 371 823
502 374 551
779 696 168
797 745 411
891 566 383
74 35 542
94 9 70
759 287 434
753 225 737
876 492 551
197 141 923
512 380 738
739 210 345
70 32 790
649 222 486
533 71 523
161 75 535
878 402 773
230 1 798
569 269 744
196 99 646
531 40 44
556 463 259
763 437 103
976 508 293
626 474 935
410 289 311
928 248 221
709 172 831
530 124 370
783 569 554
268 95 670
453 20 799
426 354 435
465 118 256
812 636 334
20 8 455
838 377 687
74 13 372
563 162 144
83 84
94 48
7 36
36 53
45 29
4 14
33 52
15 47
3 10
16 18
27 5
33 28
54 66
7 15
19 99
49 51
55 24
29 21
97 46
36 73
17 4
13 31
69 47
3 32
46 25
43 38
64 53
16 15
67 91
24 2
4 5
54 3
87 32
92 25
8 67
18 74
6 9
75 56
59 45
29 34
36 42
38 21
1 3
1 2
1 49
21 20
70 19
4 8
80 66
88 32
7 90
22 11
29 56
8 40
100 63
62 35
77 13
26 24
60 14
75 83
58 12
1 4
18 30
10 65
89 3
44 42
68 21
31 82
15 48
72 36
39 29
28 22
81 69
18 20
23 25
57 29
65 78
33 71
5 19
38 76
41 11
13 8
61 53
11 37
6 4
35 14
8 11
23 13
79 53
45 85
59 86
93 18
27 50
95 81
1 96
16 63
98 53
3 7
12 5
