100
3 1 1
6 2 2
9 3 3
12 4 4
15 5 5
18 6 6
21 7 7
24 8 8
27 9 9
30 10 10
33 11 11
36 12 12
39 13 13
42 14 14
45 15 15
48 16 16
51 17 17
54 18 18
57 19 19
60 20 20
63 21 21
66 22 22
69 23 23
72 24 24
75 25 25
78 26 26
81 27 27
84 28 28
87 29 29
90 30 30
93 31 31
96 32 32
99 33 33
102 34 34
105 35 35
108 36 36
111 37 37
114 38 38
117 39 39
120 40 40
123 41 41
126 42 42
129 43 43
132 44 44
135 45 45
138 46 46
141 47 47
144 48 48
147 49 49
150 50 50
153 51 51
156 52 52
159 53 53
162 54 54
165 55 55
168 56 56
171 57 57
174 58 58
177 59 59
180 60 60
183 61 61
186 62 62
189 63 63
192 64 64
195 65 65
198 66 66
201 67 67
204 68 68
207 69 69
210 70 70
213 71 71
216 72 72
219 73 73
222 74 74
225 75 75
228 76 76
231 77 77
234 78 78
237 79 79
240 80 80
243 81 81
246 82 82
249 83 83
252 84 84
255 85 85
258 86 86
261 87 87
264 88 88
267 89 89
270 90 90
273 91 91
276 92 92
279 93 93
282 94 94
285 95 95
288 96 96
291 97 97
294 98 98
297 99 99
300 100 100
37 2
67 37
37 23
37 61
37 48
37 82
39 37
37 92
37 59
6 37
28 37
94 37
36 37
25 37
87 37
72 37
83 37
10 37
22 37
37 45
37 78
63 37
37 27
37 88
85 37
37 44
37 29
37 99
100 37
69 37
52 37
46 37
37 51
89 37
37 11
66 37
18 37
91 37
13 37
20 37
37 33
37 42
75 37
43 37
34 37
70 37
37 90
37 80
84 37
68 37
93 37
37 64
37 96
77 37
32 37
37 40
5 37
76 37
37 95
37 16
37 15
50 37
86 37
7 37
37 4
37 65
12 37
37 26
37 19
37 38
37 14
79 37
37 55
49 37
71 37
24 37
37 3
37 54
35 37
21 37
31 37
56 37
37 58
17 37
57 37
37 30
37 8
37 74
53 37
1 37
37 9
62 37
37 60
37 73
37 97
81 37
37 98
47 37
41 37
