100
3 1 1
6 2 2
9 3 3
12 4 4
15 5 5
18 6 6
21 7 7
24 8 8
27 9 9
30 10 10
33 11 11
36 12 12
39 13 13
42 14 14
45 15 15
48 16 16
51 17 17
54 18 18
57 19 19
60 20 20
63 21 21
66 22 22
69 23 23
72 24 24
75 25 25
78 26 26
81 27 27
84 28 28
87 29 29
90 30 30
93 31 31
96 32 32
99 33 33
102 34 34
105 35 35
108 36 36
111 37 37
114 38 38
117 39 39
120 40 40
123 41 41
126 42 42
129 43 43
132 44 44
135 45 45
138 46 46
141 47 47
144 48 48
147 49 49
150 50 50
153 51 51
156 52 52
159 53 53
162 54 54
165 55 55
168 56 56
171 57 57
174 58 58
177 59 59
180 60 60
183 61 61
186 62 62
189 63 63
192 64 64
195 65 65
198 66 66
201 67 67
204 68 68
207 69 69
210 70 70
213 71 71
216 72 72
219 73 73
222 74 74
225 75 75
228 76 76
231 77 77
234 78 78
237 79 79
240 80 80
243 81 81
246 82 82
249 83 83
252 84 84
255 85 85
258 86 86
261 87 87
264 88 88
267 89 89
270 90 90
273 91 91
276 92 92
279 93 93
282 94 94
285 95 95
288 96 96
291 97 97
294 98 98
297 99 99
300 100 100
47 46
16 17
29 30
41 42
63 62
22 21
84 83
38 37
66 67
33 32
97 96
15 14
58 59
82 83
14 13
52 53
8 7
97 98
88 89
75 74
19 20
82 81
69 70
24 25
80 81
8 9
60 61
27 28
80 79
73 72
40 41
5 4
69 68
98 99
49 50
35 36
55 54
3 2
38 39
26 25
16 15
44 45
36 37
60 59
43 44
76 75
11 10
71 72
57 58
66 65
95 94
95 96
100 99
70 71
29 28
6 7
33 34
31 30
87 88
93 94
2 1
27 26
18 19
67 68
54 53
65 64
22 23
40 39
32 31
76 77
51 50
18 17
56 55
74 73
90 91
13 12
9 10
93 92
91 92
78 77
85 84
86 87
21 20
34 35
63 64
79 78
90 89
85 86
48 47
46 45
52 51
23 24
43 42
6 5
48 49
3 4
57 56
11 12
62 61
