69
681 428 15
722 680 24
493 146 501
375 209 731
582 6 119
263 245 507
195 121 346
89 75 722
2 1 482
521 404 311
225 141 17
809 302 987
24 21 746
3 1 838
737 370 315
538 277 165
169 28 207
751 631 732
230 214 646
764 539 60
296 19 768
50 6 281
146 65 535
320 196 61
729 226 967
973 633 361
826 769 204
751 534 751
605 311 167
695 182 421
138 35 611
882 362 520
337 320 625
725 702 508
391 375 78
860 244 630
69 16 312
159 82 707
605 113 555
13 3 518
576 364 653
584 71 403
356 159 400
43 36 705
96 61 209
384 244 482
689 55 291
688 155 500
120 7 434
587 529 618
837 637 849
55 27 605
584 21 934
533 10 808
791 564 242
989 253 857
366 150 557
784 428 277
540 140 12
797 10 958
942 199 324
692 615 230
318 148 180
753 53 229
34 28 247
245 214 363
378 159 710
145 62 17
459 113 671
1 2
10 5
4 65
42 32
13 2
50 21
69 22
9 2
24 3
48 5
18 22
23 49
1 47
45 20
64 20
1 3
44 31
41 18
36 68
4 12
28 55
6 23
17 14
34 17
11 16
27 25
28 2
50 63
10 15
31 15
39 40
56 48
36 4
35 32
19 6
26 16
36 59
25 15
7 5
5 33
3 5
27 43
52 46
11 10
9 20
31 58
15 29
44 54
2 30
22 51
8 4
3 6
57 37
39 32
3 14
15 38
3 21
67 58
60 56
53 28
46 41
2 4
17 37
32 4
39 66
19 62
18 10
61 2
