41
114 52 363
520 345 76
363 329 681
745 57 919
69 55 20
298 292 462
37 14 695
515 454 33
930 55 621
418 192 990
890 658 734
669 33 652
272 144 775
540 160 347
940 496 61
198 28 926
953 296 956
954 563 539
479 345 229
751 291 50
601 580 372
990 951 307
697 659 573
913 484 900
520 417 186
513 435 441
840 312 933
78 5 308
236 152 248
757 143 298
870 487 446
99 14 824
331 12 7
259 176 648
802 606 641
675 499 480
757 456 250
922 656 563
206 50 700
187 170 408
430 168 528
2 5
4 6
11 8
12 26
15 32
8 7
2 10
16 23
9 3
17 13
12 22
39 10
11 14
3 2
10 19
2 1
6 34
2 30
3 33
23 24
5 12
12 28
35 6
25 6
19 20
12 18
1 21
13 2
21 29
7 5
16 2
38 15
9 27
22 36
15 37
31 15
21 40
15 11
4 2
1 41
