100
15 6 571
85 56 950
822 42 859
872 747 713
562 308 704
914 64 790
713 102 169
826 109 68
38 28 868
333 189 631
587 221 811
990 733 784
698 99 602
901 286 410
527 469 575
481 238 927
857 298 244
679 1 488
968 1 846
232 97 205
762 539 496
917 861 322
155 81 586
145 69 248
79 20 295
778 523 46
311 305 913
820 340 734
882 432 352
862 460 572
193 7 832
72 33 876
608 370 771
466 432 95
188 16 924
93 72 182
973 513 634
710 475 236
227 217 39
273 194 607
287 201 554
309 225 187
265 231 326
164 35 385
485 436 307
485 431 744
456 382 86
751 273 955
462 173 717
938 432 490
906 506 74
229 177 87
450 344 131
320 193 603
655 609 449
654 140 937
628 82 207
183 108 96
181 42 919
745 718 469
799 625 556
36 18 399
534 492 85
310 197 838
891 645 657
285 26 896
70 34 326
266 93 926
308 67 999
71 11 88
524 318 781
156 16 33
959 667 302
606 534 415
954 143 441
198 147 360
877 512 744
969 921 707
743 454 100
516 341 359
434 13 89
264 38 643
620 570 251
950 719 733
795 81 531
261 228 851
101 95 645
524 96 842
710 210 645
387 15 250
910 574 204
782 50 763
377 108 797
674 528 35
21 11 793
388 110 20
66 40 570
102 72 74
967 911 917
538 21 656
23 93
3 1
2 4
41 49
26 96
83 18
42 55
42 74
10 3
79 21
3 5
78 85
17 82
2 40
89 39
17 12
84 80
53 7
81 24
47 17
99 21
39 5
61 31
69 8
26 7
70 38
100 24
25 36
41 65
25 12
6 3
23 2
34 18
13 35
13 20
97 5
58 39
91 75
15 30
2 1
29 18
12 18
27 44
45 30
52 47
3 9
16 9
71 66
32 51
28 9
1 50
1 24
37 33
3 15
56 10
57 51
19 12
59 23
7 46
21 67
34 62
12 73
47 77
25 54
54 66
55 80
49 68
5 7
17 21
15 42
34 43
27 24
12 6
90 4
98 20
32 10
41 37
94 60
75 64
57 64
78 23
4 38
35 60
13 5
12 95
64 87
14 10
52 76
30 86
17 31
92 80
11 6
72 45
80 88
48 17
5 8
33 3
5 22
63 42
