100
1000 1000 1000
1000 1000 1000
1000 1000 1000
1000 1000 1000
1000 1000 1000
1000 1000 1000
1000 1000 1000
1000 1000 1000
1000 1000 1000
1000 1000 1000
1000 1000 1000
1000 1000 1000
1000 1000 1000
1000 1000 1000
1000 1000 1000
1000 1000 1000
1000 1000 1000
1000 1000 1000
1000 1000 1000
1000 1000 1000
1000 1000 1000
1000 1000 1000
1000 1000 1000
1000 1000 1000
1000 1000 1000
1000 1000 1000
1000 1000 1000
1000 1000 1000
1000 1000 1000
1000 1000 1000
1000 1000 1000
1000 1000 1000
1000 1000 1000
1000 1000 1000
1000 1000 1000
1000 1000 1000
1000 1000 1000
1000 1000 1000
1000 1000 1000
1000 1000 1000
1000 1000 1000
1000 1000 1000
1000 1000 1000
1000 1000 1000
1000 1000 1000
1000 1000 1000
1000 1000 1000
1000 1000 1000
1000 1000 1000
1000 1000 1000
1000 1000 1000
1000 1000 1000
1000 1000 1000
1000 1000 1000
1000 1000 1000
1000 1000 1000
1000 1000 1000
1000 1000 1000
1000 1000 1000
1000 1000 1000
1000 1000 1000
1000 1000 1000
1000 1000 1000
1000 1000 1000
1000 1000 1000
1000 1000 1000
1000 1000 1000
1000 1000 1000
1000 1000 1000
1000 1000 1000
1000 1000 1000
1000 1000 1000
1000 1000 1000
1000 1000 1000
1000 1000 1000
1000 1000 1000
1000 1000 1000
1000 1000 1000
1000 1000 1000
1000 1000 1000
1000 1000 1000
1000 1000 1000
1000 1000 1000
1000 1000 1000
1000 1000 1000
1000 1000 1000
1000 1000 1000
1000 1000 1000
1000 1000 1000
1000 1000 1000
1000 1000 1000
1000 1000 1000
1000 1000 1000
1000 1000 1000
1000 1000 1000
1000 1000 1000
1000 1000 1000
1000 1000 1000
1000 1000 1000
1000 1000 1000
96 95
4 5
38 39
76 77
64 65
72 71
68 69
71 70
83 82
91 92
60 61
29 30
61 62
58 57
17 16
67 66
30 31
97 96
93 92
89 90
29 28
27 28
3 4
12 13
45 46
24 23
40 39
75 76
54 55
10 11
79 78
45 44
63 62
86 87
40 41
25 26
77 78
23 22
27 26
97 98
70 69
60 59
64 63
74 75
72 73
18 19
7 8
21 20
9 8
66 65
36 37
32 33
18 17
99 100
51 50
43 44
38 37
43 42
98 99
1 2
35 36
94 95
53 54
59 58
83 84
48 47
55 56
90 91
88 89
11 12
5 6
35 34
22 21
52 53
81 82
56 57
52 51
3 2
14 15
34 33
79 80
73 74
68 67
16 15
49 48
93 94
87 88
25 24
20 19
31 32
14 13
85 84
85 86
6 7
46 47
41 42
50 49
9 10
81 80
