99 100 7 122
71825 75482 58629 93946 90331 79398 87263 3192 75052 64717 23249 52945 47900 86364 33396 30281 40051 66025 54222 9920 22985 19598 93424 19066 74642 83947 67860 93671 80989 83996 15247 14392 39345 10775 64095 48110 63309 40249 78570 89381 85619 37859 56661 20198 19532 20457 24461 91121 33662 94576 79914 42330 38514 5418 27114 70746 98410 29299 40674 89602 7877 66361 5 59259 95194 57645 86930 79308 14 30833 93812 20754 20964 84253 90037 93943 75918 99635 66542 52821 41504 85448 18572 52243 75655 60854 20463 55034 59617 1819 24399 28661 58602 23458 78352 49566 33390 94092 30865 2933
48775 52304 64683 88868 71779 46954 67115 67128 45 88479 25885 19836 94294 999 34715 90313 23348 64113 26976 19294 77713 51557 83019 5819 45119 3198 99098 49289 48810 90178 33506 47695 56971 41579 34274 89713 58311 79388 93972 42451 29783 37434 37172 66080 78398 81015 54606 31942 77182 93236 12242 85099 31783 48808 71159 92706 75035 84115 68433 67871 77832 72609 54523 96619 14676 25360 32718 87456 88055 4164 88347 46922 73533 81988 4931 23854 38090 50087 4947 99375 30738 84978 30810 7270 75112 52650 39665 69618 83530 21798 41026 57995 56819 23222 77628 23722 26288 50846 41532 66414 49773
77033 42569 81869 18348 7946 32774 10328 38464 56836 80087 95231 40063 83967 84925 77653 6054 87905 17184 95619 17147 9143 79382 93584 75168 38449 16455 75662 43279 88157 60002 20142 30405 52427 86691 69394 70444 412 69284 25899 76875 74779 59522 78398 30846 24723 37695 52504 91254 83955 41965 74922 52909 97475 28305 61232 46362 44708 1930 22741 30451 35615 17100 680 10359 78119 54946 27428 10740 38523 75562 53205 41055 38368 50486 27635 22019 14196 31542 58977 31196 86696 41403 46645 84443 85484 91437 72011 48427 41823 54911 75436 977 89216 89072 20166 30586 4120 86028 46993 11214
11583 93545 3727 20085 46420 91864 37120 96853 44884 26995 21180 31 25089 41170 53227 67631 87038 95629 59289 82468 73026 37470 7108 83925 55600 24001 96629 94664 60846 5470 2447 47877 84489 93995 90507 47107 74993 24471 59040 4163 36473 62465 97636 78886 21127 40987 63516 89124 87224 20 61080 23906 29488 92054 85424 53916 70211 75257 96365 96634 61050 29926 19566 68476 74683 60025 94460 31514 71762 36601 86889 14705 10568 90314 30618 65248 62877 15096 40737 76909 14684 82233 34831 83237 13365 20972 82285 83980 84473 51294 68368 60551 24404 91006 62664 85933 48025 90291 63651 31258 51572
22501 86 85500 23724 76238 67894 29354 13497 30203 9785 35410 75671 1206 27626 32509 96397 29359 21578 65356 1808 49359 26691 97488 68385 34783 78818 59202 87138 64132 77826 79600 90389 92766 25198 42538 91852 28280 54204 50055 95427 59836 76149 71212 9311 3276 53726 44482 46031 29322 91537 6143 52922 59474 8789 70517 40080 94167 60468 59592 7600 43965 14614 15249 6686 309 61008 60491 63931 18123 58583 26190 31643 22325 85059 2049 91233 38527 49838 24634 37311 33445 58141 97646 23158 54232 94726 19500 23162 15307 80998 66344 53942 28272 75047 82714 29340 44014 41715 9831 92743
17662 73764 54105 13729 42986 67411 75066 72924 75692 69293 92722 98249 15961 15894 9569 48840 68343 13248 85944 35046 69897 40224 38137 86 67215 58884 25874 32243 37220 33447 92780 79533 21975 95163 19491 59023 45153 36908 39062 12001 51273 22468 84292 50021 68284 95816 43764 3713 46375 76240 29075 49630 84658 28826 53672 61068 90322 76222 1709 54685 62183 69276 38486 49491 82955 7332 57080 57377 44522 211 46372 1424 10362 93531 8542 32925 32000 87031 71277 15180 79356 47053 15334 48812 20607 74637 43665 54779 38116 75641 40896 49979 97379 7085 84455 15677 55199 82436 60555 81310 77640
76582 6611 25107 49429 83801 44767 39042 43989 23169 54450 63498 9631 37886 51307 94662 85111 32998 50579 20292 29985 29351 48316 26242 72755 62968 25031 64740 94682 35658 60735 57202 86361 73471 82554 28107 43311 98152 33262 74180 4099 30359 82931 31606 82447 28241 31687 13012 37852 20664 31167 30838 44910 36912 23656 89872 59009 2033 36868 28 2249 75335 45391 20358 88306 87679 78831 28337 73256 25696 61761 47669 95636 21596 21521 13487 92156 88325 31025 95709 75511 47665 6666 52528 49527 97820 87897 65464 62251 94038 4935 11946 18290 12666 71088 31292 86618 85218 40788 78221 8580
66697 1087 11722 20768 97340 12237 48047 20075 34255 76905 87393 28138 76985 59280 4918 72948 53894 5 21586 1073 92628 98148 68563 60557 62260 98924 3478 15893 54621 93757 54971 74406 72280 80380 37072 80664 26969 45443 35722 45694 110 94495 60566 33828 79161 2343 74382 28360 97143 84916 82084 47442 2183 17781 23166 69259 46390 86088 59404 1 93510 11817 58563 28337 886 73914 30013 30345 76478 15020 35623 86564 73999 24303 79848 53517 44971 89749 95782 96390 83773 20251 71782 90948 43983 30797 46196 56333 97005 26730 99671 87606 68347 10124 2491 89522 99534 66659 13193 47747 53803
72575 19153 85602 86443 2457 69596 79359 54983 24847 98344 43691 22660 62300 70985 44219 44918 59600 93171 10778 26529 14199 42708 80532 6769 75291 68583 93700 26878 68185 2233 18138 45045 24609 54531 76921 13247 56686 73643 98879 54723 69180 14213 67112 98917 20949 70383 97641 8872 69921 46164 90336 7951 44700 23017 20567 37 97449 23597 54916 99143 63964 68358 28070 25537 71372 53909 68335 48217 67352 30537 96742 9290 35042 4370 57972 58139 93887 16396 45774 15760 95720 15721 33549 89401 21974 28876 15420 54725 70801 78780 22930 32386 18071 32571 51499 16295 61604 97384 21462 71033
84686 29360 10038 10474 27087 96212 89032 748 92040 42916 84474 66219 88285 97671 37444 25641 42011 83455 85755 74428 74234 36355 43093 39116 63488 65159 11306 55269 11463 27027 67075 60046 69566 82924 39387 62893 12648 20617 45460 2659 42026 58572 81056 34198 41008 44035 3410 35458 98904 9505 6196 9235 54371 23895 62408 11449 45176 18029 37417 54824 85755 54305 29124 15861 52188 40247 92015 82467 98300 41528 91783 37285 1892 87825 45268 55070 60051 29230 96598 74921 34448 73664 20547 87218 18981 31791 19575 25654 89799 70332 33405 97784 42935 44960 31789 73707 99346 7910 80562 7021 34710
45486 70603 11810 52087 33349 27889 71235 833 34885 59025 36289 44183 36061 9134 69321 15900 87918 30061 46332 68331 4371 75860 95814 41991 41308 34 95411 49411 17133 53149 42312 7598 71053 90328 31737 63043 61566 47694 92449 41536 36615 61256 23431 5899 35691 30008 36914 98791 52267 14159 71746 13007 33041 70055 52341 30068 83721 20617 18320 52986 87427 42209 33399 55870 46117 97760 28 2489 36318 67471 82055 45082 52303 96460 16182 2732 75381 48246 81833 1766 51330 94247 85946 63504 22482 29022 90730 91623 63 10769 95604 63727 19080 95055 71119 43971 98100 48818 74487 60744
27064 46400 45342 99565 76659 9616 84946 39409 87234 2023 30545 38109 43640 63445 41306 55617 6896 10760 1054 99089 68291 29652 35860 56554 86694 17112 34229 59058 57329 52421 51352 73507 77948 39451 49463 39029 54914 19081 87430 74711 43470 80543 11021 4241 41109 17557 85408 38833 28104 82975 10408 92341 15481 93674 84659 46229 411 48268 85753 61688 13970 61077 53756 35647 19632 13641 69646 3 58137 7185 37839 47315 37247 81245 71788 62790 28896 67084 25054 94440 22248 34485 24172 8482 53115 11532 37443 58181 3716 35929 62832 64447 35233 75652 53516 89781 46738 80523 8789 90122 87297
95349 35236 71265 91804 48227 37593 51757 18023 51805 87891 51722 65679 12255 74849 59540 46225 94910 57296 28282 32184 72134 43480 22590 34730 55488 15922 55923 85269 87929 84861 25877 20757 71737 9807 15949 79156 80591 54216 5234 97158 84575 79507 46891 24813 6673 25919 84791 63676 76959 62032 48872 75511 70360 12876 57106 25195 34143 75214 46014 48867 70766 5517 52248 94910 6124 29749 4362 8522 55204 65506 66577 80469 52583 31461 69262 41237 19582 92946 75467 97423 86919 79122 62287 8541 92579 38616 95347 565 8449 57744 16662 3095 43943 89305 42616 70071 35205 57318 87542 45212
11213 73274 69825 18943 15476 4747 51315 4351 86886 85378 93713 40619 29305 944 67 76954 74130 18594 28803 54762 17570 97024 44697 19139 8424 23650 31751 12899 91796 75224 65908 35199 88242 85009 6911 94538 43646 28710 89094 76044 64075 95790 63485 20048 45767 41441 39083 8337 83331 51917 37066 42915 39709 92760 58928 28296 20151 54039 14049 18604 87597 5059 86594 54306 74748 10315 43467 85401 80077 92127 63929 52096 24409 70783 55697 39538 86121 10031 33718 54747 21776 49021 48834 10514 22526 2208 42970 97896 78159 16264 99076 71747 82457 18343 5661 70090 24416 78142 28106 67084 68158
9517 17623 24952 40993 79720 50662 25876 53043 17665 51358 81265 87735 97604 39058 37825 50596 68895 46650 1271 28349 6337 16385 84825 29361 92323 38528 15467 80798 46161 31039 15688 84638 17147 71337 70210 47967 8591 87193 40240 57612 80573 83493 68155 73652 30863 57188 55544 10151 41068 58188 58922 42178 89360 91700 30398 20806 29306 56134 43987 77690 34494 95764 24952 41536 93899 33418 18297 9304 39710 32924 4155 44679 80244 7663 77533 49660 72268 80602 76976 22014 44 52571 16438 1806 65800 90951 21001 8552 72182 22685 58166 54642 91348 75995 68336 28290 26807 89804 33949 77064
59872 7333 25733 77541 27622 87842 66695 31932 49873 18093 47361 75059 55591 86484 27534 38309 64096 95771 81313 87890 43071 91411 24924 56190 14759 5064 45629 84017 23767 65204 41991 13467 51915 34222 53660 89416 95101 94572 19586 62505 63202 21995 80871 84219 13293 20042 888 33415 48316 1674 111 998 5044 68664 95417 37133 6313 1902 73825 41083 43242 92224 89355 25629 57686 1734 51709 53538 80374 72575 96273 81584 22005 37605 74985 34151 35472 90056 42080 67356 36169 37877 91611 2686 68737 2268 71488 73263 10848 82953 53898 1416 27055 60548 95774 91818 45028 3727 19909 84100 17420
76925 49363 65629 86075 16631 47366 45930 73202 73758 93773 41087 82406 98166 26418 54737 89803 3626 67611 51183 59829 74669 30557 79092 57307 14643 4660 96846 54141 95234 87385 67522 87 35214 50303 83273 27858 24891 5731 95224 25718 7978 20031 23210 70116 1242 19497 92723 28061 7346 55047 88073 22410 66501 64315 42933 30565 4924 91408 3982 47373 29328 586 38711 77316 45474 64006 28640 82721 54964 27350 16593 11271 62287 44623 20067 7358 7864 38873 55175 86400 41841 74188 14179 71322 70152 86815 57624 34360 97667 3449 45979 40275 34415 69584 10937 27476 75681 76675 7377 84212
28351 19 79303 37296 11345 81062 27748 48851 5444 22966 47314 84567 40903 13172 68336 18599 60536 9781 58827 16955 51030 71923 22659 12056 89770 36624 15413 81307 89768 36738 15483 10353 99091 53761 64733 75661 32631 34773 79420 90133 9102 23257 15469 21999 99607 33079 56447 14678 54689 64138 91278 31360 78646 67174 4359 96672 75796 17679 29007 60793 34226 55957 78128 3083 75704 1192 1938 8524 74477 82915 7824 91366 21587 29033 86140 4958 41340 23230 51917 45697 79833 2101 94169 62067 6876 65994 66050 99597 23879 14767 15499 85467 84638 57980 58679 47914 66205 7499 9768 31414 86113
60090 13473 18838 94910 35153 4841 89354 80325 94025 1542 50120 22242 79900 24472 97908 51952 75233 56139 15897 35446 69277 17163 92332 22991 83725 7332 29603 40359 65130 57662 64348 46380 41069 999 73276 5601 92337 21440 87103 81027 68723 20045 77680 23468 32320 32680 87767 20073 7571 88877 57149 53215 53186 56112 3233 1 18311 29761 71875 4923 37677 98655 8749 83543 14304 31291 51782 58766 34516 78979 90346 33778 91558 7533 34 56655 98859 74337 16493 91784 88292 52075 14979 53666 87330 6440 99049 71480 9456 18175 62005 70463 31311 56131 87842 32050 29714 90952 82783 38455
67093 89104 47864 80059 41506 45075 22968 92243 47337 26441 25434 28095 36101 8796 12219 3527 7797 6377 13718 76117 85385 54226 45309 227 58428 14359 21527 54194 29312 19713 89319 66049 42486 41483 56152 20974 6905 66346 81564 41558 22615 59824 98620 53472 76636 14718 25655 37066 49790 72555 23924 44342 69275 47879 56199 34783 39316 75655 44205 42533 83967 31131 12533 19746 31772 92033 17564 56886 61053 88846 44926 5657 7347 75765 26888 7308 18585 69888 15637 18932 93768 54648 64691 13424 79145 88484 80077 6214 32331 29633 50616 62226 42314 71112 10981 80604 56474 7779 38471 79891 54333
14636 49584 70053 33199 97477 34975 22039 3408 12257 50991 3950 55603 23961 82974 79032 44948 84447 90444 53750 65271 38158 84751 20174 47689 49843 44024 51492 72700 70337 45939 33616 14660 15617 38558 26126 51673 3719 33761 2490 78931 19231 72432 6558 57586 29965 37483 44920 34347 51923 30770 38424 21732 19857 67199 93436 25149 74722 35381 64034 56714 69503 80659 67955 56611 8068 67066 62455 8332 6611 1941 87820 46370 19566 93045 6015 36493 29939 90331 81223 75696 60982 26421 29822 71486 3311 15173 53478 30570 3508 44920 74290 61224 3707 45695 69814 98409 97375 90512 40300 50132
82445 52421 62300 9601 53917 9839 6427 48811 29786 92759 35983 81444 18876 87342 86880 4184 89231 5071 76511 40038 33963 35867 21065 53054 17841 60274 55977 34717 30578 87216 26817 91580 34222 87357 25389 44022 14642 85432 63791 94725 27906 48948 55619 10336 65022 30152 80061 43277 19465 17534 55174 53912 10042 71456 93776 56444 79765 17156 38093 25909 32974 97811 45680 30768 91257 99785 14689 55178 31568 11223 35208 12212 5450 89803 60052 44961 82002 90171 4726 9884 99073 57411 91613 68860 19359 74749 19596 76869 54279 69280 10267 94716 95225 7338 16925 60077 89432 45975 19580 24447 94136
24811 5225 48055 21510 65115 31533 29909 57119 67126 54023 81474 73311 52965 52232 80038 75649 97425 97810 24611 27075 86833 32961 26679 59591 97837 14873 94033 26569 13889 8301 33192 36616 58623 63801 120 37954 45412 12489 13038 15114 51292 13096 59394 38914 70129 13721 75090 88079 41269 5398 94684 1886 44429 67202 25721 38599 88613 12996 75308 69791 5545 67383 27441 48311 26300 5629 22030 65406 96642 89359 60103 17867 19 40934 37075 5063 92764 52078 21675 8029 2517 60545 61073 32357 37477 32838 84667 43471 19782 13708 20023 46955 43295 20591 25428 42251 30376 66324 83654 86897
1704 78077 85448 4937 83532 88717 45864 17641 74435 49866 20948 22482 36357 3707 31121 1498 23150 94088 93247 62232 35012 67813 58140 59800 97650 48301 24731 2468 37481 54169 37054 27782 78102 75867 82986 78133 70020 96535 60362 29835 1850 90504 2333 57347 12170 66632 27957 12212 1251 21 17599 22693 35482 85076 43870 12027 99906 39647 51272 7398 35686 60077 66384 5629 48875 75004 58246 92798 91734 21432 59870 46424 45867 7775 82075 31652 80080 4858 39369 90281 30019 5046 66871 11047 73517 85803 21385 88324 63232 14667 50042 52528 40885 25026 3 15547 99082 34901 47680 88595 9651
86821 44873 24444 88842 69008 32572 37097 3186 25670 65681 87607 21660 74672 76775 97530 97024 47351 64916 31233 11158 54040 83469 80124 97927 98427 21469 40376 68867 98880 93237 69632 58291 34502 72591 11288 24881 1731 73843 67566 98585 35047 41089 42441 56628 44491 94408 94892 56156 69311 89324 2032 74262 37670 77975 425 78967 19242 24246 24401 95664 76419 39760 61035 31282 48202 54657 78149 3398 36653 41359 86365 52193 86687 2929 71415 19969 13579 36691 36613 77124 46029 22550 8787 34877 58869 80880 13264 14656 90336 7801 34804 75581 70116 18310 83038 57923 16391 36385 70543 95452
81352 71849 57108 24158 89623 95124 80989 28023 72007 30285 94861 69524 41862 18113 7976 46385 79134 98004 18582 96604 40352 31569 87319 74195 24023 83093 34460 91308 85 26396 91551 41512 6160 9050 53091 16662 20938 77691 84956 13709 71113 93964 50165 55387 84152 91980 5431 25068 21553 22064 84951 22491 25909 91955 90882 37403 112 28582 75648 62025 22318 64093 75323 86598 28876 64716 20497 29370 89590 63790 73427 82740 14177 49163 51302 39179 35935 99597 8562 78149 64486 22823 85126 79015 87864 95223 59 18226 97372 21972 63936 62431 82083 65394 90786 33942 77612 62041 95725 59559 37247
49348 54978 80073 68435 8043 38544 14704 68321 83022 18686 3582 45442 68106 44001 23889 93081 76124 2811 76949 48129 63951 54182 91020 44715 54050 20989 39392 76897 94947 27841 12194 68581 81320 18614 55363 33761 45526 1164 23291 18864 17292 82075 56177 23965 53584 65941 83374 64678 8910 96456 40704 78668 95683 69063 44788 74708 559 93539 20910 10028 2456 83032 13980 70306 51297 27926 31243 54202 46207 49995 64299 20806 27552 35855 85438 54948 2734 96192 13177 82971 65042 6391 84206 53744 43124 52785 91599 24101 14694 93727 85401 69337 21992 6706 91316 26841 57554 70257 98311 75222
51308 87841 91290 51709 21310 40281 77811 4141 17838 32554 8536 62649 44012 63003 81059 99470 9836 71758 15288 97160 41560 13078 7869 28306 99870 54363 89129 96139 98665 27780 90799 241 6556 15139 5186 3520 28690 8214 75885 81457 85722 47020 43550 41328 73877 19116 22490 38574 32982 59105 98623 56778 50073 79879 56365 5620 37102 81137 75936 17145 23413 47893 54857 42522 91352 89459 39344 87881 53507 19078 14220 38178 51752 48057 113 37800 94709 78649 72561 85920 40922 82977 60079 74492 53747 28663 98896 43787 49310 10016 95889 96459 65081 18564 3188 14083 40070 81405 3988 95193 82717
30862 4842 61076 93333 46401 79360 38 21262 41571 28106 9101 12702 84924 69414 22642 49871 45680 78623 495 16485 52428 41247 54304 84488 65707 7348 2437 67137 77133 16373 88862 1517 95275 18181 1547 85877 98142 80896 74758 42746 20438 66922 14206 90128 31506 83300 30070 9815 17850 40272 53949 84547 77585 73770 81856 57670 97626 20072 81046 31735 98937 80640 61581 99367 91301 78085 50225 25055 44908 58282 49548 2665 34883 33761 55740 5429 33689 5482 9748 61086 18759 79824 36489 31941 33695 76796 78528 62010 78137 21817 17898 29848 32879 19877 54968 35449 85980 35209 17294 22032
15038 27250 99648 82361 74731 80977 4969 99146 63929 79966 24363 27444 5080 65020 81356 43975 73783 49152 29078 24998 12423 39692 91548 45716 96477 79957 21535 50851 1624 9388 25113 36307 47604 28138 99980 28863 77724 45208 92348 7355 97603 63516 27571 18137 41259 37711 98854 1509 89186 46901 33148 99150 85327 57407 61286 17076 103 3711 33222 86685 74459 28705 29849 74765 43961 13625 11292 54115 40259 32000 99124 61528 1297 63095 95443 32073 84645 11627 55179 29 43896 64481 98480 31794 500 4506 27379 95958 30611 6369 30122 16903 5683 2855 74666 59582 80067 32479 84635 57305 87903
62912 65936 23569 13736 88617 821 62251 74479 50296 53206 26068 6076 46580 78780 87925 52287 57188 67411 96381 16116 20554 44453 44541 90877 53091 7814 64423 36157 16482 769 84646 29293 85177 23978 98635 81557 72304 76888 83944 41485 42320 11100 49692 51292 24800 51920 25682 50830 7798 29918 3057 24916 59120 12921 12183 1410 18413 54956 73223 74775 8606 36692 13465 51187 84951 10724 31259 76485 83600 59030 65951 21038 23231 99567 51308 65898 29831 12242 73965 36132 62307 52038 97203 87788 49332 75104 87753 15651 25899 20785 54721 45219 66349 65947 84641 92041 57427 37448 21384 25683
48879 62313 47419 56898 90325 31822 36601 60438 65935 37145 88089 19088 28931 43710 67715 24069 14666 58621 76669 92324 34782 22486 90508 76931 60769 32290 55157 20990 41487 60309 54586 95643 96718 78 34942 2097 12716 62209 71967 16631 63531 9615 31776 36831 43483 83289 81813 2516 84486 51241 71706 86909 80993 32217 53238 62891 97533 36595 36186 78114 95221 95266 43612 36629 90843 92748 93735 35665 48739 57734 14438 84238 34061 66912 20992 22582 79075 4947 37670 86423 91985 88912 87508 65138 90090 82988 42776 47514 84223 49498 62054 84231 9761 5442 42934 53655 40037 27898 98147 64120 21990
53465 775 47686 988 12201 14096 8607 50607 70765 90630 3808 63462 14523 50094 50151 53748 43936 78569 75684 37013 45440 34645 81752 8689 61670 56643 98211 87535 60044 90665 19542 50966 21338 12460 8889 82978 66137 15286 82075 65894 3659 35696 7973 95406 43044 52228 64661 48807 8571 43755 77866 60355 26140 26785 32997 83473 98276 76617 80261 1518 28131 78088 96405 64943 79486 29285 3187 77269 98211 47583 89111 90806 87347 58668 30814 78082 18038 7873 89393 99081 66236 25874 35391 17827 42092 72681 21417 98846 43937 31273 13856 9761 87433 52514 13132 79139 85180 12 24256 30687
80560 20796 71738 35232 85932 34870 96649 65886 48459 20729 47638 81021 60065 6945 40507 11003 92863 61386 61016 97825 29913 42712 64462 92562 38576 61234 11524 75657 2658 22 84003 41044 71603 11759 50703 29376 52526 37411 72608 67108 9802 90940 67132 48315 42569 83687 60732 97637 53902 39121 55349 8334 35677 99 15270 12 54523 95375 75078 34224 30336 1522 22832 10559 68294 87879 76316 61079 15166 83957 38744 55606 61843 83671 3346 63464 33754 12750 72125 39839 57654 72172 87009 18616 85477 60808 14693 94702 83792 23192 73 76180 30827 70206 67589 28372 5613 35796 90337 76606 75065
72764 99326 36742 1263 89810 19098 52827 78094 75182 80534 50065 78817 40056 98253 64253 2840 39257 88939 73321 36269 47707 84662 52496 54629 9472 78442 14503 23280 62221 98383 76647 33720 95637 43930 28137 17896 64323 24435 59027 27150 18619 75241 85493 63474 30851 78356 8163 12267 4342 13783 31764 26862 68340 97194 8495 48325 26410 17063 55191 25056 13460 32697 88529 50579 19526 48638 65970 5613 95043 54957 30334 85021 84737 61594 76964 9826 75394 59049 9491 41847 54682 33323 80683 73372 61300 85374 29872 23921 534 65952 66870 48954 55992 82470 76563 32941 60114 95230 17135 76470
30065 73745 38474 39081 91314 44197 9572 54581 55747 66710 20811 1770 94412 21467 43966 70369 95993 19131 78609 47911 14397 3473 3661 26097 60810 93941 76089 78089 30810 63956 3926 83042 50993 84818 43883 24967 61054 17650 69657 14688 23151 52470 70892 28102 44737 93851 87957 47496 4432 51544 117 98321 94211 18902 6126 70384 61012 67468 71324 97597 52188 8902 42531 40972 79712 91728 28083 64283 88061 64432 15389 1255 46218 4888 29437 83030 60031 32232 57692 28865 39074 42505 50756 46391 24599 80487 29755 56202 70836 57652 12114 22612 80594 92724 15162 15456 90336 33943 89567 2463 5631
965 80546 65614 75353 83497 57223 76662 22437 51352 96643 55400 8718 53251 20808 98899 63772 96351 71479 45479 92250 70089 16759 80854 66713 84747 86872 43909 80079 86623 49584 29587 56934 25872 47192 13166 98910 66961 81241 84630 51270 43951 84307 34184 87196 6 33688 81930 28328 43998 52241 95751 75565 72215 52261 12710 43055 51837 76960 2300 56 7496 57119 65940 33141 55220 27186 20230 5212 11638 60131 72504 66932 43100 71325 17392 10987 28309 12960 38545 41562 77689 14686 79831 11204 77604 1182 36124 75326 92238 31734 14647 42710 78945 25060 60067 38390 98821 77204 50762 62824
83531 11753 20532 38298 23986 56107 76244 62289 23248 93240 84217 65577 60075 34209 77819 44022 75195 2668 96627 2973 74768 44692 15879 92863 45428 16886 90136 8197 49793 36190 58582 19242 35246 42576 84213 40896 25718 80129 35391 73662 5919 84481 29348 94199 1049 26878 83016 70803 34941 98884 21788 38462 86835 29735 55457 21229 13275 95188 94041 55219 80577 40817 10243 15473 17114 30845 84203 18998 99030 91841 2840 31691 25035 60737 41998 96003 48248 28090 81105 22040 57076 15913 36688 43941 17082 82470 63452 87194 72945 13707 65954 98810 48146 92280 46964 79983 74722 34504 36345 65961 96458
97838 70051 62888 35625 32087 61962 56953 85975 67144 2945 62302 92235 38323 46204 10044 3230 64724 28651 84811 26863 17809 10021 10300 77821 76951 91219 42000 4557 116 75031 51274 12276 77249 28277 67859 28299 23179 41495 34 91948 11441 20718 9923 45893 35705 8367 30857 2470 54205 95238 82319 48218 53691 66697 77218 12802 48856 30543 70199 55758 17793 74665 22482 10328 26233 33063 51863 38564 33919 11055 80607 76151 25659 84480 62523 54435 83977 54623 1208 4660 88932 71613 23915 74036 13141 51296 9325 55289 3438 41835 33049 56140 61882 73766 42564 23157 68304 90265 89313 74676
32775 14229 95627 79096 62953 70026 44516 4156 86659 39675 46976 31578 5519 21393 75707 88067 58688 98062 95911 19 75245 95263 83998 87428 34669 97876 82700 65195 59854 36022 57157 36041 28312 90948 62014 19892 48876 80110 8869 52479 90308 72699 29240 57617 44664 76615 12927 39755 41972 43945 92757 54169 64916 73733 22970 16989 69740 80292 13468 70230 38394 92547 33777 54014 56864 19791 85310 31931 95249 67261 53938 62773 25077 88830 25105 58217 4931 24952 52505 30870 42719 16798 19583 6386 51241 74599 5219 69069 78132 74779 41516 22485 88384 99491 45264 88280 26437 90333 50629 48568 79762
47085 95914 63673 22069 96554 29290 17468 46199 52406 86912 8251 89598 93979 40205 90336 90802 83558 92345 17305 51345 83654 11033 83404 7357 80558 74987 66151 51267 56517 80044 11003 75181 72767 47 33055 82453 7407 68115 31730 73203 21393 51909 49850 90361 17108 39576 14228 10803 54673 4407 53547 50992 94178 14061 54760 95950 99964 61584 21975 36610 28127 80576 94197 17099 85744 17905 82742 12732 74469 61466 12 88397 86419 62970 93418 33905 57588 60164 33566 6917 77090 92781 59839 74258 2588 84828 40919 22251 50061 24725 34198 18310 28292 77515 90830 84664 81967 33114 79749 34049
28631 43130 87032 88141 16606 19284 48638 51646 60568 10340 87899 75232 35390 40820 27695 18813 50519 73732 34708 26774 80077 44436 40156 39383 10308 28094 55829 41663 7455 26517 52048 51466 86179 10293 71479 13773 48572 99941 70 90290 73249 90479 25524 95265 41947 58546 33406 13243 64871 61002 4343 53565 8357 49445 54229 63792 10500 5714 57222 52427 29338 5168 59513 66727 8668 43988 53687 92362 17090 71101 1727 65161 66602 54459 91375 45411 22010 82522 42314 79317 75100 71927 68617 74236 73313 92940 12764 5725 28107 10648 34604 36148 40474 3757 11 86488 6877 88935 11713 96663 2047
25159 28417 3102 67206 71974 40559 54246 25665 26731 30450 74286 54623 50295 94520 63962 29891 73740 8580 69604 21984 36638 50784 40916 43492 83517 56562 81046 27536 48811 8010 80315 788 74731 77897 73201 72963 31741 43672 18043 27624 26584 54787 40084 75079 7354 84314 12909 52261 52533 68057 75149 57641 64477 29336 24601 38182 73734 12340 20082 50226 24466 14059 28202 53707 91903 84687 34790 24254 1259 99124 13740 23443 38946 21661 79098 55697 14668 24343 19526 19724 68852 2457 17667 25344 9462 36467 98124 1934 84120 23699 895 68665 72026 69284 13452 96863 29590 28945 78336 51274
22528 8185 10792 58914 8327 77803 15637 89793 58126 25728 87899 24950 79565 17315 65479 34771 58449 72484 33747 12736 17845 26907 22637 48408 65101 44940 27911 23188 68861 87767 95724 97081 40307 98403 99588 1192 30516 59783 90292 71835 67902 66730 27865 73852 80693 98612 47083 14172 50040 23215 62426 31891 27902 39879 39529 61217 14914 93367 33183 29801 61996 30763 27337 23158 82586 15619 11193 66884 29941 76195 48773 71735 79511 13433 76565 44473 55612 14462 33750 4648 21260 87197 65105 10293 20086 60629 60952 59027 47219 34223 3897 92614 20230 50602 68359 62257 95237 10730 63496 67382 32993
86258 15066 39113 62883 63884 81874 68933 67093 83585 17686 98958 91796 12788 80624 95099 93497 92160 90635 33414 13 15378 28871 72306 42143 44524 3728 43407 41342 2945 4481 19044 91722 38897 65911 23897 34874 33249 2654 39554 41741 43954 5148 78588 63452 50044 7647 95712 32338 57181 26633 47077 21996 53226 31957 7139 70761 20216 99607 53750 26361 75636 97344 862 22648 59376 54637 80073 62958 47615 43899 28657 78845 91997 1675 4188 21341 20227 89762 60717 12705 39120 32915 4874 58357 44451 9824 14390 61568 998 80618 48864 45952 54324 9781 86557 45562 84989 53854 42045 9987
47130 72745 90314 20015 11509 83240 11794 27058 63336 55793 41835 68188 33793 80765 76952 3095 90801 33556 46231 18001 80612 67841 65955 96165 8503 81075 85529 44523 24904 22320 88671 75673 1261 49976 60593 49416 49879 26631 91268 53180 59609 2464 81964 72637 14720 21090 12222 54853 24340 76201 66643 59436 55493 60318 3982 90261 94568 52533 20086 17112 51212 43910 79110 27075 66387 59540 75156 66703 40127 92783 56198 30363 65495 58627 95845 8472 48120 34403 73866 6730 51906 83323 22939 18567 11302 3481 80337 19550 28338 59030 835 73734 46895 97 3792 98844 84269 66970 86097 4784 23793
82169 95697 26850 29180 80475 42281 21682 58807 12271 30070 22771 53707 42745 7362 1497 11213 73156 22274 42945 84986 30855 16881 26455 91589 63548 28319 96701 80799 22288 67376 25659 63522 21376 82323 85477 21456 27992 19760 20012 86077 49291 96885 88606 80550 53920 92779 34820 14521 70639 29761 94907 28582 43947 44694 43987 87064 52746 89067 93929 18348 11788 15129 52189 34705 81357 86861 57019 58793 10710 86847 54755 62969 67533 98286 88703 23887 36949 31 73766 15159 82222 23484 94468 32280 85688 2451 35074 48978 98594 60526 63502 63473 94533 88804 12276 30013 43200 51900 59385 82961
26424 65228 52496 61099 61044 35669 97708 6478 79091 20983 47838 47695 13636 15950 4018 26466 27871 91771 51541 4932 28273 75168 3847 29083 2503 11965 49555 34225 61474 21433 82787 22499 75106 53728 36750 80830 35439 89757 179 29845 11011 91199 79578 91245 5857 18101 15459 40060 2502 14205 76567 80597 81529 50974 46227 53705 11294 36650 73459 92850 56760 89856 78975 97999 65585 10777 81044 51273 19576 62879 31971 93705 96499 15133 81525 96630 29903 93033 15181 23637 8350 49335 79301 16549 37309 77764 4944 32034 57937 46094 85910 33218 9513 44801 53273 19592 20089 30831 14358 49154 28705
6195 95482 97515 38672 94517 44089 81334 76617 2494 52513 72759 83706 65520 82497 90250 38573 46370 38721 12756 49369 13196 55391 88813 38425 97917 10825 49165 515 96214 34394 26468 17438 62038 98111 6465 27600 76332 79090 285 57097 47061 54009 73839 43987 76863 20785 6343 94630 39692 63918 4114 16626 23238 80021 76670 6338 60233 54352 12216 19122 48215 56854 74234 22645 91537 35362 52427 85740 89749 1814 42936 90093 6418 59476 87156 79 76924 1433 23718 75219 46376 40559 36101 51738 45944 31248 15678 85420 12209 77472 4890 61648 70972 1588 21223 94557 18407 17415 95218 41050
72713 83385 78601 80551 10310 42462 74988 14383 60077 64270 44010 94893 18545 68875 22722 15971 40049 92790 25490 48325 72968 93746 18364 64 61037 3925 53055 95960 1803 19554 7378 34733 96221 42726 64087 95194 10249 93925 21542 51706 25884 14926 36643 64288 99906 56153 57587 92349 664 1503 65225 76661 50087 93772 4370 71488 53607 92681 77639 97837 54246 71851 34226 43703 70771 95407 41898 6118 14900 36908 17113 80821 86636 78675 4969 61029 90755 82026 1587 2753 12044 37869 48509 61460 46078 70977 66517 49981 76282 9217 77940 98837 45185 467 10044 52831 99647 28172 85434 42719 55248
9161 58644 86497 51739 38077 84345 68474 82406 48309 53732 30785 70844 2225 22978 85412 68387 57202 78906 6680 39685 66513 21313 84081 80813 76066 40732 20375 90072 63403 1986 75700 85734 99811 5963 24702 51662 18164 37643 26812 77409 47274 19749 34336 47400 24920 51905 26861 76916 22417 47673 24257 14697 94013 18761 5207 92300 72242 89138 75157 8581 87862 5599 88953 1462 69243 68162 49550 5907 49054 9561 88878 81742 11734 30101 11818 59282 5405 77835 87603 87947 33055 8373 33416 13448 86145 47862 50041 89709 45190 69590 87577 37892 76961 36605 65918 84538 2230 34321 36358 63474
32614 73820 40562 80982 64773 81796 96057 49739 30579 17044 27455 79058 15916 90334 95194 26855 51457 57447 88817 8921 19124 99568 6837 66137 76255 93727 48545 4940 52988 44397 58057 99711 85420 35100 24428 49867 82662 52795 85659 977 13432 62890 6729 56885 54364 63763 91309 87615 14185 78092 83784 82441 17751 30835 22287 3378 97675 12178 18970 14240 79370 63005 50027 29526 36645 25696 8373 50346 9536 4668 91328 80556 8284 50325 73676 95622 47690 50989 46886 66901 68340 28793 59772 13785 55768 33750 32194 34232 40288 71763 18045 58304 5419 89027 98839 63510 19584 64417 4940 26660 15479
16116 6333 58904 46934 31166 39591 73656 58129 90630 72728 42934 78885 37140 64736 80051 21396 89857 36663 19840 73147 35254 96697 62538 94340 36707 8589 74398 66442 49732 1971 95255 50629 23191 39132 38538 63159 13922 40743 30570 33570 26985 21443 63430 88814 86388 4869 36681 22032 78851 86521 79101 52140 85093 2957 60104 42011 36490 95694 32237 97074 2511 81361 8086 83954 48590 61274 45961 16637 16918 61799 98580 23555 30994 42733 63001 60066 43979 34698 95695 4421 18140 19545 50833 94205 46208 48853 68303 75330 84199 55601 9610 53534 58569 58076 38297 35398 50073 71403 65324 30263
61071 74051 78425 74681 4962 42805 63508 24682 65014 95617 38143 72560 22313 82916 53505 9623 54903 58625 3430 94745 41536 47641 39826 9489 30864 81810 24416 56130 41481 95203 14008 13432 87891 47335 24453 71048 36349 14756 33406 5046 10891 11738 25055 77182 64184 69265 62539 46506 42532 65554 72046 36255 99565 80765 73681 45046 4861 46738 97807 53559 21283 22870 9168 84652 86884 66858 24003 66731 57123 40088 86684 83985 18842 7449 553 84600 81009 70618 60613 30058 43467 8849 30957 30511 67082 11779 9134 52737 19565 63305 61489 89772 18337 2033 67244 67715 10570 63481 16069 51307 31242
9794 56054 33191 68088 31301 46222 95676 61012 33945 93337 66857 25338 65016 40538 48826 87879 6264 83015 76807 70332 31976 63175 47380 786 77221 33610 39113 41199 13339 30807 9901 34579 34216 55809 99442 50046 89407 82816 98637 42910 35606 35574 7396 39795 16923 43491 49129 79563 8834 6697 47169 97 11195 35392 47698 46948 33752 12581 12194 84286 55577 90638 45364 4951 8844 8621 18725 68344 43213 87563 36159 1688 27077 67356 97607 50623 28839 36192 75716 78447 31165 60483 25735 40042 98884 88493 21507 23 26860 92447 73552 24897 7122 88649 31770 26175 48144 75047 10026 4622
84640 24274 84414 53527 20187 83182 23171 19601 83953 5095 94262 81011 96189 58157 68352 98863 37602 76267 30802 52537 18756 57705 59810 76223 21771 19547 53234 49982 23250 86133 14174 11402 3640 22039 76669 66822 14739 73391 51762 14971 62517 8073 44407 28000 81887 14004 33781 46491 61060 60191 92732 20035 71442 20780 53920 27817 30748 86099 39542 14647 83767 11740 48798 69261 63056 55877 29525 95828 24226 85010 50382 52379 97239 11787 70352 85763 10790 9354 16519 66505 88695 56594 29 95860 121 67287 10158 49264 95638 59096 68334 74510 90066 98010 81528 30508 25778 15489 77848 71130 78617
63492 97516 1715 13241 98310 57210 9824 62898 94439 32264 62 72675 83556 55011 52239 6277 92794 4180 20181 65174 910 10776 73035 20504 34214 68347 80527 49035 27923 4912 54174 9783 96115 15967 66865 93203 77633 95233 83539 21953 79586 99014 41560 14879 10029 63935 84208 3733 42749 16835 12925 95661 14370 98575 54007 61057 31768 46888 88309 6932 56460 61520 2020 4941 1 49108 70465 39067 44513 70557 23009 15533 62694 89883 35067 77390 60852 64361 2974 58666 40364 37799 49745 29307 492 29395 31701 54195 91512 52436 1814 89850 69179 82458 66357 87874 20957 15095 56168 91541
82034 20574 79839 96151 79343 16664 58287 40025 15513 117 9988 60078 53692 11535 87567 30293 90362 54933 21013 66963 91746 45199 1149 89416 29800 37556 40919 7328 67644 62692 73924 43844 24519 33929 64739 9170 44456 11259 45449 64703 82103 64898 22466 95188 42534 99550 42739 81786 35146 70769 10799 26592 97648 94883 4113 12 87397 94494 66391 93819 21444 3974 2503 80393 86178 90525 28116 536 77165 53692 60082 37900 7235 32842 48882 94006 19987 90201 94583 76628 75111 75265 49888 4364 96646 42106 49777 60830 42476 14301 95698 8 70044 7888 61748 67940 2789 73805 58222 48203 98595
2 10057 86310 48839 1269 95267 33411 10860 63458 79482 54743 73229 98958 49452 29103 57107 93736 94949 43168 26469 18360 5960 7354 46860 24449 60091 36642 40509 35149 58185 41526 89117 76665 20935 81723 36657 88362 52507 75107 55618 80208 46741 54726 36333 83900 95195 48627 12977 35677 39338 93737 70177 22348 78935 49896 7378 33398 91286 54331 9780 13741 72970 35070 35247 21963 67593 22306 40863 22308 46857 77038 33325 19068 56636 3698 59178 16157 31787 40094 57431 10649 30291 56168 24271 75634 58594 62541 802 37243 40744 83009 19865 66153 12874 74396 11818 98378 15082 42640 85962
76431 67360 81685 80295 38912 32255 51518 71426 19582 84986 53683 30041 59836 62828 66223 95244 25692 96152 68579 86823 95144 39627 54370 33761 67905 50089 92182 62721 83399 80554 4954 20046 18313 71984 35418 61138 36757 21039 31830 86857 81563 43925 98614 40882 93179 48904 95635 50102 86460 46190 18335 8452 96569 52467 65941 90974 12177 8151 56164 24622 31931 68120 86045 63949 37818 27418 43953 63705 26742 22929 67241 42185 18152 87133 41553 85759 56453 55181 74734 85646 91550 60866 93245 88340 45885 27494 34168 36169 61788 83011 26400 93977 39901 99688 90034 39780 4997 36891 93932 51923 24714
64494 69278 80899 75784 77824 85645 55595 52320 91802 23849 45143 12833 44987 37449 5369 90351 92764 42575 74184 63527 68406 97607 21085 41510 30853 41347 17906 61036 88344 7873 90879 75299 80576 6869 12 99450 67582 95267 19884 79556 36882 88332 48398 25250 34782 27612 56202 8985 31294 1455 13296 33998 25690 9827 45096 86684 21772 68391 93425 47370 79324 94940 62706 81128 28664 3727 99654 37805 5560 37344 98604 88546 97409 10385 100 57209 45979 13917 1505 73316 70547 61608 53197 59492 10105 18552 14610 61579 34171 21728 1533 39639 11031 70166 13421 25454 60092 38354 6334 63048
57369 23902 40704 13494 84196 1817 85528 90356 83783 77808 80807 2488 78045 66976 92529 61609 81072 14614 62516 23786 9139 80112 90345 52930 17340 94527 75183 42139 97459 73910 66125 973 31311 12893 47560 79345 13886 9106 7062 59104 4319 45649 9633 38785 72813 38715 30521 96850 46477 82031 73716 37263 30862 20087 24479 64464 76201 8003 71273 70118 86340 60827 70676 20330 61441 88769 3624 26904 58409 7794 23509 22669 29910 21992 81955 93286 16456 36155 9350 59029 80383 34121 68397 68604 69339 82514 29591 45440 65654 27817 829 464 83251 9537 61001 65910 64724 78569 53210 8567 4272
70212 33828 22578 37596 9968 68331 29403 45999 99626 68929 20960 45276 42201 8367 24537 71473 52482 49022 62451 78713 94723 3972 63931 1300 4415 67158 57405 92307 68352 17576 16761 98303 49928 59549 80574 48782 85414 45049 2488 9861 17374 87891 54183 90458 35691 40435 96297 58116 61902 88939 23072 62224 65030 28298 30863 42145 74821 27961 7631 51585 73867 94041 78151 42522 50810 30829 70779 56519 22463 18889 76366 77042 37685 68365 47377 65680 93271 116 33756 17971 93217 27475 92448 15255 72274 64900 12279 4841 75037 27011 32749 7778 61888 5658 20615 19333 60446 4112 66334 7035
63534 16641 79977 98205 70202 44673 68070 6405 82480 38273 47192 18580 47766 34520 80930 4167 78168 81331 19735 61046 83941 78137 80316 11063 13242 77256 50710 17435 64959 24948 28275 71841 21047 44520 77539 10071 33391 14130 29753 90350 7397 27473 39595 66937 21967 55624 35137 34790 3328 95183 20953 90506 11040 3031 49328 7968 67398 38067 76653 96622 46395 88690 29028 9623 34050 23570 20363 12416 25905 27839 32254 44459 5392 34702 27889 44695 45154 41728 75918 33389 9982 4411 79953 42014 93950 57212 40928 64055 15814 15098 42911 15356 31568 95952 12675 94034 56613 60418 56681 2452 94200
35189 52720 460 41025 9808 96917 7792 98710 62047 78221 28968 76750 55622 14209 51628 25070 76400 86035 10713 45275 90113 51338 80973 9251 56464 34838 19037 62297 44952 14378 57537 26594 70295 42170 52298 87422 93252 32735 86050 5362 3004 1229 72780 7804 47630 49632 74592 26346 48328 50815 12 23932 80321 13768 5611 26841 33033 63512 39395 93777 43277 44180 31752 82752 30778 69319 83544 8329 52521 94592 54856 43692 21386 1038 44607 81335 29449 19578 83026 71829 14627 55211 31935 41529 39895 80573 22981 66924 92800 35064 84230 47365 63431 73556 63284 13946 45210 89472 76092 41107
65954 45651 52276 53404 73216 21508 15185 58199 83974 99668 57358 11210 4419 11611 17150 89756 50941 83991 69618 14641 42767 10806 85729 46234 64666 66924 21990 78121 20797 40373 28171 76231 66652 36166 64961 60900 54987 27077 86066 84879 67077 14175 56597 63929 62898 7652 15683 1864 55477 38533 99279 62922 54246 29996 62746 64727 60089 25211 43294 1476 17175 20159 19388 7383 435 27055 40439 37411 31980 12822 42713 50052 76678 9056 56095 54293 98594 22598 52497 79072 79877 74488 66905 45106 78 73148 97398 29427 35669 55272 99927 7785 31438 31095 32339 10466 40549 20034 18062 74715 97598
63465 8026 53906 81336 94688 66535 45449 33185 68763 324 79511 14685 93942 73814 59371 4322 83682 37643 61372 41556 53501 44054 99563 81995 57198 8289 71762 53059 39377 24437 74458 56121 82427 31513 76693 2498 8807 13981 26817 66491 2511 54356 64459 56173 42231 89316 5893 16766 47024 60274 82236 9795 30117 67065 87394 59539 42 52146 56164 59217 36645 20960 18085 95190 30482 17280 14730 96442 75191 57185 55153 56709 57303 1474 25153 30240 95346 51343 43953 73657 12615 65893 82927 92507 33765 40540 11747 90079 4668 8606 92824 38577 14685 27899 38799 87204 2962 58286 92339 31762
64681 92109 87414 67618 49975 41523 79897 69337 27398 92796 68272 22053 34 85435 32286 27326 17649 39351 36775 58103 62498 71810 14912 50073 57406 37521 75714 64199 60639 5430 28863 29510 79532 26397 54420 78112 52941 41849 89064 52461 9764 41795 19315 64981 71759 84209 52786 48797 15662 83406 67693 7373 79844 32766 54215 44713 66670 61998 92144 81108 85856 11016 49468 86434 24443 73732 4518 90162 48378 30270 4189 30550 72657 27645 48508 54522 41778 4932 26852 4694 45908 12223 60047 26593 78810 27405 86490 75713 79564 91586 40071 3663 38162 91989 65991 99160 37603 8291 23805 61023 70741
15967 76657 31763 43730 76102 43315 52232 97113 59789 82988 99827 44464 47073 70174 40069 24419 17337 34979 82996 31615 14252 28027 29503 52256 52468 97997 72556 97625 53166 34216 59402 62228 18477 52187 35914 30522 19594 1189 36636 34488 59858 55832 67878 97073 57696 18935 19544 1010 20503 62261 80530 89815 22147 85075 25409 49059 7800 43717 62228 12724 29813 66712 73234 65174 729 45473 74509 5603 3405 81809 72701 811 30263 33403 221 46432 33982 59852 37792 24443 69563 46398 97969 75581 95469 64588 92496 2798 72033 15457 25728 95629 90130 18 85199 79512 84284 78162 53247 83515
11480 46211 21591 49348 42603 56666 87403 7959 99473 9213 65217 25611 99981 43977 20784 64941 46214 86695 2501 20044 61812 92722 39031 39089 96677 45192 25370 49593 13442 31036 87270 58617 71814 33851 79489 40047 48732 69562 4957 70824 66233 32528 58632 48 62148 72763 6317 63468 17819 31748 15689 89305 15087 83457 60421 2244 53507 65922 498 32553 71837 27307 55602 94679 58583 68382 26471 37643 41535 52737 5611 1043 13902 95679 549 8605 46839 47099 13373 20221 74735 70782 53958 22922 81009 7797 97502 27870 24871 65187 32017 37218 1907 50012 36254 98377 63902 16507 24267 64417 18626
76922 60743 70191 44764 72374 25942 79415 41502 37602 56724 59395 84824 22173 56263 9578 75618 69437 98670 33399 64404 59559 87502 50810 61591 79844 96192 53929 86408 88932 43471 65697 65087 62704 70268 31710 34708 27576 86865 4937 63494 65980 25307 4563 37623 31796 95335 64555 89114 9628 48231 69081 33142 57627 80364 22035 61603 51302 95171 75981 82569 16665 21993 9789 7254 90887 81639 245 1897 40089 24227 24939 92772 88907 59305 42165 87893 53069 23135 23155 82462 38459 76658 50095 43003 12871 94726 56052 57598 25149 29828 910 9319 65474 26179 14670 61021 76254 18445 4893 59568
61035 36327 47097 55949 85070 43673 15291 95270 80525 56420 80757 62467 63477 62902 75182 40121 25262 31778 68468 32250 80559 83358 34840 49344 93796 15106 81863 36172 36822 87945 75251 79122 20090 22002 94171 33404 46013 80077 33643 30797 44931 6865 96639 44319 37142 15439 14685 96240 71996 67735 32243 50045 93751 47867 85415 9053 76966 18618 9971 21110 59119 24970 99084 49793 71276 95236 97155 96889 54010 77320 33402 44334 70816 57363 73991 86746 46719 85834 49404 32761 19798 58421 71653 98725 45735 1734 17151 75196 29806 8629 65200 22394 48392 65027 72088 51255 35894 61072 51249 35964 94888
1436 5336 61502 62397 7887 33811 50696 37117 92730 82001 44509 78100 48879 84653 56237 99481 53732 54889 30082 70812 13102 11979 61584 81341 80044 46695 38482 17440 14374 91541 64417 57707 54723 74448 82 85951 442 61074 16215 98099 28837 80518 38154 6968 26820 77661 75739 50897 74759 44418 95221 73278 90328 61825 16925 82570 34152 40242 15583 8505 99301 83025 91082 3072 44043 97613 80221 78526 91036 29559 87288 37792 85222 15484 76234 30856 36672 10891 93816 13216 92748 29988 35034 90487 23875 75499 59201 74446 62265 8434 63458 68675 6944 22056 11483 61163 52490 23903 92428 42911
9162 58909 20053 41866 89 95178 46430 25619 5627 36542 24960 34632 70118 13723 91268 72496 4881 61912 15056 90295 85429 17783 35145 2973 6883 7323 79122 91240 9811 63478 32542 46620 56623 89341 93090 89694 38534 48112 71110 51757 51275 65899 76633 60951 89117 46205 29360 90107 72575 21283 27544 30238 96933 2207 5049 30604 68859 18762 31162 34833 48876 68698 43515 71871 45129 36301 25645 85679 36135 3898 85407 17115 34158 2215 45876 27529 16698 63498 729 72286 98930 58597 70826 16615 48553 50963 14066 40715 57621 12994 39536 96777 62280 61013 41877 59782 50831 29816 75093 49045 98801
40511 95479 8940 14665 32974 70214 41536 52093 70813 41500 31190 54789 116 12263 70037 16664 56520 82512 67770 16 25782 60046 49737 32705 24660 46635 45874 80581 69600 66217 55597 30851 31591 28811 89878 28507 17579 37868 40361 93685 36611 68531 89078 95968 45432 78304 89744 42751 61960 82831 6326 93975 50076 91710 61198 74875 18615 76541 3984 44369 47886 56176 55146 39191 27829 4550 77860 57908 10483 38187 95072 95050 20615 7794 2597 19516 33038 36012 21968 49381 27887 95997 14949 40720 48337 54219 20636 503 44424 11791 92812 83474 70595 13443 23691 10099 31798 51248 6860 12808
6915 31561 93423 32264 87668 56285 65774 75849 40350 15782 8060 37854 4138 70783 82714 66875 89404 550 1608 40017 74231 6411 57190 88143 59687 47326 15093 68985 49530 17757 36871 87724 58597 43448 64762 17647 14045 67936 20331 26110 93984 71096 10330 52926 12518 60852 98657 70273 33047 62452 25978 25074 3404 93688 70285 13189 65901 88871 53569 73253 66813 58569 56389 29295 60701 40917 55655 7066 66730 43295 33485 13525 76133 12809 53693 97810 6392 22012 1197 33401 39781 37684 56772 32342 1467 11480 80571 63551 71751 4898 12168 42224 51978 92320 66007 87392 33243 76 97004 62293 95186
3022 47245 18034 6382 96082 21029 18342 46617 72568 32995 40006 55004 96080 46181 59117 61005 91216 90772 74750 91586 46588 70458 14676 47581 21353 28288 46374 85897 65254 64550 89785 74709 1518 89516 92267 69298 95327 47600 75221 12906 22069 58585 17960 5986 135 61684 489 10217 41958 99819 60369 43355 7679 76163 40047 93044 44328 47370 25154 17448 31666 31821 74981 43332 20571 28795 38185 14663 46438 19548 85433 79179 37324 94153 20364 54184 93981 69811 11044 12997 41492 22206 59107 45573 92235 75645 77168 30789 45786 4976 9811 11195 52771 71472 80580 94540 75322 59907 62575 52799
28301 46778 9879 66707 95072 92799 56470 37429 97150 79685 86202 13136 43284 53144 20309 31538 34161 80597 1024 62626 25642 84906 73292 55204 47658 29642 4463 43279 63451 94684 99676 73277 16524 84967 63459 18611 58636 51710 44381 14362 61558 25159 22513 41999 79251 89645 21018 95642 54704 36141 33656 16526 43929 46132 33014 9778 64097 81172 33405 21273 29083 85420 17153 98601 25043 84547 13822 24318 37871 87920 38084 93363 65744 61636 70180 8242 23229 63486 42097 34644 8050 42471 46422 49524 72673 80523 79785 60542 26433 85123 88880 26717 61024 43235 70767 77119 62495 76884 59426 12207 80071
74514 6398 62284 40327 45395 91285 91303 94717 9731 36275 85755 63651 43823 36328 21107 59137 58880 98773 48517 59952 75184 48544 75853 99069 74253 35977 82450 91297 50328 20538 47637 72771 1 80449 2993 82 89 19586 40812 17535 17674 66981 1228 92733 26899 95257 52251 25695 19324 20586 9405 31834 11308 49432 40083 25205 32537 95231 78143 98645 59802 18058 12919 74681 20975 14367 1 1232 79826 32387 36701 13498 98129 4980 87203 93235 34817 34760 54182 3399 17646 29362 43370 24025 97743 72556 20820 20236 13239 47328 20146 98916 68343 59238 64435 1485 70995 74635 51279 48003
61144 29525 3253 93255 67211 78325 46163 36660 34931 93990 8170 94964 22648 67078 35148 40047 84774 12139 13961 20560 25210 93020 29328 83562 4653 89738 52797 86920 73289 17602 27659 9302 28358 5975 88693 9975 69652 15215 72668 89855 63289 34214 87229 3928 24145 93063 60864 4469 21019 61566 62980 65935 52334 44549 11621 26623 84658 17123 79147 13179 66758 79075 83536 73256 39714 93237 75338 75652 47341 41070 54655 27002 32391 71805 87167 54246 32211 63557 6646 61518 19422 64169 52584 50067 59217 28660 36190 71470 68624 15665 95771 2584 46222 69648 8346 47169 79859 51287 8048 61528 3738
5306 55355 87912 41941 35118 10509 89908 72022 14158 98876 98245 10437 58192 5947 72505 81743 20949 27439 70560 28084 22002 58623 34063 94992 24303 60805 64498 48007 48346 49466 58312 20045 14165 22985 21973 56397 32959 33029 31814 62226 29283 44035 72399 50963 92302 66444 77186 48365 78845 69179 94245 75671 42818 96719 44478 56458 70021 73697 37973 97185 80539 52512 38996 58562 16540 1732 42024 49580 85090 78629 24679 74354 9634 94022 8555 39109 54331 85375 61952 26364 64137 75447 29299 9282 63260 43314 82217 82649 77898 64705 6184 16787 80887 62246 14363 62309 64719 83997 80862 9273
97617 27464 61123 88549 88322 60755 4910 44647 98139 53074 82440 42690 78597 76306 9315 40093 39774 17035 88329 34174 97202 9856 92334 24157 3751 45887 30801 50057 35602 39798 58608 43610 51897 14017 36606 8808 46399 91806 4499 92384 93433 68887 43668 25038 75063 64228 75217 23225 52052 12272 56169 10393 50345 75945 49519 44207 97834 116 38179 96038 90343 85406 72944 4440 90287 32291 57579 98097 52316 58300 14363 97676 72566 12518 19959 83637 78435 28414 97407 99675 54424 95693 35906 78404 5242 99382 46200 24968 88291 26724 57553 24942 65414 96706 9817 32969 95776 23748 3707 3966 83546
94406 59400 14718 30566 27819 58841 70195 93745 6389 97714 33409 47401 66047 87580 86842 87248 80559 61117 36461 64166 55209 24417 64741 34170 88906 25396 14803 16118 89804 84294 2105 62284 84830 37032 56603 75642 40581 88103 2500 93287 23183 64518 43013 68844 47847 43269 34706 70790 92797 971 6116 1832 89198 42463 26889 17074 26281 61322 95748 75646 84281 40903 47896 4848 3094 61492 82167 9283 1 60799 72042 12244 49781 69995 44950 50249 22196 2478 71504 96934 45 35385 71709 68387 32493 54535 15877 34189 39032 36627 91219 23455 65580 1680 12543 45258 41039 4364 50076 51874
98643 34959 31450 76184 80878 39275 39081 29336 21683 73797 42727 33889 19742 70191 77639 75854 37586 85660 88490 77400 97404 17129 90307 79511 22802 119 62013 19269 58604 23921 86918 55485 71602 80525 63145 64950 68834 39074 75880 31224 81239 27208 13398 23511 80075 93414 46603 11083 29879 98147 63404 64870 73492 90300 92789 68820 43366 10 85914 8809 86140 67415 20953 58592 37861 26778 41088 54736 6804 58752 58855 33426 46004 42032 4104 48550 97120 51020 41964 80807 99564 97461 18305 6200 41317 69053 41620 88353 33396 49547 69552 36077 58594 82937 39309 23503 23206 85179 86937 41355 49621
35048 83499 27406 12729 26647 30788 69653 11024 58537 67644 39379 57213 14444 71483 65220 41487 55688 85014 84851 79329 13295 29892 58356 93386 18790 62490 15940 96095 52061 36667 28802 31243 80576 21166 91832 40261 62077 4746 77407 7774 97455 56167 93261 96189 86324 114 71462 78382 17060 42958 97075 38121 69135 17956 4956 94144 12903 89267 86785 7177 86843 86894 49006 88832 96724 3654 97426 23883 10726 65315 13899 41265 73756 25143 61030 66413 22426 96897 83474 89086 23027 82435 20452 52228 48352 86357 15455 86377 16413 17672 65566 36187 13895 15154 52329 88645 27511 86338 89356 55600
41492 98028 65915 62864 3703 18770 28132 32979 48704 67865 6150 51729 35951 95229 2818 1225 11757 66718 60769 93763 73223 91364 12838 13255 54005 48868 60083 78260 4811 37338 58100 59011 82529 87845 29336 43699 13620 6177 68648 444 60540 71315 93382 38834 57646 32561 66956 48592 91791 53734 946 15276 22 36864 57354 27145 71116 106 60531 54938 75674 66922 15186 94187 81248 17658 27374 64168 81777 80540 6321 19588 75199 43722 65033 45781 98903 48672 47746 65222 40050 28134 12337 75670 45021 71792 30725 99342 35989 18564 56475 76242 72454 3195 78657 75259 12416 52789 33080 11290 60667
54485 61981 3879 3128 59836 88507 98033 64768 80080 54012 42035 43439 64892 22965 63208 10406 7349 94546 70517 12975 92299 76422 77826 2097 70746 17186 88055 79909 70971 72776 78190 95252 54497 40059 100 70462 51690 76935 70610 73987 22029 33057 2454 83282 17829 12546 64891 78025 65842 29662 30024 85432 49512 65226 94515 23823 64704 90285 66886 70223 44065 93530 14208 43255 75869 71508 74091 75132 15031 91952 62054 56135 39405 19587 8631 33308 82987 87787 84457 92568 35142 56609 514 53749 76773 51702 40728 2454 15286 19121 11973 27564 91305 72451 4435 79357 87418 70372 11757 41080
39099 36849 767 35206 78876 70389 33765 54227 78092 17834 85167 70972 84170 94705 89573 96731 6917 29008 91803 80502 22074 81205 98355 35910 62677 2507 24008 56121 96594 86859 26858 45824 90813 36175 63493 13670 33036 77801 70368 30895 90963 78041 95629 39519 11072 28550 16107 39054 28101 60876 49434 79179 50032 12105 98746 80532 20086 24960 15863 80380 24384 76280 14346 10526 22047 2888 37313 85471 26292 79343 31207 13265 73595 35159 21095 31057 59600 2986 66153 58651 37115 66456 75055 39628 87339 14363 67591 45363 27382 60930 34139 47200 69294 140 20009 19586 58629 37866 48062 31263 2875
57575 53538 29871 76234 18114 18491 17377 9567 63705 15100 68162 31113 79102 48150 33420 32813 36151 67340 69096 73748 79890 56690 39077 62860 95227 27477 70811 5629 43853 60256 71583 20023 6354 61514 21866 34151 56862 91426 69898 71267 74765 3424 79407 45346 20587 60524 62701 39069 79364 61493 37589 89809 45105 94888 37891 60063 34697 30878 92753 80524 77657 17154 58578 31572 66559 40114 21474 37113 33399 96615 2622 26375 68820 10247 10348 51919 74627 61975 13488 72269 38182 36695 33943 32407 99083 21492 83027 40363 15226 89973 5783 85305 84981 34260 7355 71215 14212 95260 99937 34821
73220 17573 88919 19765 33009 2101 74980 26262 24335 1483 95488 33677 76194 7938 13140 39631 44431 88 92262 58660 44947 55010 30223 98589 12252 92111 41540 4467 70734 73003 90576 13774 48423 93610 22495 24877 57189 85019 30030 6612 26068 39218 85717 57221 72951 28590 79520 82500 57134 45442 48878 17553 50825 4453 93942 64531 35621 85713 82090 1006 95161 96578 19351 76181 20152 71609 52591 65226 30854 17137 34183 99339 67139 90366 97313 45963 99610 4947 95112 69824 24307 5566 27382 66423 64665 48352 81716 85423 68836 37578 62976 70361 96783 70772 21493 87578 80344 39687 99621 82783 37329
78058 74220 8064 1751 21050 39097 118 19328 23920 62955 45174 26904 13483 28705 96518 58563 31199 51282 71267 81498 66020 78586 45789 54277 98143 73829 20549 85192 71138 26885 85412 41725 19556 22658 3567 79371 10280 99076 24803 86906 93721 47435 51625 72506 98388 32948 81090 15486 26854 78755 15697 64249 26854 95727 94624 69292 89132 1536 35586 20462 57160 56071 13475 38562 71007 94935 32313 9558 86451 38507 78132 4886 51896 83422 30670 95875 34150 8105 98997 20176 15490 24607 7352 90310 77832 48070 8582 41325 69264 62260 77118 38628 44437 51248 69279 87764 35147 54208 20047 63512
33043 62121 48119 30856 58052 53161 84715 40970 33416 2026 75681 58586 86887 99627 3844 93093 13934 38536 49332 84572 1 85737 13006 64957 58272 59598 30859 24457 75875 48781 81508 8796 33214 22307 36325 28334 97452 64141 49283 49982 38144 16650 40922 16899 34108 1332 93801 76140 17159 25070 33206 86854 42897 35229 50818 48869 14119 59085 98334 72237 42519 73665 84657 76946 23954 45913 25440 54915 62805 64985 81655 57797 13139 83970 69354 26438 23454 75573 30501 39062 6614 90792 17136 82961 3918 8788 90732 54945 47163 61834 92765 18622 27831 83691 70997 29329 71478 13597 79378 59303 17997
70827 45728 58173 23162 13480 67792 7333 62007 79824 29891 17102 14917 9430 81230 1291 22030 13168 17858 14390 36888 81375 79350 83001 94549 87353 23172 86820 13617 48395 67098 16217 41767 66913 98904 1243 90349 99658 16330 23490 77822 50254 67081 27444 65008 59390 31780 67870 80976 75699 40115 49829 22950 80000 71077 98608 51553 35070 16685 14384 83438 90823 39838 67322 58595 5006 74686 21993 39086 2716 86839 74210 99102 44868 69137 26192 28100 75774 57519 79642 72681 46573 29720 48401 21529 50314 4930 26916 23537 43482 25874 5974 92345 31262 55379 28648 11215 41723 91745 3093 24014
23131 56686 99476 78636 35398 53970 57737 80560 7877 38923 80760 67554 20137 71750 74875 56653 39608 26446 91966 82890 96935 37507 60084 33904 80480 67579 59950 987 36413 24892 58598 11581 26868 50482 24621 78155 22878 70827 53671 94818 68486 23593 9348 26309 81057 40067 93858 54745 12770 63944 80810 94876 51296 9802 76874 3055 54242 25934 67866 56187 67516 38797 68527 5119 62056 71480 13454 15102 24 90382 44610 32260 20081 3040 91745 57174 87512 90040 93241 75056 93941 39712 27439 2458 33784 24856 13758 34834 78619 36630 43041 69832 86907 91793 36610 52522 95959 41904 27961 19073 52466
34223 70325 744 63566 48878 7864 66329 77149 45661 57625 14763 22146 44809 35415 18052 20511 9041 36649 23858 73984 68529 42115 90592 43912 36345 67549 59378 97627 64411 99052 20887 56973 5212 78353 37097 55264 65502 82992 64468 42709 31777 81979 90627 56760 36610 47573 29371 66714 84453 51317 68382 45405 6909 97969 14365 12524 48992 67363 75199 99436 75077 17143 11015 73857 41723 91661 2478 37699 23436 75174 99537 75048 76402 91541 3162 79899 51329 13486 69064 51911 13893 53032 63444 38852 18294 57555 46236 58075 53905 42158 96202 77890 11737 2957 28717 19856 29573 66857 22040 97125
30063 95454 42935 2395 15916 6623 6724 69263 67488 84236 77422 72713 55065 35988 60407 29587 39099 78155 83248 85632 74764 87411 2310 64958 42331 85448 69135 13708 11802 39449 3039 20132 48246 117 56515 37053 22023 38531 655 80075 95087 61413 16415 38863 611 66617 94033 46105 84811 50486 63841 75676 94434 68692 58677 54985 40367 90298 18476 86207 53080 97631 70214 90014 20949 6951 5576 72566 85760 68874 84903 68386 56119 1277 11763 18128 67160 83805 45042 32991 83016 74440 84228 31375 19954 97360 13182 64961 67747 80293 74221 24425 91486 35893 94145 466 28440 28491 38754 12201 15594
52187 39992 8538 93077 74884 30523 96671 35993 42328 16158 9794 15335 7787 36133 61971 42346 23159 16155 41947 33730 23838 14461 6335 59445 98435 65933 24860 48882 13277 65269 64506 66885 81720 78639 17513 20176 44168 74742 28636 54243 7360 59105 50129 71514 36339 68772 73738 33024 21584 6132 18192 44796 37630 49483 30827 50092 77399 27971 23028 15651 72341 50065 3128 59017 22011 98203 49806 86119 26358 90037 78898 74975 79478 46400 2662 27082 89346 42200 19719 6898 92329 4961 1926 46409 70558 84181 29119 34864 37125 3661 14683 56340 77620 48491 60062 1236 18874 47967 22594 14197
95523 36893 45172 48814 29535 30326 33028 15437 90274 54918 91508 10784 88664 84801 51151 31120 61196 34349 46397 10926 18331 78672 59872 83037 35824 73163 84480 9250 76963 33639 57197 85636 88395 66336 84526 63580 90860 96722 67085 27617 45473 57207 56388 49619 11620 23013 2025 49512 17081 74407 80548 16187 75647 12947 2443 33515 90314 94714 75621 92277 28283 60060 66926 50478 29806 79956 11057 50726 71342 9983 63645 72324 73007 35419 11220 89041 49307 36033 89628 3385 31683 85257 23834 90284 81709 17928 44673 61222 62763 19235 93239 59033 35906 17632 53920 38431 83774 8425 43953 4 15203
99309 11777 59440 43825 2493 20988 27007 32559 1265 97470 46087 90077 17691 22007 64419 90331 35952 33425 2490 95224 19361 44982 36657 2296 29975 56187 21998 15750 19601 45455 17105 34130 42953 87557 15970 7524 36822 28818 69788 57112 51130 77615 81780 17154 21230 79379 65295 82511 77423 18611 36839 62265 62259 92093 30832 7805 60379 40039 95716 95194 38553 43522 95172 94185 8693 31153 10760 47655 31114 19551 65000 14509 810 59119 46370 91326 52737 78702 8352 13585 72190 76160 57793 63477 51869 16900 59217 67359 26844 4293 28350 50841 22811 61555 27926 64 63670 86910 31754 5239
