10 19 9 911
82673 16238 36595 94863 108 84277 35297 90469 596 36511 83959 60773 20337 75377 64401 10802 60677 10864 83923
69690 55068 18525 50526 92146 55297 81009 84565 73404 2869 5625 47941 10846 493 34990 41810 88424 15776 31065 71855
44686 81784 57620 93098 32867 23997 40807 27331 14401 5434 72889 27989 67332 38222 97001 79085 70886 86623 84527
91037 6096 91671 42579 79063 32292 27341 78213 4531 55545 59799 60471 76147 80483 72536 7829 58729 64281 27252 86101
82092 63971 90305 13635 81880 2574 737 26139 83472 76049 38957 27671 18768 38453 96386 82212 3865 47927 95079
27811 74925 57188 447 9411 86404 95405 51017 70910 17197 27746 78417 95656 95473 45571 68740 45769 18865 805 821
14034 65957 99053 65102 354 21695 20719 87266 82672 13440 22166 9699 9193 32977 98374 5551 80394 38289 29931
73057 88064 86352 11573 42787 19011 43624 91437 64308 54946 66529 72682 60147 94634 59177 36736 9953 46391 98504 27996
58647 70728 78143 8728 19066 85009 10147 78170 10615 90398 50256 649 5855 47316 85494 73752 95188 63819 29947
56915 57185 24471 68068 20470 60301 47403 12319 29098 5867 27396 25306 24267 43104 24670 27541 27669 27544 84213 2621
