100 100 7 218
43751 65126 86474 2624 30800 99892 23860 91929 66887 95885 69948 48453 77012 33417 91061 80466 28678 3542 71117 22575 13951 59053 53063 64897 13727 40486 96166 28869 69409 65548 45273 30159 8270 9303 31554 17150 84792 50766 15454 29566 84229 29859 89892 7932 42925 51062 59883 58682 94244 59049 58327 50506 82639 51160 742 78422 88353 26267 26895 23559 45513 60771 37233 13220 54894 72833 97475 14829 62036 12953 53014 59984 29109 61813 15012 20119 35398 77032 36835 27157 66835 195 3331 76470 9325 87088 4527 64833 36252 141 97650 40625 86840 14264 63466 88403 15823 77920 72538 77719
97699 25633 27569 62901 31561 2764 10591 58599 13784 4035 14273 73884 38148 26083 49726 76032 68655 68150 96112 41218 30739 53777 58986 58866 97197 81508 23612 85152 71915 5848 31426 53242 20246 88320 51079 22735 28646 76575 12057 36565 28385 85195 29881 98351 7509 29436 53065 17599 15575 35825 67975 13790 25492 7331 35765 69129 91400 22901 24853 62974 33435 22093 88822 12427 21667 3465 74330 59779 98717 12281 10569 26794 34350 83893 64237 97388 37255 14297 97612 96434 30183 17152 3395 72250 6601 58349 57572 28089 32359 48244 72312 10251 46589 77290 509 83581 18831 56505 73169 70507 86427
35629 19308 68245 33446 7722 71306 40299 56330 74225 59412 22427 77361 47805 78492 48505 18082 76942 49080 14556 33115 24799 52794 43349 48994 26424 36304 58885 197 59648 66759 52961 30522 96208 41322 18474 88583 66380 26439 97348 11104 4853 26675 37270 13697 75624 56896 59010 70104 92354 2720 12015 238 86436 1340 30284 25019 49090 36256 91314 51219 49448 3751 59891 90375 19100 41591 80515 67650 90265 68756 65140 2025 30195 15096 68808 7655 25508 13180 44256 88382 42634 87666 41258 24860 76504 52031 76788 31173 21864 29775 7903 54672 89191 96909 32148 33420 92282 55101 83127 72830
79885 76631 83138 44247 44508 1459 3480 31850 51713 19458 64822 13404 77694 8812 66856 89160 28840 81214 22314 6730 36818 96534 30982 88966 23636 34381 43769 69453 78030 32756 74936 86403 11528 78203 60000 98192 36097 46842 39631 1680 10441 73726 10023 97503 36368 5708 20524 81740 138 98850 18514 20307 5503 84491 85703 41256 7992 72570 40647 28845 7812 50021 6185 59472 22 55626 70408 68685 53663 22368 73272 62562 54426 16447 8294 80653 31406 25055 81512 99947 78467 54612 3770 20403 67297 647 6571 51894 75183 7948 57248 39304 11780 11333 57677 16827 64850 75773 13284 51153 66389
29693 94177 52999 63999 70686 14999 95692 61209 74089 26694 23726 69841 33319 24184 37931 46385 60911 58871 72908 89817 60787 94006 86103 28086 23686 21129 85043 16550 91168 32905 18439 25886 64238 94241 12152 94310 77679 25599 75680 9485 51898 26587 80133 82599 83862 91164 70453 60628 27637 26129 3323 94171 81751 32886 51487 54636 89071 94398 39794 54633 27217 82492 7434 2706 35318 63108 20336 66757 40678 56315 15440 82530 15724 92616 32288 18814 29847 60176 76181 56082 27952 53115 66854 73940 43995 19718 92700 31542 48727 63545 41104 2379 44556 21652 43548 88843 66257 47228 83911 92627
85940 57142 37311 73543 14592 59579 31778 57470 94715 99173 66842 71910 63480 82641 91912 42162 79514 13252 33132 30626 50674 44108 77624 91624 46541 59405 59588 93007 58151 27989 11115 36793 67547 3165 78349 11393 44377 48890 98842 2764 55010 64100 70945 60442 98231 59925 38377 57579 76042 62916 50453 30684 42630 47241 36903 66789 68685 55915 19839 23804 27553 80295 95587 64778 60320 38502 28702 56921 11269 58966 67754 54410 54325 80914 33843 50435 60663 93236 42478 66645 90002 97087 22248 33672 6826 53870 47267 5547 20882 96170 37304 34273 98834 99501 7212 26175 24344 43365 49351 4522 11667
75195 90569 96774 65993 72974 23241 79196 64159 7450 88213 55645 15095 52046 41871 20976 46154 13327 23561 22637 93790 59219 63446 65520 76992 45180 84908 48121 80598 83249 74578 92562 47715 43622 72585 96399 69920 74772 77911 15152 35338 17693 37348 24313 45373 93184 37020 5422 83787 14090 58906 35472 27088 34775 13280 15814 41211 48340 69500 91325 78220 52929 13740 27576 46309 30528 8439 48206 50782 62952 89141 50453 34218 28123 38644 57701 83821 89714 47761 95009 28982 57900 33367 76204 45976 26343 74799 22721 65244 61845 24112 91891 70759 96194 44232 92196 49430 85239 37963 76021 11235
96532 51526 46640 68333 44633 5362 12094 59004 84191 36168 4117 86511 76511 70074 30831 148 49083 1370 80836 67492 62568 66911 41338 1958 49119 44255 10385 81128 39489 4389 86702 39377 38728 93634 59362 93072 29076 82538 55726 48164 21073 22661 49240 73529 71209 94488 89016 79746 66745 28952 40682 85123 34633 12557 734 79808 73183 3850 79145 90859 43072 89754 20298 32769 29203 57941 83720 11839 36470 96863 86483 30207 106 31439 74739 67004 65590 74270 23861 67169 56978 81088 67773 20463 20641 31602 90860 37250 79846 73301 22453 19149 47639 22445 89005 62010 64904 91314 41988 11615 133
67880 21414 35928 37246 11845 86617 72591 4985 52221 25149 59138 25626 71396 66913 45279 63587 92243 47784 19351 90917 11768 39362 13763 91876 78243 7942 74650 65930 35354 64214 4522 69464 40518 59657 7086 89414 52614 22859 135 45428 86476 70745 69282 76851 51182 68935 51129 72900 12265 35667 96349 62399 74900 98830 46484 35471 17704 1543 35279 26702 83009 32679 39884 65264 79221 41224 75527 88716 19562 70688 84081 13003 23552 75111 93800 7284 95952 9199 5943 63034 37234 53601 29460 2556 75511 82770 1433 91516 45858 36504 95133 29524 22227 25822 68807 55548 57876 59213 55976 32314
21140 62448 70550 58634 90966 41245 76168 57271 86023 62538 98801 23554 42515 48475 16900 35075 69352 19020 94320 85306 41949 81221 32775 43151 16575 84180 80580 10983 76567 87430 72194 7169 16478 53767 24292 69509 15955 46378 71037 67301 18022 23611 49897 59603 95837 38031 29956 53045 63865 33762 79957 75260 87112 96566 34660 141 8313 88400 27766 6111 77403 54344 89999 65587 70023 94778 68853 16956 29761 53128 20369 68437 72632 9055 86440 29457 84520 10655 77920 81592 95609 49015 38393 15486 16175 44008 98170 20315 46375 75317 19270 93457 24585 90330 58892 22250 83801 25545 36410 68271 1927
64864 8930 10640 78222 21359 48367 23651 22332 86367 30288 21427 82408 93911 53041 87921 17159 14615 33420 23574 45550 43162 40834 23957 23087 78369 68752 73339 49082 90826 9493 47916 55704 88416 94342 43151 2962 94831 23124 89084 6813 60279 20252 46986 55912 14383 15455 42137 49817 40197 51639 24220 85347 82516 37414 23733 92679 20023 96502 90403 41214 57586 43842 23499 44501 54406 76136 21561 32813 26962 20675 85651 59655 174 42067 21611 80241 93554 25918 78485 9651 35421 39912 87886 16638 75149 1978 55045 64496 31805 71184 38297 36091 80580 30288 4544 60873 41667 55469 738 49861
59598 80196 73870 70807 98494 15034 70570 36718 48162 2767 690 94449 43663 71315 44601 22490 79599 25884 56159 74339 75619 35095 45119 15745 76583 84742 46232 78680 77229 81202 28405 55547 18394 57587 29107 90097 10447 77418 96189 31737 64877 77958 76942 54585 51153 99602 43618 56877 96488 32856 1386 65513 99574 82601 98740 2183 39431 45147 98737 25113 46568 7983 45851 67463 8812 14869 59016 72599 43461 80457 40904 86363 19444 56843 17378 44543 42563 20231 28924 60709 53760 78 44063 78567 27530 7706 52499 22896 88227 21717 76267 20 16766 2510 98879 45486 64033 51076 28784 27530 88446
50596 83037 53780 6265 81300 17853 74804 7187 39837 99142 96174 83014 11663 58650 66487 77758 98230 45709 39382 97457 96551 60241 75335 1051 33736 70636 1341 24199 68389 29451 47215 29046 30782 47698 78150 26312 21162 83789 85956 98201 27638 101 26758 37596 81370 15155 30168 77873 99575 31287 22705 8547 97009 73960 49579 91307 47151 1472 43723 45979 29363 51069 75954 82327 33406 88294 24292 13723 58591 98361 89042 71300 11107 68688 19582 45183 70993 97767 4062 98832 63259 82500 56925 47338 66853 68813 10322 34494 82925 37067 85190 2025 5929 30521 70746 15886 45505 22325 72065 82011
87668 70703 11858 5999 29558 53052 74717 21128 73287 92894 30689 32093 97466 45826 19539 77234 5437 64683 6890 28511 47750 36286 60868 85176 929 45336 51287 89099 73873 33434 94400 33361 18535 15207 48664 42159 96990 16394 56899 77895 81835 35070 62168 33952 29041 41227 84517 43460 25549 37398 25516 19715 34118 62343 61059 40745 62352 32166 89426 12706 54512 39944 49508 11241 95507 12560 59172 79978 4277 62952 94286 35483 18919 15835 64299 28115 11226 23298 5914 32012 30134 87866 55654 72672 23927 21706 20952 28080 97827 7181 22358 49786 99177 51070 1405 53673 59079 32808 28064 95360 22044
36030 3769 60800 66959 98170 31492 10623 15450 5435 7473 49494 94318 94820 24346 31901 92602 70565 25581 66840 26161 35143 19864 67345 10473 33395 67990 88901 83866 34301 72100 33749 37500 57069 58041 63 75998 70244 63008 2697 79544 59914 64596 87124 55640 76559 47202 52351 68301 81619 29402 62248 74376 50021 48563 83012 80071 83454 66469 93273 84430 42904 72720 64422 35294 82563 54968 10370 3420 97460 35971 31457 33582 95422 18553 86890 98257 13163 61204 18608 54724 68741 21967 27778 64493 1688 35640 90895 56888 59047 11337 85167 33569 85337 2370 94936 76580 10732 37426 70565 63968
35318 44058 81515 11169 66588 49887 52136 81828 59889 15344 35381 25639 64814 41516 92802 35488 22855 49833 15851 94402 36385 4591 16374 57498 69396 54376 93431 11909 32900 28247 78083 85186 39484 76557 90616 4958 39441 53537 57738 88702 92698 2968 95970 14894 53486 26274 60921 93142 74978 34054 77473 1477 5594 97849 52468 62673 19754 47186 90067 20801 27496 31507 30303 26217 87815 97880 69917 43781 50484 45311 7822 48110 64122 65165 14518 66749 44526 95708 79969 95215 28105 50743 46848 74310 89091 56344 85280 79912 98258 21649 72004 14501 22338 38720 89440 20858 24334 70785 86792 75591 19758
78040 86483 48078 37994 94711 39423 49246 52830 72563 5452 44935 56607 35959 96116 91856 4143 9790 51341 70600 9014 55970 44670 2498 55479 35380 20973 9361 22312 93552 44215 66476 173 70066 45329 75684 75526 36828 98823 11856 56294 42015 43186 12637 89049 91756 95813 57303 9935 44298 78614 46758 25074 47806 38246 2855 14562 18250 92010 93527 47600 67516 54968 17252 48186 18200 61562 11912 7419 18882 77650 66863 89475 26349 75984 75126 99468 89584 23603 77851 98220 49058 62959 68607 34416 16653 11478 6073 21144 86561 21013 55326 44227 25333 30155 23672 30247 67307 11205 60357 64727
73141 46153 57224 4951 4916 39588 21114 60814 89071 88534 39389 32400 85083 6805 3489 3354 70834 55865 23059 82849 30831 24717 15536 42532 71329 58879 44572 45665 5903 58332 10553 37329 4972 88887 73256 95239 41913 96005 45119 1385 43489 70773 83080 37409 9896 77589 9299 56436 17149 97509 22925 92464 96293 58949 95193 1012 79458 43727 57406 37764 63207 6320 75267 87156 17909 86234 84410 17545 60884 92653 5575 88419 22532 15175 47907 22937 21034 56932 4670 9877 97532 26446 52761 57759 35510 21537 29462 85316 76079 88396 98892 65236 41285 39018 30829 47820 44546 58589 87370 13246 25931
15765 17754 39747 64872 94299 86389 35658 64796 76620 7973 28235 56308 69325 90025 69854 66243 7855 92271 66948 72616 84001 8086 83123 50529 53119 81614 95242 148 62951 41150 8469 80166 70655 84518 26885 23609 34749 92180 41280 10982 96797 85381 34191 43092 14656 709 35618 72278 71703 77829 52682 98207 3994 50371 46684 19993 34812 47799 86272 66025 77796 88945 85667 33423 11897 50330 58239 55923 3936 65882 1463 46896 14690 32977 79886 57179 28088 87256 1183 50049 64208 3424 22850 62719 28916 70390 45121 75140 20241 66709 33727 47108 95594 8421 86406 9463 6230 66833 96937 32741
83903 94233 96192 29550 97397 33405 92672 86251 59071 98014 19185 81751 86453 20239 66779 93410 96180 36463 37317 13179 67014 20550 1951 71232 4490 72749 23033 68176 87264 57796 43194 86570 64057 3271 43764 59904 6664 71387 98987 92765 98209 49690 99129 32 43786 29307 6375 16537 34046 23916 26090 83382 11681 39530 84119 33182 5870 71499 13620 32497 18477 92375 51642 26874 47811 98168 42723 20247 14989 35513 52490 87008 81898 25911 58945 87025 90344 25137 24693 26758 83457 24868 26209 22875 47373 66244 95245 36632 7146 90365 84315 47553 8642 24168 66813 87088 11210 71444 42137 22864 42692
25011 48453 61692 9313 39300 32889 16885 83018 32571 28772 24845 8211 12807 80909 98314 96856 21730 86552 79839 94759 5357 55371 46566 88440 41962 97721 94990 37224 17781 64 7917 14887 77799 35405 146 32845 36664 47174 83723 83165 32722 44676 65712 83137 98018 98997 43615 70822 82515 46921 64817 25935 14465 72885 76896 86357 24199 42928 29465 80689 82910 92914 15275 84505 70740 42927 68343 33410 86442 64139 47180 15092 9042 40566 81936 41964 90880 30779 74617 87661 11062 66832 83136 69092 94196 38360 30798 96195 60063 59570 78095 46528 53331 24613 14522 80512 80386 5282 52679 87117
2707 48017 99949 23628 37972 1758 4564 92817 60943 15385 66260 3534 33431 96019 10292 73308 69726 80415 64868 2042 71518 3183 16061 32597 69943 41286 3355 41256 38581 18353 66528 62097 4205 23650 86755 58820 65425 80879 77834 75624 2080 61973 69439 71271 46499 99424 57285 26456 70674 27272 64718 47778 2937 47096 20306 62795 26120 68666 11231 17296 32974 66864 5451 70767 85830 92870 13211 36375 44578 50508 34337 3405 89514 60859 13258 89431 25485 4642 77474 69033 61337 94317 20407 6291 94360 5929 34993 71460 96421 67482 63411 18074 66656 29400 62900 72627 20251 42082 79206 80084 21551
57370 48256 72820 58345 41498 60944 8311 41174 37933 28184 92328 51119 14780 70495 51323 4044 80252 40320 7444 82972 17427 72425 19781 42626 74639 38214 22371 82493 95600 68864 66826 38113 18940 27526 51744 64612 48325 95154 74695 4979 70913 86505 38638 38639 39907 95234 17776 77299 44103 28328 52983 69365 96213 3102 65305 35783 91569 38103 70657 90373 22376 89155 78184 67384 30257 95667 15775 65601 11044 644 49619 59599 31581 37101 51318 30204 24379 49065 21326 24947 57708 49430 83921 86911 7925 10674 82508 95100 87011 20410 68505 54032 9236 94257 95025 11559 28621 14717 73968 59474
47814 77699 68820 30311 88990 23597 61955 96546 41650 78933 43423 4353 96434 7 45438 42315 89157 51399 75984 12780 7340 73027 46561 19546 93462 35387 5007 47103 94281 16393 60816 37241 66433 86390 20386 42940 61200 57435 96162 11248 51117 18229 53066 70224 77857 21569 49035 75910 22567 34635 12619 26192 24979 67756 50122 32581 45969 33412 69952 90874 23646 88280 70297 47761 83818 92744 35398 87178 41639 36790 58672 42346 21124 69012 20 42497 44959 94367 81174 47153 3672 26716 82536 38221 77370 20586 638 69972 8453 19450 96893 94 88953 92215 16887 92227 85217 81719 1928 71410 22267
85185 52948 78488 32417 50831 43056 99623 90097 92061 9893 92939 82576 65502 7743 18047 10819 82124 67350 28271 41253 44647 49153 251 88257 11213 3798 85829 31413 25541 53364 23619 54484 83756 43915 14136 10608 23669 31589 72668 54581 49125 3953 56428 95272 29767 13092 91736 94976 22902 1019 9982 59941 76083 47124 80776 86076 57030 66864 92267 46357 23601 2182 44638 95745 55658 70359 6717 58967 78952 20681 8464 9219 90840 68617 93944 54881 21568 58278 39452 70741 44545 70520 24924 85656 65268 94321 67322 81824 35675 49918 74676 4692 28316 82860 60225 85771 85920 11865 52028 93702
17760 8460 6273 52027 98378 42044 87834 35113 59613 30422 50083 744 86617 92921 32540 71788 51403 43637 51083 57152 48059 4288 53013 12276 68277 67443 61576 41639 65449 3330 86911 28872 86693 99948 47288 37291 60253 88562 7827 30844 44328 55384 25720 63111 30808 3688 12922 26483 95923 63431 10359 50317 85499 30049 59386 28987 40745 62349 17945 23577 61544 42657 93708 55471 56971 7582 5448 1968 41215 93115 63485 86184 59071 93030 23733 75835 42927 16764 33347 40710 8330 76588 97211 58212 80003 17546 44475 76662 9657 79571 44480 48148 19447 89595 11917 2322 12026 61686 48441 96207 38718
21181 35382 99181 9377 16611 73141 59308 76008 88445 43251 6573 59898 38801 66194 37314 6548 70103 9867 89078 18823 30770 48422 43748 16252 37258 66753 2601 46828 41140 16974 31530 3954 99598 52465 42060 1806 59077 60354 96092 36953 99625 22404 40134 63148 95722 40566 65 81332 37279 73911 47213 82498 54251 19044 86200 75161 28028 39267 46172 26084 39852 81041 81322 40742 26762 81658 56886 39057 40019 92292 16988 90258 41609 60929 94531 82249 97517 60831 402 54722 33738 24647 35395 10794 5186 73409 49894 43385 26923 328 32712 37075 69463 63446 65222 52334 69552 44508 73115 96951
86414 97421 87061 39524 42137 79033 38693 59073 93046 43498 66892 65584 49705 75248 73277 75632 83879 85946 26455 72399 96197 39318 11013 62602 85258 77422 15396 83604 45502 94322 16344 30218 37995 23883 76807 59221 11704 14295 4711 28544 70687 1215 60879 84585 21673 92627 33447 32152 91033 47002 6194 2576 47808 77246 20935 23256 38625 32832 26008 95729 74463 31023 72673 92867 42804 48172 63990 62337 52770 21962 33254 1120 39273 94406 99443 26277 96571 5144 13735 21252 29395 13718 69703 94771 84519 4542 92634 15134 72732 20668 76504 29546 14137 24308 92925 1994 86434 49798 66751 66759 83512
66201 44554 71005 3697 9849 93568 70762 37415 19059 38088 53665 72993 92698 85716 36428 47204 62404 14966 51672 25388 58279 59602 41333 93306 3773 94238 2974 35282 58168 90961 60318 8908 93825 3847 8202 3246 95997 97234 85259 62208 2363 62037 20666 29681 55698 55615 65604 38965 7458 94 7947 17796 10500 91616 60446 47758 26179 66345 28849 76525 14916 10558 32596 12352 86529 38176 22408 29377 45443 59789 57699 25923 70147 58323 12397 74184 79704 48334 33331 99253 90367 5663 92348 3777 30218 13878 64418 27774 44775 93927 45360 7485 71631 12936 94283 17657 31885 18247 21120 85577
17089 53038 15781 36730 85046 57161 21428 57972 59962 65063 65247 73238 43136 26324 73965 5689 29810 68745 53950 83607 49243 45556 87538 27259 13755 37423 87792 64776 21082 18327 47267 64624 4050 72634 12313 46151 79677 39269 29788 88559 40731 10673 69829 44607 33657 6847 98249 41268 95849 17426 28981 29905 28541 18255 5921 90323 93614 87697 28904 45258 7543 94709 43179 82426 27481 25589 30288 74473 20225 12435 77238 97447 13022 62831 59924 27572 37279 79534 26863 71397 38488 26848 30536 96208 64834 78370 86435 69960 77841 87786 67407 23114 10558 42602 20406 63077 92784 64804 42201 24649 66842
110 32660 119 57459 49346 92339 89748 76923 17792 50366 28828 73551 5513 30567 15716 53011 55135 2317 94208 55735 57568 54543 47218 38847 52390 21531 11029 41757 25645 7086 83022 78808 48493 32427 37142 18418 50368 96413 67868 5936 9827 34733 43395 98372 27196 64635 32701 12014 25702 21622 25285 88657 47657 56120 6781 85553 52918 35392 14998 43783 42199 71579 73143 69417 120 2347 29663 43631 35352 11180 33342 73931 58555 69067 77785 16670 22025 70020 18667 29306 33480 11140 75279 45928 56465 85690 71146 40872 32854 24154 45197 70286 98464 64846 22859 86384 74139 18174 69048 42561
52180 41612 59101 20260 27403 57742 91741 94972 35860 90536 19328 28861 89360 77939 66518 82151 86066 11168 80502 50085 11194 1990 65660 69333 14951 58674 5890 84412 35365 51683 34764 78135 99843 40132 54944 76260 45518 64101 21723 26531 66128 12750 153 92398 85718 97554 52053 12314 62280 98009 61436 28246 21776 13577 71984 66767 68908 38840 57113 81247 29493 7195 46099 31647 76548 22339 85719 4784 17191 46143 14825 61803 58887 34224 55155 25731 49175 197 7611 12652 49259 17125 92991 35477 24611 59947 38008 21987 30239 68376 54054 83532 22495 7947 6703 68135 26504 93873 7191 92236 56987
94869 15099 60894 51188 91760 13743 54678 44140 95009 7438 53076 60230 61904 20297 92981 73831 41315 87552 3378 20352 2779 59465 50361 41335 15122 18832 63523 77862 78047 51380 84242 25934 15881 97281 19872 60987 38186 46339 62161 37940 55865 24057 10012 92538 91505 53733 67349 1248 35676 68836 608 14875 70778 61253 42545 74803 43317 15879 65478 95959 40972 609 102 17659 29991 77646 18337 86197 7572 98331 93893 5074 90954 86364 13577 49908 27956 18541 12879 84617 7861 73851 62695 16308 89272 86535 52599 49105 21104 2946 11135 98698 46472 14262 31602 77213 45441 32105 22911 84282
53933 33467 91648 14264 9794 18629 2961 25485 50202 84985 59782 92 30921 3832 90527 44843 50421 31484 18841 23051 64054 72477 22229 22924 120 39939 65197 84788 35873 77223 81745 79459 6014 71294 96175 10569 44070 29441 55077 8575 31124 93790 92429 53007 54704 884 38110 9698 11980 39372 42752 80424 35862 4302 44539 16723 90371 56659 70730 67658 52052 84458 60341 57288 90024 50114 1356 66209 46956 9791 49072 88298 40287 17690 51934 86175 17662 31501 57685 85547 60143 15787 29362 98115 75629 29913 94121 12511 41080 59936 82552 55674 73130 35597 34195 49597 81 45267 63516 44575 26021
41370 84956 4564 74606 26482 64798 72718 37157 81537 31685 26756 60972 5964 63536 65118 30986 49038 78817 26959 5628 23697 85740 15471 26834 71666 75903 68186 28537 61538 77722 7935 53031 42853 44676 32440 73656 6542 27754 16396 35471 37249 82505 63495 58988 87629 54996 5046 90161 32314 33402 51735 57321 54523 3786 93501 68769 71981 32192 73768 76356 291 28933 26934 49767 12837 27730 60911 2689 85676 45189 72968 62553 16349 60103 89054 44678 43175 2104 15833 71425 56983 40295 7398 52609 10627 63942 72671 25052 85207 392 18329 95018 60889 35054 40788 99119 95713 69169 53101 32665
76615 42101 87137 47131 18533 49328 92246 5179 54400 62659 78445 97908 18476 79529 71667 41356 39535 57616 1079 55082 43408 29441 27200 15051 47785 53078 32364 40272 34495 22095 30361 18488 56913 34124 68367 53123 83083 8055 17114 5943 83369 45155 29652 34691 41922 66909 55648 65846 65779 37098 10610 37178 3854 96828 9487 73996 49014 6362 95465 96227 34118 87816 47696 68068 60268 66737 83 3362 56716 16455 23576 95204 10501 11262 62508 54319 10264 36193 58351 17895 81818 49951 69121 39940 52966 66278 3980 21301 87149 38990 87021 47741 25649 92662 17942 47219 15305 90525 40408 86467 98550
25548 6853 4266 29190 39016 38667 89535 93603 54982 28063 23256 50511 98228 19174 16430 53389 29928 12616 98227 66811 77855 78931 50063 92357 47867 11723 99084 19784 22 54490 1315 92833 18899 87377 1264 47130 62802 33472 67629 24284 3417 36928 27813 17709 3242 64972 70079 47982 100 88413 82929 14956 70445 13231 13820 25458 15162 80451 15459 35041 62111 39186 81143 5844 2571 70566 85094 71587 47286 96005 82475 94788 40318 86980 118 64382 26462 88418 92793 92184 85784 94514 87831 42834 56913 317 50298 70956 45684 73998 79809 4595 16308 47281 71547 94110 32419 64842 18054 55156
11200 61189 17237 10477 81019 3661 42290 73467 60916 87686 17784 14585 7067 93051 76581 1999 94289 15888 18054 59463 47098 68699 15568 38599 45939 5743 31586 90209 66141 42876 64851 84585 8861 88605 86547 21680 1066 2487 65544 88972 47729 13785 47204 59641 883 86040 77113 50893 36918 22349 30726 45139 52025 14696 52075 43299 83881 11132 77266 58938 2830 73622 56966 84129 42586 67370 94934 49884 59127 75348 19641 27236 11795 60384 66063 23271 64780 21463 79801 94240 29198 44439 78500 25490 96860 9883 74192 97938 66853 97508 34818 70029 51108 21919 59863 64142 74717 5502 77359 10757 84911
25818 47413 46236 52493 95458 17310 64586 77324 77477 89609 23649 4736 67454 35490 70757 95686 46013 39949 84558 16505 95264 81322 78546 64055 85808 49013 98108 72069 5138 96476 3336 35501 51749 70681 81105 89558 23741 54696 30982 55673 55615 73104 18595 45844 85883 81233 68558 35956 48103 30742 41260 50897 5968 59501 91660 87578 18947 25552 81651 59602 11140 74287 29453 98196 80351 12321 14688 61662 95045 28465 14595 94742 98101 69583 55011 52466 72709 10197 44332 80414 16482 21524 20260 5513 18952 48193 65098 45242 11445 84445 13868 71318 95 13158 17272 58244 64644 93573 39315 51087
35183 89 10651 10862 15808 50889 49875 8691 80255 30848 6600 403 14863 7954 56650 67684 42880 55487 26314 74708 21414 95590 92130 41991 4888 40858 23981 7905 14121 37556 38770 25719 71639 46466 37191 19178 70908 53762 55566 58544 90995 88037 39739 14445 85096 91695 34118 49156 153 47457 64514 7961 88588 83915 23798 51212 74001 2645 85870 35391 65311 17059 54286 17073 32539 97832 65978 77860 11094 33087 33408 33370 11156 50351 3791 35009 44029 70778 79938 76643 4518 95896 76536 47848 70027 63290 82675 17576 65991 66827 21145 28677 93093 25494 89148 52060 47790 7342 95034 88353 45127
74496 43242 35508 43279 66799 79662 56453 18909 69990 59919 42609 56245 75222 86582 458 67427 90896 25138 79578 7424 42668 34569 20430 51976 82497 18759 55658 2391 89974 91650 69933 93558 85527 96462 22589 28185 94261 92610 96610 93470 34127 54221 5647 30892 6564 66864 35434 70368 23173 85457 4095 81322 66798 29796 99437 38518 10521 72534 91757 87605 81339 87823 8909 97331 79944 74899 55548 33390 77941 6688 8507 63049 76522 7968 30385 27533 84712 66176 68066 85828 53066 54164 74 28777 3174 55542 21975 47733 19200 81451 15626 24907 61958 9363 3510 81649 35443 56987 23991 90897
4653 82926 43882 88073 29585 80249 71501 84386 71312 97763 95244 53788 88825 94858 54981 96799 30232 97158 86390 4829 71744 41686 66736 27837 1985 65274 62739 83702 46470 44152 28329 50980 41636 5270 70543 5831 96080 35089 70742 11239 20596 61772 52035 70225 57766 71245 96816 48442 79569 36518 52801 68156 77774 49346 55461 88436 33378 26877 5507 20027 183 86452 75694 81533 50023 84433 61165 14889 84308 14510 63545 24249 8039 95838 7495 9943 25644 73415 10676 11547 72593 10871 16744 86298 8648 29785 49853 55044 76536 34161 16414 94320 22335 11796 29473 15481 8344 83983 90404 69508 4942
24226 50621 76180 47176 37200 68164 11801 34020 6689 44484 23589 95267 51751 15791 70960 20851 65471 30865 96533 53064 35485 91112 52044 21240 88291 55260 90612 10266 54697 3193 57051 46480 89627 30809 75989 86505 4686 25594 38477 53216 51208 24294 62961 95142 77688 59871 77666 81403 78616 42948 87885 66847 47221 5950 9170 76917 88382 51184 880 17680 74789 62929 89158 66610 75243 58782 22365 41177 60417 66769 24252 63844 56903 54941 13743 92556 62414 58231 92903 47101 35783 54739 46421 59486 16231 22985 81289 25943 8492 53805 2021 11636 55745 22352 15126 98508 85607 44421 68596 23501
88347 51061 39159 4833 59013 4494 23679 91179 34123 59395 60321 98297 93323 87858 70133 15927 78254 20569 26425 56257 76763 32857 98992 94179 54138 388 96499 79205 54681 3114 3972 12215 59439 20359 87767 87754 3117 81547 95596 91624 49058 66844 29939 3142 97282 45729 93479 18361 81709 52779 23693 47153 55988 2897 41691 20353 42166 58108 35965 93915 34126 72104 16502 74575 33083 48209 9269 51113 60193 92954 51128 65181 3535 71976 23467 74495 47096 69437 14694 60889 65096 12501 1387 60027 1172 24036 15640 25132 64869 22963 74900 19895 52052 35920 3667 42523 34313 71242 3548 3425 64784
25255 19792 18936 50738 62827 20716 70637 58286 21729 15535 80596 27947 96826 63999 13277 52643 41153 84365 85814 22869 22367 88364 27630 131 40047 92076 52524 43180 63685 37271 87325 78550 27224 77080 76403 91738 35028 97897 42274 36398 71505 67492 14444 18089 39826 31364 79930 82407 72613 84481 68437 16150 49244 77751 39434 60875 24044 97088 23921 81807 88300 66744 87025 49973 86495 55628 34087 87273 49100 22440 91775 64485 11242 79214 57004 75776 27715 58937 22844 95883 80370 50785 94229 41630 55151 53304 44629 10646 86139 68673 56901 25084 24417 17015 62217 11825 56803 74307 27 23690
52419 86595 91666 20860 93528 19716 16749 43178 64772 19055 29562 11150 96727 83796 94309 19783 71266 35450 69724 20308 52655 19219 47690 83272 3223 96388 53099 1599 15804 33010 40853 75886 131 57764 62134 86099 80538 88977 97436 52981 44930 75069 6041 82367 24231 66925 91997 48099 45591 36006 67780 74217 98725 38593 36653 45223 44705 53038 57597 25085 69413 75213 1838 44258 88710 70027 44563 83038 87639 63903 47170 76051 55739 48574 3729 66827 26466 77938 63388 23024 86364 73685 77853 71317 37667 79762 10907 74993 57027 3652 97042 26069 42553 60475 76057 21713 29466 48952 32504 22678 91617
60525 41171 69163 41214 3937 93350 14204 69404 71392 87644 19016 38029 4980 10347 11199 29079 45193 12318 10651 19758 40377 42473 94326 57215 14966 2619 95800 74206 43008 89584 55002 88804 31034 35468 77225 95243 51085 49980 62816 15894 74207 2439 6551 66491 94280 36899 36625 79205 60428 87107 33313 92798 52088 31634 27622 84518 90409 36653 94308 85333 17612 10746 9921 79701 7136 19972 90238 7288 11498 12678 7432 1400 95565 29511 56380 68206 57319 55380 88438 72245 4862 43482 54139 13882 66788 72467 95139 35366 34097 81108 93585 73356 79550 2364 57016 47357 83415 72524 87287 96814
12854 75166 43165 76547 88366 55984 82525 52023 22797 3160 93570 77887 73177 81539 95217 31244 62032 33448 12743 48435 16768 75180 72672 98501 73273 8503 21885 39704 30228 64140 16179 35037 41231 50447 88330 62505 32327 88719 26757 11243 87345 1459 9812 66463 8609 72355 23046 30593 17731 20262 19355 54461 47120 69050 9687 87431 85079 32796 64690 39373 35684 88381 60877 74159 72066 82088 81892 37131 74788 45352 53128 38387 42617 3286 2575 2395 48402 72679 22372 4081 23272 99539 64703 5985 3999 37472 99549 10147 19 65933 4049 21906 68332 97521 95391 33500 54849 79810 81980 48029 70970
51936 25509 83087 53 92260 1210 44203 54666 25064 88987 31139 18942 59650 24124 79214 72111 11565 94211 95044 49935 27379 92193 88382 75920 40563 53036 11488 60958 83767 72506 76165 65323 82376 91030 26030 3789 77840 10259 65614 57788 76606 37908 72126 29543 21523 6604 56899 28862 61307 2395 94187 94250 66812 81264 60754 34 21835 91439 69971 17720 30451 52033 11245 59451 11885 4101 10500 6659 7639 1385 90795 30428 50314 3960 2846 59639 73013 47215 23223 35840 59164 9944 259 57780 48987 9677 19654 31508 23480 55024 84210 26985 27053 19494 57129 55640 33840 8640 72428 37171
2770 64086 32328 11512 25735 78463 63588 61204 93649 83525 72552 29452 85380 82116 85129 1270 44022 37550 58628 92557 83558 9838 28025 64888 17508 67334 73447 8512 14951 49886 31616 9792 39104 90365 92684 550 47654 82586 21463 63402 8199 97327 11924 50577 86958 92936 68658 33254 21632 88269 29859 48770 75636 59233 76816 10646 84008 5418 50384 74236 54800 39729 29 21477 96028 73402 79791 27241 42901 74485 55077 27762 58100 21989 92902 22897 78730 49096 52074 10334 46687 87814 98137 15891 82046 94875 95246 84533 67510 52387 78787 59495 838 64022 98588 6620 61244 36062 18655 39726 7096
66709 16850 39880 69522 8088 33741 46239 21350 37087 53063 2070 42996 92717 72064 94289 9819 66715 39145 58190 7324 48611 95133 44665 4610 66750 34071 81586 61564 27201 70751 111 48258 58905 30224 60164 49079 27519 22014 56989 31491 59564 21120 15267 95981 46842 22274 55696 75112 64294 77230 53372 68112 26813 64734 99144 69929 38611 76110 3667 46373 47290 39984 56957 86303 24130 65908 23727 32096 44744 81919 89081 85289 42627 24527 90941 76818 23786 11878 88143 57711 68323 3531 95249 45232 32397 95680 38421 50900 46836 48750 34669 39911 15964 74641 88269 33398 53193 2019 35369 99284
35349 64880 66822 98108 63553 20533 64804 81645 12405 1187 14093 76596 68165 40219 2638 93660 8285 95183 66786 48753 73588 32655 68215 78903 42573 77245 22268 85998 99479 5415 53129 11154 33404 67693 6415 77624 5403 40731 1896 85212 37968 78014 82159 1970 75073 86476 34963 1089 99409 55655 31576 35354 88779 85486 82207 42651 33369 35574 53094 17253 18382 34677 69490 26411 32422 15767 12715 22785 2726 51885 80434 88395 28676 21589 29452 98114 96101 85160 98309 26279 59555 70355 23724 41322 83143 56811 58616 20657 32908 58982 44385 4676 88919 68820 80524 95495 91335 70313 91317 24364 44946
1484 50398 64808 23672 55469 96224 31532 43312 61986 88574 91321 47805 95635 57651 29821 24986 64803 58094 10143 84453 29516 56961 597 51887 75285 49879 23777 51670 72650 29235 79149 97762 68769 39535 32443 54674 10001 81977 3249 2754 84675 68015 5816 16074 35722 71186 28642 30306 17773 84038 73399 9236 29219 9616 97116 13197 11261 35668 53618 81514 56436 2181 57234 96941 155 63460 89975 6696 35366 15354 24688 41052 90527 7477 31748 22424 51331 50208 70479 56331 27052 37742 55428 23010 94798 90588 90907 92292 4582 31160 65009 73259 29419 24627 74 48327 21680 46689 23301 71275
43119 65509 56494 32398 56942 70753 57112 96320 43211 28916 52574 71669 67254 93419 15441 24074 9427 16445 8909 32792 11133 98705 17748 9524 47866 66860 57070 91586 64753 52353 25630 49425 15587 57366 15899 48278 90929 50330 38917 34248 31448 27671 50484 35130 34773 43186 39309 2821 41744 70528 84317 7039 11886 59232 99720 34 40687 35128 70337 81150 14915 54120 66986 89413 80428 91800 50911 41034 2620 94324 83439 81483 91005 41419 63732 73247 39838 38720 27093 47076 72583 61188 93774 66586 54057 80535 9813 93222 41276 1 73375 34720 96114 76410 74396 22584 39383 50014 72711 18602 33342
38649 64217 86383 55717 33392 93894 17 2477 43691 81241 42039 64307 64775 54283 1906 68728 22258 65302 59902 2933 78176 37284 60511 85370 89803 22462 88416 30767 14981 78206 5833 39028 32112 54979 65654 64642 61237 17800 1492 6665 41557 64817 2849 57382 45930 52723 61687 28919 24821 89085 11936 96561 52794 62900 24368 8319 2190 56940 22817 58984 22748 12216 85400 26872 85647 25966 34790 95814 94866 15872 25289 92282 73218 39242 7 62285 90337 14909 34092 32124 29859 29012 79283 72536 50 80580 98108 14447 52007 76594 4535 38842 40678 6 6707 29118 96966 31 53741 29451
77828 94958 2517 43262 92248 2741 60541 38542 53145 55716 32304 7849 31961 50866 46797 88312 4018 62694 11857 12143 89136 80777 29393 93475 62993 69845 27219 29895 46979 77322 87762 64797 35295 11216 98779 250 22038 96036 27453 47048 30876 5364 59714 80157 68073 59937 5887 71487 49838 26340 99377 58771 20912 8791 60368 60074 78502 17412 5396 95558 50410 44097 54990 68637 85792 24982 17776 89873 4996 43868 65978 97878 5358 20701 52245 12499 36989 57602 50655 80729 61519 71245 11247 64747 70056 47305 85150 77853 46899 25907 90392 55013 87215 48628 81576 59015 6018 51709 6094 21628 62178
77427 64807 19623 41805 73343 7623 1519 26537 16354 73211 69063 39317 58147 54041 78637 86313 47145 50460 27286 24932 87840 92771 75057 16958 86962 25943 87482 22368 24586 81246 18115 59075 9348 55432 77899 65471 52521 55408 47459 14076 93635 67902 55084 44783 81666 62889 78202 51885 49464 98098 48572 58181 55629 30450 364 60480 59098 47296 2169 33812 64710 44609 3256 96290 14486 94194 60321 79200 66824 57020 15275 51188 39246 1020 1521 27592 85275 32015 13523 77774 46247 13725 69895 1695 98152 7578 2386 79542 49099 98206 19453 68224 84440 84831 20460 89100 22248 11892 89178 79197
81553 8539 50355 13963 74650 2073 64131 82167 59929 2805 88020 35088 35434 68409 95507 95243 20812 32071 96819 8337 47215 46041 97555 88939 51769 45592 18658 5810 126 73567 73268 9919 99138 25896 69466 14270 10596 32917 78573 21012 56533 26764 15950 93862 39440 51506 70682 81661 24993 98942 27431 27902 86376 9757 73203 36731 47018 40749 24736 32815 1577 63439 7880 65824 81252 17794 50790 10472 72377 65515 94270 29445 77804 77679 40098 30035 17683 82539 72120 21609 28647 96166 29493 78517 76674 30267 12505 47817 50152 70415 41934 25717 91705 85566 25331 66069 21707 81583 83482 12386 82921
16381 20706 45527 85515 90516 85790 22525 4591 55586 48042 28719 30282 92518 31421 10029 10830 59775 16372 51917 59315 10649 70551 78699 26786 33490 47577 60680 73849 81503 99479 73350 11916 52958 37403 80282 5906 76656 47640 33403 3230 19042 30243 78076 43052 77968 87764 23887 3290 70083 68663 42412 25095 58263 66255 3934 5431 41216 39395 39943 92601 23485 94629 18613 53671 39257 98727 9478 99787 31477 92329 38972 30082 41278 9201 58755 8928 83929 23528 27220 93346 36453 92713 15729 89023 1 93559 43236 21979 33324 71451 91231 92696 79817 70792 71791 53085 15886 84987 97852 89630
58830 39145 35325 99658 80179 27613 78199 69367 94954 90410 86205 21072 70633 10440 92249 65096 8899 45181 88345 30663 6273 64264 54975 9475 90058 9266 59859 6271 58243 46631 184 10235 453 90438 15811 8907 29053 39944 74784 53954 62916 15471 81794 33735 96467 46833 77215 72257 89372 31975 78263 49734 36052 26784 13151 44226 20155 24288 87071 31134 60191 88218 8488 4082 9141 53823 50190 58600 50064 39865 54567 20906 22898 60911 29491 30268 43270 84042 44611 39749 49115 52989 81181 68393 33110 75165 92379 84024 98112 47177 71621 47365 17042 612 199 55715 20197 64874 8160 76595 31157
9536 41285 12273 37567 30586 92264 79283 50381 69426 91487 19185 25364 88812 26293 12803 87297 36714 76153 25961 48511 28336 18152 40640 20021 78986 16228 18356 29817 11510 52419 5549 76451 45249 93946 20943 92469 57751 27313 212 51163 40572 95759 10237 24274 85455 62 56448 46731 50429 48205 11936 84356 87714 49775 9220 29991 48489 11812 48279 21597 7759 21095 3663 74202 35410 40099 62516 17057 95985 70432 73045 12265 24909 98808 92053 81341 13735 24301 13120 54488 47682 51970 65904 8807 15461 5435 78088 43004 82364 18701 29336 96889 54419 52850 17229 47054 73940 92947 25807 13802
10952 49180 64407 79961 76309 3359 48530 27919 89953 71694 6869 28839 37098 32736 98466 43196 64416 95423 79080 68627 66160 37528 71418 30399 52836 94866 40566 14739 372 85314 61695 79845 37677 66528 95727 29038 30804 32761 51477 79604 61889 81368 39158 72119 53193 52422 19706 15169 77042 99472 35985 40846 7857 55682 68795 36364 83603 60032 62488 2338 60951 54321 63123 20409 2025 4171 32134 27124 44817 23593 68790 44635 41577 82503 63089 78958 44681 88590 50024 13846 63929 81518 65151 55449 77510 84586 58727 27564 51458 40752 76009 35792 59897 80316 92603 94339 10488 70846 97973 70287 48475
20337 49732 155 2096 28826 52950 25983 33054 30153 59843 20527 49034 9883 75487 50740 22293 27474 47102 75591 36329 5850 56865 33386 92594 58091 32719 99212 98122 58895 83638 94187 65412 24328 13186 61378 37619 21750 98833 77355 8706 48498 67449 13773 19122 51799 72116 83053 98705 65956 21810 27738 94554 34762 96260 25742 30830 22590 5382 96500 17806 87402 41948 62419 74014 83192 15885 77221 54668 88039 27827 83038 20706 23239 33451 43874 70788 59929 64219 2455 27736 94 97376 71957 5611 90701 60121 37370 24489 79590 24754 50731 16437 72730 81115 7920 55012 38715 90789 27455 80434
66086 78558 79806 40926 79956 15742 72675 63074 5118 78495 11379 54696 46869 38167 91750 95829 37166 71167 6724 22500 56145 95238 15117 23744 54146 70794 12817 81813 83738 20949 68080 74647 86058 1063 63189 96369 69519 30165 6001 96260 68685 72696 59533 29329 23689 6289 4898 59388 87468 37363 21879 37866 23308 12580 92370 28976 95914 44644 68568 30732 41796 60821 46777 65546 30103 88438 29449 37797 21654 9818 95718 86939 62071 93389 79137 68028 58298 57241 90320 11983 52185 68062 50719 68754 94217 10521 71397 73203 7125 31238 25214 73562 62639 30958 14740 35121 49472 13980 64169 96976 7943
55327 31146 55724 64311 33459 63328 63298 66754 49434 36558 47001 24158 53700 36041 20220 22241 23487 75443 61612 8690 77395 3363 17028 74256 45092 51781 84444 13762 97602 9683 84341 71399 61650 10677 56004 28608 22371 57292 37124 3095 89007 77639 37814 29512 29 21076 53748 35429 92642 19085 86003 92781 98635 52524 50514 24234 24969 71672 23353 74022 52529 48794 83328 33915 82416 1021 62847 52843 47659 26153 87476 15610 76674 52069 39116 81139 9707 98173 61301 91245 152 80334 27959 51636 97721 94277 54779 44222 99542 30355 59008 7136 6332 55876 15790 6127 52529 54390 44 5307
7 63655 4240 87294 63070 63139 74653 63120 28249 64847 58508 48841 49002 17465 42497 27535 49138 20244 3726 92303 32733 61603 82516 51166 64857 12821 46188 81413 55450 8028 68230 49912 14918 79215 66929 7178 98345 88302 89551 86306 35382 88875 83986 2103 75498 94244 96433 57137 27581 56840 96673 25661 26296 28439 62363 53710 18777 29835 63762 24282 51445 91815 27140 1121 91624 36093 61758 81257 59388 36588 90614 77911 64444 9154 7294 15861 78354 10501 56339 29719 77779 41209 17182 93574 9596 43445 79099 81498 89693 46742 80802 75002 67032 109 31144 71494 79917 9175 19906 39327 72665
37211 33729 84398 52574 63922 83066 39852 85703 62963 6649 11538 47713 68097 37834 99795 1328 17161 178 24749 90268 96251 70422 59094 98762 79697 71923 42830 55391 1547 3250 10607 40229 88348 64932 24169 84436 19733 77778 16069 22705 45844 80526 23622 17785 28067 53084 53674 92994 31374 84437 19395 85697 10169 63042 92479 7170 53036 38065 70084 63532 42562 87346 75190 50787 14705 54946 10578 23748 37824 40689 77149 38616 62882 96976 52580 42918 94925 36205 81230 94988 6213 17738 94860 16922 75524 45245 72888 97516 26281 98017 24505 23357 12795 67828 61125 59562 58961 34286 4023 45966
93987 51604 40483 27577 65176 52870 45563 67346 2114 68788 95589 88700 24620 75998 16637 43520 63172 65148 38675 46965 77300 11929 60960 29150 11861 94817 26522 99627 45269 80923 52691 83519 43791 51663 64093 12820 25572 16587 26425 46654 38474 72289 6830 33729 40030 56371 73347 14986 19637 13756 51014 34665 92894 59046 94256 13049 14381 11512 53203 11790 184 82465 5970 35390 73052 58376 81207 16553 44205 26916 10683 207 55230 33360 56985 23521 11791 17711 48612 86910 4652 45924 68783 65575 94711 54991 34067 70365 70870 51517 83453 55668 88 17812 23696 81214 85044 93095 88942 52978 16827
88969 17731 88945 83830 84002 73134 20554 17605 4553 6018 50520 72553 4441 64848 8840 41260 80393 44838 21777 85251 51983 70900 72686 49705 41353 94078 72933 37321 34135 55601 35546 51702 50449 12128 83475 75914 2801 21051 60944 1467 44514 12073 69138 4741 80160 15666 30773 70868 28779 47019 94893 17174 65395 56986 63466 45913 29892 66027 89242 32065 20252 46501 79908 15896 40424 78973 64883 65148 36339 44473 65333 48207 4641 54957 28117 50148 57734 59350 86444 7322 77 52353 41981 61361 85682 59796 36109 64804 36664 97523 98167 94091 10160 16146 49201 89005 58134 19161 52792 10206
68111 18907 94697 47314 80569 65546 7489 74650 36736 20604 99682 13775 70792 15352 81204 22277 87137 30093 26632 47959 54314 51129 71314 33340 85509 30882 55946 89092 15674 41440 29391 12804 1928 11196 12833 45376 76550 37973 17494 80389 37417 34387 47068 90701 43071 17777 7785 9491 38089 71855 98228 19033 75954 15161 5443 44100 12192 80282 48875 66763 17933 60357 72476 82426 24164 33474 39507 60232 79535 49388 21551 69497 31706 97887 12432 77894 65320 27645 82587 92991 97409 87819 40554 11866 23558 20690 18685 73000 58872 35293 87727 63231 15216 54135 65145 86784 55622 88853 87501 50377 83283
59938 15102 94113 58597 46815 42630 87067 93846 47587 1025 59894 96565 38298 39678 12531 81355 44495 7955 40018 36744 96044 58637 23606 90850 94329 88627 65548 22347 77827 66853 59441 15009 76526 42004 62155 7342 98786 47883 39417 78053 88403 20225 72572 40781 86174 3258 20356 54213 68839 6101 30233 74316 77651 66918 24297 35577 56656 44503 55828 46973 24339 67435 60943 70214 35464 35167 2490 48228 94220 83368 13194 75578 29649 37448 84767 72041 65932 99980 89743 98746 60078 71263 39780 37621 64337 30236 40280 44473 10636 53437 58084 85748 28455 87056 66020 64341 53235 39324 78980 25460
91822 78579 44427 70757 18406 11174 40716 94776 94220 79174 70697 9814 97845 11824 96399 49652 80073 18414 86500 41495 50215 78253 76768 94444 77195 68374 30647 23507 59001 46266 80521 39294 28528 5326 50105 38986 17659 78623 64683 30722 94881 46258 72181 41288 25568 64870 39003 5006 89100 6756 8043 11503 73012 29499 19065 64248 49871 13291 17694 1386 17037 56349 62849 67796 90041 9833 63941 60661 88881 64296 67222 36871 12355 74738 99392 5469 31404 50808 47728 49492 74624 70415 7898 1127 45373 85449 97512 83684 44703 29488 64275 56094 145 94822 12431 35050 13696 27134 46386 81726 19789
85 91562 40285 26597 92938 22385 65131 79207 64428 71005 7978 78468 89524 64803 69143 71601 80443 67461 26816 19810 26148 22897 33811 39178 69458 14389 40035 31141 32696 61814 40891 63523 75597 96696 73958 49743 39459 51109 37880 27599 97606 67389 87558 93726 95952 78957 70878 162 25626 96611 42295 72641 84249 2590 61513 87637 16668 67391 45520 14962 53676 37497 94243 18104 96040 18951 70638 24239 73475 8910 21437 19811 70921 3964 85850 20007 50834 29518 47836 26158 74498 42938 55060 96279 74580 26214 35441 88283 24972 92248 25666 76609 48954 68741 58517 53801 18474 86702 42389 93691
19505 85084 98215 51044 48721 46384 41805 29136 20706 5900 92791 46712 64902 92759 58973 16741 37828 65169 89597 17745 5566 11116 28460 52088 99619 107 7261 69871 31224 2662 96097 9908 5499 32701 53924 96131 19481 10099 91252 84124 2957 9202 60437 72740 96142 79103 88545 59099 69065 49 72039 77324 10872 16749 17469 28816 767 69223 23564 8408 66709 79453 46955 92421 94224 94403 82545 77998 92919 90389 37372 55591 80882 46839 45499 43817 36379 14726 21083 18547 39581 55371 32038 72547 59641 94423 30690 11154 19242 41535 53647 29217 85055 98269 66117 3095 3385 70786 94288 82709 11628
37312 89138 69381 71563 27224 77568 70056 85308 58311 67222 53665 58903 41320 39701 22872 84294 68685 96948 35075 71962 58266 40643 41603 75984 11533 69649 29324 68639 29736 76004 34791 20985 5711 91012 39566 7557 74437 2750 93485 65649 37672 98578 72657 26206 57048 38062 45821 54765 88332 4227 19717 12331 86564 9007 34553 61984 60928 6565 43296 54812 44763 11223 40886 76498 77982 97412 25522 20220 162 77928 9211 11893 40179 97400 48409 2873 62930 82594 49066 19637 46391 55393 31082 98776 84745 53242 43005 92186 22852 22708 14176 49082 13118 37359 95622 48095 83452 81904 88351 49628
89140 13847 72333 44540 87393 52836 51677 83476 33311 20493 36255 98241 45788 47843 50021 53227 81901 22979 8217 40605 43196 79552 81207 81813 32173 23352 58611 76167 17553 21775 48492 39719 93857 34627 82906 66825 35367 84810 92284 62480 36920 50085 37273 36399 44538 31648 86091 11122 84106 6020 39869 719 16403 18977 36750 83310 53286 19700 77278 14883 56499 8208 17075 21133 28700 85248 29 18317 98893 2258 50793 87571 38671 64300 45087 64425 60360 59768 92976 83121 21091 11794 88353 27490 85226 89058 88133 17274 98297 41849 96664 39051 19891 26255 30851 58472 20088 8994 65463 60766 23322
39636 70487 55217 82154 90506 58481 97187 14498 19044 91370 13342 11644 27576 45213 20291 55804 92845 92206 6006 32454 78889 54542 73403 37061 47821 91605 39254 95803 62863 54772 19526 40593 99442 70502 94296 26307 44691 96886 8028 11221 1076 1349 38735 59681 28870 52657 99871 34363 2 28934 13421 51350 20739 26513 52365 3960 71258 29195 1765 51690 86476 36345 45845 86694 34810 95619 33146 43454 61641 58047 9951 27506 6822 95225 66734 26866 50325 36364 25721 12574 89670 74635 19874 8460 36670 34509 30499 98187 702 49998 64160 35675 45967 98141 68671 14009 59378 85281 83617 84373
9705 1384 12098 73735 54225 5933 25605 88360 94585 94082 66761 2154 89117 95718 92206 47555 86422 56691 84787 19875 29052 62907 7883 80587 67542 29563 19371 23545 23545 71242 51655 325 21657 74306 3707 49110 473 23357 66928 43948 22606 25974 76288 98402 68688 34937 69508 88222 78484 74629 15314 25457 44483 72406 4824 40233 99479 94929 53091 9871 24281 23699 95676 93445 88711 58054 33416 96805 17715 86933 75330 28772 84324 266 36287 98825 15447 1893 78791 41234 93985 61778 67904 65401 75237 11379 38061 75167 41070 42797 38149 78464 24082 84111 16852 51141 5437 14599 66027 88327 23221
37122 23720 29578 6746 33383 61280 88284 82934 34069 43 78819 83080 90312 74332 61083 10714 70276 95623 7333 85420 5280 32277 86167 87682 90705 92619 84931 4381 58072 35745 41832 63588 71822 99740 98762 14593 83862 97793 50401 20306 96192 30165 2742 36005 37420 75964 47414 58190 23615 109 60785 1093 4016 76889 66850 35822 49738 35061 39262 39836 56747 53707 88218 44621 6087 51055 85730 27215 62817 87660 62187 44215 65708 43730 51038 35380 43918 40361 3088 70809 47775 61648 18636 3246 80542 76755 50929 40978 30028 64168 91795 59619 15776 70707 12068 82809 15443 30586 76538 66303
29769 86434 62255 87981 27898 7942 42259 92717 27476 23008 1246 79804 28080 81505 38039 22820 93730 81577 59476 74631 29499 38212 27513 45778 71698 62380 32178 33187 83564 20652 40986 25900 28274 49381 62564 33495 59550 61343 89639 2306 35988 18241 623 29726 27715 7130 24344 58757 2516 13710 14097 58643 84420 16871 69984 29978 9853 19672 78539 82539 66800 86064 17431 54662 89072 20429 32674 33446 95192 15011 81892 57434 21942 50485 86167 42670 33333 33397 50717 40722 71422 98461 89257 54840 53370 5975 4182 72265 42790 65610 93815 89534 41451 15785 14552 81786 57742 33502 63594 57575 41266
9811 70451 29795 22338 99404 66925 12169 58971 40715 67767 79255 46844 88168 17664 38101 80684 80537 29649 85121 86991 49456 55012 51888 41074 65029 33367 96629 79438 38665 65599 60288 83184 37097 85738 23850 3278 30415 55982 97425 75189 79969 32939 30054 60548 76492 43180 40720 13107 70820 45358 93496 64205 13572 65582 54414 47541 4683 51376 33383 79169 30068 72618 38688 49029 81900 39318 81558 95024 66064 8460 8234 69052 31586 437 60344 18374 59029 47869 34114 13700 11522 87234 11485 28724 67419 18656 51118 6129 91416 47085 36897 56512 11764 61292 21880 37363 90889 34134 57760 66758
57010 35477 2006 11807 55989 56534 38637 87714 56941 23623 56002 29990 90684 42616 80562 76668 17374 72510 69293 67118 15837 44991 33394 96293 20337 62867 73150 60193 87462 76734 50875 26142 54254 23688 94816 39557 72814 81847 11025 69802 98150 59800 81963 55028 79259 10525 96811 70664 6301 8920 59010 50462 82904 40751 45064 19055 24872 27026 29434 98893 58089 44404 41915 82446 23366 86377 10219 41935 14451 19760 51617 66120 69523 4015 36779 52454 79424 19782 64757 41322 99948 66855 19627 35372 97715 26878 93005 50834 52876 19837 9094 89847 51583 94901 59028 41607 94423 99183 74043 54348 71917
61183 83931 68578 48079 69331 56842 64121 89501 41231 64685 48450 43018 85015 20675 70125 22391 7605 28890 31586 89001 66287 11886 25318 32427 14734 44670 77095 63748 55536 95535 33601 11555 62866 53518 41772 9844 7982 39466 80035 78604 33468 18552 59857 21337 43812 41090 66818 32135 41952 9175 3692 21594 90496 40321 26449 25467 94059 32313 47271 44571 19870 91301 43457 66594 19754 49672 43797 83975 97476 88391 31209 86106 37390 97486 26170 1910 50853 94986 95583 11695 19220 44680 57667 6800 48236 16257 3822 80787 31496 73360 34194 14993 92750 81189 11518 11843 1125 58588 54221 42596
48889 10122 39344 2054 30694 77252 74261 79092 72710 21608 43235 70990 24683 68453 5204 28440 39835 54973 42496 90083 48680 97437 3948 6384 25557 25548 85134 26005 39837 85629 91081 68614 22302 81198 66877 70689 15786 36022 87650 78470 31396 10616 31492 35622 88587 15790 51106 75840 58957 35393 84485 83549 69180 29462 30123 31522 7849 54692 49128 60409 31192 12033 93697 34741 25023 90559 55679 96532 99679 55987 99622 77880 21728 74691 44389 97020 59002 97840 70660 6701 22312 17732 9839 45091 11863 83902 10483 45928 28123 70393 86308 41390 29894 23569 47743 301 44620 69 38157 34461 71506
76673 90055 83101 13811 35100 49720 9223 71459 96539 62138 73312 8075 89033 97404 46824 46850 72546 48481 56266 32778 88590 45842 10668 70720 62719 2280 58011 11221 60954 54731 92271 21132 50759 43279 88496 63517 5735 61793 10538 64251 61233 57053 25412 99425 48617 82447 6112 13566 64619 44993 88411 13425 32603 47307 84936 92700 34995 22549 25465 27327 40992 46522 65070 92933 18156 85279 27244 50591 72245 68526 63395 32018 93677 92418 27229 81319 67908 8106 62893 62967 5887 51193 29566 72710 26113 4126 90323 30371 92519 66811 21659 75654 86524 20121 61159 19663 21039 77969 68056 82733
75323 81595 68080 5191 86844 43425 78607 74676 26090 48812 89085 93846 84773 30457 39687 53801 44265 312 16019 66318 84275 19342 1765 98903 33988 35387 77917 49097 29548 28915 95830 42534 55061 82161 63459 98156 96973 15028 95485 96466 70721 77951 56193 13258 99714 65837 82556 50795 59003 55061 95924 89634 73760 28830 10483 26802 11784 73100 70466 5054 31460 74603 52378 88303 90407 90415 11251 26798 72728 70709 14909 35288 10519 30089 2262 85394 70687 65532 49198 9247 28940 51460 39923 15075 69738 24191 20414 46392 36392 56785 54102 46070 4554 95396 40281 19156 67778 57616 33507 47097 5933
6299 20370 19714 32 109 98222 24577 11808 2187 62215 49187 19343 88101 5963 55056 45903 33659 58922 64972 10969 44574 26391 71497 26023 47223 5148 15014 1189 94084 13930 29945 91557 85353 27525 94193 46655 62181 29452 14564 98110 56714 61353 47166 49532 5755 93456 73437 66322 89248 19922 21738 6897 22286 82288 12087 64912 68839 174 25549 46190 99897 46445 81385 90288 26350 46399 55137 46589 17338 6609 27994 41892 99619 76651 52598 68078 45000 12399 18123 95641 8706 74693 53631 59646 97246 35366 11048 46509 58601 43221 79338 73023 36940 13856 97779 68583 5513 80842 64747 22096
72587 53131 92615 37482 88446 97118 99906 49283 83369 3671 28600 33486 30920 43776 87427 72917 69966 11773 44529 93491 6273 30049 48711 22256 49727 30181 68747 88721 94853 14120 66343 68703 75627 3841 24645 27553 22299 4079 78615 25712 47103 89547 96757 54779 11886 67456 4098 85873 27906 76560 91872 88371 1176 86589 85644 9713 57768 68940 49804 17472 42225 44994 94042 27664 62858 54957 75298 54395 19053 38555 41507 48378 86793 143 96141 25000 33 76624 5422 21125 24320 87092 31582 93495 61687 39729 82258 27124 21386 19036 65088 31478 10264 33671 73336 70001 47817 34631 29439 35978 71988
96828 73014 87923 26785 41737 37362 37203 15035 50784 59021 82843 57726 79697 53781 7314 75597 79820 24472 62459 22912 25062 51049 62304 14846 6011 1328 76401 72141 82470 48488 41943 35404 34027 58952 46025 21125 21294 28603 93361 88519 68101 31011 86242 28131 74662 89033 46526 66180 97409 3214 54286 92367 5893 40311 5683 17040 33746 93561 72139 33408 19037 57564 43172 54195 62371 35317 86912 10042 66752 72721 40090 46411 26685 4311 86421 19747 66823 52593 79844 60875 51522 68764 16653 31062 78354 65533 4457 49579 48415 81899 12525 72626 81171 33739 40758 92642 39615 97901 20308 35457
69325 52295 38317 22089 9201 32908 21723 13975 88119 55686 30739 69887 37398 14320 16187 98802 99141 28305 51013 85805 91750 26449 23026 25747 37301 71244 74024 58193 30230 50750 51860 20991 18574 76091 35202 60357 5992 93523 56790 5837 92629 21027 74548 19115 14478 7526 62792 38615 8702 20337 10314 31436 7226 37071 20373 10199 40184 50797 60954 39396 52729 70457 80414 34134 98217 34024 88283 80580 87672 70828 44256 55615 23728 64613 94140 210 52308 70779 36769 50000 33335 31153 59682 96884 34176 82492 75647 84755 60511 17370 7497 76174 66744 9935 57456 58235 43758 7898 3261 40295 71375
18059 31076 40033 44437 54 82654 71938 77380 88398 72720 18602 15964 67484 60057 73736 1689 26053 89409 33432 93910 56276 68945 1462 11875 86469 98700 79119 69964 1061 39932 93623 75949 43291 1 58974 14275 89743 41191 76654 2012 69369 36313 75610 8566 91650 87247 28790 11339 50486 3775 24383 31586 47493 33955 58246 84760 47210 85817 54291 56055 41297 43375 51593 60762 31149 87082 56934 54379 69034 89063 88281 35433 96573 71128 45926 23579 71664 37397 48422 73218 50603 5867 74488 35428 77920 96507 8089 58171 23629 51982 32284 90333 98145 98194 52525 9432 37222 93157 93170 70563
61350 76038 24227 6545 51793 62286 31938 35051 70462 67589 47448 62574 34102 68808 76619 1665 44526 25957 81251 88122 97 77201 61642 50561 36704 75232 44473 98348 58291 44884 63146 58755 94384 53099 77933 97453 63981 22474 90358 2243 55040 5293 1745 51144 37799 58581 6319 84692 29428 90 32459 69120 75325 18637 53007 94824 23571 44637 57650 2602 11920 82307 34666 59165 44652 1343 77257 66744 70264 62280 23508 39 56458 61637 99 25938 27096 22084 75325 44515 74612 34099 72004 46179 97507 86705 79801 10521 12734 92503 25865 49122 84449 9868 19824 5362 39506 91767 12407 63690 49757
70759 96763 79944 31203 76967 17486 77226 4423 77279 31829 9910 88368 1180 92053 3341 9170 53097 72106 45563 96573 93838 39865 84219 36656 90432 77616 30288 82798 20581 39734 76534 27648 83057 41307 22244 29570 69043 76132 41552 68307 11249 25935 79739 23613 99565 78918 41164 11112 77954 39114 51238 41894 1339 11128 22320 92883 16844 72041 22022 98162 59798 14392 97108 55696 8656 66751 19672 86766 20521 70042 47120 37154 6633 17029 74719 75949 57275 13956 93202 67355 98331 86518 10675 98723 18516 58630 4021 96673 66766 75715 17613 22451 9165 631 29534 42078 33783 25351 33416 52975
37787 10919 62118 12150 62950 73743 25608 95569 37711 89094 202 45633 21367 24041 206 57768 32 5957 43840 92739 14445 97866 94279 66714 72685 9886 74183 37975 21115 26855 63 92892 4976 64418 50360 60797 74620 60193 17970 97207 37979 46611 18480 52843 20561 1995 43008 22517 64887 98950 40710 88579 37581 16838 19769 88036 71909 19358 17580 69827 9801 81279 3273 9902 80952 80547 71714 80731 59651 18320 22900 110 75003 38565 46681 9479 33434 74150 3214 54451 62858 66905 68973 27635 18292 89420 27573 22295 34731 82511 92328 31681 98869 53800 21815 97003 86968 14468 34532 59374 57303
99702 77189 85934 29464 18049 74024 93690 10085 88309 43898 11094 888 47172 88037 42928 18764 82520 7902 70884 32588 49012 33307 31428 34395 26802 49505 704 93329 43099 8884 37095 9094 74204 29512 58864 92104 99377 94317 81740 86108 95808 33298 11421 76622 40198 79935 29705 84279 38904 10595 8475 23981 29447 89114 10479 20978 781 32122 96119 35949 15732 94266 70750 74151 487 96493 26931 27679 22635 37679 68699 66852 36347 41006 7952 93834 6027 59926 36672 89191 71222 69949 15882 67484 7539 52080 98749 45747 92249 78753 20381 115 44206 93359 20856 85061 66788 95644 38207 40645
48326 31097 72169 15136 6028 16315 84194 67765 38601 24292 95901 77551 12312 51109 70623 29506 29 67169 28527 18320 45103 30730 83769 15123 36808 35042 36751 71281 84520 74447 95041 59444 63553 92215 18415 47876 42186 17342 79012 74045 31505 81289 59898 94273 53036 26402 4799 77331 35254 12445 86604 89000 60301 56911 28263 88654 67145 66154 66023 40167 15711 27526 35156 62883 92694 36795 10839 46391 62094 58163 62336 16362 2090 64131 56949 37157 14113 70935 4966 53125 15869 2080 96456 66709 78481 92646 25863 56484 12369 21444 56962 84765 76932 75018 30421 81805 64251 7278 11562 44522 45155
33391 88298 82461 39726 93158 84266 39861 16678 45139 40837 97687 68423 75429 23774 54644 25382 62419 73858 52789 99632 1051 17538 64852 85657 71731 73013 31060 97341 29528 75982 59931 83779 62208 53659 83713 41896 14836 6287 24610 45984 55288 17759 6353 68628 58164 37621 5929 31619 19009 28754 3534 54711 33446 75203 86074 11632 35322 48204 28972 49670 77251 11998 37508 38131 18503 2096 36774 88605 89086 15445 21598 49480 1040 96856 12623 32293 53004 67576 89629 18756 14563 1745 77309 23586 91782 5691 72714 61239 8005 7668 2757 23993 96876 65 17756 66835 11781 99410 61494 71835
80094 94231 69945 60251 3667 87076 94239 50690 59346 30404 64184 97023 31572 93593 62088 50839 17692 96209 71321 61627 98283 10542 26813 83866 77813 51185 99825 20210 19360 13091 89771 93945 86548 19000 24651 32514 61991 5926 47173 25123 78475 44388 79135 14920 16729 70392 58164 87771 3690 85317 19058 70779 31120 26955 20397 3067 94219 17760 97003 17734 31641 85797 98012 4630 26070 45215 39149 44323 66076 28075 66765 67363 36536 18304 62553 77616 71015 30269 40316 18929 74 13858 24337 75879 98735 13047 34570 16443 41958 50977 60942 45839 9717 78263 92472 73208 59156 91054 28750 86541 94093
5198 75916 25017 77876 63276 50210 85704 11856 32073 81656 66564 73795 77758 51336 80489 61967 81772 18938 226 83746 65133 81131 18509 88433 18068 85281 58283 6027 17664 12110 49705 94907 21673 78732 18793 68649 1139 58298 77229 65715 85724 26063 78792 84747 32441 23465 64883 91578 25648 52324 82454 55751 48486 17618 97756 8380 68143 65046 18728 91704 93480 6465 21231 25585 94862 53270 62651 80303 46364 50322 90864 51420 36445 70116 94739 57924 96091 7177 29400 13777 42984 61181 78816 33035 66170 6022 79962 43518 36379 83199 37876 4698 63855 47065 58965 63650 86703 37947 58551 91608
78842 13651 35038 14405 38587 30945 65663 28196 66107 41905 68932 71075 16313 7613 77358 55661 46 26842 53642 69375 18498 5973 48552 89029 61601 89843 44617 60945 69218 77992 20085 17726 41366 56963 33428 27628 40619 89006 29301 22423 31596 88929 98910 31136 94232 38963 54288 5958 5901 46624 21997 79822 11161 51074 2772 47774 72541 90926 70194 81728 85386 71388 27483 75870 38618 5261 84403 96357 793 72595 89621 34818 53285 911 59157 78 22919 98511 214 18880 10702 55717 48007 59367 86108 54662 30724 62675 77432 25551 1226 71728 42066 49976 66770 54491 13259 96448 66060 77835 5221
