49 47 7 663
61659 436254 257907 317577 988533 672282 575484 612612 510510 838032 45747 223431 996489 827424 168402 4641 515151 497250 371943 105417 720018 23868 414375 9945 601341 566865 674271 742560 395811 745875 153816 160446 304317 865878 515151 365313 737919 723996 167076 286416 250614 678249 115362 117351 356694 391833 772395
657696 427635 326196 944775 472719 697476 11934 889083 481338 704769 300339 7293 401778 291720 642447 499902 290394 969306 248625 556920 732615 292383 696150 767091 633828 656370 950742 940134 254592 891072 450840 664989 846651 865215 302328 600678 19890 905658 129285 385203 605319 299676 805545 658359 1326 749853 281112 513825
194922 105417 856596 245310 548301 626535 284427 916929 827424 803556 393159 243984 474708 657033 221442 424983 553605 678249 539019 133263 53040 634491 98787 813501 13923 104091 280449 855270 344760 895050 991848 568854 358020 654381 653718 339456 331500 98124 3978 856596 294372 1326 245310 117351 439569 570843 727974
678249 682227 640458 391833 938808 444210 255255 871182 633828 715377 558909 804219 959361 242658 20553 68952 155805 310947 938145 952731 658359 289731 609297 173043 45747 735930 431613 941460 255918 694161 73593 225420 918918 11271 787644 131274 690846 190281 354705 97461 246636 993837 336804 684879 855933 948753 189618 57018
220779 429624 56355 77571 93483 825435 142545 28509 960687 465426 369291 984555 199563 48399 352053 521118 617253 727974 175032 201552 842673 418353 527085 346086 733278 72267 602004 655707 635817 649077 273819 702117 53703 725322 100113 757809 880464 620568 291057 714714 184977 661674 495261 348075 988533 794937 991848
431613 166413 104754 7956 26520 678249 737919 489957 455481 493935 163761 117351 849966 793611 574158 645099 1989 230724 54366 960024 212160 418353 273156 336141 358683 196911 157794 283101 24531 66963 960687 239343 85527 238680 307632 229398 322881 181662 208845 462111 596037 626535 475371 156468 659022 371943 15249 622557
127296 365976 450840 863226 879138 232713 200889 769743 785655 372606 641784 426309 70278 7293 751842 411723 287742 29172 7956 771732 683553 807534 173706 976599 425646 45747 151164 259896 666315 672945 603330 698139 460785 504543 766428 528411 703443 722670 700791 37791 287079 260559 889083 226746 33150 668304 133263
918918 433602 61659 79560 480675 70941 31161 326859 328185 827424 364650 349401 167076 265200 804219 851292 61659 170391 189618 984555 214812 621231 517140 375921 200226 819468 694161 716040 343434 783666 577473 584766 497913 11934 543660 951405 840684 403767 611286 604656 796926 45747 832065 474708 466089 11934 810849 202878
216138 753831 12597 270504 352053 580788 263874 950742 175032 158457 212823 369954 7956 897702 463437 75582 650403 147186 723996 621894 776373 344760 861237 170391 789633 725985 640458 491283 277797 69615 1326 978588 980577 843336 869193 873171 346086 151827 733941 813501 962676 137241 19227 690846 179010 737919 62985
560235 834717 849303 789633 334815 218790 59670 734604 654381 594711 380562 415701 97461 114036 871845 735930 571506 180999 841347 928863 266526 320229 478686 952731 772395 908973 18564 20553 131937 294372 49725 568854 84864 468741 838695 430287 126633 970632 77571 348075 804882 45084 483327 594048 964665 253266 531063 59670
636480 235365 329511 899028 383214 253266 928863 336804 809523 814827 525096 173706 314925 990522 495261 836043 843336 784329 511173 325533 657696 546312 908973 954720 442221 102102 278460 879138 85527 55029 395811 409734 95472 950742 375258 647088 59670 650403 210834 572832 393159 781014 441558 619242 13260 944112 580788
652392 511836 228735 550953 173043 896376 165750 381888 725985 266526 675597 192933 136578 240669 294372 87516 441558 177684 211497 196248 479349 278460 820794 584766 855270 429624 849303 747864 546312 706095 927537 360009 374595 684879 700128 80886 636480 339456 818805 722007 933504 92157 272493 698139 400452 678912 999804 934830
499239 860574 823446 355368 260559 206856 783666 247962 136578 192933 381888 147186 338130 92157 777036 610623 779688 433602 831402 399789 668304 39780 284427 975936 163098 737919 834717 53040 933504 19890 309621 598689 145197 592722 720681 140556 494598 27846 257907 554268 462774 433602 80886 19227 86190 777699 775710
77571 612612 106080 712062 37791 611949 100113 196911 822120 665652 9945 717366 964002 527085 663663 850629 111384 700791 636480 445536 419679 180336 119340 282438 475371 733278 926874 697476 21879 924222 202878 485316 125970 468078 726648 430287 789633 605982 507195 180336 924222 956046 60333 956709 801567 101439 757146 861237
318240 873834 583440 407745 768417 55692 824109 748527 861237 324870 297024 986544 363987 365976 236691 13923 883116 194922 863226 802893 985881 466089 518466 642447 302991 443547 271167 184977 739908 402441 483327 171054 356694 267852 491946 425646 986544 777699 182988 177021 321555 273819 375258 405093 497250 701454 216138
259896 211497 290394 968643 86190 600015 628524 92157 535041 655707 70941 948753 648414 293709 723996 336141 932841 897039 820131 88842 383877 515151 858585 903669 832065 194259 818142 853281 433602 727974 895050 821457 704769 242658 89505 609297 977262 271167 113373 103428 774384 246636 173706 993837 680901 268515 471393 92157
619905 658359 895050 84864 446199 445536 391170 546975 286416 541008 495924 259233 668304 439569 666315 289731 875823 718029 78234 909636 141219 53703 449514 417027 9945 674271 808197 651729 204867 92820 84201 845325 369954 798915 293709 310284 283764 600678 590733 393822 735267 736593 274482 415038 312936 688857 704106
16575 770406 851955 606645 966654 600678 53703 260559 428961 881127 828750 293046 177021 249951 706758 261222 918918 461448 830739 804882 265200 208845 70941 194259 974610 233376 522444 602004 759135 514488 934830 206193 558909 352053 857259 184977 938808 575484 845325 568191 965991 483327 717366 783003 213486 659022 461448 307632
723996 322218 685542 916929 328848 276471 690183 194259 520455 759135 265200 482664 322218 907647 363324 37791 609960 559572 994500 823446 489294 47736 683553 9945 797589 618579 757809 260559 352053 798252 572832 433602 705432 743886 155142 811512 102102 658359 714714 224757 1989 981240 446862 825435 570843 693498 970632
361998 306969 598689 150501 829413 415701 639132 765102 356031 356031 384540 120666 932841 451503 993837 181662 654381 662337 15912 81549 539019 23868 737256 218127 981903 873834 625209 411060 568854 262548 132600 487968 21879 30498 659685 633165 101439 868530 358683 743886 552942 63648 987870 604656 38454 8619 533052 397137
665652 995826 881127 758472 479349 232713 312273 714051 334152 200889 786981 318240 570843 408408 381888 889083 412386 177021 326196 598689 393822 769743 256581 282438 97461 286416 464763 668304 3978 0 784992 487968 991185 417027 957372 457470 770406 1989 96798 509184 606645 798915 554931 683553 328185 985218 586755
507858 161109 848640 497913 928863 37128 581451 958698 686205 698139 111384 5967 292383 519792 505869 562887 7293 855270 626535 776373 79560 600015 471393 296361 598026 181662 109395 17238 426309 791622 53703 607308 336141 659022 784992 180336 942786 97461 263874 785655 205530 16575 190281 497913 697476 57681 115362 944775
312273 582777 371280 539019 530400 394485 178347 592722 397800 68289 926874 476697 153153 421668 19227 169065 199563 739908 141219 268515 811512 226746 595374 196911 379899 934830 299013 525096 135252 323544 946764 859248 237354 72267 606645 331500 352053 121329 81549 399789 565539 569517 368628 985881 989196 996489 491283
363987 169728 299013 797589 0 232713 167076 811512 821457 722007 715377 230061 499239 853944 1326 861237 912951 270504 724659 675597 967317 171054 297024 400452 765102 666315 958035 308958 936156 574821 765765 129285 782340 403104 767754 708747 456807 590733 194922 95472 8619 845325 662337 482664 284427 523770 51714 234039
771069 889083 672282 287079 874497 495261 572169 750516 881127 942786 851292 121329 613275 285090 711399 247962 51714 590733 57681 367965 59670 928863 70941 265863 469404 613938 430287 11934 245310 326196 877149 411723 665652 895050 940797 869856 965328 521781 698139 777036 527748 615264 863889 208845 714714 408408 332826
889746 613938 313599 284427 320229 346749 822120 292383 104754 806871 897039 287742 525759 445536 478023 651729 546975 668304 586092 259233 422331 790959 525759 861237 262548 965328 119340 568191 969306 812838 322218 749853 991848 639795 665652 554268 777699 905658 427635 17901 865215 952731 415701 236691 474045 551616 372606 912951
944112 123318 908310 743886 796926 228735 475371 874497 141219 160446 727311 330174 55692 447525 476697 130611 594711 705432 204867 734604 946764 896376 192933 859248 238680 379899 7956 847314 586755 240669 973284 390507 335478 918255 652392 177021 684216 45747 986544 710073 169065 735930 920907 322218 297024 813501 300339
70278 411060 452166 9282 743223 171054 443547 361998 795600 42432 972621 272493 214812 589407 580788 266526 467415 395811 360009 314262 523770 743886 39780 403767 651066 436917 306306 897039 426309 37128 229398 184977 784329 48399 45747 684216 227409 315588 200226 333489 233376 606645 975273 990522 35802 218127 950742 263211
968643 487968 604656 772395 529074 362661 319566 83538 680238 276471 297687 813501 618579 15249 871182 240006 157131 924885 82212 706758 692172 628524 72930 49725 908973 800241 298350 60333 663000 31824 810186 767754 912951 401115 841347 763776 878475 241332 946764 855270 499239 764439 897039 19227 437580 360672 432276
891072 483990 299013 889746 848640 829413 739245 346086 795600 360009 469404 847977 973947 1326 642447 956709 40443 511836 729963 741897 425646 733941 367965 265200 153153 468078 436254 271830 773721 706758 478686 379899 487968 547638 201552 459459 0 554931 535041 775710 978588 928863 39117 405093 480012 934830 690183 278460
493272 764439 574158 877149 497250 198900 871182 137241 964665 759135 956046 211497 873171 838032 801567 538356 381888 505206 190944 109395 672282 863226 562887 720018 779688 441558 771732 910962 189618 733278 781677 588744 871182 286416 200226 296361 603993 204867 369954 887757 358020 121329 377910 904332 291720 592722 187629
232713 414375 832065 561561 691509 446199 663 566865 918918 261885 32487 702117 192933 675597 666315 242658 924885 452829 188292 379236 253266 552279 909636 74256 590733 523107 574821 88179 110721 992511 499239 147186 816816 879801 550290 602667 792285 680901 482001 195585 465426 375258 668304 865215 395148 67626 847314 839358
718029 353379 794274 21879 567528 68289 361998 199563 809523 277134 521118 850629 432276 256581 442221 485316 653718 714714 360009 789633 704106 674271 155805 996489 537030 495924 353379 840021 141882 662337 916929 385203 332163 612612 543660 548964 712725 668304 31824 847977 180336 602667 127296 83538 588744 293709 268515
122655 853281 815490 45747 385866 445536 829413 655044 727974 403767 808860 322881 33813 495261 393822 562887 591396 608634 395811 333489 884442 809523 399126 133263 25857 507858 928863 771732 95472 887757 7956 173043 334152 497250 281112 184977 493272 665652 182325 569517 558909 707421 26520 693498 235365 838032 954720 364650
204204 714051 493272 755820 240006 381888 497913 601341 306306 704106 421668 536367 421668 1989 129948 225420 618579 619905 226746 63648 105417 445536 815490 438906 265863 950742 136578 125307 683553 33813 530400 295698 950079 259896 60333 397137 429624 306969 640458 807534 490620 790296 525096 395811 547638 423657 513162
167739 637806 258570 688194 300339 993837 432939 753831 997152 660348 249951 27846 334152 603330 83538 974610 302991 282438 361998 17901 805545 773721 315588 720018 936819 779688 21879 576810 212823 141219 642447 458133 469404 928200 521118 204204 273819 145197 617253 458796 621894 786318 184314 188955 577473 77571 960687 876486
470067 550290 482001 149175 461448 719355 588744 361998 177021 640458 489294 819468 255255 222768 234702 889083 113373 302328 311610 856596 815490 23868 102765 72267 13923 686205 882453 244647 16575 700128 908973 328185 67626 77571 168402 592722 515151 61659 226746 334152 434265 11934 675597 67626 171054 457470 261222
434928 670293 775710 62322 135252 270504 399126 332826 489294 908310 969306 573495 818142 793611 609297 698802 815490 453492 539019 377910 304317 266526 497250 723996 576147 474708 610623 501891 182325 781677 147849 14586 825435 418353 66963 308295 439569 173043 27846 753831 712062 483990 578799 515151 95472 792285 993837 578136
151164 843999 989196 651066 876486 896376 350727 348738 978588 261885 90831 330174 67626 392496 344097 531063 788307 335478 381888 881790 655707 21216 454818 781677 243984 660348 944775 107406 827424 817479 432939 621231 952731 887094 640458 262548 671619 341445 13923 27846 147849 55692 318903 190281 784992 167076 42432
24531 688194 475371 5967 853281 745875 15912 449514 11271 897039 293709 539682 767091 232050 621231 56355 37791 377910 760461 108069 87516 731289 828087 518466 257907 994500 630513 353379 112047 961350 552279 763776 594711 33150 163098 726648 917592 561561 214812 387855 936819 596037 307632 188955 433602 357357 300339 787644
60333 385866 464763 421005 171054 546975 263211 684216 379899 13260 29835 464100 41769 789633 965991 902343 674271 730626 278460 358020 173043 720018 947427 356031 133263 401778 204867 354042 131274 829413 272493 554268 999804 751842 941460 962676 375921 644436 712062 646425 558909 481338 623220 299676 231387 655707 996489
807534 507858 65637 125307 478686 629850 587418 0 749190 690183 642447 286416 912951 513825 618579 301665 851292 946101 566865 820794 958035 314262 459459 376584 415701 733941 853281 153153 893061 745875 664326 7956 739908 399126 672282 731952 992511 711399 598689 837369 564876 871182 264537 65637 466089 942786 455481 328185
89505 788307 393822 628524 962013 417690 104754 16575 891072 847314 278460 498576 294372 35802 918255 264537 552942 851292 769743 928200 285753 312273 145197 604656 652392 831402 838695 679575 501228 626535 603330 336804 15912 877149 545649 9945 638469 247962 566202 584766 838032 631176 838695 792285 904332 138567 993174
202215 539682 21216 566865 865215 302991 682227 942786 524433 564876 356031 708084 468078 292383 24531 837369 956709 1989 728637 861237 183651 567528 179010 822783 791622 998478 727974 731952 468741 747201 729963 289068 652392 397137 560898 127296 226746 7293 512499 338130 771732 434928 857259 889083 904995 910962 269841 692835
857922 295035 766428 41106 184977 463437 99450 23868 657696 639795 803556 202878 662337 924885 877149 626535 996489 448851 445536 329511 131274 654381 592059 755157 375258 891735 326196 291057 504543 944775 433602 900354 35139 747201 449514 833391 651729 489294 529074 851292 577473 831402 77571 709410 57018 17901 147186
25857 936819 664989 108732 862563 336804 147186 483327 415038 467415 113373 143208 169065 268515 784329 375258 841347 55029 716040 328185 207519 991185 348075 570843 281775 998478 684216 302328 272493 974610 168402 966654 436917 510510 279786 163761 869193 850629 77571 240669 733278 516477 739245 403767 393159 104091 179673 474708
881127 448188 657696 479349 920907 698802 833391 475371 579462 986544 169065 913614 550953 556257 90168 608634 159120 851292 31824 641121 766428 52377 644436 287742 435591 750516 268515 489294 239343 857259 863226 550953 640458 745875 204867 658359 123981 505206 310284 486642 224757 845325 271830 957372 600678 138567 702117
803556 594711 105417 445536 570843 527085 734604 513825 556257 790296 149838 23868 218127 257244 309621 158457 457470 353379 916929 42432 190281 648414 316251 365976 984555 785655 621894 75582 503880 71604 49725 33813 795600 89505 805545 998478 241332 159120 656370 331500 754494 560898 459459 443547 15912 281112 267189 655044
889746 818142 977925 396474 340119 811512 39780 829413 101439 192933 419679 712725 788307 310284 306306 147186 789633 495924 113373 29835 247299 877149 871182 425646 230061 287079 853281 171054 513162 538356 262548 672282 149838 463437 615927 300339 7956 711399 89505 496587 0 542334 692172 594711 125307 641784 852618
