50 89 6 1
406843 256834 359984 128502 507446 149358 234475 737113 401250 998450 67991 663065 503326 571334 492107 707960 96508 314303 947976 671682 800559 206806 885245 244217 543416 533447 727436 419687 920170 612664 183786 692685 19977 492824 199273 752678 863420 22135 710230 175410 693486 882222 290196 2530 17916 553565 554205 309111 480115 810833 913658 774868 566734 777704 152448 136932 547234 457749 480725 250440 799475 620742 704657 730102 311938 964549 468659 963803 252049 977324 770574 113617 512694 458463 728617 150382 351688 464473 900901 843114 443616 727058 728434 261792 832228 629443 826919 290085 193116
38353 905857 691480 198174 274927 316627 397428 831565 360067 400992 219743 425995 216998 128968 985015 862160 101848 410854 747970 549514 868883 949992 357486 167691 412008 409446 900017 563304 557025 504567 360092 585131 514802 856434 514547 914804 294304 449179 823650 564402 606297 912651 885825 485995 221914 962812 659118 659966 143374 519057 869322 713442 690237 623194 217113 845425 801078 946714 74850 211802 580888 838656 805129 416170 548623 867433 850133 95798 849825 272020 362404 795937 687882 668001 995855 911200 18509 162116 486990 263217 376168 597258 778519 626421 717191 466716 774135 571309 205053 666668
331013 429602 893752 75123 9210 951560 82368 925867 82453 388337 837048 665075 959414 600768 336377 147931 79656 600001 251289 887788 299949 411822 670987 646014 592363 962251 243154 652965 527550 858677 326843 950541 118616 61733 926923 373233 598416 100034 118151 675906 49603 621924 35314 940755 973368 44254 473400 236568 844068 593942 521837 556844 346240 76963 376359 508278 636067 659745 329822 908878 85256 977865 357516 722408 436767 676758 217186 143578 862074 285194 446991 801091 842207 849385 152057 635614 350496 749805 970046 328648 900990 747232 998758 778783 478090 801805 206192 127939 869441
758424 263826 10477 781285 582814 681153 115092 415754 207107 566901 477228 79229 193200 295325 405923 979420 163028 572751 498532 364158 287394 492068 765289 205756 188633 258356 351378 60955 605176 399920 784488 321722 868003 569668 555479 894804 641083 687993 96986 180573 146560 217435 474284 349342 25250 484851 808910 555514 322839 958324 8737 685035 932877 352156 88149 690318 533858 277303 108882 251614 910802 573911 806700 629915 398188 472671 158988 873415 130679 529845 887211 681259 659914 558268 85429 674629 272737 145812 915976 267243 836142 366165 36531 55937 442810 484783 619168 277018 925555 240055
414985 690755 269289 17669 844963 116882 253490 800075 332639 222544 48017 375249 774324 434009 729551 885481 536334 541767 531422 244996 814632 547351 225605 781340 643149 895480 332892 373047 115669 886366 905786 366387 12917 207690 262519 377477 408428 189571 217489 197732 298572 837707 389778 834710 482760 414794 74419 303473 859299 949524 953666 231415 894988 679120 881521 5320 811171 734960 341501 679555 811324 177042 841230 716932 803006 776366 352470 659202 921486 431454 900489 433300 951301 947368 494355 136340 635281 199179 366285 520759 604935 241246 16403 606676 806466 866269 980973 890641 218290
46529 169162 101970 334560 659954 592065 442089 449114 80248 241549 212616 64279 978866 766696 758768 460765 618163 490688 677517 45532 357305 125492 468042 575844 56934 476219 898170 66086 416674 7692 956986 83499 984316 866665 77178 13018 36159 228844 975641 644509 442912 508001 732312 991425 53804 847597 902436 43510 675838 4883 63702 644122 929048 177573 250748 902031 129969 44544 734206 678514 366838 821108 243095 324163 187993 845680 165914 217669 689378 211999 839728 124650 559143 288403 236949 175423 965835 155194 413082 906688 565972 705084 594039 535674 36915 961028 897618 283380 401714 444086
810460 207638 133163 963315 127511 708274 532045 260252 314110 701589 75889 19588 506328 594786 192545 339457 9212 203410 314919 480765 714014 458033 571646 441651 162674 505879 563082 91432 109502 558803 677629 999035 30885 191572 977957 482850 201053 409954 400758 415858 46361 949180 645660 303495 960401 686649 491685 679629 191922 769705 996596 447625 897000 609056 897282 341622 488917 139485 33798 370165 802533 387002 834755 210187 154118 161156 782242 744963 548095 226130 403133 188526 643772 882450 245315 402768 586832 425226 343500 865253 590619 626681 732076 418138 526352 807490 459118 703750 147198
449822 461138 375848 728352 448470 853653 921367 509468 938370 270152 653963 25515 866499 967629 377012 453983 264454 41233 920522 800096 824966 382017 887864 751223 201411 524410 288315 85767 339859 491478 66583 443295 71737 517112 28868 552463 392789 375982 803154 596754 225166 472133 245257 26015 937923 617030 315069 395423 247498 550106 937186 939631 552467 165217 707520 759184 219451 981991 497885 792907 598834 849852 226178 979452 594002 185432 748176 634991 644675 695133 569928 221134 616901 151352 471308 660659 414106 111943 846904 841679 899285 167962 145684 430864 483596 283439 551934 57884 961472 94695
869192 655316 542648 616920 969182 75013 602756 323533 686779 749621 281133 158966 367454 867772 508383 413131 759037 182184 590158 171985 479950 171938 460988 674504 371019 79342 848659 222425 63609 119022 606535 67816 964094 207731 424647 856336 630648 423547 300606 699863 290080 783647 208104 203816 866407 352820 608555 897543 523839 644432 895649 344275 355761 381967 218976 633357 898602 17246 148565 12051 838515 853363 376982 748916 593336 117864 923111 610014 322565 723009 58271 211494 535388 898709 533384 499828 851282 970925 175769 756502 280022 781732 536720 964199 917421 974400 815086 307315 1846
923518 752996 448239 988642 676729 734407 549024 381405 215028 572812 657050 332844 886057 694417 846203 313444 271993 126970 656394 587090 657550 89002 478768 134760 555349 801859 144936 188426 152164 813302 893406 441545 402490 85807 430950 950244 618077 75967 510813 684044 32696 415554 909294 359378 442100 671459 905411 713452 744553 635553 382518 219294 938733 714027 514585 587408 19292 926619 757721 999905 524856 896936 574095 294090 721481 577990 114160 229373 946679 240283 474985 730695 413978 643804 239580 608694 768412 532315 715040 331511 330805 261025 546271 896683 78278 783954 365510 540455 814809 910555
893603 746985 903153 13630 833246 580948 356166 787089 588150 808298 659466 393602 617896 326991 962923 623235 520162 713047 881107 730701 28485 745511 517840 743733 85269 214408 809295 968452 391333 496097 40911 824935 434994 792151 348496 930013 813859 340515 129468 51102 40044 280687 829058 542307 642521 887559 257071 643753 532530 164084 538495 115449 875537 192547 498671 332385 801834 389414 80939 674375 158297 684659 45488 10100 179371 317590 942156 851052 846198 651410 383510 924989 46233 258135 574531 826592 951102 803191 672546 218844 335632 584024 385699 972621 881565 61509 667622 143707 665118
484570 48198 526630 988334 477130 388779 937842 146248 826310 758123 240587 127361 266154 33532 503307 32533 913237 802150 703807 368382 711776 495168 725428 436048 610834 150084 386623 829225 735427 490079 654580 282591 281976 429101 52572 34510 178975 300076 400230 436633 395960 503864 31175 587470 241200 177409 243590 607320 80384 201315 868914 829909 295120 129930 404773 453780 417358 622346 863070 702482 462624 683926 836918 219726 601001 459536 835838 639137 871200 732711 46942 669407 142840 973223 263967 57838 657135 460880 131084 688198 302758 254581 21933 984739 73428 644681 176100 311238 68837 662869
419213 499042 862952 241521 642331 863082 198320 469726 824343 420475 273027 524657 247412 266504 565737 847791 628831 112685 943567 74888 197025 683794 381383 945890 635173 536411 367111 888800 837773 785656 394074 897144 275022 920960 22211 974085 338300 580734 113276 505837 603022 398108 844883 908260 754659 539571 427554 795444 119789 714492 487954 514968 864506 590824 658814 186916 210077 526435 739879 5523 699122 962826 780412 173807 802834 197405 148545 243273 676372 335983 875947 972432 219051 815979 973234 512778 790939 254745 469944 570271 511264 284930 255982 644542 298065 304750 237247 950793 100316
720026 514871 448873 279051 165018 326349 901199 308926 809227 498553 679909 212706 272750 213206 783568 932774 885631 28936 46133 943618 183668 885162 726351 46067 16152 16343 549781 908986 547682 577502 963056 207875 673247 140702 37997 887112 533319 648097 783893 593274 934546 711753 121757 302047 950349 181751 769343 575010 279095 935967 159601 939028 558014 473867 440889 778984 514293 813693 888625 587437 295359 414650 792564 48167 84885 171684 788225 717507 56456 526477 184191 951293 893043 286459 227392 9425 746674 221283 714912 742201 600911 459117 632021 445136 772523 938430 115384 195741 518860 58851
544538 161407 475863 349367 650804 690659 728384 806248 633631 742015 827968 875624 357313 194306 339385 675840 211509 664764 250877 754943 748057 714102 506817 94981 903064 739518 907753 748613 555830 325725 965059 184573 795281 972326 973773 534751 678214 415928 690084 989086 331105 944166 936911 568559 606258 328831 548240 899896 691759 384773 363414 847009 279158 595988 759212 291090 608261 18210 259973 878797 325013 314787 656612 812595 821811 233503 212926 772573 812069 787373 372792 770603 29318 485423 554302 187641 26843 439297 512708 595710 998663 720170 675977 891256 229479 956799 955762 380009 8230
766167 494604 708556 588209 566921 997383 234104 945380 875252 994910 384460 402648 582401 853936 240827 223653 569370 734325 57405 587431 889389 534228 453714 571736 360400 338515 761867 161062 711462 954134 585106 132310 20145 749349 608470 933490 153929 927097 406806 218398 620905 222150 99122 787686 116366 746844 803470 404150 851441 886644 292597 707726 452548 921492 418765 644417 773454 486164 560491 155401 772696 850296 402023 932626 762309 630862 631417 984085 130185 248951 540134 767051 437926 723136 164388 595282 835991 614588 795309 92094 226230 667622 43477 167833 657639 117607 936233 192109 538708 629770
217537 520604 114071 171076 9494 90139 331472 54721 33857 268014 359109 656912 728611 16171 628337 37787 34675 835892 532667 432686 685634 926803 955144 323335 994090 507216 17405 899310 279352 677038 775961 716381 911488 417195 641638 145369 539636 227637 279581 502579 436172 517800 288468 854111 846651 129564 255335 335278 802899 137239 929777 820184 147079 476057 608632 452254 449513 788565 431652 584438 415492 456088 308343 766590 932557 763082 326034 450107 118583 971692 181536 437067 252575 238165 217322 430601 461560 152008 146627 9949 722976 91417 808189 871059 425794 2981 533110 868149 48067
353455 768536 276624 617126 857040 339940 783484 592231 186637 590984 69187 811926 53064 683352 836536 459676 837054 428680 89835 750432 194460 408084 562336 209662 129785 275240 473132 832246 28284 169511 143760 230664 108250 804520 261012 873493 549310 582803 699580 265800 242557 93324 696332 323857 908682 784894 916787 268634 429538 458642 270383 96116 429491 268682 882784 829234 444091 354191 93030 678245 751268 681517 560905 319306 537663 299586 195274 930322 501005 870892 496995 564102 570996 607086 179820 707796 684690 138304 157724 623522 430589 187410 936201 697243 911999 708303 595657 80592 7932 936993
546539 750012 296723 695138 641372 152260 45125 797239 577837 734714 531771 75402 665117 276391 399567 955392 496221 134109 651071 828520 369394 887911 335563 25144 528835 681599 756864 611404 10740 127263 819189 346746 795205 967820 158807 693352 869990 119789 519212 416580 443970 172503 929075 429466 531768 44812 429941 204867 512916 524722 153613 166839 759615 124052 601512 132984 670207 827689 213387 416464 497885 825135 225264 641857 341359 776326 844851 325422 623221 590298 866251 229437 675344 56997 547134 686711 167183 568724 963773 14772 503871 262689 595907 32208 288525 721630 35432 908631 270944
298573 440108 874117 59494 656447 526268 532450 738546 412402 63787 779770 878645 925664 495451 277066 56980 194066 759395 350318 336173 266198 89967 310130 813296 266740 802155 994771 913934 136820 655418 33611 143020 602271 988122 474723 561537 140379 823515 991875 650459 627552 509225 896308 828328 614252 591522 80381 416346 899790 97859 426185 84977 486812 154179 834990 237460 421148 650325 621603 548530 997734 807916 744738 28833 328992 500329 686716 5860 417446 860460 711168 497507 695361 652134 788072 985457 804517 153036 623679 852981 965618 4577 655083 493638 142134 857881 967586 258899 869179 610950
858630 772548 812208 32966 576326 865675 846822 48350 671621 511610 897041 44865 192086 614354 912944 611755 901006 479243 115341 417341 164756 216053 316748 805650 470632 439400 940464 587295 526718 15321 922891 131674 316508 703563 603646 258760 328384 233330 366555 764237 796040 708568 871983 827549 934051 324513 127350 599532 473259 374024 475983 687747 652764 346248 301945 973972 510920 813282 857594 334825 626983 536756 81949 670714 834695 305197 882745 643536 484017 863841 236617 888852 322179 271691 262527 254497 378231 612642 515637 96445 296334 546949 831810 449960 586762 464108 318593 193991 380799
403844 634746 475410 368827 920690 153653 341072 630250 465933 68114 212900 7666 495172 15339 555420 254863 618479 702266 367505 728013 784501 887418 401647 802353 953093 789879 545103 279684 688444 22929 5669 568307 654571 530057 435059 215470 567403 735052 152202 12303 620148 150786 511838 776192 831705 582140 582049 300794 580637 764324 553946 113233 237652 817376 525918 431485 947155 382040 432572 587095 650035 562196 163434 363327 265418 882298 711757 584083 746510 91354 491685 942849 238902 530920 700637 837358 776889 198007 716704 739610 688054 886440 426407 498639 903548 596056 113528 197867 245834 673515
719309 722231 90784 370513 303528 620763 554676 385282 171036 47164 972874 394558 534107 872967 298746 711885 246476 478028 320645 607355 940613 423353 166475 182334 798249 376479 398352 734663 987311 746561 872867 821556 454734 96283 478033 732742 533170 131870 401818 22248 759942 572330 820404 857176 965491 296420 662519 667226 992635 673557 50929 333300 500612 847034 521209 761068 113529 513270 711788 691905 82422 845599 995173 429576 579539 888843 636578 678395 774073 184710 673979 64157 750980 877084 380529 168465 802815 382905 867914 595649 528701 983267 301880 264910 519252 925693 258475 456896 683418
775456 336008 280625 319829 92266 756118 843368 540231 44579 706835 253588 895413 592121 746126 877810 882665 75010 607832 385249 671897 123101 751238 678280 388467 395809 184898 357146 229611 497005 77781 927624 622498 275055 896462 302777 908173 143590 27892 374413 264183 974717 109225 602098 65441 869396 393771 497292 346810 352370 135872 307809 20237 776599 155995 4831 490404 694716 931860 377688 896844 746413 219752 731388 194629 259481 993018 152781 530719 551185 26698 361502 165491 574891 921845 988060 269911 177898 416723 326561 544822 62702 979529 986733 804695 624036 440805 811096 357854 596462 253849
455359 48782 533713 413232 626310 391939 520405 796702 743101 893729 795122 44201 482092 797813 395234 67664 667903 64651 864473 316077 728676 770682 236571 605936 217145 445255 155745 592626 375226 172462 555127 809954 337699 30003 734981 284830 685658 892187 513864 182613 134475 822185 71250 552529 444345 606199 456770 654469 612796 564368 442211 528186 452596 885395 24171 715589 947084 47455 159492 976566 192723 702078 202988 935471 206150 945352 613433 501971 115864 791169 264688 867215 564204 49858 356577 413809 671673 520954 489769 706863 196821 931121 847921 178935 747084 742639 917804 554975 852764
70743 887382 542037 792245 809337 57245 556074 682359 273134 979292 992655 589442 591904 311646 621942 267289 789056 323205 612359 54894 786992 955857 557192 561123 618393 98118 290297 816211 5937 388354 149690 978256 198469 106012 5329 597034 68338 189786 134554 383280 288311 806374 583813 135085 902380 218555 514791 691958 228721 749661 531147 228280 970684 688924 338824 376774 201193 230355 650785 151680 507864 995220 644906 35981 918736 223037 276861 614180 172320 313534 424170 393428 370254 672385 30759 176984 373094 306039 657527 424545 534284 468682 144543 606605 387447 811482 394924 61874 100175 420934
361708 532988 866979 660619 457866 118483 838105 784686 389495 312699 510616 651700 494019 107085 270548 60179 925958 524307 939079 572183 432775 435872 481366 228368 604281 487356 303948 346403 180611 161468 496785 931762 621621 183998 762913 871482 828891 644883 515163 864463 335031 263434 64991 923104 957502 515106 617905 377957 483689 805810 244717 151441 180920 344955 750214 612305 545250 968199 192749 185971 733541 357996 413323 431621 568324 937766 289567 91125 283450 805661 496569 843195 382583 454396 901856 892962 327843 359716 83348 948955 771169 585982 365982 561818 907835 878497 276901 814184 356482
960482 104707 420666 483532 364435 887845 161619 751152 590009 113666 665891 45462 421476 503936 471203 989300 864055 384971 150499 375009 417990 581121 172747 633199 856249 972992 625750 865252 720314 964890 421309 234170 405644 460742 667110 7697 853376 366238 882727 714025 781259 750363 826573 753732 432412 154595 159514 340533 177971 610825 332172 842817 588497 61503 27303 746520 623275 526986 906279 776022 497985 249823 950986 158965 898422 471710 626490 886099 913340 541680 431523 866777 583307 150003 135087 877516 539634 539716 161659 306416 821890 611331 409898 790465 592687 170528 270405 399533 806596 32288
144161 184357 728917 891797 836543 887413 989839 900 817517 690740 628952 495289 610764 516296 25523 591153 95182 454165 57411 292693 895165 645586 887611 481538 643858 865233 58472 763549 925320 58911 874474 451383 783800 876668 117255 424323 496084 923656 195735 500389 557983 40097 589502 505418 632881 360929 326327 891771 797708 153129 688451 113222 291058 500882 149641 917241 117992 885687 584818 481768 78528 999821 510980 225211 521500 886921 403159 393496 683356 498674 884484 57515 402610 671380 473630 615734 911196 550670 906197 625280 7727 230274 78064 67943 84178 308101 654584 110547 166838
846391 49692 555578 853482 188825 219782 634298 188936 756245 642539 804762 713414 245306 125400 185916 247410 37679 438246 216718 998576 81532 736462 351339 414531 374046 192967 528858 480827 981413 731362 985694 922461 983080 836284 462673 687936 657563 526174 379127 713230 919856 474774 357313 350905 399589 54045 729900 662699 332078 948327 276167 565603 746943 982875 978738 71515 422571 946058 13593 923243 982059 650213 967441 723954 278549 225978 670186 951814 499599 225078 332257 466500 946921 697037 709104 270162 707652 31624 290901 408092 369174 913214 127199 998725 354715 693365 131747 782534 382598 214109
187899 923416 208799 692355 75350 484640 508585 105760 321923 647040 995061 932330 924842 439522 596013 747091 350074 512904 506176 943197 797033 857375 960089 126359 7713 657540 329464 435646 337933 91162 270359 209322 534559 173101 431999 69270 17094 270457 433026 352858 894145 459864 836448 980275 254784 968882 33427 842447 498443 746393 347121 819525 102412 263818 371812 967614 829388 45451 897038 472472 233543 534417 467382 77340 352497 707674 514713 414461 74646 795730 562358 295122 392757 260971 325761 940858 857279 125122 854419 412439 672100 196509 560619 909603 461118 773459 367572 808761 972602
226646 302802 117028 419436 392793 541963 324076 79458 572862 966943 952548 429999 708579 716794 324699 287343 842741 153941 911273 687114 346381 750698 348958 915969 469953 657177 662635 111812 72378 511031 24677 279672 973966 783937 71357 178645 148412 776691 251763 889345 507438 879063 837395 504315 375580 778814 506491 679854 871693 327966 504842 909502 251515 759558 328028 375538 219948 240393 62932 496905 814926 923150 697374 441528 30023 522953 133096 846888 366582 858594 509644 887281 613048 185815 13484 418329 17918 168977 413101 339465 322413 562086 477599 524311 231718 436444 115943 723626 287040 836448
286928 329709 818645 724035 428785 557445 682306 271855 848604 783540 746342 639915 659767 218730 88507 765224 801743 195035 253076 495426 174882 537683 718149 500933 623112 749073 569235 314377 6346 573807 177956 712359 455619 589301 398074 599762 354974 77535 164399 365070 510506 353531 526720 676521 662295 717954 884839 163682 761916 522037 890134 131240 133281 400770 338370 263531 775583 854185 165346 518493 146645 951262 7870 621907 65955 784296 532353 60701 838055 323177 56999 15031 945416 361775 564666 387379 159235 488481 684131 367288 904679 514200 738261 988172 780455 177321 145239 466321 626765
354053 393897 211997 804796 322321 239273 795235 366503 623500 719520 791169 25741 793325 14073 305131 312843 409992 72710 362870 841215 41210 599418 53818 425816 68333 159148 924210 944088 554285 631948 621056 674730 702295 862625 523397 239831 339596 969493 441832 776775 892009 801857 81802 753427 73476 447503 536752 717164 130646 825039 210882 426491 154594 269852 96497 673439 446470 929839 774704 684764 273845 961136 995908 642389 193981 946888 868079 541995 768975 509441 99565 474912 393596 525194 851367 901227 994450 490017 700493 749111 779038 728270 842842 543795 53533 306386 77541 728996 672182 651379
990297 555675 467731 414782 741182 949703 760896 972142 257059 710789 111301 783662 196692 839751 684306 85972 786741 75521 712126 33493 430292 956435 358977 834620 579984 275295 506884 918138 39994 704801 378655 747953 460120 350121 849715 513849 856803 592351 33231 522791 752334 800288 864099 870207 388637 447765 760186 671752 651267 592926 851905 502624 411701 456321 789360 677739 747304 67730 381302 924142 862415 139459 773576 471249 195228 870353 52276 153540 199490 213349 651885 971488 991874 555907 283290 558998 647677 89290 182331 191900 400201 711222 159721 414437 230613 201998 279830 172486 960919
54892 148824 607626 661381 534068 973423 511159 4051 414014 156340 626391 498282 934352 79395 991937 339912 897908 173237 505991 97098 924600 430390 328520 762117 585616 659208 338551 782361 767393 861904 10795 909917 592915 571562 939356 349201 764611 792325 39477 524183 686117 388988 870418 512217 908946 743977 392634 353005 890065 919882 713281 46901 816618 75991 592244 368068 979427 591956 653774 610760 487713 264451 858836 520102 399566 985751 495043 908753 479205 681770 798209 83067 101759 282520 40877 421709 409476 234215 370757 913055 82379 561820 292143 379785 457472 735338 100980 664872 320821 310077
914815 127226 568065 710035 305024 438530 77070 596351 52600 497717 618188 268744 237657 88436 885754 183517 500412 898566 660345 44828 59685 27148 751416 43519 510623 232422 317878 511215 328432 577844 776486 973233 753555 917707 533250 55760 809598 295918 963888 455945 668003 757359 283391 505477 636349 202002 486752 44476 831959 316085 920698 857846 823930 840819 601360 903555 563772 135764 280998 743163 986326 713283 244470 994673 264440 65514 77029 196821 487652 246734 663606 763561 293651 920413 262522 680853 586254 894328 940131 719581 489171 351501 670656 695207 99233 448538 247036 576572 239798
565109 302841 182490 363570 953293 541523 516284 10315 384895 660302 217735 466868 599278 539050 704942 341056 740658 143289 967530 462256 766580 416489 514569 904973 221494 970831 877060 584184 718852 763880 392883 830791 838154 359646 764906 584700 295948 167089 32307 51197 539137 326483 623910 999648 265948 123678 258395 142960 58096 868256 512014 787174 900506 955513 495521 11566 13607 772922 582351 133309 931592 663921 953699 567880 401373 284189 918277 454732 970592 582498 585605 132325 703126 436520 176214 231525 714966 348806 797230 178162 574222 420239 756052 890263 70476 482115 749264 341907 729646 491978
622410 528568 628220 35201 78979 491346 735956 53370 315363 367819 234362 871796 219663 828663 497084 354011 417110 411699 163677 99666 906770 70377 167325 980167 548338 964243 600890 467637 14457 757429 122949 546488 371195 29238 562258 807643 685636 75008 97681 411609 867049 819049 184770 110246 437967 245988 732168 236442 774124 134087 525506 262136 687700 636355 708809 683715 744615 982120 511660 506689 570339 808188 258026 437985 862264 487592 328949 679029 607731 882003 820423 408208 65907 21766 706182 795452 393909 670677 27067 589640 54286 215460 320060 718814 470025 947546 708475 639565 863331
704961 790996 315469 233692 633333 800900 138283 360980 449867 249754 782179 827898 976164 919371 664609 738592 759350 231806 605818 577899 800378 612203 196306 166095 650689 662456 950167 21238 261261 791537 531598 362893 71683 446773 827841 235491 828325 656902 223706 830326 485483 427101 306166 810134 922005 980835 434305 142093 500820 366589 891594 193428 826483 914723 173710 993657 950635 662336 788880 280385 403844 352100 654392 139017 989917 963499 832483 449082 251618 101357 39887 375650 505009 145610 267114 629751 728270 749520 638065 431423 35927 961835 92850 8136 636724 51698 153534 530836 655956 6906
131806 937133 837895 511194 149862 581828 361130 153516 125130 571290 631889 436615 560325 880868 593116 527613 631762 892874 126504 582335 940092 366929 557289 640882 847392 431243 625569 790039 326139 75120 892550 875887 855889 392911 372714 857623 161892 274184 732447 948888 598268 819183 53845 632739 74069 807517 634888 659817 261532 217215 508338 792622 725923 350916 804222 153920 367294 815670 649166 921663 770339 877017 28608 267244 883399 239427 375034 106358 402720 500433 567875 220939 189183 998681 245123 281059 697345 598339 129892 860706 686254 515300 757981 833318 878235 294182 292423 82105 594235
723852 751953 666223 368141 792868 896839 194342 574244 541361 675137 415229 604959 19876 304915 179670 236008 119551 428405 616528 370937 57448 475878 149821 715116 293120 656138 27201 220968 947806 914694 318542 476337 304189 867665 72548 320086 792439 29687 277898 189600 211538 958500 290447 467856 290095 265023 719088 13852 940691 703080 485501 163517 756304 315657 483608 725038 461810 566779 265186 772839 675945 118796 53732 336832 463970 568522 865995 550614 984446 972195 926970 343394 313119 143459 933998 448385 39343 808507 934075 615617 55302 241065 2827 63265 24444 917190 175565 332623 839199 485368
192567 516154 518456 953862 224676 965920 533581 25080 979797 446911 974658 11602 181911 656992 609698 110017 322950 444906 884235 892020 328182 70901 428998 999952 405594 809806 415447 822986 160691 101192 419981 545892 934890 45737 416371 831487 543754 92867 237849 88827 841618 946411 36062 650760 456310 109296 949577 147146 413057 279346 668168 493332 547355 374592 671076 951617 750624 865989 122370 453604 159863 125676 995411 829012 468303 22149 728315 832298 748231 437649 740118 636723 215509 985575 699775 828883 338967 274473 561774 394133 531103 863328 857613 971416 90957 520358 121317 654158 78455
455379 294617 731666 73235 373149 301102 445607 464081 429169 192215 3280 583361 686794 666398 427349 621743 789661 850126 419249 899823 862192 445850 729748 887363 663505 87952 165209 642709 447170 448407 705566 357098 751628 798928 959084 303067 578025 304778 240859 935315 94840 377050 596052 366631 367370 628189 110530 417603 222546 529693 85929 917541 643088 422189 167503 531730 995658 736882 349253 851418 475598 615088 974177 742704 267803 960951 621050 649586 685754 848187 859694 283507 622324 479942 427331 461037 811466 259140 17169 690443 952056 170288 286823 216027 255838 36411 636036 800052 486942 362751
458891 65396 62572 639524 619537 767875 63024 980609 528891 857970 35532 679164 469053 106309 182843 750366 258651 388158 477840 849183 770203 227079 795302 132688 253412 564856 144394 73059 135486 68363 622032 137396 445559 997943 595936 414911 6589 862007 690074 262973 427897 899547 134120 492097 571708 179664 101834 90757 93722 453233 384767 338710 184207 950947 261147 596774 592347 409665 234440 65396 964959 556912 449573 914547 295332 470298 356472 937199 739121 718687 730465 664176 850388 420685 659374 148817 4131 354250 874088 15421 26294 652290 673528 700517 422708 722135 101553 524300 686625
921610 48692 271879 99497 977138 252354 610592 395058 454072 486811 340268 509437 474874 300333 399850 694209 353 328047 773557 807049 947437 125561 119555 331748 212425 699646 474894 295346 688094 158943 668497 459489 205861 495914 761295 460620 2495 867125 698011 508250 890476 698538 645441 622664 668971 784225 889005 338149 159984 431621 425973 356116 991733 311019 218348 226176 586786 817942 315077 736515 854550 832245 636059 539982 322814 420290 320992 908598 601504 7805 53973 852057 22330 106095 201973 839048 372081 526260 916650 719750 101408 234208 3912 529383 577448 84660 657601 426294 660020 526694
333107 701269 676663 947815 552130 161388 267767 310462 683883 254139 344889 514166 136845 426165 401488 62822 922763 985143 851487 446395 257811 638278 865828 195733 595980 100305 252781 592877 150252 891155 726219 56217 355545 747017 805757 65856 453835 592123 175076 365565 540218 371016 241035 842541 975475 313301 347287 991193 473199 265140 414106 713430 172826 743315 821416 848229 188621 147882 83837 403103 799111 858658 705599 791555 30602 874212 124731 453917 294150 790532 903745 942553 348163 546179 226666 888238 885453 831366 655786 935838 303785 815048 790879 499937 639398 115570 205198 343108 986858
81821 575358 21947 218583 680324 816606 19116 606869 678739 132641 817100 963450 602859 28035 396682 936370 120059 396592 425271 339344 896803 972789 342191 539892 774962 89530 275017 597109 412956 805834 128256 885877 726127 818131 234829 441515 378440 615570 756502 346711 672338 631580 407124 712827 409517 688178 133252 863060 913271 544567 130846 301731 223695 821911 50613 941427 335872 575818 871057 736765 273883 108015 885649 98397 538473 256290 130359 908964 411118 734265 216572 146993 187606 800482 829965 735772 776098 781165 339248 865954 527461 368423 167052 196904 769454 461207 104074 535747 675888 932680
49571 638396 627913 783741 828053 349760 264160 513357 402442 318165 330068 370197 946369 632331 781448 237234 921263 764513 800720 968885 860228 903070 345990 310697 343765 230664 708097 577422 225417 110310 273499 859068 206941 685509 974526 859848 939017 201598 801445 207774 944105 16402 756958 270524 801443 378762 329414 596031 659428 560815 290642 377785 497645 416707 115878 930521 986573 614337 305277 485337 155338 208583 756416 378877 263190 662028 535199 45840 342729 95298 657776 868436 370669 683542 45220 555667 976192 23070 315619 736487 353538 744825 710563 363883 428045 976937 708274 138861 891657
401966 74829 907230 238658 721506 434977 887934 313858 675549 599719 751288 373265 984150 647593 575368 824895 587585 419485 421375 706837 584429 346136 164436 228877 89137 396881 466105 391964 55227 500657 511148 638120 814965 250959 116856 462462 976937 912418 724934 673730 648590 503141 236840 701571 179905 277081 821283 3768 96308 757294 382067 437828 281077 70581 754054 333625 591158 502449 577241 96983 338201 313041 241083 802621 497959 611489 479868 882586 570890 207848 453624 735665 307427 655501 707312 402811 662026 99410 513613 64127 109188 327571 516021 281037 297991 220122 563306 75967 109839 308392
