10 20 10 200
229 284 198 99 67 394 377 53 232 213 157 68 279 379 352 166 199 328 107 96
151 388 165 258 291 356 150 158 312 81 41 361 271 119 46 76 271 101 319 96 363
63 106 226 134 356 388 266 38 215 263 224 159 366 56 123 137 134 62 295 344
150 40 170 278 365 313 12 8 367 133 132 93 198 378 22 317 107 370 393 103 368
115 194 338 98 26 383 32 324 58 128 154 382 256 173 219 82 258 100 281 299
163 153 89 228 64 209 9 377 360 167 307 366 287 255 306 236 275 291 334 43 142
151 173 294 178 174 97 184 233 63 190 163 133 67 375 236 49 255 266 220 367
199 339 22 323 33 165 351 48 96 40 332 357 328 255 57 162 134 86 262 395 340
224 309 194 1 221 79 213 344 343 14 111 382 308 388 161 52 86 123 258 201
160 362 123 224 225 280 148 97 198 176 259 261 9 340 121 182 307 90 228 344 372
