9 20 5 675
62158 16515 65363 11097 50059 3353 44580 6634 6829 23632 97420 78421 24749 4681 36783 64257 77038 96915 54760 86933
13839 19376 84111 50579 35325 19210 76536 50369 86751 94555 31623 59573 22219 76137 6230 3934 8629 79252 35101 51605 58823
46403 20758 23739 35451 40420 99320 7164 13695 89573 54249 63943 50507 94695 41973 15327 89068 81593 91433 48273 89325
29933 19305 85538 46171 333 16797 29929 16405 61608 45826 33977 50517 49576 94865 31407 20114 65845 84854 67901 83943 55793
46112 71013 13645 27427 82756 10090 73004 39777 97597 38550 79843 65479 53364 87565 65595 479 24282 73073 70529 53966
16551 54319 83108 24332 78943 75051 88930 41161 43539 97671 97459 19177 15105 73030 16459 86602 99145 87784 58638 78892 83980
297 36941 55477 56076 38363 10835 30382 72014 2582 63480 95694 52907 85817 35745 35705 31483 15063 50471 38102 57340
24525 89748 84321 93196 45542 31383 78660 70537 84273 54202 11392 25182 9501 53328 24703 30031 50363 73161 44957 81379 55989
59856 67867 90212 94140 8569 48827 1897 65387 62407 12904 8308 75312 22000 96924 57289 73622 14999 20044 5085 34517
