50 50
191 91 174 31 150 103 47 108 153 37 41 98 138 181 89 45 122 8 32 14 159 183 117 141 126 131 4 186 177 20 151 48 130 143 152 104 188 133 88 158 27 169 140 66 24 165 78 35 7 63 
DEL 37
ADD 45 61
ADD 181 107
ADD 48 50
ADD 35 26
DEL 103
ADD 130 29
ADD 63 16
ADD 183 93
DEL 88
ADD 47 85
ADD 131 173
ADD 78 80
DEL 140
ADD 151 82
ADD 47 33
DEL 186
DEL 130
DEL 14
ADD 16 136
ADD 104 13
DEL 138
DEL 108
DEL 26
DEL 82
DEL 63
DEL 136
ADD 32 100
ADD 173 161
DEL 41
DEL 91
DEL 141
ADD 45 67
DEL 177
DEL 183
DEL 181
ADD 165 46
ADD 131 83
ADD 85 171
ADD 8 147
ADD 35 103
DEL 117
DEL 47
ADD 85 189
DEL 46
ADD 93 106
DEL 61
DEL 131
DEL 89
ADD 35 112
