100 100
368 183 201 334 198 354 231 390 477 466 193 31 180 443 299 296 343 227 184 246 4 313 134 398 463 279 73 333 174 286 217 147 188 372 370 206 104 300 384 301 308 317 75 448 471 259 116 326 382 381 151 303 447 449 204 24 173 181 132 252 271 393 74 106 430 202 248 205 220 114 123 192 200 433 439 175 159 208 71 319 288 54 179 395 196 426 253 419 467 329 142 177 20 141 65 260 194 487 225 360 
ADD 208 126
ADD 231 229
DEL 217
ADD 126 420
DEL 467
ADD 288 168
DEL 75
DEL 395
DEL 372
DEL 134
ADD 299 190
ADD 430 362
ADD 184 199
DEL 147
DEL 142
DEL 200
DEL 300
ADD 54 195
ADD 174 110
ADD 420 203
DEL 194
ADD 205 241
ADD 190 421
ADD 195 306
DEL 116
DEL 449
DEL 301
ADD 227 84
ADD 430 58
DEL 439
ADD 225 182
DEL 126
ADD 198 311
ADD 368 318
DEL 206
DEL 384
ADD 343 79
DEL 487
ADD 448 2
DEL 175
DEL 182
DEL 201
DEL 168
ADD 174 16
ADD 179 81
DEL 317
ADD 447 300
DEL 447
ADD 260 285
DEL 334
DEL 308
DEL 333
DEL 114
DEL 110
ADD 368 353
DEL 198
DEL 368
DEL 381
ADD 343 290
DEL 300
ADD 231 131
ADD 370 80
DEL 343
DEL 419
DEL 354
ADD 288 226
DEL 296
ADD 4 154
DEL 2
ADD 159 479
ADD 132 228
DEL 360
DEL 252
ADD 104 406
DEL 326
ADD 406 417
DEL 205
ADD 193 134
DEL 73
ADD 204 340
ADD 228 331
ADD 4 176
DEL 80
ADD 190 491
ADD 58 8
DEL 131
ADD 253 27
ADD 173 21
ADD 313 210
DEL 331
DEL 176
ADD 229 439
ADD 290 33
ADD 204 108
DEL 299
ADD 180 243
ADD 382 412
DEL 65
ADD 393 305
DEL 313
