500 500
394 724 104 855 968 662 376 430 827 729 84 178 478 552 418 527 465 349 275 115 782 944 279 225 191 250 708 573 686 905 964 957 794 847 41 382 875 830 380 196 702 251 743 798 930 338 288 757 163 366 760 257 38 138 293 182 503 125 392 131 170 846 302 543 424 525 124 211 377 900 455 361 655 758 693 939 417 804 334 815 672 712 620 415 651 260 400 874 404 332 902 159 828 705 872 843 584 28 785 668 197 547 397 823 745 673 381 100 187 720 972 68 674 707 180 608 402 298 52 559 579 578 949 8 303 477 92 446 966 46 913 756 711 362 249 226 541 271 256 306 824 808 456 883 370 85 895 273 412 607 421 826 371 978 176 112 425 53 942 127 521 231 561 364 213 149 567 318 57 954 119 445 531 622 876 135 485 23 580 775 988 993 981 960 143 295 329 505 243 24 764 457 839 427 638 948 816 431 442 277 274 72 268 515 819 419 496 282 862 890 219 76 190 508 375 122 132 926 612 722 566 413 856 90 117 852 555 133 353 372 540 554 955 25 26 189 495 497 975 300 367 632 899 10 928 443 393 344 348 158 62 78 284 227 654 264 54 934 643 985 374 307 903 466 486 481 640 916 886 873 386 623 359 941 630 310 266 814 581 749 803 652 150 312 806 797 658 605 598 796 519 401 140 549 898 355 866 932 802 522 49 32 387 13 681 184 289 888 585 40 550 592 194 384 961 304 73 59 669 167 694 976 452 735 538 842 817 74 405 126 773 603 859 483 43 29 352 984 940 752 838 50 789 604 269 665 142 239 94 450 1000 602 247 179 69 236 229 992 642 378 63 684 263 860 3 918 970 144 650 220 181 358 628 761 965 979 9 21 151 534 327 792 390 951 30 753 222 677 254 305 484 475 546 459 98 685 336 914 215 42 67 755 719 897 812 11 769 700 644 324 867 203 108 498 199 639 64 606 529 152 299 341 771 744 407 185 704 172 909 726 807 99 134 48 468 118 675 687 692 111 230 504 952 849 291 800 471 233 799 746 493 458 340 649 373 885 878 645 494 766 618 435 718 938 526 19 774 891 309 93 106 265 205 770 342 851 624 731 935 601 82 262 160 768 671 904 363 936 441 379 635 714 462 323 331 136 37 590 664 237 
ADD 942 356
ADD 534 969
ADD 435 569
DEL 425
DEL 370
ADD 352 710
ADD 194 613
ADD 441 398
DEL 961
DEL 668
DEL 710
ADD 902 252
ADD 658 440
DEL 43
ADD 508 633
ADD 176 894
ADD 756 177
DEL 134
ADD 76 335
DEL 785
ADD 522 530
ADD 372 660
DEL 452
DEL 49
DEL 72
DEL 579
ADD 466 577
DEL 257
ADD 894 201
DEL 846
ADD 874 22
ADD 526 831
ADD 442 171
DEL 298
ADD 522 553
ADD 67 319
DEL 131
ADD 807 682
DEL 895
DEL 331
DEL 394
ADD 30 848
ADD 462 670
ADD 707 470
ADD 802 653
DEL 960
ADD 470 7
DEL 708
DEL 503
DEL 635
ADD 332 357
ADD 495 994
ADD 40 511
DEL 366
DEL 804
DEL 299
ADD 839 232
DEL 814
DEL 122
ADD 93 480
DEL 8
DEL 561
ADD 230 535
DEL 505
ADD 310 71
ADD 580 287
ADD 794 490
DEL 180
DEL 194
DEL 954
ADD 171 72
ADD 57 562
DEL 622
DEL 650
DEL 632
DEL 256
DEL 334
DEL 936
ADD 758 131
DEL 117
ADD 260 473
ADD 681 736
ADD 462 246
DEL 37
DEL 309
ADD 450 699
ADD 357 235
DEL 269
ADD 743 165
ADD 623 595
DEL 585
ADD 401 574
DEL 534
DEL 714
ADD 905 95
ADD 342 591
DEL 99
DEL 260
DEL 50
ADD 673 983
ADD 374 194
DEL 73
ADD 601 238
ADD 262 936
ADD 592 122
DEL 275
DEL 392
DEL 382
ADD 459 751
DEL 446
DEL 979
DEL 672
ADD 702 157
DEL 374
ADD 685 410
DEL 914
ADD 655 464
DEL 271
ADD 456 425
ADD 799 776
ADD 397 861
ADD 900 148
DEL 965
ADD 361 833
ADD 236 395
DEL 352
DEL 774
DEL 496
ADD 310 244
DEL 993
ADD 900 337
ADD 897 454
ADD 52 583
DEL 477
DEL 42
DEL 378
ADD 675 696
ADD 944 278
DEL 966
ADD 222 33
DEL 28
DEL 495
DEL 305
ADD 988 198
ADD 760 43
ADD 595 523
DEL 642
DEL 119
ADD 483 663
ADD 833 321
DEL 930
DEL 335
DEL 897
DEL 167
DEL 247
DEL 867
ADD 658 155
DEL 249
DEL 878
DEL 792
DEL 427
DEL 862
DEL 435
DEL 590
DEL 78
ADD 397 305
DEL 768
DEL 975
ADD 93 528
DEL 349
ADD 189 248
ADD 340 507
ADD 332 139
DEL 400
ADD 612 987
DEL 830
DEL 900
DEL 976
ADD 293 811
ADD 246 81
DEL 604
ADD 300 742
DEL 562
DEL 215
DEL 262
ADD 176 411
ADD 46 575
ADD 415 563
ADD 752 863
ADD 644 537
ADD 305 950
DEL 481
ADD 838 679
ADD 602 501
ADD 874 532
ADD 770 350
ADD 508 311
DEL 67
DEL 289
DEL 64
ADD 952 374
ADD 384 615
ADD 344 516
ADD 148 335
DEL 22
DEL 76
ADD 615 96
ADD 891 571
ADD 227 113
DEL 720
ADD 359 986
DEL 46
DEL 874
ADD 794 400
DEL 816
ADD 828 110
DEL 356
ADD 387 714
ADD 454 315
DEL 934
DEL 952
DEL 866
DEL 679
DEL 315
ADD 108 260
ADD 454 428
ADD 894 701
DEL 761
ADD 155 207
ADD 300 18
DEL 367
ADD 207 914
ADD 696 269
DEL 373
DEL 291
ADD 798 741
ADD 652 617
ADD 729 331
DEL 24
ADD 577 15
DEL 773
DEL 849
DEL 344
ADD 944 183
DEL 318
DEL 515
ADD 964 625
DEL 944
ADD 566 389
ADD 93 912
DEL 15
ADD 57 439
ADD 938 813
ADD 266 351
DEL 842
DEL 227
ADD 93 409
DEL 377
ADD 794 173
ADD 992 706
DEL 550
ADD 470 463
DEL 152
DEL 714
ADD 470 16
ADD 546 408
DEL 359
DEL 554
DEL 232
DEL 454
DEL 643
ADD 613 959
DEL 30
ADD 7 352
DEL 875
ADD 144 215
ADD 899 901
ADD 813 896
DEL 970
ADD 329 166
ADD 649 517
ADD 485 982
ADD 456 783
ADD 602 79
ADD 26 101
DEL 552
DEL 769
ADD 263 734
ADD 159 216
ADD 428 103
DEL 839
DEL 968
DEL 72
ADD 826 562
ADD 888 17
DEL 815
ADD 300 614
ADD 519 715
ADD 100 134
DEL 888
DEL 886
DEL 969
DEL 573
ADD 896 884
DEL 207
DEL 335
DEL 92
DEL 760
ADD 41 495
DEL 124
DEL 17
DEL 553
DEL 277
ADD 177 414
ADD 110 195
ADD 252 39
DEL 526
ADD 757 958
DEL 693
DEL 466
ADD 171 368
DEL 338
ADD 665 461
ADD 581 965
ADD 445 544
DEL 341
ADD 321 862
DEL 48
DEL 827
DEL 439
ADD 863 212
DEL 13
DEL 187
ADD 898 385
ADD 213 500
ADD 189 642
ADD 928 360
ADD 352 865
DEL 783
ADD 531 738
DEL 687
ADD 521 209
DEL 321
ADD 719 667
ADD 951 791
ADD 302 761
DEL 485
ADD 987 937
ADD 942 922
DEL 681
ADD 212 313
DEL 519
DEL 103
ADD 517 995
ADD 838 917
DEL 440
DEL 74
DEL 848
DEL 410
DEL 525
ADD 624 46
ADD 649 968
DEL 700
ADD 159 534
DEL 601
ADD 461 218
ADD 133 589
ADD 417 600
ADD 861 281
DEL 685
DEL 393
ADD 538 80
ADD 941 366
ADD 968 960
DEL 305
ADD 302 911
ADD 724 551
DEL 522
DEL 559
ADD 671 432
ADD 538 643
ADD 860 426
ADD 173 646
DEL 859
DEL 532
ADD 671 509
DEL 965
DEL 537
DEL 806
ADD 994 70
ADD 95 557
DEL 96
ADD 468 207
ADD 10 168
ADD 178 78
ADD 185 296
DEL 9
DEL 535
DEL 29
ADD 122 477
DEL 745
ADD 159 953
DEL 458
ADD 85 394
DEL 764
ADD 52 330
ADD 738 910
ADD 350 267
ADD 274 440
ADD 646 810
ADD 735 963
ADD 225 326
ADD 951 532
ADD 910 232
ADD 268 773
ADD 69 723
ADD 796 399
ADD 643 192
ADD 901 560
DEL 330
ADD 408 496
DEL 633
DEL 808
DEL 894
ADD 19 635
ADD 150 830
DEL 337
DEL 742
ADD 580 681
DEL 723
DEL 302
ADD 352 879
ADD 198 193
DEL 125
DEL 278
ADD 115 564
ADD 493 845
DEL 62
ADD 671 795
DEL 252
ADD 603 943
ADD 798 378
DEL 580
ADD 623 241
ADD 222 276
ADD 662 573
DEL 1000
DEL 652
DEL 110
ADD 54 889
DEL 311
ADD 630 764
ADD 618 974
DEL 216
DEL 722
ADD 744 793
DEL 508
ADD 861 814
ADD 705 316
ADD 500 666
ADD 699 698
ADD 239 510
DEL 295
ADD 351 568
ADD 408 522
ADD 490 980
ADD 613 67
DEL 132
ADD 948 125
ADD 823 330
ADD 233 88
ADD 775 228
DEL 432
DEL 912
ADD 955 114
ADD 943 513
ADD 276 827
DEL 250
DEL 69
DEL 884
ADD 746 525
DEL 764
ADD 743 1000
DEL 131
ADD 724 446
DEL 68
ADD 845 780
ADD 471 783
DEL 643
ADD 522 66
ADD 177 188
ADD 59 86
DEL 773
ADD 178 373
DEL 569
DEL 193
ADD 327 720
DEL 531
DEL 497
ADD 360 6
