1000 1000
1025 2353 338 1864 1659 109 2034 2170 2405 69 2193 977 1598 2291 342 2480 22 1406 231 2370 1723 2287 1383 2349 1555 2040 1034 160 2203 79 2755 2514 1364 1243 2154 2595 572 1136 525 1437 723 1831 2358 2701 2982 1872 1997 1742 2089 2618 954 2226 2467 1573 2117 2596 183 1472 2636 586 309 1977 2625 1221 1943 647 2031 1925 2225 1339 2032 1474 2260 812 1780 2087 789 2672 1130 1087 91 2114 970 560 557 219 684 1075 2463 305 439 2195 464 2729 833 2756 2399 2759 1739 504 470 71 189 2487 1651 250 1230 863 840 1612 393 2115 1905 2274 358 35 2423 707 1232 2662 386 996 2818 1366 875 855 901 407 479 185 2473 2807 1413 2296 1583 223 2279 817 1357 2339 1261 2111 872 1090 387 1642 2786 1254 951 1689 580 1758 1729 2295 1774 1778 2066 2691 2281 1619 299 623 745 1189 1046 351 2046 1544 2964 2648 454 84 1258 2777 1149 820 1720 2879 2436 743 2452 1852 337 2863 2845 476 937 2598 326 52 2167 1446 1461 2127 2946 1842 1363 1032 2761 1233 2220 2985 1285 2793 1410 1426 1847 1539 34 1340 576 573 1108 76 2572 591 704 1207 2876 1557 285 295 156 999 1873 2099 2100 552 2978 1627 2148 1142 700 818 828 1329 2390 2159 89 2357 488 909 2464 1241 211 1630 932 1424 878 98 1971 63 1958 2911 132 2835 2144 793 1605 1335 2246 1572 294 1378 2120 2228 853 862 1724 2026 2011 606 2328 40 1849 2448 2797 1245 2247 506 1306 2125 2417 1839 1144 1185 1973 2827 2853 238 2394 501 2178 167 769 287 2962 2826 2263 121 2951 380 277 905 1522 2712 188 127 2847 2753 2896 222 860 1174 658 2420 1188 1060 1985 431 2140 1924 2504 2211 382 2422 830 1599 1628 2734 762 2915 2524 621 162 2848 1788 773 451 335 2660 787 30 1918 1509 1789 1866 1163 2102 1801 1884 225 2392 1960 1493 2356 1914 633 556 1044 27 2050 2893 353 626 1822 2084 2380 1439 175 430 2301 2851 165 1349 161 1704 2188 2806 635 1388 1678 2012 2897 1558 274 336 2970 2920 2592 1259 2341 498 2177 1026 1399 1887 2289 377 1470 2569 2037 1698 1331 1231 151 960 271 2560 915 617 1941 1990 396 1561 2465 346 1181 1125 1888 1893 2369 370 1874 1425 1550 1844 1450 2350 1536 244 437 2516 2573 959 1330 1350 1145 1092 695 1356 389 228 96 2971 2254 845 1537 516 1401 751 2943 1483 2116 282 1313 2776 2469 2183 2321 2871 1304 2134 1841 2164 2885 2268 602 1880 1837 1725 125 598 2526 2511 1099 563 1033 2309 1911 460 2866 2692 520 1995 1869 2535 741 343 444 2303 774 1086 1947 526 1275 1684 1184 914 128 416 1298 2718 1717 77 23 631 2747 2576 311 2690 1518 2153 1050 310 1420 564 2427 2123 278 1351 2509 2217 2013 395 1017 758 1602 2035 403 2096 1097 2000 1499 1011 2061 2373 2210 2815 899 2137 1447 1974 138 447 1779 1049 2814 2351 1471 976 2711 2998 2049 2619 823 2092 2590 1283 1868 2529 312 1318 240 2610 775 2352 97 1705 784 2327 2241 896 115 930 2934 85 2558 1840 2642 1004 1568 2171 1204 1669 1517 2128 2007 54 1040 1269 2079 1650 559 2603 345 2354 1834 1169 2468 599 2754 1643 394 1713 401 1969 2536 1063 2113 1639 2388 2521 2286 492 746 2899 761 1155 2235 2800 1070 2174 2255 1482 2130 858 982 26 1458 806 2981 2249 2825 245 1209 1463 983 114 2192 582 422 247 1091 2991 2922 1928 1795 726 2139 717 2122 246 1850 1111 1562 2657 2518 772 2498 1153 744 195 1449 1950 634 657 809 2594 1796 2823 2020 1655 412 699 1041 947 2774 2313 215 1193 1031 230 2773 408 280 1081 1095 923 1326 543 1695 916 861 375 2709 2326 2043 1870 1706 65 191 1100 2685 2302 1279 2650 1423 410 796 2926 207 962 2578 1902 2229 638 1253 1299 2730 938 532 99 1119 485 2418 1126 1755 33 441 917 1809 642 330 340 1416 2453 102 233 64 2312 2361 2668 1624 1348 1302 1671 2059 493 2346 1409 1966 1175 1110 777 2337 1497 859 1521 2616 1161 1594 1670 1665 810 2932 637 546 1089 1793 72 1682 66 2389 2614 1581 2232 1386 2656 1381 529 440 1898 1422 1899 104 2854 876 392 2308 68 655 1920 2599 467 267 428 555 2812 1263 1019 1528 601 1701 1114 1506 834 2030 1203 2548 2278 9 2719 1084 2136 74 373 2359 1325 2545 86 1225 1609 554 2132 1954 2869 979 2745 461 2176 1343 801 1762 2975 368 2830 2381 1626 2166 536 2605 1511 45 949 614 2728 2158 1709 2264 2466 1247 1845 1567 2873 2038 1882 2006 2717 892 1633 1365 200 1276 1085 1402 1218 2462 1802 2304 1635 1432 2968 1139 1607 2940 1944 1252 1718 679 1273 2666 1991 807 2544 391 1761 2319 1533 275 1513 1516 209 514 2332 2988 1962 2008 1504 425 1703 2481 2831 2009 763 989 266 1389 2808 1267 1641 378 1205 2025 742 620 134 2039 2402 2925 2470 1936 2707 904 1476 1559 2817 1065 2553 1765 2930 1157 910 1923 270 1117 181 1770 931 2752 2 123 1128 356 374 1345 2963 180 1735 1141 671 1937 688 197 2954 2060 1763 2890 867 264 1307 1949 921 2822 587 1316 1180 2363 908 2477 2250 1604 2837 985 2425 1484 683 2305 551 1255 1047 2704 1393 1249 2077 1495 1475 2736 1759 2813 2765 1441 971 1737 1038 55 2651 1891 2325 2644 
DEL 810
ADD 1872 1466
ADD 2951 226
ADD 796 2234
ADD 271 1625
DEL 1432
DEL 2619
ADD 983 101
ADD 1275 420
ADD 543 2694
ADD 1689 2288
ADD 1364 435
ADD 123 1315
ADD 2981 2874
ADD 2756 653
DEL 743
DEL 989
DEL 1709
DEL 1633
ADD 905 218
ADD 1095 1894
DEL 244
ADD 1609 1058
ADD 1097 1546
ADD 904 2726
DEL 1356
DEL 2899
ADD 1466 1514
DEL 1847
ADD 2246 654
ADD 1604 1334
DEL 1388
DEL 2281
ADD 1774 2053
ADD 2636 1688
ADD 1275 2181
DEL 1241
ADD 1254 1593
DEL 1461
ADD 439 870
DEL 1763
ADD 374 2085
ADD 2822 1168
DEL 2610
DEL 623
ADD 1184 427
ADD 2140 1767
DEL 428
DEL 2701
ADD 1225 1241
DEL 793
DEL 2651
ADD 2089 698
ADD 1174 1792
DEL 962
DEL 751
DEL 72
DEL 1420
ADD 2982 1164
ADD 2873 2720
ADD 200 1069
DEL 2807
ADD 127 2124
ADD 2896 1240
ADD 66 2864
DEL 64
DEL 22
ADD 614 906
ADD 1891 821
DEL 1283
ADD 1499 1052
ADD 228 2118
DEL 853
DEL 525
DEL 1086
DEL 27
DEL 1720
DEL 2943
ADD 2712 2675
ADD 1759 2449
DEL 2158
ADD 745 1160
DEL 598
ADD 2970 550
ADD 2301 1982
ADD 2170 2887
DEL 2873
DEL 2930
ADD 1209 320
ADD 2361 2168
DEL 2797
ADD 1761 900
ADD 99 2251
DEL 1755
ADD 2118 2245
DEL 2985
ADD 2102 2790
DEL 1759
DEL 1285
ADD 102 1674
ADD 840 610
DEL 267
DEL 2545
ADD 938 2474
DEL 1599
DEL 2436
DEL 1466
DEL 395
DEL 2034
ADD 2188 2846
ADD 1792 2956
DEL 109
ADD 195 1694
ADD 2773 866
DEL 275
ADD 2712 803
ADD 1298 1278
ADD 1302 1983
ADD 2339 706
ADD 695 1883
ADD 1142 462
ADD 2922 2682
ADD 280 56
DEL 959
ADD 1852 1396
DEL 1278
DEL 2260
ADD 393 2259
ADD 2826 1621
ADD 2598 539
DEL 1842
ADD 2793 2627
ADD 2 2628
ADD 2946 124
DEL 382
ADD 2553 1324
DEL 560
ADD 506 31
ADD 1032 1964
DEL 1849
DEL 1982
DEL 1511
DEL 1386
DEL 1157
ADD 2255 852
ADD 1038 1859
ADD 1974 2900
DEL 1941
ADD 1065 619
DEL 2712
DEL 2192
ADD 1493 1979
DEL 1831
ADD 1413 22
ADD 2361 874
DEL 1689
ADD 1742 624
DEL 2009
ADD 1393 2083
ADD 2066 965
DEL 56
ADD 2866 372
ADD 2869 490
DEL 812
ADD 1655 2914
ADD 1947 662
ADD 2392 2095
ADD 2477 1547
DEL 1205
DEL 2026
ADD 1381 946
ADD 1065 2952
DEL 1872
DEL 2164
DEL 1365
ADD 175 1067
DEL 2279
DEL 285
ADD 396 928
DEL 2719
DEL 1253
ADD 787 2562
DEL 97
DEL 1735
ADD 2000 561
ADD 1882 2574
DEL 2111
DEL 2417
DEL 1809
ADD 2380 1398
DEL 485
DEL 638
DEL 573
ADD 1671 1442
ADD 2951 2047
DEL 1040
ADD 2303 2782
ADD 619 1071
ADD 2077 322
ADD 416 2852
DEL 1389
DEL 965
ADD 2166 14
ADD 2373 2913
DEL 2866
ADD 653 176
ADD 2666 103
DEL 2691
ADD 1561 1994
ADD 1659 1843
ADD 2118 2974
DEL 806
DEL 1049
ADD 684 2860
ADD 658 1616
ADD 33 2862
DEL 1684
ADD 330 453
DEL 1682
ADD 1081 1467
DEL 504
ADD 2153 2432
ADD 870 1545
DEL 1069
DEL 2339
ADD 1110 598
DEL 983
DEL 2897
ADD 1413 332
DEL 2228
ADD 2913 1935
ADD 1779 800
ADD 921 645
ADD 2685 157
ADD 393 1148
DEL 2900
DEL 1627
DEL 1985
DEL 1780
ADD 807 2645
ADD 2823 1358
ADD 1130 1016
ADD 921 41
ADD 931 1773
DEL 23
ADD 2614 1389
ADD 2718 1029
DEL 2020
ADD 1081 44
ADD 2988 1738
DEL 372
DEL 624
DEL 231
DEL 40
ADD 103 608
ADD 1609 1083
ADD 2835 137
ADD 1119 2172
ADD 706 1431
ADD 2871 2601
ADD 2288 1415
ADD 86 2495
DEL 386
ADD 723 2212
DEL 492
ADD 2217 1956
ADD 587 836
DEL 2830
DEL 892
DEL 2718
DEL 2047
ADD 77 1525
DEL 900
ADD 431 1045
ADD 741 2767
ADD 2590 2355
ADD 2853 1875
DEL 1937
ADD 2745 1479
ADD 1306 2340
ADD 274 1903
DEL 1326
DEL 2692
ADD 1011 2819
ADD 2357 2961
ADD 1019 2147
DEL 655
DEL 1796
ADD 1844 2430
DEL 76
DEL 700
ADD 2325 1480
ADD 425 1657
ADD 762 1952
DEL 2474
ADD 2480 527
ADD 1905 1206
DEL 2389
ADD 2363 1917
ADD 439 812
ADD 1142 943
ADD 1619 1606
ADD 1773 978
DEL 157
ADD 2998 603
ADD 501 269
DEL 1067
DEL 2195
ADD 2871 1434
DEL 1141
ADD 2352 952
ADD 809 318
ADD 370 475
ADD 2645 1507
DEL 225
DEL 2085
ADD 1701 2075
DEL 1350
ADD 69 1756
DEL 195
DEL 1058
DEL 1639
ADD 1017 2409
DEL 1139
ADD 1792 2866
DEL 1045
DEL 2449
ADD 63 2314
DEL 1778
DEL 2603
DEL 102
DEL 1426
DEL 1119
ADD 1995 2632
DEL 2800
DEL 2599
DEL 1108
ADD 1882 2626
ADD 1060 2446
DEL 1100
ADD 1887 922
DEL 1626
ADD 2128 143
ADD 1497 2439
ADD 1221 1889
ADD 1148 225
ADD 1475 2479
ADD 2468 1384
DEL 2709
DEL 441
ADD 1431 2067
DEL 1581
ADD 930 531
DEL 2235
ADD 784 129
ADD 1974 51
ADD 2314 2580
DEL 1678
DEL 271
DEL 1898
ADD 2439 1321
ADD 2632 1812
ADD 2648 2290
ADD 2100 32
DEL 401
ADD 368 2891
DEL 128
DEL 2388
ADD 2370 2106
ADD 1619 581
ADD 2245 2834
DEL 1802
DEL 862
DEL 2946
ADD 2627 61
ADD 516 2071
DEL 606
DEL 2925
DEL 1081
ADD 2745 1731
DEL 1928
DEL 1533
ADD 1349 2185
ADD 1718 2643
DEL 1713
DEL 1801
DEL 1463
DEL 555
ADD 2166 1599
ADD 209 2653
ADD 2226 1374
DEL 2246
ADD 176 357
DEL 1343
ADD 775 1036
DEL 1936
DEL 1547
DEL 1366
ADD 91 2378
ADD 2765 327
DEL 2084
DEL 1650
ADD 2303 172
DEL 320
DEL 601
ADD 1402 2568
DEL 1935
DEL 294
DEL 2509
ADD 161 491
DEL 634
ADD 218 749
DEL 447
DEL 353
DEL 2574
DEL 587
ADD 855 1464
DEL 2656
DEL 2736
DEL 1943
DEL 1539
DEL 2278
ADD 1470 862
DEL 378
DEL 2039
ADD 185 574
ADD 392 1375
DEL 1307
DEL 2998
DEL 1888
DEL 2729
ADD 410 1000
ADD 435 1692
DEL 796
DEL 2251
DEL 1099
DEL 2786
DEL 2845
DEL 1866
DEL 591
DEL 2302
DEL 2890
ADD 2007 131
DEL 1358
DEL 431
DEL 1665
ADD 1555 2386
DEL 2636
DEL 2250
ADD 1557 523
ADD 61 894
DEL 1209
ADD 2462 1878
ADD 2326 1992
ADD 2662 1833
DEL 1148
DEL 1117
DEL 2862
ADD 2453 2985
ADD 370 2266
DEL 531
ADD 2852 1965
DEL 1363
ADD 699 2623
DEL 1331
ADD 180 2434
DEL 2118
ADD 2745 2408
DEL 2834
DEL 746
DEL 2860
DEL 1843
DEL 1480
ADD 1992 2119
ADD 840 2585
DEL 2871
ADD 2355 1587
DEL 817
DEL 1918
ADD 1995 1575
ADD 1844 724
ADD 2264 2610
ADD 479 2316
ADD 165 251
ADD 1902 607
DEL 1060
ADD 2174 1512
ADD 554 386
DEL 657
ADD 787 1045
DEL 1174
ADD 69 2494
DEL 546
ADD 65 2888
DEL 2573
ADD 1562 1192
ADD 2305 2404
DEL 2313
ADD 603 2411
ADD 1657 1663
DEL 1396
ADD 823 452
DEL 2553
DEL 1573
ADD 326 2957
ADD 2314 1132
DEL 2137
ADD 2241 1103
DEL 1593
DEL 862
DEL 2115
ADD 2752 2527
DEL 951
ADD 1467 1266
DEL 1206
DEL 123
ADD 2823 2545
DEL 762
DEL 1525
ADD 1536 258
ADD 707 1937
DEL 2601
ADD 2386 2051
ADD 550 398
DEL 1383
ADD 1071 128
DEL 444
ADD 330 436
DEL 2031
DEL 1393
DEL 343
ADD 2422 1336
ADD 357 733
DEL 633
ADD 2130 1929
ADD 439 253
ADD 2125 2493
DEL 977
DEL 970
DEL 2013
ADD 2060 265
DEL 1518
DEL 2327
DEL 2893
DEL 162
DEL 2289
DEL 1441
DEL 2982
ADD 1833 1433
DEL 1231
DEL 706
DEL 564
ADD 2304 1237
DEL 2423
ADD 96 528
ADD 1351 190
ADD 2168 1611
ADD 2392 286
DEL 1276
ADD 876 2555
DEL 536
ADD 1267 1079
DEL 726
DEL 185
ADD 233 1815
DEL 1233
ADD 238 897
ADD 2558 2663
DEL 1536
DEL 1406
ADD 1471 1178
DEL 1624
DEL 246
ADD 1275 611
ADD 2776 1303
ADD 2291 2833
ADD 1655 1039
DEL 947
ADD 1439 1406
ADD 2117 492
DEL 1178
DEL 2290
ADD 1164 1027
ADD 607 534
DEL 1643
DEL 151
ADD 2402 2786
DEL 2720
DEL 2879
ADD 723 1346
ADD 1837 1813
DEL 908
DEL 1864
ADD 2866 1121
ADD 1149 2899
DEL 2337
DEL 2100
ADD 2961 1796
ADD 280 2695
DEL 1467
DEL 1261
ADD 1375 2859
DEL 1402
ADD 1729 1533
DEL 1413
DEL 514
DEL 620
DEL 1812
DEL 2717
ADD 2971 1419
DEL 683
ADD 462 811
DEL 89
DEL 1164
ADD 1207 597
DEL 1966
DEL 1399
ADD 391 2383
DEL 425
DEL 2968
DEL 996
DEL 1521
ADD 277 151
DEL 1384
ADD 662 1343
ADD 1121 1963
ADD 2430 1294
DEL 1475
DEL 526
DEL 2568
ADD 1604 1312
ADD 2452 2908
ADD 54 1251
DEL 2922
ADD 2648 1260
ADD 2303 542
DEL 2657
ADD 1184 1459
ADD 1789 2758
ADD 1346 2198
DEL 1065
ADD 2170 236
ADD 867 2921
DEL 132
DEL 1160
DEL 2473
DEL 1126
ADD 2050 1985
DEL 2594
DEL 2914
ADD 717 1020
ADD 858 126
DEL 2827
ADD 2668 972
ADD 2000 1740
DEL 2668
ADD 2648 262
DEL 608
ADD 427 854
DEL 1739
ADD 1875 1810
ADD 1225 244
DEL 539
DEL 1810
DEL 34
ADD 1431 308
ADD 1742 2772
ADD 2650 689
ADD 833 419
DEL 2876
ADD 45 2052
ADD 820 495
DEL 1495
DEL 2623
DEL 2127
ADD 1132 734
DEL 1410
ADD 2122 505
DEL 2626
ADD 976 521
ADD 1406 1679
ADD 901 2513
DEL 2961
DEL 492
DEL 2874
ADD 2752 1996
ADD 2513 1714
ADD 1302 2946
ADD 2134 2543
DEL 1025
DEL 688
DEL 2178
DEL 2167
ADD 2852 2931
ADD 2734 2785
DEL 1089
DEL 32
ADD 689 1402
DEL 529
DEL 2516
DEL 2185
DEL 2124
ADD 209 531
ADD 2469 2486
ADD 2885 1638
DEL 1245
ADD 1706 2068
DEL 22
ADD 960 601
ADD 1717 1939
ADD 1406 2155
DEL 2753
DEL 2177
ADD 603 1022
DEL 599
ADD 2704 1660
DEL 2644
DEL 2596
ADD 1415 2739
DEL 490
DEL 197
ADD 858 2310
ADD 2128 1077
DEL 2049
DEL 191
DEL 2053
ADD 312 2461
DEL 1991
DEL 2035
DEL 2381
DEL 1192
DEL 2707
ADD 1974 1966
ADD 1299 1921
DEL 985
DEL 2752
ADD 1155 1314
DEL 2846
ADD 209 2388
ADD 1017 620
ADD 226 2967
ADD 2288 22
ADD 2777 2912
ADD 894 2313
ADD 104 1074
DEL 2050
ADD 1083 2549
DEL 2466
DEL 758
ADD 2498 2665
DEL 277
DEL 125
DEL 845
DEL 610
DEL 2467
ADD 1837 566
DEL 2341
DEL 1974
DEL 2812
ADD 745 111
ADD 41 1489
ADD 637 609
ADD 2755 2783
ADD 931 2002
DEL 976
ADD 2481 2892
DEL 2786
DEL 1416
DEL 1334
ADD 631 718
ADD 1899 1397
DEL 1517
ADD 617 612
ADD 671 2246
DEL 45
ADD 689 163
ADD 724 1643
DEL 65
ADD 30 1802
DEL 1011
ADD 635 2705
DEL 2625
DEL 176
DEL 265
DEL 2439
DEL 582
ADD 2704 433
DEL 226
DEL 1471
DEL 2319
ADD 114 1171
ADD 2580 2809
ADD 270 2244
DEL 436
ADD 104 110
DEL 167
DEL 74
ADD 2008 2010
DEL 2411
ADD 2628 2810
DEL 621
DEL 1969
DEL 2971
ADD 2469 2770
DEL 101
DEL 68
DEL 1723
ADD 1459 2200
DEL 1181
ADD 1657 1708
DEL 2469
ADD 749 912
ADD 1718 969
ADD 901 1428
DEL 389
ADD 2394 944
DEL 264
ADD 2765 1953
ADD 247 1245
DEL 2309
DEL 2825
DEL 1514
ADD 1602 1667
DEL 2465
DEL 1583
ADD 96 1051
ADD 1245 362
DEL 2774
ADD 336 2371
ADD 1449 428
ADD 1758 1268
DEL 2598
ADD 1557 1140
DEL 521
DEL 2448
DEL 2555
DEL 151
DEL 1364
DEL 531
ADD 2040 105
ADD 115 2347
DEL 127
DEL 2806
DEL 1911
DEL 559
DEL 2704
ADD 1268 2567
ADD 1774 2227
ADD 1050 235
DEL 2388
ADD 1051 2708
ADD 2833 1854
ADD 2095 1147
ADD 2758 2094
ADD 2147 466
ADD 542 661
DEL 557
ADD 534 624
ADD 1447 350
DEL 1724
DEL 247
ADD 823 1338
DEL 2981
DEL 1398
DEL 2246
DEL 1428
ADD 1273 1851
DEL 603
ADD 1402 1515
DEL 1905
ADD 1346 64
ADD 1130 2615
DEL 661
ADD 534 1392
ADD 1619 1262
ADD 1304 1649
DEL 952
DEL 2234
ADD 1260 511
ADD 586 845
DEL 422
DEL 2776
ADD 2183 2020
ADD 1302 182
ADD 218 976
DEL 1956
ADD 99 2400
DEL 2627
DEL 1944
ADD 2580 1910
DEL 1994
ADD 1813 201
ADD 904 1853
DEL 1914
ADD 1870 1498
DEL 1770
ADD 1903 935
DEL 2043
DEL 1703
ADD 1561 293
ADD 461 303
DEL 1793
DEL 156
ADD 1218 2678
ADD 51 2017
ADD 235 2577
DEL 836
DEL 1275
ADD 1669 2062
DEL 228
ADD 671 2135
DEL 689
ADD 874 605
ADD 695 2393
DEL 2978
ADD 854 961
ADD 840 2384
DEL 1528
ADD 330 2938
ADD 287 49
ADD 2263 1361
DEL 1033
DEL 345
DEL 2477
DEL 1742
DEL 2695
ADD 335 2843
DEL 1339
DEL 2402
ADD 1175 1363
ADD 138 2202
DEL 1513
DEL 1628
DEL 1149
ADD 488 2029
ADD 2662 615
DEL 1738
DEL 2494
DEL 2817
DEL 1544
DEL 61
DEL 1834
ADD 637 1745
DEL 332
ADD 2653 1736
ADD 960 2090
ADD 412 1922
ADD 245 757
DEL 1674
DEL 1259
DEL 2011
ADD 921 622
ADD 2765 2469
ADD 2386 531
DEL 2130
ADD 1845 919
DEL 2926
DEL 1902
DEL 1046
DEL 854
DEL 2159
ADD 1039 170
ADD 2225 2309
DEL 143
ADD 190 689
ADD 2094 1622
DEL 653
DEL 2819
ADD 1302 232
DEL 2060
DEL 717
DEL 225
DEL 1315
ADD 2408 2860
DEL 2480
DEL 2079
ADD 1774 2582
DEL 2891
ADD 2860 199
DEL 2102
DEL 2346
DEL 1147
DEL 2642
DEL 1870
DEL 543
ADD 1415 2101
DEL 1019
ADD 2915 1399
DEL 551
DEL 1140
ADD 809 715
DEL 201
ADD 2854 1980
DEL 960
ADD 1642 564
ADD 2885 1938
DEL 631
ADD 1237 1344
ADD 2032 1782
DEL 121
