17
1 15 2 75 4 136 5 234 6 426 7 317 8 477 9 99 10 184 11 371 12 61 13 351 14 291 15 312 16 477 17 294
2 13 1 490 3 488 4 254 5 487 7 115 9 480 11 389 12 333 13 46 14 34 15 392 16 15 17 278
3 12 4 468 5 30 6 402 8 357 9 102 10 420 11 153 12 211 13 286 14 351 15 252 17 303
4 15 1 438 2 211 3 60 5 416 6 88 7 239 8 451 9 199 10 264 11 170 13 246 14 38 15 276 16 7 17 381
5 10 2 258 3 4 4 290 6 114 9 320 13 201 14 279 15 471 16 162 17 42
6 14 1 18 2 89 3 411 4 356 5 83 7 169 9 149 10 341 12 494 13 345 14 117 15 235 16 150 17 111
7 12 1 335 2 81 3 256 5 101 6 112 8 494 9 391 10 3 12 435 13 192 14 103 15 276
8 13 1 201 3 240 5 330 7 271 9 428 10 347 11 458 12 364 13 344 14 240 15 481 16 342 17 424
9 12 1 14 2 443 3 414 4 349 5 295 6 207 8 202 10 102 12 83 13 294 15 107 16 196
10 13 1 205 3 215 4 355 5 443 6 233 7 358 8 106 11 260 12 491 13 408 14 154 15 309 17 494
11 13 1 295 3 227 4 269 5 322 6 390 7 245 9 440 10 57 12 236 14 319 15 352 16 85 17 73
12 13 1 403 2 490 3 187 4 92 5 139 6 418 7 117 9 64 10 27 11 302 14 217 15 349 16 220
13 14 1 473 2 10 3 443 4 36 5 460 6 440 7 496 9 369 10 493 11 204 12 197 15 340 16 418 17 496
14 15 1 36 2 36 3 319 4 489 5 81 6 31 7 170 8 134 9 399 10 181 11 266 12 330 15 116 16 120 17 104
15 13 1 270 2 461 4 442 5 433 6 250 8 302 10 496 11 425 12 27 13 276 14 380 16 53 17 288
16 12 1 418 2 407 3 335 6 290 8 405 9 373 10 257 11 480 12 422 13 56 14 284 17 60
17 15 1 11 2 444 3 66 4 462 5 58 6 51 7 252 8 72 9 392 10 433 12 109 13 201 14 179 15 218 16 103
1
4 1 12 8 2 10 14 13 6 7 15 17 5 11 9 16 3
3 14 8 13 10 11 15 7 5 1 6 16 4 9 17 12 2
2
5 17 4 2 9 14 13 3 10 12 15 11 16 6 7 8 1
12 8 3 10 5 4 2 13 14 15 17 1 7 6 9 11 16
3
12 1 5 7 3 10 14 16 11 2 9 13 8 4 15 6 17
12 6 2 7 17 3 16 11 8 13 15 4 1 9 14 5 10
4
13 16 17 5 6 10 7 1 4 14 8 12 2 15 3 9 11
13 1 5 11 2 8 16 17 6 10 7 14 4 9 15 3 12
5
7 16 14 4 3 9 1 8 5 6 17 11 13 15 10 2 12
2 11 14 17 8 5 7 4 6 16 12 1 13 3 15 9 10
6
14 13 3 16 7 4 12 6 8 9 1 10 15 2 5 11 17
6 9 11 10 4 12 5 8 15 3 14 13 17 1 16 2 7
7
8 1 10 3 16 9 7 15 2 11 6 17 12 14 4 5 13
8 10 15 9 11 7 4 14 17 16 6 5 3 1 2 13 12
8
10 3 17 7 13 5 1 11 15 8 4 14 16 12 9 2 6
14 17 6 2 1 9 12 5 11 10 15 7 3 4 13 16 8
9
2 4 10 6 11 3 12 13 8 16 17 15 5 7 14 9 1
10 9 5 2 8 1 7 16 3 15 11 17 13 12 14 4 6
10
2 13 8 10 15 17 11 9 7 3 1 5 14 4 16 12 6
1 4 10 15 7 14 13 6 5 12 9 8 2 11 16 3 17
11
6 2 1 17 15 13 11 8 5 12 7 9 10 14 4 3 16
13 14 17 2 1 4 7 12 5 6 15 8 10 16 11 3 9
12
9 1 14 6 7 10 11 2 8 3 15 13 5 17 4 12 16
17 10 4 2 9 5 14 16 6 8 12 11 1 7 3 13 15
13
17 7 4 9 2 15 14 12 8 13 1 3 5 10 16 11 6
3 15 7 17 12 6 16 5 9 8 14 1 13 4 2 11 10
14
11 13 9 1 10 8 2 16 17 12 5 6 7 3 14 15 4
10 1 11 3 9 7 15 8 5 12 17 4 16 14 2 13 6
15
1 3 2 12 16 5 17 15 9 14 8 6 7 13 10 4 11
13 12 17 5 2 8 3 15 6 4 7 16 14 1 10 11 9
16
17 14 10 4 9 13 7 8 11 15 1 3 5 2 6 16 12
4 11 16 5 2 8 10 9 14 1 7 12 15 6 3 13 17
17
8 14 16 6 15 4 1 17 3 12 9 10 11 2 13 5 7
6 5 15 13 3 16 1 7 8 11 10 17 4 12 2 9 14
18
6 9 10 16 3 11 15 7 14 13 12 4 17 2 5 8 1
1 7 17 16 12 10 13 15 5 6 4 2 14 3 8 11 9
19
5 8 2 9 15 11 7 17 3 6 1 4 13 14 16 12 10
13 17 16 5 10 1 14 3 9 11 8 15 7 4 12 6 2
20
14 17 10 11 15 13 3 2 4 7 8 6 5 1 12 9 16
6 3 7 11 17 1 15 12 9 2 16 10 5 14 8 13 4
0
17
1 15 2 203 3 199 5 269 6 118 7 305 8 415 9 359 10 122 11 234 12 395 13 329 14 66 15 88 16 255 17 499
2 14 1 449 3 42 4 125 5 204 6 104 7 264 8 219 9 220 10 174 12 357 13 312 14 490 16 295 17 115
3 14 1 395 2 372 4 329 5 451 6 212 8 213 9 289 10 130 11 485 12 64 13 497 14 391 15 146 16 52
4 13 1 200 2 38 3 223 6 420 7 83 9 439 10 87 11 282 12 241 13 426 14 284 16 310 17 232
5 11 1 355 2 49 6 372 7 239 9 301 11 287 12 129 14 397 15 307 16 66 17 277
6 11 1 270 3 201 4 492 5 92 7 53 8 388 10 375 12 446 13 436 14 194 17 48
7 13 1 53 2 312 3 380 4 304 8 99 9 118 11 269 12 407 13 137 14 268 15 334 16 120 17 313
8 16 1 426 2 160 3 54 4 402 5 128 6 363 7 237 9 240 10 132 11 276 12 142 13 75 14 345 15 310 16 256 17 389
9 13 1 243 2 12 4 88 5 484 6 54 7 498 8 142 10 202 11 328 12 94 14 301 15 266 16 61
10 13 1 103 2 320 3 163 4 144 5 444 6 153 7 96 9 471 11 428 12 140 13 123 14 90 15 453
11 11 1 294 2 25 3 126 4 275 6 291 10 304 12 74 13 239 14 205 16 489 17 2
12 12 1 130 2 8 3 415 4 148 5 297 6 132 7 193 9 462 10 16 11 223 15 239 16 199
13 10 3 92 4 113 5 254 6 41 7 348 9 343 12 56 14 342 16 439 17 435
14 11 1 224 4 364 5 55 8 166 9 486 11 252 12 122 13 356 15 173 16 420 17 450
15 13 1 380 2 23 3 455 4 227 6 211 7 459 8 129 10 322 12 331 13 102 14 215 16 443 17 44
16 14 1 14 2 334 3 196 4 311 5 397 6 237 7 330 8 109 9 397 11 88 12 238 13 229 14 421 17 211
17 16 1 93 2 190 3 375 4 66 5 6 6 21 7 188 8 188 9 316 10 466 11 411 12 96 13 494 14 256 15 499 16 131
1
7 6 14 3 4 11 8 2 13 1 9 12 5 15 17 16 10
14 17 7 12 13 15 10 5 4 2 6 3 9 11 16 8 1
2
4 7 5 2 9 11 17 10 1 14 6 16 13 12 8 3 15
17 11 6 10 15 3 8 7 4 5 16 12 2 9 14 1 13
3
8 9 16 7 4 2 14 11 17 10 6 1 3 12 13 15 5
13 8 11 16 14 15 5 4 9 10 3 2 12 7 17 1 6
4
11 7 3 2 9 12 5 16 13 14 1 6 8 10 15 4 17
1 16 10 17 14 15 6 13 8 12 9 3 7 4 11 2 5
5
3 13 14 11 9 17 8 16 1 4 2 15 6 7 12 5 10
2 3 9 16 8 15 13 10 5 17 11 1 12 4 6 7 14
6
1 4 15 13 8 12 16 5 7 14 3 9 2 11 17 6 10
17 2 13 11 8 10 4 5 15 9 3 14 16 12 6 1 7
7
8 17 10 11 13 14 3 7 15 6 5 16 12 1 9 2 4
13 11 7 8 4 2 10 5 14 15 3 9 6 17 16 12 1
8
2 4 8 15 6 7 10 1 5 13 14 11 17 12 16 3 9
3 11 12 1 15 6 4 7 8 10 2 13 16 14 9 5 17
9
2 10 9 8 13 3 1 6 7 11 14 15 17 4 16 5 12
11 14 12 9 10 3 8 7 2 6 16 4 5 17 15 13 1
10
10 3 2 13 8 7 12 4 14 15 16 6 9 5 11 1 17
1 7 16 9 4 12 3 6 5 2 8 13 15 10 17 11 14
11
7 1 17 12 2 4 15 9 14 10 8 6 3 16 13 5 11
14 1 4 15 5 7 17 9 11 12 8 13 3 6 10 2 16
12
11 10 5 9 13 14 3 2 1 8 17 6 15 12 16 7 4
9 13 12 4 10 6 16 17 5 1 2 15 7 14 8 3 11
13
4 1 14 12 17 3 13 8 5 10 11 16 9 7 15 2 6
9 17 2 3 8 11 13 7 14 5 6 4 10 16 12 15 1
14
11 7 16 10 2 13 9 6 8 3 1 14 17 15 5 4 12
1 14 13 16 4 12 2 15 6 17 5 10 3 11 8 7 9
15
16 12 2 8 1 15 11 6 3 5 10 7 14 9 13 4 17
12 11 14 7 17 10 5 2 3 15 1 8 4 9 13 6 16
16
16 14 3 8 10 1 11 7 5 12 17 13 15 2 9 4 6
16 13 15 12 17 5 10 11 1 9 4 3 14 8 7 6 2
17
13 9 15 5 2 17 16 6 8 10 3 14 12 1 11 7 4
12 4 3 5 2 8 14 13 1 15 17 11 9 16 10 6 7
18
2 16 12 7 15 3 11 6 14 10 5 8 13 4 17 9 1
7 4 17 6 5 3 14 11 10 15 8 9 1 13 12 2 16
19
3 7 1 14 10 9 13 2 15 5 4 17 16 8 6 12 11
14 10 12 15 1 9 16 3 13 2 8 6 5 17 7 11 4
20
15 10 6 14 16 12 1 9 8 13 11 5 3 17 4 7 2
17 14 2 15 7 6 9 10 12 3 1 11 8 13 5 16 4
0
17
1 16 2 346 3 407 4 151 5 34 6 137 7 330 8 435 9 95 10 460 11 440 12 153 13 77 14 154 15 242 16 289 17 382
2 13 1 448 4 362 5 190 6 63 7 346 8 195 9 207 10 361 11 19 12 128 14 490 15 405 16 499
3 9 1 288 2 431 4 72 7 95 8 469 10 277 14 466 15 403 17 96
4 14 1 452 2 388 3 124 5 55 8 223 9 106 10 329 11 492 12 420 13 266 14 192 15 239 16 496 17 78
5 14 1 276 2 427 4 19 6 97 7 93 9 93 10 220 11 19 12 143 13 267 14 272 15 200 16 359 17 121
6 11 2 364 3 400 4 47 5 86 7 282 8 114 10 473 12 437 14 390 15 465 17 14
7 11 1 458 2 499 4 194 5 35 6 145 9 218 10 313 11 324 12 337 15 291 16 316
8 14 1 355 2 286 3 386 5 61 6 85 7 350 9 327 10 456 11 201 13 396 14 496 15 347 16 445 17 80
9 12 1 193 2 391 3 41 4 409 7 376 8 11 11 466 12 352 13 305 14 464 15 217 16 485
10 12 2 27 3 117 4 416 5 294 8 466 9 327 11 212 12 367 13 110 15 357 16 33 17 334
11 14 2 143 3 386 4 393 5 21 6 59 7 84 8 333 9 338 10 446 12 42 13 53 15 213 16 484 17 268
12 12 1 349 3 156 4 336 5 101 6 407 7 55 8 245 13 375 14 382 15 256 16 381 17 177
13 13 2 150 3 462 4 466 5 227 6 467 8 460 9 252 10 110 12 253 14 285 15 384 16 125 17 182
14 14 1 112 2 233 4 474 5 447 6 358 7 370 9 163 10 97 11 456 12 376 13 464 15 7 16 101 17 422
15 15 1 339 2 455 3 77 4 329 6 448 7 414 8 114 9 263 10 442 11 447 12 340 13 154 14 127 16 101 17 115
16 15 1 67 2 13 3 497 5 294 6 360 7 152 8 87 9 104 10 309 11 288 12 177 13 414 14 350 15 171 17 45
17 14 1 112 3 306 4 3 5 36 6 207 7 113 9 318 10 231 11 292 12 277 13 402 14 324 15 14 16 378
1
15 9 3 16 13 6 11 7 1 4 14 10 17 5 8 12 2
10 15 1 17 6 5 13 7 4 11 3 16 2 12 14 9 8
2
11 7 4 6 13 15 2 17 12 9 5 14 16 3 1 10 8
10 17 5 6 14 12 13 16 2 1 7 4 3 11 8 15 9
3
7 8 9 11 5 12 13 6 15 17 14 2 3 16 10 4 1
12 14 10 9 5 7 11 4 8 1 6 3 16 17 13 15 2
4
6 16 14 4 10 5 13 12 15 1 7 8 9 2 3 11 17
6 1 2 7 12 10 9 11 13 3 8 15 16 17 14 4 5
5
15 9 10 6 1 7 17 13 11 3 16 5 12 2 4 14 8
15 16 13 17 5 9 10 3 12 1 14 11 8 2 4 7 6
6
14 13 1 4 5 17 9 6 15 2 8 10 7 16 11 3 12
7 13 4 1 14 2 11 16 6 9 10 17 8 5 12 15 3
7
15 9 6 10 13 8 3 4 12 11 5 7 14 16 2 17 1
4 15 2 13 7 16 5 9 1 8 17 10 6 11 3 12 14
8
17 3 9 10 14 16 2 5 15 8 13 12 4 7 11 6 1
17 3 8 16 6 2 11 15 13 4 1 14 9 7 12 5 10
9
7 11 8 15 9 17 14 10 16 3 1 6 5 4 2 13 12
12 6 1 5 7 9 11 4 3 14 13 10 2 15 8 16 17
10
3 6 10 13 12 1 7 14 9 17 11 8 5 16 4 2 15
12 2 13 9 14 3 1 6 15 16 17 4 7 10 5 8 11
11
17 6 9 4 8 14 11 13 3 12 1 10 16 15 7 2 5
11 9 14 1 17 8 7 4 5 10 6 16 12 15 2 3 13
12
17 7 2 9 15 3 4 5 1 10 8 6 14 16 12 11 13
11 15 2 13 1 14 4 5 7 10 6 17 16 9 8 3 12
13
5 3 9 2 15 12 1 16 11 10 17 4 8 13 14 7 6
6 5 3 8 7 11 13 4 12 1 10 9 14 2 17 15 16
14
7 16 8 12 14 6 10 4 2 11 13 5 15 9 1 17 3
16 1 3 11 2 13 6 12 5 4 14 7 10 15 9 8 17
15
4 1 10 17 7 2 13 8 3 15 11 14 5 12 6 16 9
2 7 9 16 3 1 13 5 4 15 11 12 14 8 10 6 17
16
1 10 14 5 17 8 4 11 6 7 16 15 13 12 3 9 2
7 4 11 6 12 2 3 17 14 10 8 16 1 9 13 5 15
17
14 12 7 8 2 6 13 9 10 5 17 16 1 11 3 4 15
8 12 1 13 6 16 5 17 14 3 7 15 9 11 4 10 2
18
15 13 7 3 2 8 4 12 9 14 1 16 11 6 17 5 10
2 12 1 5 14 7 9 4 11 6 17 3 16 8 10 15 13
19
6 2 9 8 3 1 12 13 5 17 14 7 11 4 16 10 15
4 16 5 6 9 11 12 17 3 15 1 10 14 13 8 7 2
20
10 11 5 15 4 7 1 2 17 12 8 9 6 13 3 16 14
6 10 15 8 12 13 2 11 16 7 1 17 4 9 3 5 14
0
17
1 15 2 314 3 59 5 50 6 361 7 488 8 155 9 131 10 10 11 428 12 352 13 488 14 448 15 201 16 26 17 205
2 11 1 331 3 445 4 460 8 371 9 147 10 96 11 494 12 237 13 123 16 474 17 164
3 12 2 54 4 379 5 273 7 208 9 243 10 75 12 152 13 36 14 373 15 254 16 473 17 123
4 13 2 455 3 397 5 399 6 21 8 174 9 7 10 330 12 102 13 29 14 105 15 480 16 17 17 393
5 11 1 309 2 448 3 92 4 342 6 96 7 372 8 141 10 63 11 246 15 352 17 48
6 12 1 41 2 95 3 480 5 3 7 453 8 198 9 166 12 211 13 207 15 232 16 471 17 165
7 12 2 210 3 392 4 301 6 71 8 93 10 47 12 414 13 173 14 143 15 210 16 251 17 124
8 12 3 406 4 168 5 460 6 181 7 257 9 211 11 466 12 430 13 53 14 319 15 396 16 73
9 14 1 219 2 378 3 235 5 264 6 55 7 344 8 7 10 285 11 420 12 5 13 103 14 36 15 305 17 309
10 15 1 22 2 439 3 451 4 278 5 163 7 190 8 279 9 84 11 7 12 109 13 398 14 127 15 170 16 300 17 282
11 11 1 429 2 223 3 284 4 61 7 330 8 423 9 310 12 297 13 150 14 9 15 150
12 12 1 383 2 288 3 225 4 57 5 474 7 107 10 363 11 390 13 203 15 450 16 115 17 73
13 14 1 88 2 206 3 150 4 248 5 493 6 374 7 61 9 367 10 450 11 124 12 365 15 231 16 115 17 8
14 13 1 136 2 201 3 423 4 228 5 463 6 146 7 363 9 13 11 342 12 39 15 385 16 483 17 66
15 12 2 270 3 81 5 359 7 186 8 39 9 251 10 154 12 499 13 388 14 48 16 140 17 45
16 13 1 301 3 75 4 416 5 407 7 228 8 297 9 271 10 498 11 68 12 71 13 239 14 438 17 306
17 13 1 143 2 54 3 261 4 494 7 296 8 158 9 454 10 500 11 23 12 192 14 430 15 493 16 65
1
9 13 14 6 5 2 8 7 15 3 10 16 4 1 17 12 11
3 5 12 4 2 15 9 11 10 13 7 6 8 1 16 14 17
2
8 7 12 4 11 6 14 9 16 13 1 2 5 10 17 15 3
1 11 12 8 13 2 7 9 15 4 3 16 6 14 17 5 10
3
4 2 16 6 1 14 11 15 8 3 12 7 9 17 10 13 5
13 12 8 9 3 2 5 1 14 7 11 15 4 17 6 10 16
4
15 6 14 5 7 1 11 4 9 3 12 2 17 8 10 13 16
3 12 16 10 14 2 13 17 5 6 15 9 8 4 1 11 7
5
1 2 3 4 9 8 10 15 5 17 13 12 11 6 14 16 7
6 10 1 16 7 14 15 3 8 2 4 12 17 11 13 5 9
6
10 13 3 8 4 17 2 6 16 5 7 11 12 9 1 14 15
3 16 12 6 10 9 8 15 14 5 7 1 17 13 4 2 11
7
16 6 10 14 15 2 13 5 11 17 12 9 4 3 7 8 1
14 5 10 2 16 12 17 1 6 9 13 15 4 11 8 3 7
8
1 9 8 14 10 16 5 7 13 12 3 4 17 6 15 11 2
7 12 8 5 3 16 2 1 6 11 4 15 17 10 9 14 13
9
1 17 10 9 6 3 4 2 11 15 14 12 7 16 8 5 13
2 12 10 7 8 13 1 11 3 15 6 16 14 4 9 17 5
10
12 8 6 13 14 2 1 16 5 15 7 17 4 3 9 11 10
4 14 3 13 6 15 9 5 8 16 10 11 1 2 7 17 12
11
3 6 9 1 13 4 7 10 14 5 17 16 11 2 15 8 12
15 4 8 17 3 5 16 13 10 7 11 14 1 6 2 9 12
12
6 7 16 14 8 5 13 15 11 2 3 4 1 9 12 17 10
14 10 7 13 11 3 4 12 9 15 5 8 17 1 6 16 2
13
17 8 4 14 9 13 12 3 10 11 2 5 16 1 15 6 7
17 3 12 9 14 13 6 10 4 2 1 7 15 8 11 5 16
14
15 12 14 1 13 11 5 16 6 8 4 7 3 17 2 9 10
11 17 8 9 14 3 1 2 5 13 12 16 6 4 10 15 7
15
16 17 14 5 9 3 11 4 7 12 2 13 8 10 15 1 6
7 17 13 16 2 8 4 6 3 11 15 10 14 1 9 12 5
16
17 13 15 8 1 4 3 10 2 11 6 16 9 7 12 5 14
11 8 6 15 7 9 12 1 2 3 16 17 5 4 14 13 10
17
9 5 17 6 12 8 15 13 4 11 16 10 1 3 7 2 14
12 14 6 3 4 8 17 1 13 5 16 10 7 2 11 9 15
18
14 12 1 3 6 8 9 10 15 7 2 11 5 13 4 17 16
2 12 7 6 3 4 17 16 11 10 9 14 15 8 1 13 5
19
9 13 3 2 15 10 12 17 1 5 7 4 11 14 6 16 8
6 12 1 4 14 8 5 13 11 7 9 16 3 10 17 15 2
20
15 6 13 2 5 3 14 7 10 11 4 12 9 16 17 1 8
4 17 13 15 6 16 5 12 3 1 8 14 10 9 11 7 2
0
17
1 12 2 210 3 450 4 325 5 29 6 373 7 173 8 313 9 362 10 172 13 416 15 441 16 78
2 14 3 196 4 378 5 23 6 295 7 133 8 155 9 225 10 319 11 301 12 484 14 280 15 17 16 283 17 451
3 12 1 203 2 265 4 449 6 442 7 308 8 86 10 322 13 67 14 190 15 299 16 242 17 57
4 12 1 227 2 459 3 294 5 252 7 435 8 305 9 174 11 389 13 278 14 172 15 121 16 59
5 13 1 69 2 57 3 421 4 318 6 158 7 85 8 321 9 363 10 318 12 246 13 83 14 248 17 300
6 11 1 275 2 98 3 172 5 79 7 120 9 489 10 234 11 30 12 472 13 39 14 382
7 11 1 396 2 319 3 187 4 47 5 120 6 101 9 425 10 96 11 344 13 277 17 272
8 12 1 437 3 291 4 353 5 148 6 80 7 145 11 360 12 460 13 263 14 164 16 358 17 351
9 14 1 209 2 247 5 481 6 163 7 418 8 50 10 497 11 463 12 466 13 159 14 359 15 74 16 392 17 120
10 13 1 1 2 322 3 165 4 290 5 298 7 493 8 404 9 401 11 338 12 334 13 321 14 120 16 397
11 15 1 437 2 329 3 382 4 500 5 378 6 93 8 227 9 15 10 224 12 313 13 427 14 170 15 82 16 254 17 481
12 13 1 169 2 389 3 79 4 378 5 153 6 226 7 42 8 227 9 238 10 77 13 170 14 66 15 267
13 15 2 308 3 203 4 309 5 339 6 29 7 57 8 495 9 260 10 500 11 261 12 406 14 174 15 224 16 117 17 57
14 13 2 32 3 463 4 351 5 186 6 79 7 78 8 484 9 326 11 42 12 189 13 423 15 443 17 388
15 14 1 18 2 26 3 88 5 481 7 132 8 386 9 249 10 96 11 211 12 187 13 309 14 190 16 135 17 294
16 14 2 355 3 230 4 398 5 252 6 68 7 276 8 114 10 188 11 469 12 86 13 339 14 124 15 496 17 100
17 13 1 73 2 267 3 261 4 250 5 334 8 178 9 355 10 150 11 333 12 310 13 113 15 274 16 196
1
10 4 14 11 2 7 17 15 8 1 6 16 12 3 13 9 5
6 15 1 17 8 3 13 14 2 10 9 16 11 4 12 7 5
2
5 9 3 12 8 7 14 4 17 11 6 10 16 15 2 1 13
4 16 6 14 3 17 9 2 1 15 13 11 8 10 7 12 5
3
14 12 16 3 7 2 4 10 17 1 15 11 13 5 6 9 8
7 5 3 13 11 4 6 17 16 1 2 9 14 12 15 8 10
4
7 10 14 6 8 15 1 3 11 2 9 17 12 5 13 4 16
2 12 4 8 13 6 11 3 14 16 9 5 1 7 15 10 17
5
7 12 10 4 2 16 17 9 6 5 13 15 3 14 11 8 1
1 11 12 15 14 3 6 10 7 16 8 4 2 17 5 13 9
6
13 15 9 16 6 5 12 2 3 11 14 7 17 1 8 4 10
8 9 4 7 10 2 16 11 15 14 5 6 1 3 17 12 13
7
4 7 9 1 17 10 14 15 11 6 2 16 12 8 13 5 3
8 1 11 14 7 9 13 4 15 5 16 2 6 3 10 17 12
8
11 13 7 2 15 9 6 10 8 1 5 14 16 12 17 4 3
16 9 3 5 2 12 13 10 4 17 1 15 14 6 7 8 11
9
7 16 12 5 8 4 11 1 13 6 9 15 17 3 10 2 14
12 5 3 17 11 13 16 8 1 4 7 15 14 6 2 9 10
10
4 9 7 13 2 8 16 14 15 12 1 5 10 6 11 17 3
14 4 9 11 3 8 10 2 17 7 6 16 1 13 5 12 15
11
13 5 6 3 2 10 8 7 1 17 9 15 11 4 16 14 12
7 6 4 11 10 1 2 14 3 15 17 8 9 12 5 13 16
12
2 3 14 13 6 4 1 5 10 8 7 15 16 9 12 11 17
1 11 9 13 8 16 5 3 6 15 10 14 17 7 4 2 12
13
11 9 3 16 8 14 5 17 4 2 7 1 12 6 15 10 13
16 11 3 2 10 17 14 8 15 4 5 9 1 12 6 7 13
14
8 5 15 17 14 16 3 13 9 2 6 12 4 11 7 1 10
2 1 17 8 9 16 14 4 10 7 13 11 15 12 5 6 3
15
14 13 15 12 9 17 3 2 5 16 1 7 6 11 10 4 8
15 14 12 16 6 10 9 13 17 11 5 7 1 8 4 2 3
16
15 17 9 1 13 2 3 5 6 14 4 10 16 7 11 12 8
3 4 12 8 9 15 14 7 1 16 2 13 6 17 11 10 5
17
14 4 9 5 8 6 7 13 11 3 1 2 16 17 10 12 15
14 8 7 1 4 17 3 13 5 2 15 9 12 16 6 11 10
18
15 8 1 16 6 12 3 13 7 17 11 5 14 9 2 10 4
12 13 6 3 10 17 5 8 9 11 15 2 7 14 4 16 1
19
3 8 10 13 14 5 12 2 6 1 15 7 17 11 4 9 16
9 10 11 6 14 17 4 5 2 8 16 13 3 15 12 1 7
20
10 6 7 16 12 14 15 3 2 8 13 4 17 1 11 9 5
17 10 2 5 3 1 15 8 7 11 12 6 4 13 16 9 14
0
17
1 11 2 496 3 448 4 430 5 112 8 412 9 25 11 77 13 295 15 447 16 116 17 276
2 14 1 226 3 438 4 87 6 337 7 399 8 41 9 494 10 33 11 148 12 309 14 81 15 428 16 114 17 475
3 14 1 187 2 195 4 314 5 427 7 107 8 227 10 489 11 181 12 143 13 328 14 84 15 325 16 409 17 115
4 14 1 176 2 317 3 131 5 135 6 330 7 91 8 410 9 268 11 209 13 315 14 415 15 222 16 8 17 18
5 13 1 11 2 444 3 33 4 130 7 86 8 301 9 37 10 45 13 409 14 256 15 2 16 98 17 18
6 13 1 99 2 485 3 353 4 199 5 251 7 468 9 231 10 466 12 226 13 268 14 496 16 483 17 397
7 12 1 128 2 143 3 109 4 394 5 413 6 37 8 387 10 189 12 463 14 266 15 200 16 209
8 10 1 226 3 470 4 422 6 269 10 12 11 302 12 226 13 317 15 291 17 94
9 14 1 475 4 252 5 464 6 361 7 262 8 369 10 256 11 293 12 210 13 484 14 268 15 247 16 176 17 491
10 13 1 313 2 114 4 324 5 98 7 428 8 485 9 309 11 47 12 414 13 435 15 364 16 396 17 189
11 13 1 336 2 322 4 163 5 5 6 439 7 160 8 38 9 86 10 276 12 204 15 44 16 102 17 324
12 12 2 480 3 209 4 266 5 50 6 265 7 311 8 257 9 194 10 353 13 113 16 278 17 190
13 15 1 218 2 230 3 395 4 118 5 227 6 461 7 153 8 239 9 383 10 207 12 91 14 346 15 480 16 391 17 32
14 13 1 270 2 368 4 94 5 297 6 6 9 13 10 307 11 88 12 299 13 215 15 163 16 251 17 187
15 14 1 365 2 161 3 19 4 405 5 311 6 79 7 8 8 315 9 455 10 336 11 101 14 129 16 257 17 262
16 15 1 447 2 480 3 386 4 463 5 155 6 19 7 344 8 348 10 254 11 76 12 488 13 281 14 113 15 12 17 495
17 14 1 289 2 282 3 301 4 122 5 477 6 33 8 400 9 346 11 43 12 297 13 6 14 375 15 108 16 102
1
17 12 16 3 5 2 14 7 4 9 13 6 10 15 1 11 8
12 7 4 2 6 15 16 8 17 3 5 9 13 14 10 11 1
2
1 8 10 16 6 2 7 14 15 4 5 3 11 9 17 13 12
6 8 15 10 12 14 17 4 16 7 13 9 3 5 1 2 11
3
7 5 12 16 1 14 4 3 2 11 17 9 6 8 10 13 15
8 13 10 9 16 12 11 1 2 4 6 14 17 7 5 15 3
4
4 16 3 13 12 8 10 11 9 1 15 2 17 5 6 7 14
9 8 1 2 11 5 13 10 16 12 6 3 14 15 17 7 4
5
7 15 17 9 6 1 2 10 16 4 14 12 13 8 11 5 3
6 15 10 3 13 7 2 4 9 1 12 17 14 8 11 5 16
6
11 3 8 5 6 17 2 14 1 9 7 10 16 15 12 4 13
16 10 7 3 11 9 4 1 17 12 8 2 15 5 6 13 14
7
5 2 12 10 3 15 17 4 11 1 14 16 13 9 8 7 6
15 7 16 11 5 17 12 2 8 14 9 6 13 4 10 3 1
8
11 5 2 8 6 12 9 3 13 1 7 14 17 4 10 16 15
8 7 11 10 4 1 9 17 16 3 12 5 15 2 6 14 13
9
4 17 15 2 14 16 13 5 12 9 7 6 11 3 8 1 10
16 2 1 10 7 15 8 12 6 9 17 3 4 13 11 14 5
10
7 4 3 8 14 16 6 11 12 15 9 2 17 10 1 13 5
7 9 16 10 3 2 4 13 11 8 1 17 6 12 5 14 15
11
16 1 6 13 17 7 8 12 4 3 11 10 15 14 5 9 2
3 5 14 13 16 15 11 10 7 6 12 2 8 4 17 1 9
12
14 15 6 12 8 17 5 3 1 11 13 2 10 7 4 16 9
3 9 5 16 14 4 10 1 8 13 2 11 15 6 12 7 17
13
11 5 1 12 9 6 3 2 4 8 13 7 10 14 15 16 17
17 1 10 11 5 6 12 16 2 14 8 15 7 9 3 4 13
14
7 1 12 17 15 11 10 6 4 8 13 2 3 16 14 9 5
1 5 9 2 17 8 16 3 15 6 7 12 11 10 4 13 14
15
3 17 14 6 15 2 16 12 7 13 11 10 8 4 5 9 1
4 2 15 3 12 16 7 14 9 5 17 8 1 10 11 13 6
16
2 10 11 7 3 1 16 6 12 4 17 8 14 5 9 15 13
2 1 6 11 7 9 10 12 17 4 16 13 5 8 3 14 15
17
8 13 2 14 17 16 5 3 10 1 15 9 4 7 12 11 6
17 10 14 9 13 11 7 12 6 15 2 5 1 8 4 16 3
18
17 7 10 15 6 11 3 5 9 2 4 8 1 13 12 14 16
1 4 7 11 17 10 15 12 14 6 5 16 3 8 9 2 13
19
16 15 2 4 8 13 6 3 9 12 1 7 5 11 14 10 17
6 2 13 7 8 14 10 9 4 15 12 3 16 17 11 5 1
20
1 17 6 5 7 12 15 4 3 2 11 14 8 13 16 9 10
12 9 5 2 1 13 17 11 15 14 7 16 4 8 6 10 3
0
17
1 15 2 447 3 102 4 400 5 6 6 259 7 115 8 246 9 389 10 26 11 82 12 362 14 461 15 391 16 340 17 194
2 13 3 45 4 254 5 416 6 166 7 326 8 223 9 219 12 237 13 173 14 187 15 279 16 70 17 491
3 14 1 174 2 67 4 171 6 298 7 89 8 289 9 205 10 109 12 487 13 86 14 95 15 229 16 278 17 380
4 16 1 158 2 140 3 419 5 355 6 28 7 482 8 71 9 103 10 7 11 271 12 196 13 389 14 6 15 101 16 128 17 402
5 14 1 30 2 133 4 395 6 121 7 22 8 62 9 85 10 197 11 72 12 203 13 289 14 151 16 184 17 479
6 13 1 445 2 190 3 201 4 335 5 144 8 128 9 386 10 410 12 334 13 61 14 307 16 223 17 80
7 13 1 230 3 130 4 332 6 308 8 131 9 73 10 178 11 150 13 357 14 458 15 204 16 59 17 363
8 13 1 224 2 256 3 219 5 167 7 79 9 209 10 298 11 88 13 446 14 234 15 443 16 393 17 478
9 12 1 287 2 231 4 489 5 435 7 85 8 211 11 215 12 213 13 44 15 448 16 388 17 298
10 13 1 338 2 198 3 58 4 217 5 330 6 252 7 208 8 368 11 336 14 310 15 401 16 186 17 228
11 14 1 355 3 456 4 375 5 55 6 454 7 450 8 145 9 94 10 261 12 172 13 216 14 13 15 436 16 105
12 13 1 283 4 95 6 8 7 259 8 456 9 269 10 182 11 371 13 115 14 107 15 123 16 39 17 460
13 12 2 184 3 28 4 157 5 93 6 322 7 309 8 39 9 426 10 73 14 492 15 185 17 32
14 13 1 68 2 296 3 86 4 132 5 498 6 46 7 181 9 117 12 228 13 377 15 177 16 365 17 227
15 13 2 476 3 274 4 404 5 142 8 159 9 302 10 370 11 24 12 139 13 160 14 417 16 131 17 411
16 14 1 168 2 276 3 328 4 402 5 263 6 153 7 103 8 429 9 11 11 175 12 310 13 212 14 358 15 290
17 12 2 420 3 310 5 195 8 431 9 387 10 16 11 176 12 111 13 290 14 68 15 318 16 138
1
2 7 1 15 12 3 16 6 8 4 17 9 5 13 10 11 14
16 8 2 9 1 4 12 17 5 11 15 7 6 14 10 13 3
2
10 4 16 9 17 8 13 6 14 15 1 3 5 2 12 7 11
12 13 1 7 17 15 3 11 14 4 6 5 10 8 16 9 2
3
8 16 14 2 11 9 15 6 1 5 7 17 12 13 4 10 3
13 5 7 4 17 12 1 10 16 8 6 11 15 14 2 9 3
4
2 14 17 10 4 6 12 15 1 11 9 5 8 3 16 7 13
12 16 9 14 11 1 4 5 17 15 7 3 6 8 2 13 10
5
10 2 14 7 9 11 1 5 16 6 12 4 8 13 15 17 3
6 16 12 3 4 14 9 17 13 10 2 7 5 11 8 1 15
6
8 15 14 9 4 5 10 7 1 2 12 13 11 3 17 16 6
4 5 2 3 12 10 6 11 17 7 1 9 16 15 13 8 14
7
6 7 17 16 14 15 8 11 3 13 12 2 5 10 4 1 9
14 13 6 15 11 5 1 9 3 16 8 2 7 4 12 10 17
8
9 16 11 1 4 17 10 7 15 14 12 8 6 13 3 5 2
9 7 4 1 16 6 10 15 14 5 17 11 3 13 8 12 2
9
16 10 2 14 1 17 5 4 9 3 8 15 6 13 12 7 11
17 12 11 9 13 3 5 15 14 6 2 16 8 1 10 7 4
10
8 17 14 2 16 3 9 6 7 4 1 13 15 5 12 11 10
1 4 16 14 10 3 15 2 6 5 12 8 13 7 17 9 11
11
17 5 4 11 10 16 3 7 6 1 15 9 13 8 2 14 12
3 1 5 16 14 2 6 9 7 13 8 15 12 4 17 11 10
12
8 4 13 6 5 1 15 14 10 17 12 7 2 3 11 9 16
3 7 17 1 12 5 10 16 8 4 15 2 13 11 9 14 6
13
11 9 12 5 2 7 15 4 1 6 8 10 3 16 17 14 13
4 8 2 16 15 14 10 11 5 13 9 12 7 1 17 3 6
14
10 2 4 8 1 12 17 11 13 7 15 3 9 14 6 5 16
9 12 14 2 5 17 4 15 16 7 8 3 1 6 13 11 10
15
1 11 9 16 8 13 10 17 4 12 5 2 6 3 7 15 14
3 1 9 8 7 10 5 13 16 11 17 4 2 14 6 12 15
16
7 13 11 9 2 6 1 4 3 10 5 17 12 15 16 8 14
17 16 2 14 1 15 8 10 5 9 11 7 3 4 13 12 6
17
5 12 15 11 7 9 17 10 6 14 16 2 4 1 8 3 13
4 12 6 3 5 1 10 13 7 9 17 14 11 16 15 8 2
18
8 4 7 16 6 9 2 12 11 14 13 17 1 5 3 10 15
4 16 6 12 15 14 2 13 8 3 7 5 10 9 11 1 17
19
7 5 8 16 10 4 12 1 13 3 15 2 6 9 17 14 11
10 1 11 16 6 12 2 5 7 4 17 8 9 3 14 13 15
20
13 15 1 3 2 7 9 6 5 14 10 17 12 16 4 11 8
5 17 2 7 3 12 1 10 16 4 9 11 14 8 6 13 15
0
17
1 14 2 166 3 234 4 123 5 147 7 106 8 183 9 341 10 38 11 273 12 141 13 294 14 366 16 442 17 440
2 15 1 497 3 47 4 54 5 15 6 265 7 395 8 59 9 354 10 194 11 117 12 423 13 76 15 357 16 7 17 279
3 14 1 68 2 155 4 491 5 396 6 185 7 413 9 306 10 110 11 496 12 149 14 48 15 117 16 423 17 282
4 15 1 139 2 398 3 103 5 402 6 360 7 163 8 62 9 128 10 101 11 183 12 257 13 225 14 94 15 227 16 366
5 12 1 32 4 55 6 20 7 473 8 69 9 136 11 192 13 402 14 307 15 15 16 301 17 20
6 15 2 82 3 91 4 46 5 64 7 283 8 253 9 445 10 153 11 328 12 144 13 264 14 458 15 434 16 217 17 343
7 14 1 247 2 415 3 126 4 497 5 263 6 93 8 391 9 340 10 28 12 244 13 181 14 370 15 4 16 83
8 13 1 426 2 69 3 114 5 232 6 66 7 240 9 131 10 110 12 75 14 348 15 111 16 426 17 418
9 13 1 373 2 393 3 270 4 148 5 420 6 299 7 296 10 399 11 425 12 295 13 202 15 85 16 36
10 11 1 73 2 173 5 363 6 460 8 331 9 211 11 338 12 202 15 461 16 443 17 410
11 15 1 444 2 218 4 12 5 340 6 3 7 450 8 34 9 224 10 88 12 397 13 81 14 118 15 149 16 484 17 409
12 15 1 49 2 219 3 428 4 323 5 62 7 436 8 195 9 187 10 416 11 331 13 101 14 170 15 132 16 13 17 95
13 12 1 260 2 492 3 96 4 93 5 169 6 406 7 42 8 116 9 7 10 498 14 324 15 402
14 10 1 160 2 150 3 495 4 450 5 143 8 409 9 352 10 275 13 232 16 130
15 15 1 280 2 108 3 37 5 350 6 80 7 339 8 214 9 284 10 138 11 23 12 89 13 345 14 336 16 211 17 316
16 14 1 86 2 76 4 71 5 451 6 402 7 170 8 412 9 394 10 97 11 471 12 412 13 172 14 191 15 374
17 13 1 168 2 196 3 109 5 322 7 158 8 150 9 216 10 204 11 420 12 235 13 53 15 20 16 388
1
11 14 16 5 7 1 2 4 3 13 17 6 12 8 10 15 9
12 5 14 10 3 4 17 7 11 13 6 1 16 15 2 9 8
2
5 17 3 2 7 13 12 9 6 8 1 4 11 16 14 15 10
12 3 9 2 1 13 6 14 15 16 17 5 11 4 10 7 8
3
4 15 1 3 2 9 16 17 14 12 6 8 5 10 11 7 13
9 1 15 7 12 13 6 5 17 14 2 11 8 10 16 4 3
4
11 5 6 7 13 16 10 9 3 14 8 4 15 17 2 12 1
3 6 13 15 10 9 5 1 4 16 7 11 12 17 8 14 2
5
3 13 16 4 8 11 12 10 9 6 5 14 1 17 2 15 7
5 11 1 3 2 10 14 16 12 13 17 6 7 4 8 15 9
6
5 3 11 17 8 6 14 2 10 7 13 12 1 4 16 9 15
15 1 16 5 7 12 10 17 4 2 11 3 13 14 6 8 9
7
12 7 9 1 2 16 15 17 13 5 10 8 4 14 6 11 3
2 8 7 1 3 17 5 10 12 16 9 4 14 15 13 11 6
8
1 2 6 15 17 9 3 4 12 13 11 16 8 7 10 5 14
14 10 6 9 8 15 1 16 12 17 5 3 13 7 2 4 11
9
13 7 1 4 6 2 11 16 3 14 5 15 12 8 10 9 17
10 17 16 12 2 9 15 7 8 6 5 1 11 13 4 3 14
10
11 7 9 10 15 1 5 6 12 17 13 14 2 3 8 16 4
14 1 4 12 5 7 13 9 16 10 15 17 8 6 2 11 3
11
13 2 8 11 9 4 5 3 15 10 17 6 7 16 14 12 1
6 8 4 1 15 7 12 17 5 2 10 3 13 16 14 11 9
12
4 11 9 13 15 5 7 17 3 6 16 2 8 14 10 12 1
16 14 13 2 11 5 4 8 7 10 17 15 1 9 12 3 6
13
2 16 13 1 12 9 15 7 4 5 8 6 3 10 11 17 14
13 6 4 15 11 3 12 16 2 8 1 5 14 17 7 10 9
14
17 13 8 6 11 3 2 14 12 9 10 15 1 5 16 4 7
12 5 15 10 2 9 17 4 14 13 16 11 3 6 7 8 1
15
3 9 14 6 17 10 4 8 12 13 11 16 1 5 15 2 7
11 14 17 10 4 8 16 6 5 2 7 15 9 3 13 12 1
16
8 12 11 7 5 3 4 13 6 1 16 14 10 9 2 15 17
14 6 5 9 7 8 4 16 2 3 17 13 12 10 15 1 11
17
9 16 11 7 10 5 15 4 14 2 6 1 13 8 12 17 3
2 1 14 3 17 13 16 8 9 7 10 5 15 6 11 4 12
18
7 4 16 3 13 17 1 12 11 5 2 10 8 9 14 15 6
4 11 7 2 5 1 10 16 14 8 17 15 3 9 6 12 13
19
16 15 9 11 8 5 6 3 17 14 4 13 12 2 7 1 10
6 11 4 16 14 9 3 1 8 10 13 2 17 5 7 12 15
20
13 1 8 12 2 16 14 15 4 9 5 7 17 11 10 3 6
9 7 2 6 15 10 16 11 1 13 12 14 8 5 4 17 3
0
17
1 12 2 401 3 297 4 138 5 215 6 496 7 494 9 439 10 418 13 317 14 353 16 499 17 61
2 14 1 57 4 355 6 241 7 66 8 178 9 265 10 201 11 422 12 213 13 228 14 349 15 243 16 342 17 458
3 13 1 211 2 340 4 404 5 419 6 207 7 500 8 388 9 188 10 29 11 224 12 374 16 171 17 395
4 14 1 60 3 55 5 394 6 192 7 207 8 113 9 103 10 179 11 429 12 19 14 214 15 435 16 488 17 111
5 14 1 439 2 425 3 276 4 297 6 489 7 254 8 272 9 43 10 427 13 65 14 415 15 169 16 209 17 95
6 12 1 111 2 31 3 142 5 377 7 281 8 186 9 461 10 133 12 350 13 483 15 495 17 428
7 15 1 79 2 130 3 374 5 279 6 159 8 95 9 373 10 57 11 60 12 460 13 81 14 149 15 38 16 234 17 449
8 14 1 411 3 448 4 62 5 128 6 53 7 476 10 112 11 122 12 152 13 54 14 213 15 174 16 115 17 410
9 10 2 115 3 10 6 85 7 301 10 8 11 381 12 498 14 131 16 433 17 372
10 14 1 199 2 490 3 265 4 75 6 465 7 10 8 217 9 86 11 272 12 229 13 111 15 479 16 130 17 264
11 12 1 307 2 247 3 25 4 250 5 67 6 355 7 80 10 214 14 345 15 346 16 5 17 442
12 13 1 33 2 106 3 39 4 434 5 40 6 494 8 301 9 68 10 367 11 342 14 337 15 432 16 28
13 11 1 218 2 221 5 401 6 130 9 364 10 96 12 271 14 254 15 364 16 365 17 488
14 14 1 427 2 432 3 420 4 467 5 447 6 411 8 446 9 239 10 332 12 10 13 143 15 376 16 457 17 217
15 13 1 475 2 265 5 142 6 455 7 172 8 324 9 307 10 98 11 481 13 323 14 415 16 406 17 86
16 13 1 209 2 370 5 319 6 241 8 240 9 445 10 368 11 471 12 298 13 186 14 490 15 474 17 440
17 11 1 410 2 440 4 458 5 249 6 498 8 422 9 320 10 397 11 277 13 245 15 56
1
12 15 6 7 13 3 4 17 9 1 14 16 2 8 11 10 5
4 13 11 9 1 8 2 16 7 5 15 12 3 17 6 10 14
2
17 12 8 16 7 5 14 11 15 9 3 13 10 1 6 4 2
5 13 14 8 9 11 15 2 17 16 3 6 7 1 10 12 4
3
14 11 16 17 2 3 5 6 8 1 9 10 4 12 15 7 13
10 14 17 9 13 15 4 12 2 16 3 1 6 7 11 8 5
4
1 15 3 13 8 9 5 17 2 12 16 10 11 4 14 6 7
2 9 15 11 14 13 8 17 6 7 5 4 10 1 16 3 12
5
14 16 2 13 12 17 5 6 7 10 15 4 1 3 11 8 9
1 12 5 6 10 11 9 3 8 16 17 14 13 2 15 4 7
6
3 6 16 2 4 12 8 13 9 5 7 14 10 17 11 15 1
3 5 2 6 8 4 17 7 1 11 15 16 13 12 14 9 10
7
14 13 11 3 7 12 17 2 9 1 16 10 5 8 15 6 4
6 15 12 3 4 8 5 1 17 9 13 16 14 11 10 2 7
8
12 5 10 14 9 4 1 16 3 11 8 15 13 2 6 7 17
1 5 9 14 8 10 3 13 17 15 7 16 12 11 4 6 2
9
13 12 11 3 1 10 14 7 16 6 9 8 4 15 17 2 5
3 11 6 2 17 7 10 4 5 1 14 15 9 13 8 16 12
10
12 11 8 3 13 15 9 16 14 17 7 1 5 10 2 6 4
14 7 6 12 8 16 9 10 1 15 17 3 5 11 2 13 4
11
6 5 13 1 15 9 10 8 2 16 17 12 3 7 4 11 14
3 15 1 4 13 8 11 16 7 9 6 2 12 14 17 5 10
12
15 5 7 1 6 2 4 8 16 17 11 12 13 9 3 10 14
15 16 9 2 10 12 4 11 1 17 6 5 3 8 14 13 7
13
1 4 10 7 3 13 12 15 8 11 5 17 16 6 14 2 9
15 13 9 10 17 4 7 12 6 3 11 14 16 5 1 8 2
14
17 4 6 2 10 16 7 14 1 15 12 11 5 3 8 13 9
14 7 16 17 5 13 6 11 10 8 15 1 3 4 9 2 12
15
4 6 5 10 13 9 15 7 16 14 17 12 3 2 1 8 11
10 15 9 14 11 5 17 1 12 4 2 13 3 6 7 8 16
16
16 5 2 6 15 7 4 10 1 9 11 3 12 13 17 14 8
16 3 4 12 6 7 2 11 10 9 8 15 13 14 1 17 5
17
3 13 15 12 4 17 6 14 10 2 7 5 16 8 9 1 11
16 10 1 6 11 5 17 8 13 3 7 12 9 2 14 15 4
18
10 8 11 4 9 13 3 15 12 6 16 1 5 14 17 2 7
14 2 10 8 17 3 1 15 9 7 16 6 13 12 4 11 5
19
5 10 11 4 2 14 3 16 1 17 8 9 7 13 6 12 15
16 4 2 15 13 3 14 12 10 6 5 11 7 8 17 1 9
20
15 6 4 9 16 8 2 3 7 5 10 12 14 13 1 17 11
11 17 15 14 9 13 10 7 5 12 2 6 16 3 4 8 1
0
17
1 14 2 430 3 263 4 357 6 23 7 407 8 285 9 58 11 136 12 287 13 338 14 223 15 431 16 2 17 300
2 15 1 133 3 25 4 186 5 277 6 26 7 53 8 312 9 260 10 458 11 117 12 313 13 237 15 16 16 269 17 175
3 12 2 353 5 268 6 433 7 425 8 96 9 71 11 179 12 328 13 414 14 284 15 44 17 450
4 13 1 482 2 328 5 31 6 38 7 397 8 407 9 118 10 131 12 284 13 456 15 92 16 375 17 90
5 12 1 112 3 178 4 226 6 153 7 260 8 23 9 373 12 473 13 271 14 158 15 302 16 35
6 14 1 495 2 32 3 360 4 352 5 364 7 256 9 358 10 434 11 204 13 184 14 454 15 286 16 31 17 273
7 13 1 146 2 303 3 176 4 341 5 289 9 249 10 94 11 108 12 406 13 92 14 343 15 82 17 189
8 14 1 289 2 77 3 109 4 9 5 426 6 414 7 155 9 366 11 76 13 323 14 452 15 330 16 418 17 397
9 13 1 367 3 389 4 378 5 43 6 8 7 64 8 446 10 12 11 485 12 277 14 147 16 392 17 457
10 14 1 93 2 136 3 471 4 38 5 308 6 77 7 195 8 292 9 222 11 240 13 134 14 355 15 32 17 409
11 15 1 108 2 311 3 390 4 247 5 498 6 157 7 324 8 462 9 24 12 499 13 80 14 195 15 478 16 30 17 423
12 14 1 232 2 132 3 469 4 286 5 129 6 116 7 322 8 319 9 158 11 90 14 282 15 33 16 416 17 410
13 14 1 9 2 234 3 491 4 327 5 390 6 309 7 378 8 377 10 251 11 496 12 489 14 472 15 198 17 290
14 10 1 248 2 362 3 99 4 360 6 144 7 335 10 409 11 477 12 325 16 90
15 13 1 485 2 288 3 473 4 58 5 427 6 423 7 253 8 187 10 134 11 228 12 475 14 198 17 2
16 11 3 237 4 12 5 287 7 81 8 98 9 151 10 134 12 180 13 263 14 19 17 418
17 11 3 392 6 56 7 345 8 412 9 402 10 24 11 1 12 179 13 333 14 471 15 180
1
9 3 2 4 1 11 13 5 7 14 15 12 16 10 17 8 6
13 6 7 2 16 4 9 14 8 10 15 3 12 17 5 1 11
2
3 4 6 17 14 9 10 2 7 15 1 13 12 11 8 5 16
16 3 13 2 10 11 6 5 4 15 12 8 1 17 7 14 9
3
4 13 6 12 14 8 5 9 11 17 1 3 15 2 16 7 10
13 6 2 10 1 9 4 14 12 15 8 7 17 16 5 11 3
4
6 14 8 5 11 1 2 17 16 15 12 4 3 7 13 9 10
16 3 17 10 4 6 14 2 13 15 7 8 1 9 12 11 5
5
11 16 8 10 1 5 15 17 2 4 9 14 3 12 7 6 13
4 9 12 3 14 13 7 16 2 17 11 1 10 8 5 6 15
6
13 5 3 14 10 17 9 16 12 7 6 4 8 2 1 15 11
15 8 16 7 14 5 2 4 10 3 17 6 12 11 1 13 9
7
6 16 2 5 3 13 12 14 1 9 10 17 11 8 7 15 4
2 7 5 17 13 14 16 8 10 9 3 12 15 4 6 11 1
8
2 17 13 15 16 8 14 11 3 1 6 4 7 10 5 9 12
3 15 7 11 17 4 5 2 16 10 9 14 13 8 1 12 6
9
17 3 7 12 6 14 1 13 16 2 4 8 15 11 5 10 9
10 14 16 3 7 13 15 9 5 11 12 4 8 2 6 1 17
10
1 6 5 14 8 3 16 13 2 9 15 17 11 12 10 4 7
14 2 7 13 3 1 5 17 10 8 12 4 6 16 15 9 11
11
11 4 8 15 3 7 16 1 9 13 12 17 14 2 6 10 5
13 17 8 7 4 5 6 12 11 14 15 16 10 1 2 3 9
12
14 13 7 2 10 9 5 15 16 4 3 1 17 12 11 8 6
1 16 3 9 13 10 7 4 8 12 2 6 17 5 11 14 15
13
7 10 3 14 12 9 6 4 17 5 2 16 13 15 8 11 1
7 17 4 12 2 16 13 9 6 15 8 14 1 3 5 11 10
14
1 15 8 7 4 17 3 2 14 13 16 9 11 12 10 5 6
15 10 16 3 4 12 17 14 2 9 1 13 8 7 5 11 6
15
12 6 8 1 4 11 2 15 17 13 16 10 5 14 3 9 7
13 1 3 17 8 14 5 15 12 4 16 11 9 10 7 2 6
16
12 10 14 15 17 8 7 9 2 11 1 6 3 16 5 13 4
7 5 1 17 4 11 8 2 6 15 14 13 12 9 10 16 3
17
3 7 16 6 1 10 9 11 4 13 15 5 2 17 8 12 14
12 15 9 1 16 13 10 4 17 2 3 5 14 8 7 6 11
18
3 17 2 14 15 5 7 12 13 8 9 6 4 11 10 1 16
14 2 3 12 5 10 4 13 7 1 11 16 17 15 6 9 8
19
16 15 9 7 17 12 6 10 3 5 2 14 11 4 13 1 8
17 2 12 4 3 8 13 11 10 1 5 16 15 7 9 14 6
20
14 15 10 3 11 8 2 9 13 5 16 7 17 4 12 6 1
13 4 17 12 5 3 6 2 11 7 14 10 16 9 15 8 1
0
0
