24
1 18 2 164 3 223 4 351 5 249 6 439 8 182 10 309 11 153 12 176 13 48 15 148 16 180 17 338 18 240 19 318 20 327 23 282 24 317
2 17 3 157 4 489 7 322 8 118 9 479 10 273 11 453 13 418 14 286 15 71 17 242 19 248 20 17 21 37 22 342 23 219 24 255
3 15 2 433 5 131 6 421 7 218 9 26 10 63 11 34 12 218 13 48 14 477 15 181 17 84 18 403 21 371 22 268
4 18 1 264 2 329 3 368 5 237 6 474 7 71 8 378 9 358 10 266 11 35 12 258 15 440 17 190 20 29 21 380 22 462 23 227 24 152
5 18 1 299 2 461 3 170 4 263 7 211 8 245 9 463 11 496 12 293 13 386 14 325 15 379 16 422 17 121 18 414 19 375 20 73 21 450
6 18 1 353 3 317 4 442 7 228 8 428 9 194 10 174 11 454 12 149 13 270 14 273 15 437 16 234 17 87 19 150 20 138 21 481 24 183
7 21 1 444 2 108 3 300 4 400 5 144 6 403 8 129 9 325 10 108 11 204 12 472 14 148 15 19 16 31 17 366 18 309 20 477 21 166 22 426 23 422 24 221
8 19 1 43 2 74 3 248 4 234 5 379 6 4 7 241 9 299 10 468 11 25 12 216 13 160 16 16 17 237 18 117 19 451 21 437 23 317 24 262
9 19 1 281 2 387 4 254 5 158 6 222 7 439 8 419 10 92 11 92 12 36 13 321 14 173 15 294 16 438 18 443 19 141 20 177 21 378 22 207
10 18 2 52 3 279 5 372 6 214 7 168 8 14 9 164 12 2 13 498 14 361 15 276 16 354 17 76 19 429 20 439 21 419 22 329 23 313
11 19 1 154 2 83 3 181 4 129 5 164 6 65 7 275 9 298 10 308 13 76 14 209 15 69 17 423 18 73 20 21 21 495 22 451 23 67 24 336
12 19 1 130 2 26 3 160 4 57 5 322 6 431 7 402 9 153 11 186 13 452 14 490 15 314 16 378 17 302 19 290 20 38 21 68 22 425 23 111
13 18 1 148 2 318 3 295 5 41 7 118 8 460 9 345 11 498 14 363 16 168 17 131 18 50 19 469 20 453 21 339 22 375 23 83 24 430
14 22 1 421 2 264 3 37 4 459 5 109 6 246 7 315 8 102 9 18 10 431 11 125 12 342 13 427 15 77 16 394 17 22 18 101 19 457 20 76 22 494 23 58 24 482
15 18 1 214 3 357 4 123 5 156 6 8 8 402 9 176 10 322 12 118 13 500 16 127 17 72 18 90 19 364 20 148 21 139 23 280 24 172
16 18 1 30 2 355 3 345 4 162 5 189 6 96 8 263 9 5 13 366 14 461 15 291 17 150 18 128 19 137 21 322 22 428 23 113 24 258
17 19 1 176 2 473 3 328 4 77 5 310 6 429 7 465 8 370 10 131 11 291 12 120 13 432 14 235 15 280 16 353 20 355 22 317 23 426 24 478
18 18 2 339 3 103 4 13 5 184 6 337 7 152 8 92 9 131 10 42 11 214 12 69 14 400 15 345 17 99 19 227 22 423 23 108 24 41
19 16 2 361 3 218 4 420 5 166 6 444 8 272 10 255 11 227 12 232 14 108 18 318 20 28 21 413 22 106 23 233 24 380
20 19 1 29 2 116 4 308 5 284 6 405 7 196 10 91 11 187 12 185 13 430 14 426 15 218 16 284 17 490 18 78 19 309 21 493 22 453 24 77
21 19 2 456 3 195 4 405 5 245 6 459 7 336 8 466 10 336 11 160 12 116 14 471 15 258 16 421 18 495 19 385 20 326 22 212 23 149 24 499
22 18 1 123 2 156 3 313 4 214 5 440 6 21 9 212 10 418 11 370 12 272 13 396 15 173 16 448 17 132 19 160 20 112 21 347 24 259
23 17 1 182 2 452 3 357 4 90 6 104 7 270 8 461 9 390 10 391 11 334 13 460 15 254 16 437 17 471 20 347 22 169 24 34
24 20 1 492 2 46 3 491 4 469 6 357 7 486 8 155 9 390 10 142 11 195 12 128 13 415 14 488 15 197 16 456 19 3 20 214 21 227 22 230 23 288
1
5 10 22 21 4 23 1 6 17 11 2 9 24 18 7 13 3 14 20 12 16 19 8 15
10 11 22 8 4 23 2 18 6 16 14 13 5 15 21 24 17 9 20 19 3 7 12 1
2
24 2 23 16 8 6 14 3 17 13 22 12 21 18 20 11 4 15 19 9 1 5 7 10
24 21 7 3 9 20 13 19 16 17 22 23 2 10 15 18 6 1 4 11 5 14 12 8
3
20 13 18 7 6 17 22 10 4 9 19 5 11 1 3 8 24 23 12 21 16 15 14 2
5 21 22 16 23 2 20 15 9 6 1 7 12 17 3 24 13 18 8 10 14 11 4 19
4
24 5 10 13 21 20 3 15 16 14 9 18 8 7 22 19 6 12 4 23 1 11 2 17
9 20 6 19 15 7 5 2 12 24 16 18 14 21 11 17 4 1 3 22 23 8 13 10
5
21 22 20 17 12 7 6 14 24 15 23 18 5 9 1 10 11 8 2 13 4 3 19 16
17 8 1 15 4 11 12 23 13 24 20 9 21 7 16 6 19 22 2 18 3 14 5 10
6
23 1 14 11 7 6 10 15 16 18 20 22 9 4 19 17 21 13 24 2 8 5 3 12
9 4 21 3 2 24 18 11 22 8 14 5 19 16 13 1 6 7 17 15 23 10 20 12
7
7 13 10 18 19 21 6 20 1 12 17 2 3 5 15 22 24 23 8 14 11 9 4 16
12 3 10 5 15 4 21 19 22 7 6 17 8 1 23 9 20 13 14 16 24 18 11 2
8
23 22 13 16 6 4 5 3 24 9 15 1 2 21 8 18 7 11 20 19 14 12 10 17
4 12 2 6 10 21 14 15 9 20 11 13 1 23 24 16 3 8 22 18 7 5 17 19
9
21 16 10 18 19 22 12 15 11 4 7 20 17 2 1 14 8 9 23 5 3 13 24 6
4 11 24 20 15 13 12 2 16 9 8 1 23 10 18 21 14 22 3 19 17 7 5 6
10
3 24 19 11 10 13 9 12 22 16 18 21 6 7 15 23 1 4 5 17 14 8 20 2
3 1 6 7 18 19 17 12 21 24 23 8 14 10 15 4 13 11 9 2 20 16 5 22
11
9 3 10 1 23 14 2 6 20 13 7 19 22 11 21 4 16 18 12 17 15 8 24 5
13 23 24 8 20 18 11 12 4 9 15 5 22 1 21 17 6 19 7 2 3 16 10 14
12
15 23 18 17 5 8 12 11 22 7 16 20 10 6 2 19 9 21 4 13 3 24 14 1
20 15 10 1 18 23 14 17 19 5 22 11 4 16 9 2 21 13 3 6 7 8 24 12
13
20 6 2 13 12 8 17 22 14 16 11 24 5 21 7 9 3 4 18 1 23 19 10 15
2 12 19 9 18 15 20 13 4 3 7 1 14 23 22 17 16 6 10 21 5 11 24 8
14
16 17 8 22 19 12 7 21 20 6 18 15 4 23 3 10 9 14 24 5 2 13 1 11
21 11 18 6 15 4 20 17 16 2 9 12 23 13 14 24 10 7 3 5 22 8 1 19
15
15 24 16 18 5 2 7 9 23 13 12 22 21 14 6 3 17 8 10 11 4 1 20 19
1 14 16 6 10 17 22 2 23 5 7 15 4 20 9 24 18 11 12 13 21 19 3 8
16
4 3 2 9 16 14 23 17 10 19 21 11 8 22 5 12 24 20 1 7 6 13 15 18
14 17 19 4 1 18 23 5 24 20 21 13 15 11 12 7 9 2 22 6 3 10 8 16
17
4 14 9 20 8 18 10 23 3 22 6 7 15 21 1 16 24 11 19 13 12 17 2 5
2 17 10 24 12 11 3 5 13 4 9 8 1 23 15 14 6 18 16 21 20 22 7 19
18
20 17 1 9 6 24 21 5 16 2 4 23 12 22 18 19 15 3 10 8 11 7 14 13
13 10 6 1 18 20 5 7 8 21 17 19 24 22 14 23 2 16 3 12 11 15 4 9
19
8 15 3 18 13 5 7 1 6 10 14 21 20 17 4 22 11 24 12 9 2 19 23 16
4 11 9 19 15 1 14 2 18 6 21 13 12 5 22 17 7 10 23 16 3 24 20 8
20
17 14 18 12 20 7 6 22 1 2 23 15 5 3 13 21 11 9 19 10 8 16 4 24
19 6 12 24 15 5 20 3 2 10 18 9 1 4 22 23 14 21 17 7 11 13 16 8
0
24
1 20 2 373 3 62 5 410 6 45 7 46 9 129 10 226 11 76 12 230 13 394 14 263 15 253 16 174 17 167 18 160 19 22 20 122 21 56 22 153 24 95
2 20 1 413 3 338 4 247 5 424 6 17 7 300 9 397 10 452 11 323 14 371 15 414 16 469 17 462 18 274 19 62 20 41 21 7 22 485 23 255 24 214
3 16 1 429 4 385 6 315 7 103 8 120 9 376 10 250 12 436 16 458 17 282 18 77 19 300 21 366 22 59 23 102 24 46
4 21 1 362 2 236 3 366 5 285 6 356 7 119 8 374 9 78 10 196 11 136 12 265 13 173 15 224 16 35 17 55 18 215 19 274 20 50 21 483 22 355 23 355
5 16 1 6 2 121 3 499 4 248 6 499 8 260 11 184 12 70 13 290 15 242 16 476 17 85 18 453 19 386 20 32 24 224
6 18 1 261 2 365 3 97 4 348 5 166 7 105 10 242 11 148 12 69 13 127 14 374 15 193 16 308 17 173 18 435 19 133 20 155 22 76
7 19 1 394 2 70 3 37 4 72 6 315 8 444 9 257 10 166 11 75 12 109 13 265 16 29 17 478 18 219 19 325 20 149 21 434 23 34 24 44
8 19 1 314 2 413 3 447 6 194 7 216 9 179 10 69 11 36 12 482 13 418 14 259 15 427 16 320 18 10 19 59 21 97 22 423 23 131 24 172
9 19 1 33 2 447 3 400 4 287 6 126 7 40 8 149 10 475 11 315 12 361 13 478 14 480 15 175 19 85 20 195 21 222 22 273 23 278 24 428
10 20 1 449 2 259 3 468 4 27 5 112 6 248 7 172 8 75 11 156 12 145 13 53 14 193 15 356 16 139 17 389 18 25 20 120 21 443 23 358 24 112
11 19 1 322 2 157 3 327 5 6 6 461 8 31 9 314 10 497 12 282 13 381 14 118 15 109 16 382 17 156 18 465 20 166 21 6 22 417 24 427
12 15 2 403 3 321 4 351 5 307 6 393 7 96 8 210 10 131 11 427 15 366 16 415 17 429 20 320 21 325 23 80
13 22 1 162 3 126 4 453 5 184 6 258 7 375 8 61 9 199 10 370 11 492 12 262 14 241 15 91 16 256 17 401 18 48 19 116 20 37 21 385 22 155 23 217 24 435
14 20 1 327 2 135 3 173 4 337 5 116 6 401 7 389 8 386 9 367 10 290 11 247 12 474 13 235 18 66 19 359 20 231 21 76 22 10 23 285 24 488
15 18 2 473 4 188 5 259 6 132 8 389 9 357 10 37 11 216 12 30 14 447 16 82 17 476 18 415 20 90 21 280 22 9 23 449 24 159
16 20 1 284 2 261 3 139 4 309 6 90 8 24 9 486 10 135 11 181 12 444 13 492 14 232 15 488 17 138 19 80 20 454 21 354 22 68 23 360 24 431
17 19 2 239 3 202 4 340 5 435 6 54 7 230 8 175 9 401 10 318 11 19 12 92 13 359 14 274 15 328 18 462 19 52 20 310 21 471 24 397
18 14 1 432 2 110 3 166 4 293 5 150 6 128 9 365 10 466 11 377 13 17 14 72 15 364 20 444 24 89
19 18 1 89 2 141 3 5 4 41 5 337 6 140 8 83 9 339 10 48 11 166 12 17 13 276 14 469 15 115 16 398 17 139 18 403 21 428
20 16 2 41 3 381 5 217 7 141 8 99 9 97 10 333 12 303 13 141 15 104 16 100 17 397 19 87 22 246 23 398 24 212
21 21 1 147 2 384 3 41 4 380 6 88 7 274 8 54 9 416 11 160 12 492 13 234 14 377 15 424 16 68 17 166 18 332 19 304 20 103 22 294 23 102 24 281
22 18 1 118 4 15 5 162 7 497 8 201 9 91 10 95 11 270 12 381 13 209 14 70 15 300 16 361 18 132 20 452 21 4 23 278 24 368
23 20 1 468 2 334 3 105 4 373 5 302 6 378 7 83 8 20 9 55 10 322 11 72 12 499 13 488 14 123 15 157 17 429 18 490 20 61 22 144 24 493
24 21 2 292 3 346 4 465 5 404 6 50 7 228 8 185 9 14 10 96 11 85 12 51 13 94 14 317 15 233 16 136 17 388 18 92 20 355 21 361 22 210 23 266
1
4 6 22 16 13 24 23 19 5 9 17 14 15 18 3 20 1 12 10 2 8 21 11 7
17 23 13 6 20 8 11 18 16 10 22 3 1 19 14 24 12 15 4 2 7 5 21 9
2
20 17 1 19 4 8 21 3 24 5 6 23 13 10 2 7 14 22 16 12 9 15 11 18
17 2 21 15 5 23 24 10 20 13 4 14 19 18 22 16 6 1 3 11 7 9 8 12
3
6 9 18 3 20 13 19 12 16 4 21 14 24 10 8 15 2 23 5 17 22 7 11 1
1 11 8 23 14 22 10 6 17 3 18 15 24 13 19 16 2 7 12 4 9 21 20 5
4
7 9 2 1 22 24 12 19 21 15 6 11 14 13 3 18 8 5 23 4 17 10 16 20
8 19 9 18 12 6 1 14 15 13 2 17 11 7 3 24 20 22 21 4 23 10 16 5
5
6 20 9 8 22 19 15 23 1 13 21 7 3 16 17 11 18 24 5 12 4 14 2 10
5 22 9 2 13 19 14 6 11 1 15 12 18 16 7 10 21 4 8 24 23 3 20 17
6
12 15 5 17 2 14 24 18 23 4 9 19 3 8 6 22 11 10 1 16 13 21 7 20
20 5 3 21 2 17 24 23 22 19 18 8 15 10 1 9 6 16 11 14 7 13 12 4
7
21 3 6 18 22 14 10 1 12 7 24 5 9 20 16 13 17 11 23 2 19 4 8 15
6 12 8 20 17 2 23 9 15 19 5 21 13 3 11 7 14 22 10 24 4 16 1 18
8
4 9 10 22 1 17 8 7 23 5 2 11 6 19 14 21 20 12 13 16 3 18 24 15
17 5 2 3 4 11 20 21 16 15 18 22 13 10 7 14 9 23 6 8 1 24 19 12
9
9 13 14 15 24 6 16 7 18 4 11 17 2 21 5 12 19 10 1 20 3 22 8 23
2 17 23 21 18 6 12 16 4 1 9 11 14 24 15 22 10 19 7 13 8 20 5 3
10
17 4 8 15 18 23 24 20 7 22 19 1 2 13 9 3 12 6 16 5 14 10 11 21
1 9 5 11 15 2 22 16 13 10 14 18 24 3 23 7 8 21 17 19 4 12 20 6
11
22 10 9 2 4 11 3 20 1 6 16 5 21 24 8 18 19 13 12 17 7 23 14 15
9 20 2 14 3 15 11 18 19 1 5 12 16 21 6 13 10 24 8 7 23 22 17 4
12
14 8 15 9 7 20 10 12 4 18 19 11 16 23 24 13 6 2 1 5 22 21 3 17
5 15 6 11 20 24 10 3 12 18 4 2 16 21 8 14 7 23 13 17 9 1 22 19
13
20 2 12 4 15 18 11 5 8 6 21 13 3 23 7 17 1 24 10 22 14 16 9 19
14 20 3 24 21 2 18 11 9 8 6 4 10 16 1 12 15 23 17 7 13 22 19 5
14
5 13 7 10 9 15 4 14 8 20 1 19 3 21 16 11 2 12 6 18 23 17 22 24
17 19 13 2 18 11 10 21 8 14 12 15 1 7 3 5 9 20 6 22 4 16 24 23
15
3 19 21 9 23 1 11 14 10 16 8 7 2 17 4 5 6 12 24 18 20 22 13 15
10 5 3 1 21 16 13 24 7 20 22 11 8 14 15 19 4 6 2 23 9 12 18 17
16
8 4 11 6 13 20 3 2 12 1 18 16 17 24 5 9 23 19 7 22 10 14 21 15
17 6 19 22 16 9 24 8 5 21 14 3 1 4 13 11 2 15 10 23 18 20 7 12
17
14 11 10 23 21 7 1 9 8 15 18 20 16 4 24 22 6 2 17 5 19 13 12 3
5 10 12 17 7 21 6 4 15 1 18 20 22 19 9 8 23 2 3 13 16 11 24 14
18
23 15 7 20 24 14 4 12 10 18 21 6 17 16 5 11 1 22 2 3 19 13 9 8
16 9 15 21 18 14 23 1 12 6 8 19 4 5 24 2 17 10 22 13 7 11 20 3
19
22 19 5 6 13 20 4 15 14 1 24 17 3 9 18 21 2 7 8 11 16 12 10 23
5 3 16 17 9 7 14 19 4 1 11 8 18 12 2 21 13 23 6 20 22 15 10 24
20
18 19 21 13 14 7 4 17 2 12 24 5 1 11 15 9 8 10 3 23 22 6 16 20
4 8 12 19 13 23 17 16 10 5 22 9 15 14 7 3 1 20 18 24 6 2 21 11
0
24
1 19 3 335 4 272 6 249 7 111 8 353 10 480 11 426 12 50 14 231 15 246 16 315 17 488 18 258 19 66 20 263 21 275 22 264 23 307 24 436
2 19 1 47 3 341 4 97 5 185 6 302 7 11 8 280 10 284 11 435 14 121 15 203 16 325 17 332 18 277 19 485 20 441 22 395 23 4 24 306
3 20 1 463 2 71 4 465 5 322 6 127 8 259 11 241 12 201 13 207 14 420 15 382 16 93 17 288 18 405 19 303 20 117 21 352 22 335 23 419 24 432
4 19 1 101 2 347 3 401 5 262 6 438 7 372 8 140 10 33 11 212 12 61 13 33 14 393 16 145 17 333 18 207 19 193 21 203 22 330 24 74
5 21 1 357 2 431 4 230 6 18 7 411 8 103 9 452 10 347 12 311 13 246 14 259 15 402 16 359 17 206 18 445 19 347 20 162 21 22 22 436 23 416 24 439
6 21 1 35 2 183 3 77 4 171 5 269 7 434 8 45 9 94 10 495 11 208 12 241 13 20 14 233 15 178 16 216 17 20 18 55 19 138 20 283 23 427 24 215
7 21 1 238 2 176 3 55 4 290 5 381 6 276 8 295 9 16 10 306 12 38 13 463 14 164 15 279 16 386 17 218 18 252 19 38 20 420 21 47 22 184 24 7
8 19 1 228 2 217 3 81 4 159 5 21 7 154 9 136 10 50 11 154 12 412 13 412 15 278 16 80 17 303 18 64 19 314 21 442 23 30 24 164
9 16 1 195 2 283 3 202 4 82 6 364 7 36 8 428 10 222 13 363 14 387 15 392 19 109 20 391 22 105 23 23 24 315
10 19 1 23 2 305 4 453 5 33 6 365 8 264 9 37 11 268 12 135 13 357 15 7 16 180 17 418 18 389 19 71 20 341 21 170 22 356 24 494
11 18 2 234 3 34 5 91 6 393 7 138 9 291 10 309 12 109 13 233 14 179 15 314 16 121 17 244 19 168 20 244 21 14 22 430 24 351
12 19 1 406 2 213 4 362 6 279 7 224 8 187 9 435 10 427 11 190 13 219 15 496 16 128 17 236 18 278 19 75 20 493 21 459 22 218 23 443
13 14 1 476 2 409 3 409 4 301 5 268 8 285 9 370 12 30 14 336 15 47 16 40 18 344 19 260 21 411
14 21 1 493 2 190 3 154 4 18 5 372 6 4 7 66 8 213 9 178 10 83 11 388 12 224 13 397 16 173 17 419 18 353 19 23 20 307 22 190 23 116 24 385
15 19 2 458 3 397 4 291 5 370 6 236 7 475 8 81 9 443 11 107 12 147 13 203 14 438 16 38 17 384 19 214 20 337 22 212 23 147 24 383
16 17 3 58 4 102 6 288 7 472 8 165 9 52 11 167 13 29 14 189 15 11 18 383 19 382 20 9 21 459 22 139 23 409 24 203
17 20 1 110 2 28 3 182 4 24 6 387 8 333 9 275 10 259 11 328 12 92 13 74 14 98 15 259 16 146 18 113 19 38 20 371 22 313 23 404 24 84
18 17 2 182 3 81 4 460 5 229 7 462 8 216 9 143 10 158 11 272 12 430 17 150 19 112 20 128 21 134 22 87 23 231 24 446
19 17 2 208 3 236 5 374 6 468 7 268 8 34 9 172 10 154 11 436 12 407 14 112 15 448 16 391 17 73 18 66 20 272 22 42
20 18 1 198 2 121 4 140 5 344 6 182 8 262 11 12 12 115 13 240 14 346 15 49 16 1 17 393 18 164 19 278 21 333 22 399 23 363
21 17 1 6 2 490 3 437 5 373 6 463 7 54 8 152 10 282 12 189 13 267 14 178 15 410 16 411 18 187 19 455 23 470 24 302
22 16 1 216 2 348 5 396 6 123 7 261 8 11 10 356 11 444 12 499 13 59 15 447 16 283 18 287 19 103 20 58 21 228
23 13 1 172 4 355 5 300 6 206 8 200 9 289 10 139 12 104 14 366 18 132 19 19 20 460 22 304
24 16 1 188 2 456 4 52 5 372 6 250 8 419 10 242 11 71 13 445 14 377 17 260 18 362 20 330 21 327 22 431 23 171
1
20 18 19 21 3 6 5 23 14 11 12 15 10 9 7 17 2 16 4 13 1 8 22 24
12 16 19 13 4 17 15 24 10 18 21 2 23 20 22 3 11 8 9 7 6 5 1 14
2
6 3 11 8 2 13 22 23 18 9 17 5 20 16 12 4 10 19 15 21 7 1 24 14
20 11 15 6 3 7 4 5 17 21 2 8 1 24 10 14 19 23 16 22 18 13 12 9
3
4 19 13 1 6 17 23 15 12 10 5 18 16 8 21 14 20 22 11 24 3 2 7 9
14 7 16 10 15 8 3 22 1 21 11 6 13 17 4 9 24 5 23 2 12 18 20 19
4
21 23 20 6 8 5 17 19 16 14 7 2 1 18 10 24 12 11 13 22 4 9 15 3
14 24 23 10 16 19 3 22 4 1 2 12 20 5 7 13 15 11 21 18 9 17 8 6
5
24 2 10 16 4 12 19 20 6 7 13 1 23 9 15 11 21 3 22 8 14 17 18 5
2 19 11 20 12 24 1 3 6 18 21 13 8 16 4 23 14 5 17 15 22 9 7 10
6
19 17 23 9 24 14 21 20 18 12 5 22 10 3 2 11 13 15 4 8 1 7 16 6
15 18 22 19 24 14 10 6 3 2 5 16 9 11 13 12 21 17 4 20 1 7 23 8
7
22 15 14 23 20 7 18 24 3 5 21 19 17 11 8 4 12 13 2 6 16 10 1 9
4 18 15 12 20 3 14 16 8 10 11 22 5 7 1 21 24 23 9 19 2 13 6 17
8
19 9 22 21 10 2 13 4 3 23 20 7 11 1 15 12 6 18 5 17 24 8 14 16
13 14 1 11 23 24 4 20 19 8 2 12 10 16 6 7 21 18 5 22 17 9 3 15
9
1 21 19 3 12 11 5 20 18 17 4 7 15 6 23 24 9 22 16 10 13 8 14 2
6 9 24 13 14 8 12 19 15 10 16 23 21 4 2 1 3 20 5 17 18 22 11 7
0
24
1 18 2 397 3 492 4 75 5 340 6 198 7 320 8 22 9 130 11 212 12 336 14 286 15 281 16 10 20 332 21 446 22 80 23 190 24 330
2 20 3 166 4 100 5 73 6 181 7 461 8 340 10 205 11 144 12 180 13 65 14 42 15 142 16 9 17 323 18 35 19 259 20 422 22 481 23 337 24 149
3 20 1 116 4 199 5 78 6 187 7 269 8 396 9 304 10 500 11 137 13 203 14 248 15 91 16 31 17 213 18 63 19 373 20 434 22 81 23 91 24 433
4 17 2 278 3 190 5 302 6 23 7 415 8 447 10 367 11 270 13 61 14 460 16 266 17 275 18 93 20 422 21 231 22 103 24 138
5 17 1 449 2 258 3 366 4 256 7 315 9 164 10 428 11 462 13 114 14 307 15 477 17 133 19 35 20 256 21 463 22 253 23 246
6 21 1 52 2 263 3 334 4 384 5 467 7 166 8 155 9 69 10 255 11 10 13 204 14 288 15 142 16 218 17 291 18 130 19 459 20 236 21 234 22 283 24 343
7 17 2 63 3 399 4 424 5 487 8 451 10 166 11 248 12 19 14 137 15 446 16 125 17 418 19 170 20 336 22 431 23 321 24 277
8 17 1 385 2 300 4 210 5 255 6 334 9 214 10 261 11 145 12 466 15 141 16 437 17 69 18 398 21 492 22 307 23 102 24 477
9 20 1 492 2 351 3 180 6 5 7 395 10 153 11 292 12 423 13 199 14 332 15 483 16 421 17 45 18 151 19 254 20 211 21 99 22 356 23 270 24 129
10 21 1 342 2 33 4 472 5 216 6 249 7 165 8 29 9 384 11 305 12 143 13 441 14 98 15 43 17 106 18 138 19 201 20 174 21 331 22 317 23 456 24 51
11 19 1 400 2 412 3 153 4 33 5 188 6 148 9 158 12 41 13 201 14 179 15 237 16 33 18 136 19 101 20 101 21 7 22 477 23 481 24 4
12 16 1 323 2 254 3 42 4 282 5 55 6 321 8 261 9 453 11 239 13 212 14 64 15 168 17 353 19 327 21 125 22 157
13 15 1 294 3 195 5 58 6 174 8 272 9 197 10 274 14 452 15 413 16 9 17 89 18 464 20 500 21 174 23 280
14 17 2 365 3 85 4 241 5 39 6 334 7 88 9 71 10 361 12 425 13 27 16 189 18 198 19 81 20 417 22 148 23 196 24 402
15 17 1 373 2 160 5 124 6 198 7 94 10 324 11 434 12 235 13 147 14 324 17 29 18 293 20 296 21 157 22 322 23 85 24 265
16 19 1 395 3 43 5 412 6 48 7 75 8 87 9 314 10 300 11 138 12 45 13 254 15 486 17 250 18 21 19 420 21 448 22 179 23 359 24 406
17 17 1 313 3 82 4 385 5 259 6 432 7 331 9 370 11 305 12 340 15 255 16 81 19 80 20 204 21 220 22 346 23 134 24 412
18 15 1 345 3 371 4 417 5 159 6 147 8 194 9 416 11 481 13 87 14 261 15 228 16 485 19 66 21 266 22 83
19 19 1 459 4 412 5 256 6 432 8 208 9 43 10 246 11 175 12 407 13 280 14 301 15 190 16 198 17 481 18 340 20 124 21 38 23 147 24 153
20 20 1 314 2 342 3 391 4 150 5 480 6 308 8 295 9 239 10 205 11 136 12 15 13 493 14 456 15 254 16 426 17 106 19 412 22 75 23 181 24 31
21 16 2 275 5 28 6 373 7 442 9 283 11 450 12 486 13 456 14 50 15 81 16 339 18 33 19 368 22 6 23 377 24 480
22 17 1 48 2 172 3 135 5 121 6 214 8 249 9 401 10 156 11 350 12 334 13 408 14 78 15 134 17 169 19 492 20 84 23 348
23 18 1 424 2 148 3 387 4 428 5 433 8 377 9 143 10 236 11 146 12 134 13 82 15 221 16 95 17 180 19 171 20 280 21 357 24 96
24 21 1 151 2 376 3 110 4 20 5 205 6 184 7 373 8 301 9 152 11 444 12 35 13 185 14 83 15 239 16 295 17 439 19 360 20 98 21 194 22 11 23 175
1
10 17 22 4 23 16 9 15 18 14 8 21 12 13 1 7 11 6 3 24 5 20 19 2
14 3 20 12 6 8 24 23 2 13 15 10 17 21 4 7 5 11 19 9 16 18 1 22
2
4 17 19 2 8 16 21 14 23 11 18 20 9 22 10 7 24 15 5 3 12 1 6 13
5 18 9 4 14 6 1 15 13 10 23 3 11 24 2 16 8 19 12 22 7 17 20 21
3
7 3 21 2 20 8 24 11 22 15 5 12 16 17 1 10 19 18 4 9 23 14 6 13
16 10 8 3 23 22 13 2 5 9 1 4 11 7 24 18 20 12 21 19 6 15 14 17
4
23 5 24 2 19 21 3 16 7 13 10 20 14 11 12 1 6 17 18 9 22 4 8 15
15 12 9 22 21 10 7 18 5 17 23 4 16 6 1 2 14 8 3 19 13 11 24 20
5
24 2 22 15 21 12 17 6 10 4 19 14 23 20 5 9 11 13 16 8 3 7 1 18
17 9 2 15 7 10 24 4 22 1 19 8 21 5 20 18 6 14 11 3 23 13 16 12
6
22 13 3 11 12 2 6 1 17 23 15 5 24 16 21 14 8 10 7 19 4 20 9 18
8 19 18 23 24 10 14 7 11 5 15 17 21 9 4 1 12 13 2 6 3 16 22 20
7
9 8 14 12 7 3 11 6 2 16 23 17 24 4 18 20 15 21 19 13 5 10 1 22
20 16 21 9 4 8 5 12 7 24 22 15 6 10 17 11 14 18 19 1 13 3 23 2
8
13 10 23 18 2 6 24 9 12 4 17 3 5 11 16 20 8 21 15 14 7 1 19 22
2 18 20 4 1 22 24 12 14 10 8 9 3 5 15 23 16 19 17 13 11 6 7 21
9
13 3 2 20 7 15 10 5 24 22 19 9 6 1 14 23 18 17 4 21 11 12 16 8
21 9 15 6 2 7 19 3 14 18 24 17 8 10 12 4 23 5 16 1 20 13 11 22
10
7 23 2 12 13 24 5 4 8 11 3 16 14 20 15 1 21 10 9 22 19 6 17 18
5 13 4 18 12 3 2 20 11 14 8 15 19 16 7 10 23 1 6 9 21 24 17 22
11
13 7 6 22 20 9 14 17 4 15 16 23 2 8 3 24 1 21 18 11 5 12 10 19
23 1 13 16 6 10 9 2 22 8 11 5 21 18 15 4 24 20 19 12 7 3 17 14
12
4 14 10 19 13 20 5 16 1 9 11 18 12 17 8 3 7 24 21 15 2 6 22 23
18 21 13 4 22 2 14 1 8 6 15 11 19 20 7 23 12 17 5 16 9 3 10 24
13
14 10 3 15 17 8 24 1 4 23 12 6 19 18 21 20 22 11 7 9 5 16 2 13
23 17 4 16 14 10 22 9 19 13 15 6 20 3 2 21 8 7 12 24 5 11 18 1
14
17 23 2 22 12 9 3 13 7 4 20 15 6 10 8 1 21 11 5 19 16 14 24 18
6 8 19 18 13 24 14 3 5 15 12 2 4 22 23 7 21 1 16 20 11 10 9 17
15
12 1 22 10 8 21 7 23 20 19 14 3 17 15 2 11 16 4 13 6 24 5 9 18
20 5 10 18 11 1 14 23 2 4 21 16 9 17 7 24 8 22 12 15 3 19 6 13
16
21 1 7 12 17 15 19 13 24 10 3 23 22 9 14 6 8 4 2 18 20 11 16 5
2 7 14 5 19 11 9 16 21 17 6 22 23 13 3 24 12 10 8 20 15 1 4 18
17
4 3 19 22 5 13 9 14 11 8 10 2 7 15 23 21 24 20 1 17 16 6 12 18
8 19 11 7 21 16 6 9 18 5 14 15 1 13 22 23 10 24 4 3 2 20 17 12
18
7 14 19 22 2 1 20 9 5 12 11 16 24 23 17 10 21 18 6 3 4 15 8 13
12 24 6 8 16 1 11 20 22 4 18 10 5 9 17 3 21 14 13 19 23 15 2 7
19
12 19 11 22 17 3 6 2 14 4 16 7 15 5 23 1 21 10 24 18 8 9 20 13
16 18 14 9 12 22 24 3 2 20 6 19 10 23 15 8 17 7 13 5 1 11 21 4
20
11 20 8 14 10 22 3 1 7 4 15 19 6 9 24 2 16 5 13 21 12 18 23 17
9 21 3 2 24 17 10 18 12 19 8 6 15 7 5 23 1 11 14 13 20 22 16 4
0
24
1 21 2 403 3 290 4 98 5 142 6 478 7 68 8 384 9 311 10 285 11 457 12 92 13 326 15 362 16 54 17 261 18 496 19 170 21 58 22 381 23 20 24 149
2 18 1 384 3 187 4 445 5 190 6 328 8 151 9 448 10 78 11 415 12 91 13 123 15 72 17 120 18 319 19 29 20 272 22 209 23 416
3 19 1 229 2 66 4 461 5 427 6 59 7 490 9 358 10 389 11 10 12 174 14 325 15 363 16 350 17 156 18 435 20 217 21 279 22 53 24 370
4 19 1 442 2 440 3 134 6 232 7 298 8 46 10 480 11 426 12 297 13 103 14 343 15 159 16 108 19 382 20 181 21 331 22 121 23 156 24 190
5 17 3 465 4 53 6 414 7 23 8 318 10 227 11 41 12 155 15 212 16 50 17 463 18 67 20 494 21 55 22 166 23 5 24 237
6 18 1 309 2 466 4 215 5 147 7 16 9 346 11 184 12 342 14 221 15 178 16 367 17 315 18 137 19 203 20 250 21 275 22 438 23 126
7 16 2 215 3 240 5 145 8 191 9 360 10 352 11 188 12 444 13 486 14 440 15 315 17 142 20 87 22 383 23 352 24 317
8 18 1 394 2 479 3 182 4 102 6 285 9 202 11 430 12 447 14 190 15 119 17 270 18 165 19 499 20 105 21 424 22 91 23 383 24 318
9 19 1 398 2 405 3 76 4 37 5 388 6 228 8 352 10 6 11 495 12 217 13 239 15 17 16 100 18 435 19 284 21 409 22 455 23 413 24 129
10 20 1 22 3 219 4 380 5 81 6 10 7 402 8 440 9 458 11 129 14 443 15 431 16 135 17 463 18 190 19 142 20 407 21 439 22 107 23 367 24 91
11 19 1 261 2 357 3 496 4 131 5 31 8 428 9 16 10 224 12 428 13 94 14 424 15 34 16 453 17 314 19 213 21 390 22 177 23 184 24 179
12 19 1 21 2 73 4 340 5 186 6 360 7 457 8 12 9 183 10 414 13 71 14 190 15 416 16 31 17 340 18 303 19 63 20 134 21 255 23 30
13 19 2 42 3 362 4 203 5 210 6 464 7 382 8 277 10 290 12 292 14 494 15 15 16 255 17 431 19 195 20 276 21 332 22 400 23 399 24 474
14 18 2 32 3 47 6 34 7 408 8 137 9 284 10 426 11 326 12 461 15 12 16 102 17 130 18 106 19 321 20 125 21 347 22 263 24 94
15 20 1 234 3 465 4 344 5 344 6 295 7 388 8 59 9 341 10 157 12 332 13 391 14 68 16 367 17 87 18 133 19 140 20 155 22 156 23 366 24 462
16 19 1 300 2 393 4 2 6 352 7 8 8 266 9 391 10 281 11 383 12 112 13 41 14 277 17 489 18 138 20 469 21 181 22 194 23 37 24 433
17 19 1 45 2 473 3 362 5 230 6 155 7 87 8 48 9 316 10 463 11 47 12 43 13 399 14 197 15 436 16 398 18 227 19 140 22 157 23 217
18 19 1 127 2 338 3 38 4 233 5 115 6 380 8 456 9 369 10 130 11 268 13 345 14 242 15 152 19 290 20 33 21 310 22 322 23 5 24 488
19 18 1 493 2 179 3 98 4 299 5 104 6 151 7 374 8 407 10 351 11 404 12 419 13 331 14 439 17 288 18 353 21 134 22 265 23 446
20 17 2 462 4 26 5 49 7 408 8 482 9 193 10 223 11 432 13 15 14 190 15 119 16 253 17 185 19 182 22 137 23 76 24 425
21 19 2 268 3 105 4 60 5 124 6 26 7 16 9 393 10 255 11 111 12 340 13 388 15 445 16 194 18 395 19 4 20 216 22 455 23 142 24 334
22 19 1 458 2 154 3 281 4 99 5 297 6 384 7 63 8 30 9 466 10 304 12 237 14 397 15 314 17 107 19 477 20 126 21 73 23 112 24 149
23 22 1 224 2 178 3 47 4 108 5 123 6 481 7 347 8 275 9 465 10 273 11 21 12 379 13 11 14 317 15 421 16 194 17 413 18 362 19 184 20 268 21 222 22 456
24 20 1 414 2 495 3 146 4 288 5 389 6 217 8 356 9 279 10 171 11 194 12 379 13 228 14 419 15 104 16 321 17 263 19 452 20 313 21 485 23 449
1
6 23 16 21 15 17 9 4 8 11 14 7 2 20 10 22 13 5 19 3 12 1 18 24
23 12 20 5 24 16 19 18 13 22 2 4 11 15 3 10 1 17 9 6 7 21 8 14
2
22 9 17 2 21 14 13 10 3 15 8 12 16 20 4 19 11 5 18 1 7 6 23 24
4 20 15 1 10 2 8 9 23 21 17 22 11 24 3 7 18 12 5 16 14 19 13 6
3
2 15 13 10 21 23 22 8 9 6 3 4 11 5 14 7 16 12 20 18 17 1 19 24
14 1 12 4 11 20 24 22 15 8 5 7 9 23 21 17 13 19 6 3 16 10 2 18
4
19 10 1 11 12 24 13 20 23 4 6 2 3 22 14 21 17 16 7 8 18 9 15 5
14 1 21 23 24 6 13 12 10 5 18 20 22 4 7 9 19 17 11 2 3 8 16 15
5
9 24 23 20 15 16 7 8 18 12 4 22 11 5 17 14 13 2 10 19 1 21 6 3
9 1 23 21 6 5 24 17 16 10 3 7 13 12 14 15 8 18 19 11 20 4 2 22
6
10 24 12 1 22 17 5 16 11 19 4 13 3 2 7 14 23 9 6 15 20 18 21 8
17 18 16 20 12 14 15 22 19 8 23 10 9 6 24 7 5 4 2 3 13 1 21 11
7
6 18 13 4 11 22 10 3 5 9 24 1 21 7 15 14 23 17 8 19 2 12 20 16
11 23 10 12 22 17 13 2 20 5 18 14 9 15 19 4 3 16 8 7 24 1 6 21
8
18 22 10 17 20 1 19 13 12 5 14 23 11 24 21 15 9 7 4 2 16 6 8 3
19 17 5 4 9 13 1 10 11 12 3 16 20 15 18 21 7 2 22 23 6 8 24 14
9
23 3 11 22 19 18 4 15 20 1 5 17 8 24 13 21 9 12 14 6 10 2 7 16
4 7 12 11 19 22 2 20 17 16 5 6 13 18 9 3 21 15 10 23 24 8 14 1
10
20 4 11 16 5 24 18 6 15 7 1 3 17 13 23 19 8 22 2 9 10 21 12 14
9 7 6 20 12 15 1 19 14 24 8 3 2 21 22 18 4 10 5 16 17 13 23 11
11
22 10 16 5 9 14 3 7 13 20 1 2 23 18 4 19 11 12 21 17 24 8 15 6
3 19 21 15 7 12 17 23 14 4 22 16 9 1 20 8 10 24 11 6 13 18 2 5
12
13 24 21 12 19 22 8 9 11 3 4 6 1 18 14 16 23 10 17 7 5 20 2 15
17 3 2 13 7 12 16 21 9 6 19 4 14 10 18 15 5 20 11 24 23 1 8 22
13
14 21 11 17 10 5 18 24 1 13 6 15 12 19 2 8 20 23 9 22 3 16 7 4
19 3 18 22 9 7 24 20 11 23 1 21 6 16 4 5 2 17 13 12 10 8 14 15
14
17 7 20 4 9 3 16 8 12 5 6 1 23 11 24 2 19 21 14 22 10 15 18 13
4 20 16 11 8 23 5 18 22 13 15 12 9 6 1 10 7 14 17 3 21 2 24 19
15
10 13 23 11 7 12 20 1 9 16 3 18 22 8 4 14 5 19 2 24 17 21 15 6
2 13 18 7 4 5 9 14 11 8 10 15 24 3 23 1 6 16 12 19 22 21 20 17
16
9 7 19 23 5 8 16 21 11 4 3 1 18 10 14 6 13 20 22 24 17 12 15 2
11 18 6 14 3 19 23 16 4 12 7 21 13 24 22 8 5 1 15 20 9 10 2 17
17
15 10 4 3 22 18 14 8 19 12 7 2 6 21 23 1 16 17 13 20 24 9 11 5
2 16 9 17 7 11 5 19 18 12 1 14 8 13 20 4 15 24 3 6 23 10 22 21
18
21 1 13 18 19 14 8 11 12 7 24 10 9 3 22 5 2 4 20 17 16 6 23 15
10 11 4 23 22 12 20 5 16 21 18 6 1 15 19 14 7 13 17 9 8 2 3 24
19
1 21 5 3 20 8 10 18 17 11 23 6 9 22 13 4 24 14 2 16 7 15 12 19
19 13 24 18 8 14 6 5 12 3 4 21 2 16 15 23 17 22 1 11 10 9 20 7
20
20 10 9 15 6 24 22 13 16 11 21 7 19 14 2 18 5 23 17 4 8 12 3 1
22 3 11 6 13 10 15 4 5 24 19 14 1 18 16 2 7 17 23 12 21 8 20 9
0
24
1 18 2 115 3 383 4 300 5 9 7 163 8 336 10 142 11 344 14 220 15 73 16 280 17 60 18 186 19 500 20 203 21 42 22 238 24 222
2 19 1 231 3 432 4 243 5 137 6 219 7 56 8 410 9 368 10 384 13 182 14 11 15 252 18 362 19 267 20 491 21 8 22 500 23 340 24 107
3 16 1 380 6 44 7 496 8 153 9 352 10 152 11 201 12 328 14 441 15 251 18 233 19 411 21 362 22 324 23 225 24 194
4 22 1 419 2 440 3 406 5 416 7 150 8 499 9 176 10 342 11 194 12 276 13 85 14 432 15 448 16 113 17 378 18 365 19 297 20 316 21 387 22 276 23 416 24 397
5 19 1 385 2 385 3 152 6 463 9 46 10 376 11 423 12 269 13 209 14 437 15 132 17 298 18 230 19 495 20 88 21 252 22 388 23 283 24 332
6 17 2 73 3 319 4 186 7 372 9 34 10 450 11 129 12 46 13 488 14 322 15 254 16 422 17 40 19 238 20 280 23 389 24 39
7 21 1 294 2 342 3 224 4 128 5 106 6 383 8 51 9 452 11 431 12 244 13 208 14 105 15 56 16 355 18 240 19 433 20 34 21 389 22 48 23 264 24 170
8 17 1 101 2 321 3 78 5 179 6 1 10 453 12 292 14 366 15 152 16 325 17 469 18 91 19 238 20 409 22 324 23 385 24 419
9 17 2 227 3 225 4 31 5 213 8 240 10 288 11 77 13 382 14 128 16 74 17 481 19 292 20 257 21 263 22 360 23 443 24 419
10 21 1 366 2 153 3 170 4 41 6 120 7 72 8 61 9 449 11 400 12 130 13 416 15 73 16 108 17 447 18 80 19 418 20 52 21 77 22 175 23 275 24 393
11 19 1 246 3 251 4 393 5 372 6 420 7 328 9 132 10 59 12 241 13 146 14 492 15 298 16 88 18 182 19 343 20 436 21 262 22 450 24 128
12 19 1 48 2 292 3 232 4 105 5 362 7 82 8 42 9 251 10 120 11 347 14 18 15 407 16 14 17 256 19 476 21 24 22 53 23 468 24 104
13 16 1 304 2 263 3 259 4 374 5 408 7 214 9 36 10 134 11 33 12 420 14 315 16 461 19 231 22 3 23 161 24 389
14 20 2 130 3 241 4 382 5 32 7 199 8 209 9 254 10 324 11 284 12 181 13 189 15 138 16 355 17 250 18 141 20 289 21 21 22 67 23 405 24 184
15 17 2 167 3 263 4 211 5 115 7 223 9 430 11 240 12 400 13 311 14 355 16 78 18 61 20 411 21 449 22 249 23 148 24 151
16 16 1 57 4 363 5 137 6 486 7 377 8 457 9 427 10 463 12 420 13 11 15 112 17 190 20 447 21 76 23 77 24 369
17 18 1 396 4 400 5 236 6 330 7 77 8 468 11 249 12 427 13 43 14 337 15 150 16 234 18 310 19 410 21 247 22 329 23 468 24 427
18 19 1 340 2 356 4 35 5 376 6 475 7 469 8 455 10 233 11 288 12 22 14 483 15 98 16 193 19 30 20 156 21 413 22 101 23 148 24 449
19 21 1 358 2 254 3 9 4 68 5 189 6 17 7 48 8 255 9 469 11 493 12 222 13 168 14 79 15 432 17 467 18 136 20 140 21 195 22 248 23 95 24 331
20 18 1 216 3 145 4 78 5 113 6 51 8 17 9 178 10 174 11 364 14 344 15 119 16 250 17 20 18 60 19 129 21 127 22 247 23 187
21 18 1 122 3 210 4 236 6 335 7 404 8 372 10 129 11 235 12 199 13 247 15 316 16 222 17 55 19 180 20 225 22 497 23 267 24 205
22 17 3 48 4 271 5 472 6 419 7 388 8 372 9 451 11 156 12 82 13 368 16 487 17 140 19 327 20 454 21 447 23 153 24 202
23 17 1 337 2 396 3 238 5 399 7 92 8 420 9 67 11 312 12 26 13 332 14 162 16 133 17 122 18 433 19 111 20 499 24 477
24 18 3 70 4 106 5 363 6 32 8 9 9 87 10 355 11 445 12 163 13 29 14 109 15 336 16 64 17 256 19 352 20 260 22 296 23 389
1
22 6 8 10 13 7 4 16 11 15 5 17 2 9 1 19 21 18 24 20 14 12 23 3
6 10 17 13 9 5 15 19 16 2 8 22 20 4 7 11 12 23 3 18 21 24 14 1
2
11 20 3 12 1 23 7 8 14 18 6 15 13 22 2 9 17 19 16 24 10 21 4 5
4 15 11 19 24 3 17 20 16 2 1 8 10 13 22 12 18 21 23 5 7 6 9 14
3
22 11 24 19 1 4 12 20 10 5 14 21 9 2 3 7 13 16 15 8 23 17 18 6
7 10 6 4 16 19 24 22 3 14 21 20 5 1 13 8 11 15 17 9 2 18 23 12
4
22 6 24 14 21 7 11 5 13 19 4 12 8 2 16 10 9 17 15 1 18 20 23 3
4 12 21 15 9 22 17 11 7 20 18 24 3 5 23 16 14 2 13 10 8 1 6 19
5
23 10 16 2 9 3 8 4 6 24 13 20 18 11 14 5 19 7 12 15 22 17 21 1
15 14 10 11 19 24 18 3 8 13 1 20 7 6 4 21 5 22 23 16 17 12 2 9
6
7 14 1 10 13 19 3 21 4 18 16 11 17 20 2 12 24 9 23 15 5 8 22 6
2 5 6 12 24 21 11 23 16 13 14 7 22 9 15 20 18 3 10 4 1 19 17 8
7
22 24 10 18 20 2 15 14 6 19 16 1 7 3 17 11 8 12 21 5 4 13 23 9
2 1 22 5 14 19 12 21 10 23 17 15 7 13 16 9 18 11 6 4 3 24 20 8
8
6 23 15 5 12 9 14 4 10 8 22 1 16 21 3 24 11 2 20 13 7 19 17 18
20 16 21 9 18 15 10 19 5 14 23 13 11 4 2 12 6 3 7 22 1 8 24 17
9
18 24 21 22 4 5 19 10 3 17 14 8 9 23 1 11 20 2 12 15 6 16 13 7
19 9 12 2 23 17 7 22 11 16 14 15 3 20 24 18 6 13 4 10 5 1 21 8
10
6 15 2 18 8 7 20 14 17 21 22 1 13 11 3 4 16 24 9 23 12 19 10 5
12 18 10 24 21 16 9 23 22 20 14 19 3 4 2 5 15 8 1 13 17 11 7 6
11
4 16 13 8 24 14 5 2 9 19 3 18 23 17 10 20 1 15 21 11 7 6 12 22
21 12 23 11 8 5 10 4 3 6 16 20 24 22 7 15 14 13 18 19 1 9 2 17
12
1 19 21 14 2 6 20 8 23 7 18 17 13 5 24 10 16 12 3 9 15 11 4 22
24 1 19 20 13 16 14 10 5 18 23 9 6 12 21 15 4 3 11 8 17 7 22 2
13
23 17 6 7 15 1 18 8 2 9 20 12 19 24 5 21 3 11 22 4 10 14 16 13
14 16 13 4 1 3 20 2 11 18 15 10 19 9 7 12 24 22 21 23 8 6 17 5
14
11 12 17 15 14 16 8 13 21 22 4 9 2 7 24 6 23 1 3 10 20 5 18 19
24 21 22 16 18 13 15 12 23 1 10 17 6 3 20 14 2 19 11 9 7 5 8 4
15
17 18 13 21 20 10 11 1 7 23 16 24 3 14 22 8 6 5 19 9 2 12 4 15
9 6 24 3 16 18 1 19 22 2 13 20 4 14 11 17 23 12 8 7 5 21 15 10
16
1 7 2 12 14 19 22 9 20 8 3 4 10 5 15 18 6 21 17 13 24 23 16 11
7 18 19 13 20 14 16 24 21 1 23 22 17 2 10 8 4 15 11 3 5 6 9 12
17
5 19 1 18 24 10 6 9 17 13 2 23 21 11 8 22 16 3 15 12 7 14 4 20
9 7 23 16 17 8 1 20 6 22 19 18 14 11 3 21 4 2 12 15 5 13 10 24
18
14 3 15 19 12 13 8 21 18 10 1 6 9 11 24 7 16 22 4 23 5 2 17 20
2 10 16 5 7 23 1 21 6 20 18 22 14 4 8 11 17 12 3 13 15 9 19 24
19
23 3 20 16 15 12 17 21 1 8 6 2 10 18 13 11 5 14 22 4 24 19 7 9
23 16 17 8 9 3 18 6 14 19 15 22 11 5 7 13 12 21 10 20 1 2 24 4
20
24 22 11 19 15 16 23 6 12 10 21 5 9 20 2 4 17 1 8 18 14 3 7 13
24 19 14 6 7 13 20 18 11 9 1 12 15 17 16 2 22 23 21 4 5 3 10 8
0
24
1 20 2 172 3 4 4 360 5 93 6 460 7 35 9 32 10 389 12 407 13 426 14 280 15 297 16 469 17 403 18 53 19 348 21 365 22 429 23 288 24 380
2 21 1 274 3 488 4 25 5 178 6 363 7 488 8 95 9 115 10 279 11 235 12 27 13 50 14 405 15 334 16 454 17 408 19 284 20 332 21 147 23 125 24 71
3 18 1 224 2 80 4 100 5 444 6 37 7 243 9 250 10 359 11 349 12 394 13 411 14 446 15 13 17 31 19 97 22 376 23 149 24 426
4 18 2 253 5 63 6 87 8 101 9 147 11 457 12 340 13 105 14 127 15 250 16 327 17 127 18 84 19 219 20 260 22 44 23 388 24 331
5 18 1 457 2 125 3 385 4 351 7 31 8 445 9 157 10 114 11 173 12 153 14 500 15 401 16 162 17 204 20 340 21 203 23 387 24 47
6 17 1 59 3 468 5 224 7 452 8 90 10 402 11 424 13 159 14 427 15 40 16 457 17 118 19 141 20 499 21 423 22 8 24 498
7 18 2 431 3 353 5 120 6 448 9 159 11 497 12 156 13 317 14 497 16 431 17 97 18 436 19 44 20 20 21 261 22 290 23 455 24 180
8 18 1 21 2 377 3 484 4 88 6 195 7 202 10 98 12 456 13 401 14 157 15 397 16 17 17 116 18 434 21 242 22 258 23 91 24 387
9 21 1 395 2 490 3 209 4 419 5 280 7 443 8 186 10 2 11 34 12 86 13 43 14 315 15 159 17 174 18 120 19 88 20 401 21 361 22 224 23 395 24 56
10 17 2 206 3 199 5 231 6 264 7 114 11 212 13 181 15 13 16 269 17 360 18 441 19 196 20 321 21 99 22 189 23 311 24 173
11 17 1 52 4 166 7 352 8 396 9 234 10 471 13 106 14 48 15 83 16 297 17 305 19 281 20 61 21 107 22 51 23 258 24 316
12 16 1 451 2 132 4 434 5 263 6 250 7 75 8 1 11 268 13 182 14 428 15 246 17 331 18 35 19 458 20 247 22 159
13 19 1 205 2 169 3 359 4 101 5 455 6 428 7 394 8 58 9 137 10 100 11 469 12 495 15 486 16 261 17 248 18 254 19 39 20 266 21 445
14 20 1 307 2 14 3 130 4 44 5 426 6 253 7 85 9 274 10 83 12 101 13 2 15 82 16 331 17 306 18 334 19 416 20 359 21 451 22 24 23 266
15 19 2 428 3 213 4 179 5 345 6 375 7 387 8 119 9 91 10 48 11 28 12 300 13 335 16 194 17 370 18 55 19 97 20 492 21 170 22 481
16 20 2 405 3 125 4 211 6 478 7 114 8 18 9 66 11 15 12 378 13 284 14 200 15 27 17 441 18 144 19 473 20 271 21 152 22 8 23 389 24 339
17 19 1 132 4 291 5 103 6 143 7 262 8 104 9 381 10 432 11 186 12 441 14 438 15 470 16 372 18 199 19 197 20 198 22 270 23 218 24 244
18 21 1 30 2 62 3 13 4 18 5 173 7 7 8 251 9 34 10 172 11 33 12 300 13 209 14 243 15 317 16 334 17 338 19 227 20 175 22 71 23 328 24 162
19 20 1 238 2 330 5 233 6 325 7 55 8 336 9 297 10 470 11 198 12 412 13 279 14 134 15 118 16 413 17 346 18 219 21 299 22 171 23 280 24 214
20 13 1 230 2 376 3 386 4 214 6 416 8 144 10 143 14 305 15 221 16 244 21 58 22 163 24 102
21 20 1 286 2 72 3 112 5 204 6 216 7 103 8 36 9 499 11 484 12 219 13 365 14 478 15 192 16 159 17 233 18 190 19 457 20 234 22 270 24 133
22 18 1 180 2 106 4 276 6 209 7 221 8 312 9 281 10 374 11 370 12 372 14 400 15 109 17 99 18 400 19 236 20 207 21 124 24 380
23 18 1 94 2 195 3 195 5 44 7 231 9 392 10 497 11 2 13 224 14 457 15 226 16 453 18 183 19 379 20 130 21 63 22 131 24 116
24 17 1 191 3 80 8 499 9 352 10 437 11 182 12 370 13 137 14 230 15 262 16 132 17 270 18 417 19 52 20 214 21 290 22 214
1
18 7 5 19 12 17 2 11 14 22 16 10 24 4 1 13 3 15 20 6 21 23 8 9
23 22 6 16 15 8 21 2 9 5 4 13 10 14 24 19 12 7 20 17 3 11 1 18
2
24 12 14 16 1 8 3 6 9 21 4 5 10 7 19 2 15 13 22 17 23 18 11 20
12 4 20 22 23 10 11 6 13 9 7 16 3 5 17 24 8 19 14 2 18 1 15 21
3
11 19 22 24 23 16 13 15 21 20 17 18 5 3 6 8 14 9 7 1 2 4 10 12
12 14 7 18 13 24 21 10 15 22 4 9 11 5 6 23 16 19 17 3 2 20 8 1
4
14 22 1 13 9 8 18 24 16 12 15 20 2 21 3 6 4 19 10 17 23 7 5 11
12 4 7 6 22 10 23 11 5 24 21 17 19 15 13 3 1 16 18 20 9 14 2 8
5
20 15 24 11 7 9 6 8 14 22 1 2 3 19 12 13 17 23 5 16 21 4 18 10
19 4 23 20 9 11 10 21 15 24 1 22 8 17 7 5 14 2 6 16 13 12 18 3
6
5 18 6 12 20 11 19 13 14 23 2 17 9 1 24 8 10 16 15 21 4 3 22 7
14 6 5 12 24 19 3 7 22 13 15 17 16 2 21 18 4 11 20 9 1 8 23 10
7
11 4 16 8 2 19 9 13 7 6 3 12 15 17 22 23 1 10 14 21 18 24 20 5
18 13 16 15 19 9 5 12 1 23 11 21 7 10 6 8 17 14 2 24 22 4 20 3
8
5 4 1 15 19 8 7 14 12 24 22 18 11 20 13 21 23 17 10 3 6 9 16 2
1 14 3 6 20 18 5 15 10 4 17 11 24 22 16 19 23 8 2 21 13 9 12 7
9
20 12 11 9 16 23 4 24 19 13 5 14 18 3 21 1 10 15 8 6 2 17 22 7
19 13 22 1 11 6 4 12 21 5 23 18 17 8 14 24 10 16 7 2 9 3 15 20
10
11 12 8 5 7 6 3 2 14 24 9 16 17 18 23 4 19 22 13 21 15 10 20 1
2 19 15 3 11 21 4 9 13 22 8 5 12 6 1 14 16 17 7 18 10 24 23 20
11
16 6 21 8 15 23 14 5 20 4 17 2 13 12 19 11 9 10 22 7 3 18 1 24
4 16 10 9 5 21 6 19 13 15 12 7 14 17 18 11 8 1 23 20 24 3 2 22
12
21 7 8 14 11 5 18 2 1 10 16 15 12 6 19 13 4 24 3 23 20 17 22 9
19 16 20 4 14 3 10 6 17 2 7 21 9 24 12 15 5 23 11 1 13 22 18 8
13
1 4 16 11 6 13 3 22 18 20 9 5 2 12 10 15 7 8 17 23 21 19 24 14
1 3 11 17 21 23 15 19 2 10 13 14 18 20 6 5 22 24 16 7 12 8 9 4
14
7 16 22 2 13 14 3 18 10 19 21 1 9 12 6 20 24 8 11 5 4 15 17 23
16 5 17 7 13 11 20 3 24 4 22 14 10 15 8 2 12 21 23 19 18 1 6 9
15
1 12 22 18 3 11 2 20 14 7 5 17 21 16 8 19 24 15 6 23 4 10 9 13
20 23 17 18 4 3 2 21 1 16 12 5 11 24 10 8 13 15 14 19 22 6 9 7
16
7 9 1 14 5 11 8 10 17 22 2 15 18 20 23 13 21 12 3 6 19 16 4 24
18 15 23 21 3 6 9 5 14 19 17 2 12 7 4 20 1 11 10 13 16 24 22 8
17
20 24 13 11 6 15 8 21 9 23 12 10 19 5 22 18 7 3 4 16 17 14 1 2
16 24 6 10 7 17 21 4 19 5 2 18 8 23 22 3 12 11 1 13 15 9 20 14
18
8 18 6 16 12 3 21 2 23 5 9 20 7 24 19 15 10 22 11 13 17 4 1 14
19 4 18 7 14 13 2 8 9 6 11 22 21 24 3 10 5 23 16 17 15 20 12 1
19
19 18 21 4 16 9 7 15 12 10 6 3 8 14 13 20 17 24 5 11 22 1 2 23
22 13 24 6 8 4 20 5 19 23 16 11 2 17 12 15 9 7 14 1 3 18 10 21
20
12 8 11 17 20 1 10 4 13 16 15 2 22 21 3 14 9 19 7 6 5 24 23 18
23 2 22 7 17 5 19 11 21 15 9 14 12 24 13 4 8 10 18 20 16 6 1 3
0
24
1 18 2 431 4 383 9 38 10 66 11 39 12 157 13 13 14 71 15 379 16 90 17 403 18 57 19 364 20 330 21 255 22 312 23 232 24 50
2 20 1 495 3 367 4 223 5 26 6 258 7 217 8 312 9 344 10 473 11 397 12 255 13 264 14 205 15 399 16 321 17 309 19 366 20 145 21 444 23 267
3 21 1 217 2 140 4 464 5 297 7 282 8 233 9 262 10 319 11 73 13 329 14 310 15 481 16 476 17 239 18 53 19 443 20 259 21 199 22 476 23 438 24 479
4 17 1 496 2 8 6 197 7 8 8 360 10 327 11 83 13 214 14 99 16 486 17 164 19 173 20 319 21 181 22 422 23 164 24 160
5 18 1 486 2 408 3 334 4 452 6 98 7 62 8 19 10 337 12 269 13 31 14 373 15 259 17 298 19 190 21 385 22 200 23 128 24 46
6 12 1 429 3 440 5 66 8 446 11 75 13 296 14 171 15 59 17 135 18 185 22 256 23 109
7 16 1 481 2 470 3 255 5 411 8 44 10 344 11 55 13 233 14 17 16 214 18 262 19 418 21 328 22 184 23 362 24 250
8 17 1 62 3 456 4 77 5 226 6 194 9 241 11 194 14 294 15 351 16 142 17 116 18 320 19 483 20 383 22 445 23 438 24 381
9 19 2 487 3 108 4 350 5 390 6 150 7 423 8 417 10 352 11 424 12 387 14 129 15 293 16 273 17 496 18 250 20 131 22 23 23 200 24 31
10 18 1 306 2 338 3 366 4 352 5 421 6 39 7 464 8 384 9 162 12 60 13 120 14 217 17 221 18 484 20 182 21 437 23 479 24 195
11 22 1 136 2 259 3 292 4 321 5 110 6 63 7 222 8 411 9 173 10 88 12 498 13 7 14 146 15 381 16 197 17 9 18 490 19 313 20 101 21 449 23 469 24 144
12 18 1 127 2 469 3 69 5 69 6 252 7 198 8 17 9 60 10 447 11 200 13 435 15 382 16 12 17 242 20 328 21 369 23 181 24 475
13 18 1 299 2 327 3 343 4 210 7 444 8 208 9 155 10 100 11 77 12 322 15 129 16 9 17 42 18 45 19 175 20 35 21 417 22 279
14 20 2 264 3 51 4 314 5 321 6 74 7 348 8 283 9 399 11 122 12 101 13 153 15 304 16 258 17 40 18 305 19 129 20 382 22 235 23 3 24 254
15 18 1 155 2 43 3 455 4 116 5 139 7 43 8 451 10 57 13 43 14 207 16 321 18 393 19 427 20 292 21 355 22 476 23 460 24 65
16 19 1 441 2 481 3 34 4 148 5 481 6 118 7 272 8 350 9 273 11 252 13 22 14 29 15 216 18 39 20 483 21 217 22 41 23 159 24 336
17 19 1 34 2 130 3 331 4 282 6 175 7 255 8 493 9 3 10 99 12 465 13 350 14 430 15 423 16 360 18 134 21 61 22 168 23 310 24 127
18 17 1 436 2 102 3 134 4 211 7 25 9 168 10 467 11 410 12 338 13 267 14 276 16 488 17 280 19 331 21 340 22 380 24 477
19 20 2 68 3 394 5 497 6 319 7 294 8 320 9 154 10 477 11 381 12 243 13 30 15 91 16 451 17 205 18 17 20 185 21 236 22 41 23 133 24 496
20 18 1 193 2 24 3 190 4 67 5 99 6 132 7 470 9 99 10 479 11 377 12 145 14 468 17 239 18 350 19 454 21 318 22 92 24 461
21 16 1 430 2 492 3 430 4 428 5 397 6 210 7 77 10 112 12 109 15 162 17 377 19 452 20 221 22 162 23 288 24 363
22 16 4 393 5 344 6 242 8 325 9 220 12 464 13 446 14 436 15 165 16 125 17 190 19 19 20 216 21 446 23 165 24 306
23 16 1 70 4 5 5 106 6 125 7 367 8 337 10 434 11 397 12 264 13 21 15 411 16 94 18 146 19 398 20 464 24 194
24 18 1 316 3 259 4 225 5 243 6 455 7 360 8 282 10 336 12 357 13 198 14 473 15 389 16 178 17 486 19 483 21 37 22 248 23 290
1
16 19 21 20 8 9 12 22 18 1 4 24 13 17 7 15 2 3 23 6 5 11 10 14
8 15 9 17 20 10 13 3 2 21 23 5 6 1 24 11 18 16 14 19 12 7 22 4
2
13 14 21 5 4 19 2 15 12 23 6 11 24 20 8 3 17 10 18 7 16 9 22 1
23 16 6 8 14 7 22 24 12 17 2 13 21 20 11 18 9 1 15 19 10 5 4 3
3
5 18 14 13 21 23 17 3 11 22 8 15 9 16 12 2 1 10 4 19 6 24 7 20
9 10 1 21 5 23 7 2 4 14 18 6 17 24 15 22 16 11 12 13 8 20 19 3
4
4 3 1 10 21 9 20 7 14 19 12 23 11 5 17 15 24 18 2 6 13 22 8 16
4 21 13 14 20 23 3 6 1 15 19 5 2 12 7 10 16 24 18 17 11 22 9 8
5
20 15 1 4 21 8 19 6 13 16 17 7 5 14 22 2 23 10 12 18 11 9 24 3
2 20 4 6 22 17 1 21 13 14 8 10 18 5 23 15 24 7 19 16 11 12 9 3
6
12 13 2 24 4 15 16 10 11 21 22 18 17 8 19 14 3 1 20 9 7 6 23 5
10 20 9 13 18 2 11 22 1 17 15 5 12 8 16 6 21 14 19 4 7 3 23 24
7
14 17 12 21 11 3 9 8 16 13 23 1 10 15 4 5 19 22 24 6 2 7 18 20
18 8 13 12 19 20 1 4 14 7 22 9 17 6 23 3 21 5 24 2 16 11 10 15
8
24 2 3 5 16 18 14 8 22 15 19 21 9 6 4 23 13 17 7 1 20 10 11 12
22 21 8 1 11 16 10 5 7 23 18 3 14 17 20 9 4 13 15 24 12 6 19 2
9
20 9 5 24 17 22 1 16 23 3 4 2 8 14 19 6 15 13 7 21 11 10 18 12
12 7 8 15 24 23 2 20 3 10 1 21 9 4 16 17 14 5 22 13 19 6 11 18
10
11 3 19 2 7 8 23 13 14 21 10 18 5 20 1 16 4 15 17 12 6 24 9 22
23 12 10 16 21 5 8 1 7 22 11 15 2 13 6 3 14 18 4 20 17 9 24 19
11
5 1 4 7 24 20 21 9 2 22 19 16 10 13 8 15 3 14 6 17 12 11 23 18
4 14 24 20 12 8 22 15 17 2 11 7 23 18 21 6 5 9 19 10 13 1 3 16
12
4 19 14 7 23 18 9 10 8 17 3 13 16 5 15 24 21 12 1 22 6 11 20 2
7 1 3 6 12 22 14 15 21 17 5 20 19 4 8 9 2 11 24 10 13 18 16 23
13
16 10 23 11 18 2 20 19 3 4 24 6 9 22 15 14 13 7 12 17 8 5 21 1
15 23 14 22 3 4 20 1 13 7 11 21 2 6 12 16 17 8 24 10 9 18 19 5
14
14 7 22 11 17 16 4 12 1 23 24 19 5 9 10 18 21 20 13 2 6 8 15 3
10 13 21 11 23 6 5 14 7 16 9 19 8 1 20 2 17 22 4 15 3 18 12 24
15
19 18 9 7 5 12 22 8 6 2 16 23 20 10 1 21 17 15 11 3 13 4 24 14
8 10 15 13 11 22 5 18 19 7 17 2 4 16 9 23 14 20 3 24 21 1 12 6
16
24 21 16 22 2 7 11 10 9 12 23 19 5 14 15 13 18 6 20 3 1 17 8 4
17 12 7 19 13 21 11 9 1 4 6 10 16 15 14 8 24 5 2 23 22 3 18 20
17
2 22 23 16 7 3 9 20 21 4 11 10 17 18 1 14 6 12 15 13 5 24 19 8
14 12 13 23 1 11 5 24 18 6 15 10 21 19 3 4 8 22 2 20 7 17 9 16
18
5 10 23 8 6 7 21 14 11 2 15 19 18 24 13 20 9 3 16 4 17 22 1 12
2 7 4 16 15 18 8 10 5 1 20 14 3 23 19 21 17 24 12 9 6 13 11 22
19
4 7 13 16 1 14 17 21 15 18 10 2 20 11 5 23 22 19 24 8 9 3 12 6
6 19 5 17 11 13 14 2 22 12 18 1 3 4 7 23 15 21 9 8 16 20 10 24
20
3 2 20 16 4 8 9 1 12 22 10 19 6 14 5 11 13 24 23 18 7 21 15 17
7 23 6 5 15 22 10 19 20 1 3 24 17 4 9 2 13 11 12 14 16 8 18 21
0
24
1 21 2 80 3 222 4 387 5 220 6 46 7 334 8 347 9 239 10 110 11 175 12 327 13 186 14 355 15 241 16 394 17 235 20 368 21 267 22 29 23 417 24 189
2 20 1 351 4 128 5 271 6 345 7 413 8 233 9 59 11 355 12 326 14 123 15 15 16 206 17 175 18 35 19 77 20 338 21 159 22 262 23 376 24 152
3 17 1 380 2 468 4 170 5 377 6 242 7 242 8 358 9 145 11 111 14 368 15 81 16 45 19 112 20 267 21 448 22 115 23 431
4 18 1 226 2 261 3 165 5 392 6 51 7 453 9 366 11 316 12 430 13 443 14 290 16 118 17 17 19 140 20 495 22 30 23 20 24 233
5 18 1 304 2 383 3 465 4 480 6 386 8 310 9 398 13 122 14 420 15 236 17 211 18 84 19 103 20 39 21 64 22 105 23 98 24 404
6 21 2 486 3 167 4 198 5 243 7 50 8 409 9 166 10 275 11 350 12 374 13 362 15 270 16 33 17 131 18 348 19 18 20 350 21 268 22 342 23 84 24 148
7 20 1 385 2 425 4 43 5 149 6 61 9 3 10 106 11 125 12 337 14 279 15 397 16 274 17 5 18 326 19 296 20 307 21 182 22 134 23 64 24 384
8 18 1 363 2 35 3 460 5 28 6 117 7 372 9 176 13 402 14 319 15 117 16 65 17 18 18 422 19 337 20 372 22 480 23 215 24 431
9 20 1 454 2 373 4 64 5 477 6 480 8 495 10 27 11 43 13 38 14 173 15 323 16 222 17 45 18 66 19 3 20 471 21 294 22 410 23 162 24 244
10 18 1 163 2 268 3 435 5 249 6 315 7 2 9 271 11 423 13 389 14 97 15 468 16 239 17 141 18 116 19 75 20 298 22 280 24 366
11 19 2 446 3 101 4 478 5 269 6 94 8 433 9 95 10 11 12 19 13 315 14 376 15 48 16 224 17 206 19 75 21 8 22 58 23 457 24 261
12 17 1 435 3 410 4 290 5 363 6 455 7 435 8 21 9 384 10 373 11 311 13 31 14 103 15 481 16 345 17 189 23 225 24 356
13 19 1 431 2 139 3 243 4 220 5 35 6 257 7 410 8 417 9 237 10 338 11 205 14 166 16 399 17 205 18 386 19 429 20 492 21 212 22 494
14 20 2 416 3 361 4 292 5 80 6 346 7 255 8 142 10 102 11 161 12 346 13 77 15 144 16 388 18 41 19 41 20 368 21 5 22 408 23 186 24 150
15 18 1 215 2 318 3 366 4 263 5 293 8 418 9 4 10 50 11 349 12 283 13 229 16 388 17 396 19 302 20 46 21 52 22 441 23 338
16 17 2 187 3 77 4 448 5 295 6 381 7 423 10 57 11 106 12 169 13 325 14 257 15 239 17 465 18 127 21 452 23 365 24 178
17 19 1 27 2 331 3 91 4 307 5 370 6 300 7 350 8 487 9 369 10 156 11 379 12 244 13 64 14 169 15 59 16 60 19 420 20 296 22 265
18 18 1 51 2 279 3 8 4 400 5 13 6 34 8 244 9 73 10 367 11 299 12 224 14 464 15 79 17 269 21 62 22 468 23 417 24 5
19 18 1 260 2 283 3 466 4 427 6 60 7 136 8 6 9 96 10 68 11 423 12 478 14 417 15 340 17 405 20 82 21 370 23 360 24 433
20 22 1 324 2 112 3 372 4 464 6 411 7 306 8 342 9 36 10 275 11 79 12 98 13 384 14 465 15 203 16 166 17 330 18 153 19 37 21 274 22 348 23 58 24 269
21 19 1 76 2 270 3 238 4 398 5 131 6 303 8 45 11 304 12 481 13 411 14 291 15 353 16 266 18 358 19 250 20 197 22 254 23 298 24 131
22 16 1 329 2 184 3 359 4 313 5 344 7 230 8 91 10 96 13 449 14 358 15 2 16 365 17 287 18 102 20 172 23 415
23 21 1 450 2 222 3 393 4 298 5 41 6 239 8 341 9 237 10 490 11 143 13 417 14 234 15 282 16 160 17 269 18 112 19 433 20 415 21 428 22 240 24 56
24 21 1 448 2 342 3 224 4 127 5 380 6 276 7 43 8 226 9 29 10 142 11 183 12 264 13 184 14 471 15 430 16 285 19 293 20 26 21 200 22 205 23 487
1
14 23 3 18 22 6 16 5 7 4 15 11 24 17 2 13 9 19 21 1 20 12 8 10
16 1 6 20 19 9 15 8 10 18 13 14 21 11 22 17 2 24 3 12 7 5 4 23
2
17 10 3 2 1 8 21 6 9 18 20 14 19 12 16 7 4 13 24 22 5 11 23 15
23 17 13 11 14 9 12 16 1 4 20 2 5 18 10 7 21 22 8 15 6 24 3 19
3
6 16 3 17 1 23 9 4 10 24 13 7 2 21 8 12 5 18 14 22 19 15 20 11
11 15 20 17 7 24 6 22 5 21 23 12 3 14 9 19 1 4 13 16 8 18 2 10
4
8 13 6 24 11 1 12 17 7 22 9 10 3 23 18 2 21 15 19 14 4 20 16 5
8 2 21 23 14 17 7 10 13 16 18 15 12 20 6 3 1 5 22 9 24 19 11 4
5
14 12 9 7 8 15 5 21 20 17 19 4 11 22 6 1 2 3 18 24 10 23 13 16
19 1 2 14 23 13 5 21 4 16 3 6 22 24 7 15 9 8 10 11 20 18 12 17
6
6 4 22 8 12 3 5 24 16 1 11 18 20 15 17 23 13 2 19 21 7 10 14 9
14 18 3 22 24 20 23 19 10 2 6 4 15 17 16 9 21 8 7 11 13 1 5 12
7
14 4 20 3 8 9 23 15 18 17 21 13 19 11 7 12 22 24 6 16 2 1 10 5
13 1 17 2 21 16 5 24 22 9 15 10 12 20 3 19 8 14 4 6 11 7 23 18
8
5 4 1 20 9 7 15 22 11 13 8 18 12 3 19 14 6 10 17 23 21 2 24 16
11 13 16 15 1 17 8 3 5 7 4 14 12 2 24 10 20 19 6 23 9 18 21 22
9
7 4 22 17 13 6 23 1 9 16 14 15 24 8 2 3 5 18 19 12 21 20 10 11
7 19 4 2 6 15 3 22 14 8 11 10 12 13 21 1 20 17 24 18 23 16 5 9
10
11 8 15 14 2 21 20 16 9 18 13 10 1 3 4 7 5 24 6 19 22 12 23 17
6 22 9 11 24 12 17 18 10 4 2 20 14 8 21 15 5 23 1 19 3 16 7 13
11
9 7 21 6 1 8 2 11 3 13 20 22 15 14 10 18 24 23 16 19 4 12 5 17
17 3 16 13 4 1 8 6 15 18 20 10 12 11 19 14 21 24 5 7 9 22 2 23
12
4 22 7 16 24 19 20 8 23 3 11 2 13 15 1 21 18 5 14 9 6 17 12 10
15 14 13 17 23 16 9 19 3 20 1 4 5 24 18 2 6 12 21 10 7 22 11 8
13
5 1 19 11 14 20 23 10 2 12 18 22 21 7 24 4 6 13 15 17 9 8 3 16
13 14 18 10 9 16 17 3 4 5 15 8 23 19 21 12 11 20 6 7 2 22 24 1
14
12 14 13 19 5 9 1 22 10 2 21 18 11 16 24 20 23 17 8 15 4 3 7 6
21 16 23 8 12 18 22 1 15 24 6 10 4 3 19 11 17 5 9 14 13 20 2 7
15
19 4 15 20 11 22 14 24 17 8 2 1 5 21 9 16 23 3 18 12 6 10 13 7
4 3 13 14 10 17 2 23 11 6 20 9 1 16 15 18 19 7 5 12 8 24 21 22
16
18 5 9 22 16 8 20 23 14 11 12 2 10 1 13 3 4 17 15 7 21 6 24 19
10 22 1 13 9 8 6 18 3 5 12 21 19 24 16 11 17 4 15 20 7 14 23 2
17
14 23 1 7 20 12 13 21 11 3 16 6 4 9 15 19 8 17 24 22 10 18 5 2
2 8 3 23 11 22 18 16 13 12 15 10 24 14 4 6 5 1 9 21 17 20 7 19
18
2 11 22 12 5 6 7 1 15 9 21 17 8 16 13 24 20 14 10 23 19 4 18 3
2 18 13 11 8 5 14 3 24 7 6 21 23 19 15 10 16 22 12 20 4 9 17 1
19
13 4 15 9 22 2 8 6 21 18 5 10 3 7 16 11 19 20 1 23 12 14 24 17
23 19 9 24 18 2 6 7 15 12 4 22 13 3 10 8 21 17 1 20 11 14 5 16
20
19 7 20 24 5 12 9 3 13 1 22 11 8 17 2 10 16 18 4 6 15 14 23 21
8 22 17 5 13 20 9 7 1 21 16 19 10 12 18 3 6 15 24 11 23 2 14 4
0
24
1 18 2 285 4 72 5 499 6 327 7 165 9 412 10 155 11 132 12 88 14 425 15 199 16 223 17 228 18 19 19 214 20 11 21 77 23 287
2 19 1 297 3 431 5 437 6 177 7 251 8 63 10 317 11 396 12 158 14 435 15 156 16 74 17 143 18 283 19 122 21 407 22 199 23 160 24 425
3 16 2 296 4 5 5 109 6 265 7 24 8 24 9 48 10 366 12 322 14 109 15 76 17 335 18 205 19 333 21 29 24 339
4 17 1 89 2 378 3 62 6 226 8 404 9 115 10 279 11 198 12 211 13 340 16 332 17 368 19 269 20 45 21 18 23 337 24 320
5 18 1 240 2 459 3 363 4 421 6 5 7 114 8 91 9 350 10 242 11 149 12 291 13 305 14 427 15 362 16 433 17 493 23 478 24 226
6 18 2 409 4 276 5 470 7 363 8 386 9 300 10 121 11 56 12 126 13 340 15 342 16 203 17 393 19 220 20 75 21 173 23 311 24 361
7 18 1 395 2 271 3 426 4 9 6 390 8 354 9 69 10 386 12 489 15 306 16 185 18 150 19 320 20 158 21 469 22 341 23 305 24 400
8 17 1 395 2 477 3 36 4 274 10 229 11 433 12 256 13 251 14 413 16 479 17 351 18 260 19 215 20 352 22 221 23 82 24 240
9 20 1 85 4 119 5 428 6 221 7 496 8 270 10 273 11 496 12 452 13 6 14 210 15 404 17 66 18 458 19 496 20 250 21 139 22 363 23 415 24 7
10 20 1 335 2 160 3 128 5 100 6 316 7 244 8 183 9 370 11 191 13 232 14 75 15 179 17 92 18 278 19 480 20 428 21 292 22 217 23 372 24 408
11 19 1 264 2 482 3 199 4 116 5 55 6 330 7 250 9 70 10 385 12 457 13 289 15 309 16 86 17 288 18 79 19 195 21 305 22 406 24 320
12 18 4 471 6 176 7 480 8 221 9 400 10 96 11 299 13 300 14 106 15 31 16 278 17 239 18 198 19 48 20 243 21 220 22 423 23 177
13 18 1 241 2 455 3 17 5 184 6 226 8 326 10 409 12 40 14 68 15 109 16 190 17 267 18 307 19 442 20 340 21 96 22 41 24 424
14 17 1 492 2 158 4 191 5 468 6 318 7 188 8 350 11 327 15 25 16 2 18 439 19 339 20 376 21 173 22 395 23 1 24 92
15 19 1 9 2 108 3 416 4 320 5 289 6 499 8 241 9 210 10 125 11 295 12 465 13 245 17 385 18 451 19 461 20 456 21 255 22 217 23 308
16 19 1 187 2 279 3 380 4 140 5 54 7 205 8 306 10 494 11 472 12 46 13 216 14 314 15 472 19 428 20 24 21 121 22 416 23 144 24 294
17 18 1 281 2 334 6 256 7 310 8 212 9 333 10 1 11 203 12 143 13 449 14 279 16 344 18 173 19 280 20 266 22 169 23 166 24 30
18 19 1 177 2 497 3 471 4 26 5 363 6 478 7 154 8 493 10 134 11 165 12 20 15 333 16 156 17 178 19 285 20 58 21 212 22 123 24 51
19 16 1 59 2 415 4 472 5 13 6 338 8 111 9 326 10 292 11 477 12 220 13 132 14 253 18 82 21 390 22 100 23 219
20 20 1 312 2 343 3 177 4 242 5 381 6 53 7 18 9 272 10 334 11 484 12 311 13 328 15 316 16 28 17 379 18 425 19 267 21 332 22 471 24 413
21 20 1 168 2 227 3 4 4 406 5 181 6 352 7 15 8 30 9 368 10 209 11 378 13 378 14 184 15 46 17 200 18 401 20 484 22 81 23 426 24 92
22 18 1 403 4 70 5 406 7 294 8 134 9 224 10 387 11 56 12 81 13 359 14 392 15 167 16 407 17 310 18 276 19 336 20 458 23 430
23 17 2 234 4 441 5 377 8 86 11 346 12 294 13 420 14 460 15 40 16 321 17 236 18 288 19 388 20 290 21 68 22 42 24 277
24 17 1 260 2 479 3 226 5 475 10 201 11 6 12 144 13 72 14 430 15 215 16 467 17 314 18 419 20 80 21 446 22 343 23 475
1
4 23 12 11 24 6 3 8 22 10 15 14 20 13 17 5 19 21 9 2 7 16 18 1
1 19 13 17 15 8 14 5 6 21 22 11 4 10 7 16 3 24 18 12 20 9 23 2
2
5 20 9 23 10 1 6 4 24 18 16 14 2 19 7 13 8 11 17 3 21 15 22 12
18 15 2 23 6 7 9 22 12 11 4 20 5 24 16 17 13 3 8 19 14 10 21 1
3
15 8 5 10 9 14 1 6 18 7 21 4 17 3 12 19 11 24 22 20 16 13 2 23
6 15 24 19 20 21 4 2 13 9 7 11 18 12 14 10 22 1 23 8 3 17 16 5
4
17 9 11 5 6 10 16 1 19 7 12 2 13 14 18 21 23 3 20 22 8 4 24 15
13 6 3 23 1 17 2 18 19 11 14 16 12 7 15 4 10 21 22 20 5 9 8 24
5
14 3 15 12 5 23 16 9 18 19 10 24 8 6 7 20 21 13 11 1 2 17 22 4
1 20 21 24 9 14 3 15 6 10 23 18 8 4 22 5 7 13 12 17 19 11 16 2
6
24 23 8 11 10 19 3 21 5 15 9 18 1 16 22 17 20 7 12 13 6 2 14 4
7 13 12 2 3 20 11 17 10 8 22 23 9 15 14 16 24 1 5 21 18 6 4 19
7
13 20 6 4 12 8 24 22 18 16 3 5 17 10 1 21 14 9 7 19 11 2 23 15
16 17 6 24 1 11 21 3 14 15 13 7 18 2 9 19 10 5 12 4 8 20 22 23
8
1 20 6 19 21 5 18 24 13 14 12 23 7 11 3 10 22 9 15 16 17 8 4 2
19 1 7 10 3 11 18 24 2 23 8 15 17 14 6 4 16 5 22 9 12 21 20 13
9
23 8 15 4 7 22 10 3 2 17 11 13 21 5 18 24 6 12 19 16 9 1 20 14
14 5 8 6 11 23 22 4 3 18 1 19 7 24 2 13 21 15 20 12 16 9 17 10
10
17 14 11 16 5 18 2 13 3 7 4 8 6 15 24 23 9 1 10 21 12 22 19 20
20 1 16 21 14 11 23 13 3 18 9 19 17 6 15 2 12 22 4 7 8 5 24 10
11
11 22 24 10 14 12 23 13 5 2 3 7 16 20 15 4 18 19 17 8 1 6 9 21
24 4 8 20 17 23 14 15 11 6 19 13 12 7 9 5 3 2 1 10 22 18 21 16
12
14 5 24 10 21 11 15 9 6 3 19 16 2 8 17 18 12 1 4 20 7 13 23 22
18 15 23 16 9 7 11 12 17 21 1 5 3 6 8 13 19 10 24 20 2 14 4 22
13
16 1 11 20 17 24 4 2 14 6 15 3 22 10 13 21 8 12 9 18 7 19 5 23
4 6 19 24 17 16 11 10 9 5 20 22 13 23 3 18 15 7 21 8 14 12 1 2
14
10 9 8 14 23 6 13 3 4 7 24 2 5 22 18 21 11 12 19 16 17 20 1 15
1 10 19 6 13 20 3 17 2 7 9 5 22 16 11 18 8 15 21 4 12 24 14 23
15
24 10 9 5 4 6 20 3 14 7 13 11 21 15 12 18 8 23 2 19 22 17 16 1
16 11 3 19 17 21 9 14 7 5 6 24 23 15 8 10 2 20 18 22 1 4 12 13
16
19 13 24 16 23 15 22 11 12 5 2 3 18 8 7 21 20 10 17 14 9 6 4 1
8 3 6 4 12 24 22 15 13 9 17 18 2 14 20 19 21 1 7 11 5 10 23 16
17
15 18 11 5 17 19 14 8 6 2 7 23 22 13 20 24 12 3 4 21 9 10 16 1
1 5 16 10 12 3 8 13 15 6 24 21 17 11 19 20 7 2 14 22 9 4 23 18
18
13 10 9 14 18 6 1 3 12 20 5 22 4 24 16 2 7 11 17 21 8 19 23 15
12 18 19 22 5 10 8 9 16 14 3 23 20 2 4 7 24 15 1 17 6 21 13 11
19
14 9 22 17 16 18 11 8 13 1 20 6 24 7 12 19 2 4 3 5 10 21 15 23
21 12 6 7 23 19 13 10 11 22 1 20 9 17 14 5 4 16 24 3 18 15 2 8
20
7 14 20 4 18 9 10 13 17 15 1 8 16 24 22 5 11 2 12 19 21 3 6 23
8 19 13 10 21 2 14 7 3 12 23 5 9 6 11 17 1 15 20 24 4 16 18 22
0
0
