17
1 14 2 362 3 397 4 297 5 283 7 284 8 397 10 302 11 72 12 485 13 167 14 358 15 368 16 303 17 386
2 15 1 162 3 365 4 93 5 20 6 378 7 84 8 263 9 5 10 148 12 473 13 407 14 11 15 382 16 486 17 72
3 13 2 429 4 200 5 191 6 118 7 335 8 339 9 166 10 425 11 129 12 36 13 498 16 325 17 20
4 14 3 96 5 132 6 424 7 157 8 184 9 496 10 78 11 194 12 459 13 52 14 116 15 365 16 415 17 433
5 11 1 29 2 187 3 348 4 77 6 153 7 89 8 392 9 356 12 114 13 375 16 432
6 12 1 407 2 62 3 386 4 218 5 461 8 388 9 97 11 122 13 52 14 234 16 330 17 468
7 10 1 417 2 30 3 4 4 138 9 71 10 160 11 160 13 137 14 268 16 87
8 12 2 428 3 350 4 406 5 113 6 54 9 356 10 461 12 428 13 43 14 130 16 427 17 294
9 14 1 286 3 393 4 176 5 432 6 305 8 482 10 23 11 303 12 125 13 159 14 352 15 470 16 341 17 416
10 14 1 159 2 409 3 234 4 464 5 241 6 1 7 254 8 407 11 243 12 489 13 211 14 347 15 289 16 497
11 12 1 328 2 373 5 7 6 481 8 78 10 350 12 129 13 182 14 119 15 292 16 262 17 450
12 12 2 136 3 349 6 444 7 50 8 274 9 351 10 268 11 373 14 299 15 481 16 489 17 367
13 14 1 34 2 136 3 289 4 135 5 9 6 255 7 357 8 487 9 490 10 158 11 170 12 409 14 183 17 109
14 12 1 333 2 59 3 160 4 218 5 367 6 274 8 123 9 499 10 56 12 489 15 30 17 43
15 13 1 204 2 106 3 167 4 290 5 484 6 3 7 79 8 220 9 192 10 455 11 307 16 66 17 73
16 15 1 177 2 280 3 304 4 90 5 132 6 360 8 382 9 82 10 389 11 182 12 197 13 168 14 78 15 109 17 495
17 14 1 152 2 144 3 215 4 253 5 68 6 40 7 99 8 5 9 249 10 69 12 25 13 442 14 4 16 466
1
13 15 3 5 12 9 8 16 10 14 11 6 7 2 1 4 17
6 9 8 3 13 17 10 4 11 5 15 12 2 1 7 14 16
2
15 9 16 10 4 14 6 11 12 7 8 1 5 2 13 17 3
15 2 13 1 9 11 10 12 6 16 4 5 17 7 14 3 8
3
7 11 12 5 9 14 4 2 15 10 8 17 1 16 13 3 6
15 8 13 12 14 7 9 3 11 1 16 17 2 5 4 10 6
4
12 3 1 5 10 13 16 6 17 2 7 9 4 11 14 15 8
12 10 11 2 14 17 13 6 3 8 16 1 4 5 9 15 7
5
9 6 12 11 8 13 7 14 15 3 16 2 4 17 5 10 1
8 1 11 6 3 15 9 7 14 13 2 5 10 16 12 17 4
6
8 13 16 11 15 6 7 12 14 3 2 9 17 10 1 5 4
5 17 16 11 15 2 1 4 14 10 3 12 7 6 13 8 9
7
15 16 5 12 4 17 8 9 3 13 1 11 14 2 7 6 10
13 14 2 5 7 1 17 3 6 12 11 16 4 8 10 9 15
8
1 3 5 8 2 15 16 4 14 10 11 13 17 9 7 6 12
17 4 8 13 15 7 11 5 2 14 3 10 6 1 12 9 16
9
10 1 7 11 15 13 5 9 12 3 17 2 8 4 6 14 16
17 11 9 7 12 16 1 4 3 8 6 13 5 2 14 15 10
10
8 3 2 7 9 6 5 14 16 4 15 11 13 1 10 17 12
17 13 3 8 15 5 12 11 4 6 9 16 14 7 10 2 1
11
10 13 4 12 2 8 17 1 9 3 14 5 6 15 7 11 16
2 8 13 3 6 14 1 16 11 5 9 7 12 15 4 10 17
12
7 6 1 15 4 5 17 13 8 3 16 10 9 12 14 2 11
1 8 11 5 13 16 7 3 2 4 6 9 15 10 14 17 12
13
13 11 9 16 5 7 12 10 3 15 6 2 8 4 14 1 17
11 7 3 5 9 17 12 13 1 15 6 8 4 14 16 2 10
14
14 11 7 13 6 8 3 4 16 9 10 15 1 12 2 5 17
13 6 3 1 4 2 8 7 12 16 10 17 11 9 15 5 14
15
16 8 5 9 12 15 13 11 4 2 6 1 7 10 17 14 3
15 16 8 7 12 2 3 11 14 9 13 4 1 17 6 5 10
16
5 8 6 11 13 16 17 3 1 4 12 7 2 15 14 9 10
9 10 5 6 3 7 2 1 8 12 14 16 4 13 15 11 17
17
3 6 9 11 14 2 17 15 12 13 7 16 1 8 5 4 10
11 15 12 16 3 5 14 7 17 4 8 6 13 1 9 2 10
18
15 11 7 8 10 13 6 14 16 5 3 9 2 17 4 1 12
14 4 15 7 17 2 9 8 1 13 5 3 10 12 16 11 6
19
11 3 13 17 2 16 4 8 5 6 15 14 7 1 9 12 10
1 5 11 17 9 6 15 14 10 13 3 2 4 8 7 12 16
20
12 2 6 17 8 9 5 13 10 4 11 1 3 7 15 16 14
12 16 6 11 2 9 5 14 1 8 15 13 10 7 4 3 17
0
17
1 12 3 469 5 349 6 345 7 360 8 450 10 454 11 74 12 365 13 144 14 258 15 455 17 302
2 15 1 179 3 34 4 209 5 396 6 146 7 323 8 148 9 82 10 440 11 188 12 248 13 293 14 347 15 98 17 190
3 11 1 268 6 32 8 298 9 485 10 123 11 123 12 22 13 225 15 500 16 382 17 259
4 16 1 258 2 151 3 6 5 154 6 211 7 136 8 259 9 369 10 216 11 131 12 101 13 230 14 263 15 59 16 491 17 120
5 15 1 140 2 47 3 276 4 107 6 442 7 461 8 428 9 184 10 6 12 44 13 125 14 500 15 35 16 46 17 160
6 12 2 214 3 415 4 198 5 365 8 45 9 37 10 189 11 177 14 434 15 129 16 499 17 23
7 14 1 475 2 31 5 101 6 243 8 375 9 486 10 167 11 414 12 19 13 426 14 286 15 323 16 161 17 307
8 13 2 394 3 494 4 276 6 363 7 151 9 468 10 295 11 373 12 115 13 236 14 198 15 310 16 325
9 12 1 81 2 228 5 337 6 128 7 204 8 394 10 100 12 334 13 164 14 455 15 98 16 307
10 13 1 389 2 101 3 2 6 403 7 362 8 207 9 426 11 14 13 29 14 306 15 76 16 330 17 98
11 16 1 332 2 14 3 38 4 184 5 178 6 38 7 133 8 386 9 103 10 305 12 342 13 359 14 312 15 274 16 314 17 405
12 13 1 431 2 342 3 28 4 199 5 199 6 255 7 276 8 260 9 86 10 187 13 18 15 231 17 224
13 11 1 201 2 147 3 296 4 221 5 464 6 383 7 249 10 218 12 114 14 182 15 86
14 11 2 171 3 389 4 156 5 396 6 85 7 298 9 188 12 390 13 106 16 263 17 484
15 16 1 429 2 17 3 333 4 290 5 475 6 402 7 147 8 216 9 172 10 457 11 109 12 402 13 291 14 378 16 12 17 114
16 13 1 228 2 125 3 410 5 482 6 132 7 434 8 432 9 261 12 351 13 37 14 142 15 74 17 74
17 11 5 371 6 256 7 418 8 5 9 108 10 249 11 92 12 82 13 316 14 464 16 268
1
7 10 13 2 14 11 16 12 17 9 4 8 6 5 15 1 3
12 5 10 9 2 15 6 11 1 3 17 8 16 13 7 14 4
2
2 4 10 1 7 8 3 6 9 16 12 15 13 14 17 5 11
13 17 6 8 16 12 9 4 1 11 10 2 14 5 7 3 15
3
12 14 16 4 3 6 1 9 11 10 8 2 15 17 5 13 7
17 9 8 7 12 16 2 14 5 10 11 13 1 4 15 3 6
4
6 2 13 8 9 16 15 1 7 11 3 10 17 12 14 5 4
17 15 12 13 1 6 2 14 7 3 10 11 8 16 4 5 9
5
11 12 2 4 16 14 3 6 17 15 9 5 1 13 8 10 7
10 12 9 13 2 1 17 5 7 14 3 15 8 6 11 4 16
6
13 4 2 17 10 14 7 5 9 3 15 11 16 8 1 12 6
14 2 9 11 5 16 10 3 6 17 4 7 15 13 1 12 8
7
4 2 17 9 16 12 13 11 8 10 3 14 7 15 1 6 5
16 9 10 1 14 11 13 5 4 17 12 8 15 3 6 2 7
8
9 3 14 6 13 5 12 8 15 7 1 11 2 4 10 16 17
8 9 4 13 17 10 12 6 2 5 3 14 15 16 7 11 1
9
17 15 12 14 16 8 10 2 13 4 11 1 6 9 3 7 5
14 11 3 16 4 13 2 1 7 8 12 17 5 10 6 15 9
10
9 13 15 10 3 12 2 6 7 8 11 5 17 1 4 16 14
6 8 11 4 7 9 2 16 12 5 3 14 17 15 10 1 13
11
7 8 15 3 4 14 5 1 6 9 13 16 2 17 12 10 11
8 17 1 4 14 7 3 13 5 15 12 16 2 11 10 6 9
12
10 3 17 4 16 7 12 6 11 8 13 15 1 5 14 2 9
11 14 15 16 5 13 1 9 17 8 12 2 10 4 7 3 6
13
17 2 5 8 13 9 10 12 1 4 16 14 7 11 6 15 3
8 14 3 11 7 4 12 9 15 17 13 16 5 10 2 6 1
14
15 3 9 6 1 17 13 5 10 7 2 4 16 11 12 14 8
16 9 1 10 17 3 8 13 15 12 6 11 7 4 5 14 2
15
8 10 12 2 9 15 17 4 3 5 13 7 11 14 16 6 1
11 9 10 5 14 13 15 4 16 7 8 1 2 17 12 6 3
16
7 2 12 16 9 3 1 17 10 13 4 6 11 5 14 8 15
15 10 16 13 5 3 1 8 4 9 6 7 12 2 11 14 17
17
6 9 15 17 5 10 2 3 16 12 11 13 14 1 8 4 7
5 9 15 4 2 11 12 16 17 10 14 3 7 8 6 1 13
18
7 16 6 10 5 4 3 15 9 1 12 2 17 14 11 8 13
16 17 6 14 13 11 4 1 5 3 8 12 7 10 2 9 15
19
16 11 5 4 2 12 17 13 10 7 6 9 3 15 14 1 8
2 12 8 14 16 3 10 13 5 15 6 17 11 9 4 1 7
20
8 11 12 2 15 6 5 13 16 4 7 3 17 9 14 1 10
16 12 3 6 1 8 4 14 2 5 13 10 7 17 11 9 15
0
17
1 12 2 174 5 13 6 139 7 219 8 382 9 174 11 192 12 231 13 11 14 82 15 198 17 369
2 12 1 120 3 9 4 282 5 455 7 266 9 186 10 352 11 355 12 89 14 135 15 266 17 226
3 12 2 266 5 499 6 437 7 445 8 224 10 4 11 302 12 214 13 75 15 232 16 481 17 375
4 13 1 447 2 263 3 468 5 371 7 14 8 268 9 273 10 347 11 170 12 424 13 264 16 304 17 474
5 12 1 458 2 425 4 326 6 351 7 345 8 97 9 250 11 179 12 151 15 424 16 127 17 237
6 14 1 289 2 222 3 90 5 432 7 305 8 434 9 478 10 265 11 120 12 265 13 418 14 374 15 316 17 107
7 12 1 143 2 157 3 185 4 457 5 378 6 149 9 187 10 325 12 359 14 31 15 326 17 162
8 14 1 19 2 44 3 159 4 148 5 380 7 210 9 84 11 119 12 347 13 104 14 9 15 416 16 305 17 385
9 12 1 88 2 189 3 47 4 253 5 499 8 415 11 40 12 275 14 467 15 92 16 331 17 393
10 13 1 488 2 394 3 332 4 396 5 102 6 491 7 344 8 227 11 423 12 361 15 418 16 211 17 97
11 13 1 415 2 4 5 178 6 101 7 399 8 215 9 337 10 73 12 194 13 280 15 454 16 252 17 339
12 12 1 497 2 239 3 174 4 228 5 456 7 372 8 51 9 163 10 430 11 336 14 146 17 264
13 14 1 296 2 103 3 214 4 48 5 18 6 21 7 10 10 481 11 462 12 1 14 99 15 20 16 13 17 28
14 9 3 145 5 48 7 201 8 306 11 266 12 254 13 264 15 123 17 77
15 13 2 457 3 20 4 14 5 379 6 403 7 449 9 186 10 249 11 171 12 296 14 208 16 154 17 242
16 10 3 351 5 286 6 479 7 232 8 47 9 280 10 430 11 10 13 376 17 482
17 15 2 241 3 219 4 218 5 394 6 105 7 93 8 435 9 392 10 407 11 432 12 387 13 321 14 79 15 387 16 3
1
3 12 4 11 14 15 10 5 8 6 9 13 1 16 7 17 2
13 8 16 5 15 7 4 3 10 17 2 6 11 12 14 9 1
2
14 7 3 9 17 2 11 13 12 6 15 4 10 8 16 5 1
6 4 1 13 16 12 5 7 2 10 15 9 17 11 3 8 14
3
14 6 3 5 7 10 11 9 13 4 17 2 16 8 12 15 1
2 4 9 3 10 1 5 13 14 6 15 12 16 17 8 7 11
4
4 17 10 11 8 7 16 2 6 3 15 13 5 1 9 14 12
14 17 7 12 6 8 1 15 3 5 13 10 9 11 4 16 2
5
16 11 10 3 17 14 12 13 9 1 5 4 15 7 2 6 8
17 10 3 4 8 13 16 7 6 5 2 15 11 14 12 1 9
6
3 2 15 6 7 17 9 16 5 14 12 11 10 1 4 8 13
2 6 8 1 5 12 16 10 13 15 3 9 17 7 4 11 14
7
16 17 8 7 15 11 2 3 5 12 1 13 6 9 4 14 10
4 14 12 10 8 17 16 3 7 15 6 5 11 13 9 2 1
8
8 7 9 10 4 16 15 3 5 1 12 2 14 6 17 13 11
6 4 11 5 17 10 8 15 16 13 2 7 9 1 14 12 3
9
13 16 14 3 5 12 17 2 4 1 15 10 7 11 8 9 6
2 10 7 13 1 16 6 5 9 12 4 8 3 17 14 15 11
10
4 3 16 2 13 10 9 12 6 7 14 11 8 1 5 15 17
4 17 2 8 12 13 7 15 1 9 3 5 16 6 11 10 14
11
17 11 7 6 2 15 16 8 12 13 1 5 14 10 4 9 3
15 16 12 4 3 11 1 8 14 13 2 17 6 5 9 10 7
12
3 13 8 4 15 7 6 9 5 2 11 14 17 1 12 16 10
11 16 1 9 4 10 12 7 15 5 13 3 2 14 8 6 17
13
7 1 5 15 10 3 11 13 16 8 6 14 4 2 9 17 12
13 8 12 3 9 17 6 11 10 16 4 1 15 5 2 14 7
14
5 13 3 14 6 9 1 10 12 17 15 11 16 7 2 8 4
13 6 16 12 10 8 3 2 17 15 1 7 11 9 5 14 4
15
1 17 8 15 10 7 12 11 2 4 9 6 13 14 5 16 3
3 11 13 9 6 5 17 7 15 2 10 8 12 14 1 4 16
16
17 12 8 5 6 10 13 14 11 7 2 4 1 16 3 9 15
7 11 1 3 12 6 14 13 8 17 2 10 5 4 15 9 16
17
12 11 10 13 5 7 15 8 17 2 4 6 1 3 14 9 16
7 1 11 12 9 10 5 13 17 8 16 6 15 4 2 14 3
18
4 6 11 2 1 7 8 17 10 5 16 3 15 14 12 9 13
5 9 1 7 13 12 4 15 2 16 14 11 6 17 8 3 10
19
13 15 10 17 16 14 9 8 4 3 7 5 2 12 6 11 1
3 5 8 1 10 9 15 12 2 6 13 7 17 11 14 4 16
20
13 17 7 8 3 1 14 2 9 4 11 5 10 12 16 15 6
8 11 4 16 6 2 14 15 12 7 13 5 3 10 1 17 9
0
17
1 12 2 403 3 336 4 99 5 292 8 48 9 241 10 324 11 207 12 195 13 464 14 270 17 293
2 13 4 375 5 156 6 125 8 177 9 204 10 168 11 105 12 414 13 21 14 104 15 433 16 83 17 184
3 12 1 391 2 456 5 263 6 210 7 338 8 377 9 197 11 239 12 444 13 439 15 268 17 448
4 13 1 234 3 72 5 17 6 407 7 341 8 320 9 198 11 244 12 38 13 152 14 221 16 343 17 445
5 11 1 450 2 147 3 332 4 489 9 188 11 16 12 94 13 114 15 342 16 391 17 260
6 14 1 380 2 408 3 360 4 473 7 280 8 377 9 7 10 358 11 244 12 140 13 370 14 72 16 477 17 111
7 12 1 274 4 317 5 306 8 247 9 195 11 377 12 490 13 345 14 456 15 84 16 236 17 195
8 14 1 199 2 316 3 134 5 456 6 406 7 50 9 54 10 239 11 438 12 161 13 43 14 381 15 474 17 100
9 13 1 46 3 386 4 331 5 490 6 148 7 72 10 25 11 84 12 64 13 19 14 272 15 421 16 155
10 11 2 392 3 211 4 376 5 228 7 93 8 478 9 285 12 424 15 399 16 226 17 288
11 13 1 395 2 146 3 460 4 292 5 62 7 40 8 268 9 407 12 134 14 301 15 292 16 187 17 118
12 14 1 62 2 309 3 386 6 317 7 392 8 422 9 259 10 121 11 354 13 289 14 368 15 223 16 185 17 276
13 14 1 376 2 339 4 428 5 243 6 176 7 213 8 232 9 17 10 438 11 397 12 134 14 251 15 218 17 106
14 13 1 294 2 389 3 184 4 108 5 58 7 161 9 26 10 300 11 439 12 307 15 483 16 456 17 304
15 12 1 369 2 74 4 153 6 258 7 246 8 73 9 73 11 380 12 243 13 219 16 376 17 295
16 12 2 128 3 238 4 389 5 34 7 389 10 100 11 406 12 452 13 91 14 173 15 163 17 125
17 13 1 390 2 420 3 179 4 405 6 427 7 333 8 317 9 242 10 175 12 23 14 486 15 147 16 174
1
12 6 8 17 11 1 5 9 10 15 14 3 7 13 4 16 2
16 13 17 14 15 11 4 2 5 8 12 10 9 7 3 6 1
2
11 3 8 1 5 4 10 9 7 16 12 6 2 17 14 13 15
1 11 13 4 16 14 5 3 12 15 8 10 7 17 2 9 6
3
7 13 4 15 2 8 9 12 3 10 6 11 1 17 5 14 16
12 17 11 6 14 2 13 9 1 10 7 16 4 15 3 8 5
4
4 17 9 8 13 10 7 12 5 16 2 3 6 1 15 14 11
4 9 5 10 1 7 14 17 16 8 3 6 12 13 15 11 2
5
14 8 6 9 15 17 2 16 11 1 10 4 3 12 5 13 7
3 15 9 4 13 10 14 7 11 2 5 17 1 8 6 12 16
6
17 9 7 3 2 6 1 13 15 4 11 14 16 8 12 10 5
4 2 15 5 3 1 6 13 7 9 12 16 8 11 14 17 10
7
5 2 16 8 13 6 3 4 1 14 11 7 9 15 10 17 12
11 7 17 8 14 13 2 4 1 10 6 5 12 15 3 16 9
8
8 3 2 4 14 7 9 12 17 13 6 11 5 16 10 1 15
5 1 10 13 14 12 11 15 6 17 9 16 2 7 4 8 3
9
16 3 8 17 13 15 1 6 14 10 2 9 7 4 11 12 5
7 3 15 13 5 9 2 17 4 11 8 1 10 16 14 12 6
10
7 9 5 4 17 6 16 14 15 12 11 1 8 2 13 3 10
1 5 2 12 11 7 3 14 10 9 17 16 4 13 6 15 8
11
17 6 16 1 13 3 11 14 5 9 12 2 15 8 7 4 10
1 5 10 15 14 11 2 9 13 4 7 16 3 12 6 8 17
12
15 1 4 10 14 5 8 2 17 12 7 3 6 11 13 16 9
16 7 3 4 17 10 2 11 14 1 13 6 5 9 15 12 8
13
7 3 9 12 14 6 16 8 17 4 13 2 11 1 15 10 5
10 3 5 6 11 14 16 8 7 2 1 12 9 17 4 13 15
14
4 16 1 12 11 9 17 5 10 8 13 7 3 6 14 15 2
10 13 12 7 16 3 5 15 2 8 17 6 9 11 1 14 4
15
1 10 14 13 12 4 6 9 17 8 7 15 3 11 5 2 16
5 9 14 16 10 11 15 2 17 3 12 13 1 8 7 6 4
16
5 4 13 6 15 3 11 10 12 2 1 17 8 7 9 14 16
13 14 11 1 15 6 10 9 8 17 16 3 2 4 12 7 5
17
17 6 1 14 8 10 16 5 2 12 15 13 7 9 11 4 3
15 5 11 9 16 1 3 8 13 6 12 2 4 10 7 14 17
18
12 17 5 9 2 11 8 6 1 3 15 16 7 14 10 4 13
9 4 14 3 8 12 5 15 6 1 2 16 13 7 10 17 11
19
4 10 9 3 6 15 11 2 7 14 17 16 12 1 8 5 13
17 1 4 9 2 3 13 6 7 5 16 12 8 10 11 14 15
20
17 6 11 12 4 9 13 15 3 7 2 1 8 5 10 16 14
9 14 4 13 2 15 5 11 10 8 3 17 1 6 16 12 7
0
17
1 14 2 352 3 24 4 473 5 228 6 99 7 204 8 449 9 189 10 175 11 52 12 211 14 264 15 381 16 459
2 13 1 471 3 95 4 66 5 233 7 430 9 149 10 14 11 121 12 320 13 306 15 161 16 469 17 288
3 12 1 392 2 137 5 61 7 399 8 461 9 220 10 232 11 174 13 95 14 324 15 8 16 231
4 11 1 339 2 359 3 170 5 487 7 232 10 461 11 491 12 172 13 107 14 176 17 469
5 14 1 407 2 471 3 90 4 397 6 125 8 208 9 469 10 317 12 91 13 86 14 260 15 452 16 356 17 284
6 14 1 202 2 236 3 75 4 293 5 433 7 431 8 298 11 192 12 208 13 328 14 451 15 60 16 434 17 262
7 14 1 401 2 68 3 190 4 471 6 379 8 351 9 69 10 257 11 446 12 128 13 28 14 16 15 274 17 310
8 12 1 395 2 167 3 166 4 166 6 152 9 194 11 151 12 298 13 205 15 139 16 382 17 111
9 12 1 27 3 190 4 485 5 237 6 453 7 287 8 65 10 27 11 46 13 180 14 408 15 221
10 12 2 10 3 206 4 402 5 480 6 485 7 406 12 43 13 159 14 114 15 442 16 97 17 308
11 14 1 110 2 229 3 273 4 46 5 308 6 157 7 297 8 165 10 232 13 477 14 255 15 119 16 114 17 305
12 13 1 78 2 416 4 245 5 438 6 172 7 67 8 10 10 358 13 66 14 139 15 327 16 361 17 132
13 13 1 105 2 435 3 426 4 428 6 176 7 109 8 145 9 298 10 222 12 399 14 186 15 249 17 435
14 13 1 247 2 80 3 72 5 177 6 181 8 248 9 344 10 448 11 294 12 281 13 396 15 118 16 410
15 14 1 471 2 279 3 22 4 186 6 467 7 343 8 455 10 330 11 73 12 424 13 185 14 411 16 30 17 386
16 12 1 226 3 340 4 173 5 140 6 268 8 466 10 154 11 475 13 475 14 114 15 130 17 64
17 10 1 461 3 312 5 79 8 271 9 306 10 212 11 163 13 215 14 225 16 500
1
16 14 11 12 2 8 9 13 10 17 6 5 1 4 3 7 15
2 16 11 6 4 15 7 8 10 13 17 1 9 3 14 12 5
0
17
1 15 2 224 3 170 4 422 5 209 6 390 7 344 8 297 9 328 10 260 11 422 12 475 13 361 15 386 16 249 17 94
2 14 1 33 3 490 4 293 5 62 6 324 7 58 9 325 10 87 11 36 12 145 14 460 15 215 16 11 17 359
3 13 1 234 2 300 4 202 5 436 7 420 9 333 10 229 11 338 12 82 13 493 14 73 15 25 16 142
4 14 1 268 2 98 3 14 6 412 7 380 9 273 10 52 11 444 12 24 13 300 14 301 15 157 16 9 17 255
5 12 3 1 4 482 7 163 8 298 9 185 11 445 12 380 13 105 14 293 15 355 16 68 17 115
6 14 1 113 2 91 3 292 5 231 7 140 8 443 9 436 10 63 11 439 12 41 13 230 14 262 15 48 16 120
7 14 1 351 3 37 4 36 5 15 6 11 8 441 9 118 10 57 11 74 12 157 13 395 14 76 15 251 17 221
8 14 1 282 3 499 4 296 5 461 6 68 7 115 9 379 10 414 11 184 12 44 13 288 14 440 16 415 17 288
9 11 1 175 2 205 3 474 4 149 7 244 8 234 10 341 11 130 12 478 15 162 16 383
10 12 1 245 2 152 3 27 4 172 6 479 8 239 11 139 12 217 13 369 14 17 15 37 16 85
11 14 1 72 2 146 3 457 4 229 5 382 6 207 7 308 8 452 9 17 10 238 12 256 15 456 16 21 17 31
12 11 1 252 2 225 4 474 5 324 6 388 7 145 8 17 9 474 13 184 15 292 17 352
13 14 1 441 3 431 4 442 5 490 6 249 7 374 8 77 9 168 10 356 11 414 12 253 14 168 15 425 16 423
14 15 1 251 2 380 3 198 4 338 5 166 6 240 7 347 8 342 9 416 11 215 12 65 13 375 15 318 16 433 17 236
15 15 1 308 2 279 3 76 4 169 5 397 6 43 8 186 9 239 10 200 11 223 12 280 13 238 14 222 16 239 17 159
16 12 1 408 3 350 4 89 5 244 6 79 7 374 9 217 10 167 12 171 13 55 14 486 17 63
17 12 1 369 2 468 4 51 5 416 7 79 8 212 9 465 10 160 11 466 13 148 14 492 15 76
1
16 5 1 10 8 12 15 11 14 3 6 2 13 7 4 17 9
14 10 3 6 7 13 2 9 5 12 8 4 16 15 1 17 11
2
11 17 5 7 12 10 4 1 9 14 2 13 3 15 8 16 6
15 2 14 8 12 1 17 5 7 10 3 6 9 4 16 13 11
3
2 10 3 8 1 14 11 4 15 9 7 5 13 16 12 6 17
2 5 12 4 9 10 3 1 15 13 16 7 8 11 17 6 14
4
15 11 12 6 9 10 1 17 5 13 16 2 3 8 4 14 7
5 10 2 6 7 3 15 8 11 4 9 14 16 12 13 1 17
5
13 16 6 8 4 10 17 7 11 3 2 12 5 14 1 15 9
13 11 14 6 1 5 10 16 17 4 7 3 15 2 9 8 12
6
2 1 16 12 3 10 11 15 13 7 4 14 6 5 8 17 9
1 8 3 11 4 17 5 6 15 2 10 13 16 7 12 9 14
7
2 17 4 9 14 12 3 15 10 7 11 5 6 1 8 16 13
5 2 7 12 11 3 14 4 10 1 6 16 15 8 13 9 17
8
13 4 8 7 12 2 11 1 3 9 10 14 15 17 16 5 6
11 9 16 17 13 4 12 8 14 1 6 10 5 2 15 7 3
9
9 6 10 2 4 16 12 1 5 14 17 8 11 15 13 7 3
15 5 4 7 3 17 13 2 6 12 1 11 10 16 14 8 9
10
13 2 11 16 17 10 5 14 9 3 4 12 8 7 1 6 15
15 14 13 10 4 6 9 5 1 7 17 3 8 12 16 2 11
11
13 6 12 10 16 4 3 8 14 17 15 5 2 1 7 11 9
15 6 5 3 9 14 7 8 17 11 1 16 12 10 13 2 4
12
11 13 16 4 14 3 10 9 6 7 17 1 15 12 8 2 5
9 10 13 17 2 15 7 16 11 5 12 14 3 4 6 8 1
13
13 4 15 3 16 11 5 10 17 6 8 14 9 7 12 1 2
16 12 3 2 1 7 8 11 10 15 6 14 9 13 4 5 17
14
11 10 13 17 5 15 3 7 2 1 9 14 12 6 4 8 16
4 16 11 13 9 17 12 3 5 8 14 2 1 7 10 6 15
15
2 4 14 8 16 13 6 17 11 1 3 12 15 10 5 7 9
4 16 9 12 15 2 8 7 11 1 17 3 6 14 10 13 5
16
7 2 9 17 1 10 5 3 6 11 4 15 14 12 13 8 16
17 4 2 14 7 1 9 5 15 12 10 6 16 8 3 11 13
17
13 8 3 11 15 7 2 12 6 5 4 16 17 1 10 9 14
1 11 16 17 12 13 8 15 6 5 2 10 9 7 4 3 14
18
14 13 7 11 9 17 1 16 15 2 10 6 12 8 5 3 4
5 9 2 7 15 10 4 6 1 16 14 3 11 17 8 13 12
19
13 6 15 12 8 11 7 10 4 9 5 16 2 14 3 1 17
9 1 15 4 11 8 3 2 17 10 5 12 14 7 16 13 6
20
6 17 10 11 2 13 12 9 3 8 1 14 5 4 16 7 15
13 14 17 5 1 12 8 10 2 9 15 6 11 3 4 16 7
0
17
1 14 2 247 3 138 4 73 6 178 7 331 8 384 9 57 11 63 12 150 13 50 14 232 15 481 16 388 17 29
2 13 1 390 4 396 5 322 6 126 7 87 8 435 10 243 11 180 12 377 13 397 15 346 16 214 17 344
3 10 1 302 4 58 6 364 8 294 10 20 11 90 12 29 14 120 16 490 17 282
4 13 1 280 2 304 3 458 5 158 6 262 7 417 9 465 10 307 11 54 14 228 15 43 16 59 17 337
5 13 1 169 2 176 3 447 6 500 7 183 9 199 10 38 11 329 13 262 14 194 15 248 16 257 17 303
6 13 1 382 2 498 3 433 4 441 5 451 8 445 9 396 10 78 11 56 12 136 14 83 15 334 17 476
7 14 2 452 3 10 4 289 5 294 6 351 8 93 10 27 11 128 12 27 13 167 14 80 15 410 16 495 17 444
8 13 1 22 2 453 4 315 6 62 7 400 10 300 11 180 12 320 13 463 14 380 15 408 16 87 17 198
9 10 1 374 4 121 6 391 7 499 8 158 10 100 13 390 14 437 15 470 17 34
10 14 1 150 3 123 4 349 5 311 6 368 8 441 9 75 11 441 12 119 13 6 14 305 15 297 16 456 17 121
11 13 1 101 2 387 3 489 4 29 6 360 7 39 8 296 10 352 13 230 14 479 15 243 16 183 17 230
12 12 2 295 3 185 4 326 6 387 7 52 9 499 10 3 13 136 14 253 15 271 16 339 17 460
13 14 2 290 3 197 4 292 5 452 6 209 7 362 8 325 10 391 11 477 12 125 14 71 15 83 16 5 17 191
14 14 1 379 2 303 3 2 5 152 6 499 7 472 8 373 9 198 10 371 11 345 12 404 13 480 15 150 16 362
15 14 1 224 2 333 4 14 5 327 6 217 7 162 8 124 10 356 11 17 12 406 13 53 14 225 16 483 17 107
16 10 1 324 5 295 6 496 7 298 9 248 11 325 12 135 13 333 14 331 17 409
17 13 1 291 4 356 5 291 6 388 7 11 9 231 10 255 11 426 12 80 13 307 14 363 15 248 16 427
1
1 9 7 13 12 15 8 6 4 10 11 14 5 2 16 3 17
2 12 5 9 16 14 7 3 15 10 6 4 8 11 13 17 1
2
6 11 7 9 13 2 17 5 3 15 10 14 8 16 12 4 1
17 5 12 9 14 7 16 11 15 1 13 4 8 6 3 2 10
3
9 11 6 12 7 4 15 17 14 2 13 1 5 3 16 8 10
2 8 12 6 17 15 5 13 10 9 14 4 11 1 7 16 3
4
12 3 10 13 11 2 6 8 17 5 14 16 15 9 7 1 4
9 1 3 13 7 14 12 6 5 4 10 11 17 15 2 8 16
5
2 12 11 6 4 16 8 17 15 9 10 1 14 3 13 5 7
14 1 17 12 3 7 15 6 10 11 8 9 5 16 2 13 4
6
5 1 3 16 6 15 7 8 4 2 11 13 17 10 14 9 12
1 15 5 11 16 12 9 8 7 17 14 10 3 4 2 6 13
7
9 10 17 16 14 11 1 6 7 15 5 13 8 3 2 4 12
11 2 14 9 1 7 13 8 5 15 4 12 16 17 6 3 10
8
14 16 8 15 4 3 9 13 11 6 5 12 1 7 10 2 17
17 5 13 12 10 8 6 1 16 11 4 3 9 2 14 7 15
9
14 13 10 8 17 5 1 11 6 15 3 9 2 4 7 12 16
12 5 4 15 6 8 3 1 17 14 11 9 2 13 10 16 7
10
13 4 10 15 6 17 7 9 12 1 8 3 16 11 14 2 5
7 1 9 11 3 13 15 8 2 10 17 16 14 4 5 12 6
11
4 2 6 1 7 17 10 11 15 16 5 9 12 13 8 14 3
17 15 12 9 14 16 6 1 11 13 8 10 2 5 4 3 7
12
4 5 6 11 15 10 17 16 3 7 8 14 9 1 13 12 2
15 11 13 6 1 14 7 2 3 12 16 5 17 10 4 9 8
13
11 16 3 5 15 6 10 4 2 9 8 12 17 1 7 13 14
8 1 14 6 4 9 10 17 13 5 2 7 16 11 3 15 12
14
5 2 3 16 11 6 13 10 17 4 8 15 7 14 12 9 1
13 3 6 14 2 17 4 9 16 8 11 7 10 5 12 1 15
15
15 16 2 4 10 13 3 17 9 6 1 7 12 8 14 11 5
8 12 7 11 13 6 15 1 16 9 3 14 10 2 4 17 5
16
17 3 4 8 16 5 12 1 9 15 11 13 14 10 6 2 7
15 5 11 10 8 4 13 9 7 6 3 1 17 12 14 2 16
17
8 9 5 14 7 13 17 3 16 15 10 6 11 4 1 12 2
12 7 17 1 11 13 4 5 8 6 3 9 14 10 2 16 15
18
9 6 11 1 3 4 15 10 2 16 13 17 7 8 14 5 12
16 8 6 1 5 14 9 2 15 3 12 10 11 4 17 7 13
19
5 3 10 6 15 9 14 11 13 8 17 2 12 16 7 1 4
4 3 8 11 1 10 2 15 16 6 7 14 5 9 12 13 17
20
17 10 5 12 2 6 13 4 14 7 16 9 15 8 11 3 1
10 4 2 1 16 9 8 5 12 15 14 13 6 3 17 11 7
0
17
1 14 3 430 4 475 5 100 6 497 7 348 8 394 9 365 10 73 11 258 13 359 14 229 15 185 16 451 17 335
2 14 1 236 3 223 5 481 6 48 7 205 8 469 9 143 10 216 11 29 12 346 13 425 14 228 15 134 17 223
3 13 1 171 2 458 4 408 5 203 6 83 7 168 8 44 9 163 10 168 11 480 14 136 15 342 17 142
4 12 3 327 5 70 6 236 8 212 9 140 10 492 11 99 12 489 13 393 14 386 16 198 17 487
5 14 1 74 3 145 6 272 7 463 8 234 9 127 10 98 11 3 12 202 13 9 14 48 15 261 16 446 17 92
6 14 1 246 2 186 3 16 4 305 5 5 7 142 8 396 9 3 10 101 11 156 12 357 13 203 14 95 15 178
7 15 1 355 2 1 3 453 4 471 5 489 6 497 8 58 9 271 11 413 12 446 13 203 14 193 15 242 16 70 17 476
8 10 1 60 4 386 5 236 6 372 7 312 11 374 12 490 14 275 16 86 17 203
9 12 1 130 4 402 5 481 6 455 7 273 8 448 10 477 11 98 13 221 14 70 16 83 17 183
10 13 1 301 2 313 3 467 4 385 5 471 6 274 7 48 9 370 12 333 13 343 14 415 15 204 16 356
11 14 1 11 2 282 4 63 5 314 6 474 7 246 8 299 9 433 10 27 12 274 14 73 15 92 16 175 17 6
12 14 1 474 2 217 3 18 4 88 5 180 6 83 8 12 9 185 10 111 11 410 13 353 14 59 15 148 16 182
13 13 1 419 2 44 3 99 4 416 5 130 6 75 7 485 8 486 9 189 10 367 11 359 12 228 17 222
14 12 2 277 4 330 5 99 6 54 7 178 9 1 11 114 12 139 13 432 15 411 16 273 17 407
15 15 1 119 2 491 3 166 4 119 5 338 6 352 7 182 8 112 9 193 10 28 11 255 12 340 13 125 14 479 17 83
16 13 2 59 3 446 4 456 5 72 7 471 9 383 10 203 11 372 12 448 13 365 14 10 15 98 17 71
17 15 1 496 2 251 3 372 4 34 5 172 6 207 7 443 8 460 9 392 10 225 11 266 12 382 13 40 14 134 15 404
1
15 7 1 3 13 16 14 8 17 10 6 9 12 4 5 11 2
5 9 15 4 6 10 17 8 1 11 2 13 3 7 14 16 12
2
8 4 10 12 17 15 16 6 2 9 7 5 13 3 11 1 14
13 4 17 10 5 6 14 1 15 7 2 16 12 9 3 8 11
3
5 11 6 14 4 16 1 7 8 15 12 3 2 10 9 17 13
17 3 16 6 2 13 4 9 10 8 11 7 14 15 12 1 5
4
7 2 5 16 14 3 4 15 9 6 10 8 11 1 12 13 17
10 5 4 12 8 2 17 14 11 15 6 1 16 9 3 13 7
5
5 11 4 9 16 17 2 6 1 10 12 7 3 15 13 8 14
13 17 8 3 15 9 1 6 4 2 14 7 16 10 12 5 11
6
6 3 5 17 4 10 2 12 13 1 9 7 16 14 11 15 8
4 17 9 14 8 10 12 11 5 13 6 1 7 15 3 16 2
7
14 4 9 11 12 16 2 8 1 15 6 3 5 7 13 10 17
2 8 16 7 14 15 3 12 1 5 11 4 6 9 17 10 13
8
3 1 7 14 2 9 15 13 6 12 5 4 8 16 17 11 10
5 13 16 10 12 17 2 1 6 11 15 7 9 3 14 4 8
9
14 13 5 11 4 7 9 8 16 12 15 17 6 2 10 3 1
1 11 17 8 15 9 2 12 5 6 13 14 10 16 4 7 3
10
13 5 3 7 9 8 15 14 11 16 12 1 2 17 4 10 6
12 13 4 15 7 17 14 9 11 6 3 8 1 16 10 5 2
11
7 9 6 12 1 16 11 8 17 3 4 13 2 14 10 15 5
1 4 12 9 2 7 13 5 16 3 6 17 11 8 10 14 15
12
5 12 10 3 8 2 6 9 4 1 13 14 11 7 17 15 16
10 9 11 15 3 5 2 13 7 17 6 16 12 8 14 1 4
13
7 2 4 12 16 1 11 3 9 15 13 5 6 17 10 14 8
11 10 6 2 12 13 9 8 15 4 3 14 1 5 17 7 16
14
14 11 15 9 4 1 3 8 13 2 17 16 7 12 10 6 5
11 1 15 4 10 7 14 8 16 3 2 9 12 5 17 6 13
15
3 15 8 7 16 17 13 14 9 1 5 11 12 4 6 2 10
16 9 1 14 15 10 7 17 4 8 13 6 3 2 11 12 5
16
16 13 2 10 15 12 8 11 3 7 1 4 14 9 6 17 5
13 2 15 14 16 10 8 17 5 1 6 7 4 9 3 12 11
17
7 14 17 5 2 11 12 9 10 1 3 13 6 8 15 16 4
12 17 6 2 4 15 11 16 14 8 9 10 5 7 13 3 1
0
17
1 13 2 447 3 20 4 191 5 29 7 104 8 235 9 206 10 300 11 218 12 86 15 312 16 200 17 125
2 13 1 291 3 38 5 498 6 254 7 152 9 424 10 335 11 452 12 105 13 491 14 291 15 21 16 437
3 14 1 297 2 420 4 82 6 308 8 108 9 57 10 56 11 308 12 90 13 112 14 394 15 390 16 24 17 49
4 12 1 142 2 42 3 477 5 449 6 69 8 316 9 240 10 224 11 186 12 209 14 2 15 24
5 15 1 144 2 66 3 457 4 264 6 106 7 486 8 425 9 165 10 43 11 292 12 24 13 336 14 384 16 387 17 284
6 14 1 400 2 487 3 209 4 443 7 119 8 330 9 284 10 224 11 254 12 284 13 333 15 429 16 499 17 215
7 11 1 215 2 123 3 64 4 127 8 352 9 499 12 92 13 54 14 319 16 33 17 2
8 12 1 268 3 10 4 115 5 498 7 100 9 460 11 295 13 355 14 274 15 493 16 475 17 75
9 13 1 111 2 337 3 433 6 448 7 299 8 171 10 422 11 54 12 414 14 56 15 96 16 355 17 258
10 9 1 82 2 336 3 484 4 263 5 374 6 184 9 474 12 195 16 390
11 13 1 384 2 473 4 15 5 42 6 306 7 411 8 434 9 244 10 372 12 231 13 474 16 83 17 44
12 14 1 125 2 237 3 19 4 259 5 90 6 290 7 37 8 351 9 55 10 368 13 411 15 355 16 158 17 388
13 14 1 32 2 20 3 189 4 90 7 62 8 298 9 119 10 455 11 66 12 292 14 435 15 152 16 465 17 496
14 16 1 222 2 308 3 107 4 343 5 151 6 1 7 16 8 342 9 463 10 135 11 428 12 207 13 128 15 29 16 159 17 170
15 14 1 333 2 70 3 220 4 339 5 190 6 425 9 428 10 243 11 396 12 67 13 449 14 221 16 104 17 210
16 13 1 112 2 293 3 362 4 209 5 7 6 472 7 160 8 176 10 288 12 440 14 220 15 55 17 270
17 13 2 242 3 77 4 375 5 110 6 68 7 397 8 195 9 41 11 237 12 305 13 126 15 338 16 264
1
1 7 3 4 15 11 14 9 2 5 17 12 13 10 6 16 8
5 15 11 14 17 12 3 13 7 4 1 9 2 16 10 6 8
0
17
1 16 2 320 3 419 4 427 5 392 6 233 7 68 8 413 9 124 10 282 11 269 12 474 13 316 14 480 15 469 16 318 17 398
2 12 1 185 3 200 5 397 6 342 7 255 8 143 9 138 11 402 12 39 13 123 14 179 16 34
3 15 1 470 2 29 5 447 6 347 7 346 8 35 9 465 10 306 11 427 12 168 13 434 14 287 15 496 16 27 17 347
4 16 1 469 2 216 3 50 5 204 6 394 7 213 8 80 9 303 10 407 11 89 12 349 13 474 14 351 15 1 16 251 17 324
5 15 2 5 3 78 4 332 6 437 7 256 8 61 9 212 10 85 11 331 12 409 13 342 14 38 15 480 16 87 17 411
6 13 2 471 3 43 4 405 5 160 7 166 8 484 9 452 11 22 12 403 13 51 15 308 16 367 17 106
7 12 1 192 3 60 5 60 6 413 9 267 10 35 12 49 13 485 14 416 15 430 16 178 17 86
8 13 2 323 3 167 4 257 5 31 7 127 9 36 10 119 11 369 12 145 13 150 14 217 16 250 17 225
9 15 1 396 2 57 3 439 4 158 5 336 6 444 7 336 8 297 10 347 11 240 12 81 13 157 14 315 16 471 17 399
10 15 1 456 2 220 3 264 4 490 5 153 7 375 8 162 9 144 11 230 12 300 13 83 14 19 15 108 16 55 17 340
11 11 2 424 3 234 4 18 6 174 8 30 9 466 10 278 12 371 13 287 16 293 17 490
12 11 1 130 3 375 4 169 5 38 6 424 7 232 8 30 11 261 13 285 15 252 16 202
13 10 1 255 2 225 3 167 4 373 6 337 7 500 11 213 15 407 16 248 17 175
14 12 1 354 2 468 5 408 6 377 7 75 8 461 9 398 11 166 13 157 15 174 16 110 17 332
15 14 1 16 3 481 4 375 5 487 6 61 7 16 8 74 9 16 10 329 12 367 13 490 14 6 16 273 17 418
16 9 2 168 3 172 4 150 5 100 6 170 7 238 11 297 14 108 17 130
17 14 1 184 2 352 3 438 5 78 6 415 7 114 8 25 9 213 10 304 12 491 13 475 14 470 15 467 16 123
1
12 9 6 8 5 1 11 10 2 13 14 3 4 16 15 17 7
5 7 1 12 11 4 2 6 3 10 13 16 8 17 15 14 9
2
16 13 6 8 5 2 15 3 9 4 1 10 12 14 17 7 11
16 1 3 9 12 14 10 17 5 8 11 13 4 7 2 15 6
3
6 17 11 9 5 15 3 10 7 13 8 14 1 4 16 2 12
6 9 5 4 3 13 11 2 1 14 8 15 16 17 10 12 7
4
10 13 1 7 15 5 11 12 3 14 17 4 6 8 16 9 2
14 15 12 4 13 17 10 2 8 9 11 1 5 7 16 6 3
5
17 10 8 3 14 6 7 9 13 11 12 5 15 2 4 16 1
8 13 1 15 3 10 14 9 4 11 17 5 16 6 2 7 12
6
15 3 8 7 10 13 11 9 12 5 4 14 6 17 1 2 16
15 12 11 3 17 10 2 1 4 6 8 16 13 7 9 14 5
7
2 7 13 12 4 9 11 1 5 14 10 17 6 15 8 3 16
15 4 12 13 3 10 11 5 6 2 7 1 16 17 14 8 9
8
12 6 8 5 11 16 7 14 13 10 17 1 3 15 9 4 2
2 5 16 8 1 15 7 6 17 11 12 13 4 3 10 14 9
9
11 2 8 9 12 3 17 15 7 10 4 13 6 14 1 16 5
7 17 16 10 14 15 1 9 5 4 11 2 3 6 8 12 13
10
17 10 4 11 3 8 13 15 2 7 14 12 6 16 5 1 9
9 12 14 6 16 11 13 1 4 17 5 8 3 7 10 2 15
11
3 6 17 15 12 7 8 1 4 16 9 13 2 14 5 10 11
13 15 6 12 8 4 11 10 3 7 14 2 17 1 16 5 9
12
9 3 11 1 10 13 6 2 14 15 16 12 4 8 7 17 5
11 8 4 17 6 16 1 7 14 13 2 10 5 12 9 15 3
13
15 8 4 14 2 10 13 6 9 1 16 5 3 11 7 17 12
8 9 10 5 15 6 1 16 11 17 4 12 3 7 13 14 2
14
2 13 16 14 9 15 10 6 7 8 5 3 1 12 4 11 17
6 2 12 16 14 9 15 10 17 4 1 3 7 13 5 8 11
15
12 17 13 7 14 4 9 11 15 5 16 6 3 1 8 2 10
6 8 15 12 16 4 13 17 7 9 14 5 2 11 10 1 3
16
1 12 17 9 8 6 11 15 5 14 16 13 4 7 10 2 3
9 12 8 5 14 7 16 10 15 3 6 11 1 17 4 13 2
17
4 15 8 12 11 7 6 1 10 3 17 16 13 9 14 5 2
15 10 6 4 5 2 16 1 8 3 11 7 12 13 17 14 9
18
8 10 2 5 6 17 12 3 15 11 7 4 1 9 13 14 16
9 15 4 2 8 16 6 1 17 11 13 7 3 10 5 12 14
19
8 4 3 16 17 10 7 11 9 1 6 13 2 5 14 15 12
16 8 11 4 12 7 10 5 15 9 17 14 6 1 3 13 2
20
8 14 11 13 17 12 5 1 7 3 6 9 16 15 4 10 2
14 12 11 2 4 16 15 17 10 1 6 5 13 9 7 8 3
0
0
