24
1 20 2 375 3 175 4 215 6 377 7 28 8 116 9 349 10 281 12 129 13 92 14 367 15 115 17 394 18 382 19 87 20 333 21 125 22 134 23 152 24 46
2 19 1 455 3 432 4 496 6 389 8 200 9 61 10 27 11 360 13 276 14 25 15 167 16 428 17 445 18 228 19 422 20 312 21 418 22 452 23 175
3 19 1 403 2 178 4 275 5 191 6 403 7 79 8 341 9 138 10 441 11 304 12 376 14 408 15 385 17 25 18 365 19 95 21 385 22 18 24 497
4 19 2 212 3 208 6 351 8 147 9 179 10 332 11 127 12 255 13 14 14 22 15 291 16 124 18 65 19 339 20 438 21 298 22 424 23 141 24 344
5 21 1 231 2 77 3 257 4 206 6 248 7 123 8 332 9 160 10 330 11 350 12 208 13 462 14 235 15 51 16 214 17 105 20 167 21 63 22 23 23 198 24 181
6 21 1 165 2 369 3 151 4 391 5 492 7 314 8 122 9 178 10 156 11 202 12 479 13 155 14 37 16 463 17 386 18 299 20 378 21 96 22 154 23 394 24 423
7 18 1 21 4 117 5 311 6 67 8 280 10 380 11 227 12 339 13 263 14 458 15 498 16 122 17 403 20 490 21 36 22 393 23 8 24 353
8 17 3 334 5 460 6 478 7 442 9 436 11 462 12 164 13 384 14 293 15 420 16 409 17 355 18 199 20 185 21 174 22 27 23 331
9 22 1 245 2 351 3 278 4 101 5 160 6 458 7 324 10 233 11 163 12 76 13 329 14 380 15 296 16 414 17 171 18 315 19 330 20 118 21 405 22 70 23 383 24 135
10 21 1 159 3 13 4 55 5 176 6 138 7 349 8 19 9 306 11 97 12 13 13 110 14 250 15 423 16 430 18 128 19 69 20 116 21 457 22 447 23 375 24 160
11 19 2 23 3 487 4 349 5 408 7 278 9 188 10 88 12 73 13 199 15 459 16 460 17 293 18 201 19 54 20 44 21 14 22 403 23 276 24 469
12 18 1 53 2 64 4 426 5 322 6 346 7 462 8 166 9 243 11 108 13 264 14 364 15 141 16 426 17 214 18 107 20 363 21 490 23 213
13 15 2 354 3 173 4 165 5 431 6 395 7 446 9 321 10 129 11 242 15 215 16 311 19 109 21 181 22 356 23 21
14 19 1 10 3 61 4 153 5 197 6 82 7 431 8 158 9 350 10 65 11 65 13 230 15 492 16 437 17 224 19 60 20 279 22 424 23 441 24 89
15 17 2 462 3 415 5 381 6 233 7 360 8 478 10 268 12 183 13 55 14 297 16 102 18 320 19 469 21 269 22 107 23 227 24 262
16 15 3 16 4 312 5 475 7 137 8 88 9 9 10 473 12 406 13 6 14 17 15 261 20 170 21 246 23 278 24 417
17 16 1 37 2 181 3 266 4 40 5 304 7 304 8 406 9 201 11 24 13 330 16 427 18 289 19 106 20 375 23 282 24 364
18 15 1 171 3 296 4 267 5 284 6 435 8 490 9 383 10 132 11 148 12 150 13 404 14 163 19 28 20 404 21 427
19 18 1 320 2 299 3 180 4 363 5 140 8 352 9 80 11 256 12 331 14 339 15 417 16 381 17 187 18 288 20 178 21 290 23 348 24 123
20 16 1 441 2 196 4 272 5 262 8 56 11 213 12 190 13 12 14 164 15 37 16 374 18 417 21 439 22 139 23 335 24 301
21 17 1 275 2 1 4 245 5 303 6 3 8 31 9 278 10 483 11 70 12 308 13 215 14 442 15 116 16 459 19 468 20 351 24 208
22 19 1 135 2 120 3 218 4 420 7 62 8 263 9 55 10 233 11 192 12 400 14 64 15 65 16 384 17 400 18 194 19 471 20 355 21 247 23 386
23 17 1 94 2 434 4 21 5 288 6 112 8 462 9 49 10 339 11 76 12 58 13 309 15 172 17 497 18 485 19 138 22 260 24 424
24 18 1 430 2 213 5 371 6 213 8 446 10 124 11 167 12 227 14 112 15 453 16 306 17 88 18 221 19 366 20 224 21 492 22 127 23 68
1
1 10 19 17 24 22 8 16 11 13 15 12 7 20 6 5 9 14 4 18 3 2 21 23
1 6 22 2 21 20 3 18 12 23 9 11 17 7 4 19 16 5 8 13 15 14 24 10
2
22 10 8 15 14 12 5 2 9 21 23 18 7 4 3 20 6 11 17 13 19 1 16 24
15 23 8 3 14 18 2 1 7 21 22 4 16 19 11 6 13 5 24 12 9 17 20 10
3
2 20 14 15 1 8 23 10 16 6 9 5 4 3 7 18 22 19 13 17 24 11 12 21
3 24 18 1 16 21 15 23 5 9 2 12 22 6 7 10 17 19 4 13 20 8 11 14
4
3 11 16 18 12 19 9 24 22 17 6 15 1 20 8 10 4 7 14 5 13 23 21 2
6 8 21 11 10 7 1 12 14 20 16 3 9 17 23 18 5 2 13 15 4 19 24 22
5
6 13 2 8 12 22 19 10 1 20 18 11 15 24 21 23 16 17 14 7 9 3 5 4
5 9 7 18 14 6 17 3 11 16 10 13 15 24 1 23 4 8 12 21 2 20 22 19
6
22 5 13 16 17 8 14 21 3 20 1 18 10 2 23 4 15 11 6 24 12 19 9 7
23 4 10 7 17 14 3 1 21 12 8 20 2 15 6 18 5 11 13 9 16 19 24 22
7
23 12 19 20 11 2 5 10 17 13 6 22 3 7 16 15 4 1 24 8 18 14 9 21
10 7 17 9 14 16 4 21 19 11 2 24 5 8 22 23 1 20 15 6 3 13 18 12
8
9 2 16 6 13 21 17 5 11 23 24 20 8 1 14 12 4 3 19 18 10 15 22 7
10 9 5 21 23 1 3 12 17 7 6 13 20 19 15 24 16 18 4 2 14 11 22 8
9
4 5 18 14 9 7 8 20 6 17 11 24 16 10 21 12 2 19 23 3 15 1 13 22
14 16 22 8 20 2 11 19 6 13 9 3 4 18 10 5 12 23 24 17 15 21 1 7
10
21 3 7 4 22 19 23 11 8 24 2 17 9 1 6 14 13 12 5 20 18 15 10 16
19 17 23 9 1 4 14 10 6 7 5 2 24 3 20 8 15 22 21 11 12 13 16 18
11
4 12 14 9 19 23 2 8 17 5 11 6 15 18 1 16 24 22 13 3 20 21 7 10
2 12 18 3 13 10 22 7 24 9 8 1 6 17 15 11 20 14 19 5 21 23 16 4
12
5 9 23 15 10 18 22 2 17 20 19 3 13 1 16 7 14 6 12 21 24 11 4 8
24 2 12 13 19 15 21 17 22 18 5 16 1 6 3 8 4 7 10 14 11 9 23 20
13
3 10 20 18 21 12 14 22 24 6 8 1 16 11 9 2 19 23 4 15 7 17 13 5
16 1 5 18 13 14 20 21 15 6 22 17 19 11 9 8 23 24 4 3 10 7 2 12
14
9 22 8 14 23 24 10 13 15 18 5 1 12 7 2 6 11 4 20 21 17 16 3 19
17 1 12 19 6 8 5 18 22 11 23 9 16 4 15 2 20 21 14 10 3 7 13 24
15
22 1 12 14 3 4 11 24 21 16 5 7 19 20 2 10 6 15 17 13 18 9 23 8
12 19 5 3 9 7 13 14 6 17 8 11 22 24 18 2 10 4 21 1 20 23 16 15
16
11 7 18 21 24 5 12 14 19 22 9 6 4 17 16 13 8 2 10 3 23 15 20 1
22 10 13 6 11 21 7 17 20 23 19 9 8 24 2 3 15 14 12 16 18 5 1 4
17
19 9 3 23 5 18 14 2 1 4 11 7 13 22 16 20 6 15 24 12 21 8 10 17
22 3 10 18 1 5 15 20 9 17 7 24 23 12 14 13 6 19 21 16 4 8 11 2
18
6 15 8 7 24 11 1 13 12 10 16 9 17 14 2 5 19 20 23 3 22 4 21 18
3 1 2 10 19 5 6 16 13 11 17 12 22 4 7 21 20 23 14 9 18 15 24 8
19
13 11 24 4 16 23 14 9 8 7 15 22 18 5 20 10 12 17 21 6 2 19 1 3
16 12 11 9 19 20 18 3 21 8 22 13 7 14 6 23 15 4 2 10 5 1 17 24
20
16 3 22 14 4 13 15 11 21 6 7 9 18 24 23 8 5 17 20 1 2 10 12 19
1 8 14 21 9 15 3 24 12 2 11 16 13 20 18 6 5 4 10 22 23 19 7 17
0
24
1 21 2 456 4 409 5 199 6 39 8 254 9 216 10 386 11 229 12 404 13 433 14 67 15 487 16 467 17 348 18 458 19 383 20 405 21 64 22 443 23 270 24 392
2 16 1 485 3 89 6 364 7 365 9 499 10 198 11 14 12 17 13 282 14 175 15 294 16 73 17 373 18 138 19 173 22 301
3 15 2 377 4 411 6 311 8 253 10 340 12 42 13 205 14 442 15 221 17 480 18 467 20 182 21 241 23 155 24 452
4 19 1 231 2 54 3 496 5 122 7 136 8 474 10 253 11 120 12 411 14 162 15 378 16 19 17 58 18 487 19 434 20 35 22 378 23 281 24 259
5 21 1 455 2 438 3 360 4 462 6 400 7 436 8 365 9 454 10 393 12 37 13 102 14 192 15 255 17 140 18 455 19 166 20 358 21 67 22 58 23 142 24 66
6 20 1 162 2 485 4 491 5 152 7 201 8 100 9 301 10 485 11 246 13 462 14 318 15 392 16 437 17 47 18 237 20 470 21 272 22 234 23 399 24 278
7 17 4 221 5 169 8 339 9 380 10 337 13 288 14 229 15 353 16 247 17 98 18 387 19 23 20 313 21 190 22 258 23 368 24 483
8 21 1 472 3 474 4 416 5 365 6 67 7 206 9 463 10 188 11 33 12 292 13 477 14 412 15 192 16 365 18 95 19 81 20 281 21 116 22 447 23 190 24 350
9 18 2 477 3 253 6 317 7 159 8 164 10 149 12 70 13 376 14 12 15 369 16 388 18 121 19 171 20 241 21 256 22 147 23 168 24 500
10 17 1 444 2 213 3 230 4 91 5 203 7 330 8 138 11 413 13 380 14 58 17 166 18 334 19 433 20 127 22 188 23 265 24 123
11 22 1 481 2 153 4 184 5 359 6 21 7 286 8 164 9 273 10 120 12 131 13 394 14 310 15 175 16 498 17 337 18 233 19 15 20 22 21 449 22 236 23 239 24 20
12 18 1 124 4 19 5 53 7 366 8 124 9 67 11 97 13 330 14 172 15 20 16 263 17 354 19 261 20 464 21 443 22 309 23 317 24 167
13 19 1 26 2 331 3 373 4 111 6 49 7 416 9 197 11 484 12 108 14 410 15 387 16 265 18 426 19 197 20 364 21 269 22 107 23 179 24 322
14 19 1 472 2 233 3 91 4 70 7 49 8 203 10 366 11 177 12 287 13 364 15 285 16 302 18 144 19 394 20 72 21 461 22 315 23 165 24 9
15 18 1 67 4 159 5 194 6 424 7 382 9 495 10 41 11 134 12 13 13 368 16 76 17 140 18 381 19 183 20 78 21 310 23 334 24 14
16 16 1 256 3 288 4 405 5 384 10 25 11 387 12 162 13 117 14 99 15 39 17 139 18 248 19 412 20 402 23 181 24 138
17 16 1 467 5 23 6 413 7 301 9 330 11 377 12 377 13 246 14 189 15 351 18 405 19 30 20 478 22 96 23 82 24 167
18 16 1 131 2 73 4 373 5 196 6 308 8 164 9 200 11 2 12 368 13 274 14 152 15 244 17 439 21 15 22 178 24 7
19 15 2 379 3 286 4 474 5 55 6 198 7 93 8 130 10 277 11 5 13 244 16 114 21 147 22 303 23 122 24 341
20 17 1 195 4 35 5 217 6 88 7 39 8 98 9 210 12 201 13 385 14 102 15 106 17 369 18 453 19 404 21 493 23 331 24 21
21 16 3 279 4 417 5 383 6 414 7 418 9 207 10 356 11 297 13 205 15 167 17 298 18 234 20 4 22 337 23 327 24 493
22 20 1 388 2 182 3 490 4 265 5 371 6 40 7 249 9 44 10 101 11 320 12 214 13 306 14 145 15 117 16 22 18 10 20 370 21 305 23 240 24 236
23 20 1 322 2 441 3 42 4 265 5 254 6 56 7 115 8 10 9 92 10 155 11 451 12 475 13 111 14 376 15 144 17 180 18 48 19 444 21 411 22 284
24 20 1 33 2 472 4 394 5 153 7 96 8 202 9 312 10 464 11 270 12 255 13 29 14 444 15 228 16 14 17 369 18 341 19 346 20 210 21 355 22 403
1
12 23 13 5 14 19 2 10 16 24 18 20 1 11 9 8 21 22 4 15 3 6 7 17
16 10 17 7 22 20 5 13 23 1 3 9 14 18 24 8 2 6 12 15 19 21 11 4
2
13 14 15 24 6 11 23 17 8 4 19 22 21 16 1 2 5 18 12 9 10 20 7 3
2 7 12 10 24 22 5 21 14 18 11 23 17 3 15 6 20 19 8 16 1 9 4 13
3
20 18 2 5 17 19 24 3 13 21 14 22 6 7 8 12 4 9 10 16 1 15 11 23
10 20 17 2 24 8 22 14 12 9 18 11 21 15 16 13 23 4 1 6 19 3 5 7
4
18 24 15 20 6 10 13 16 4 9 17 12 1 19 22 14 21 11 7 3 23 8 2 5
12 2 14 18 5 23 6 17 8 15 7 1 16 3 20 19 24 9 10 13 21 22 4 11
5
22 2 20 4 13 23 21 8 3 19 11 15 6 14 18 1 7 24 10 16 12 17 5 9
5 3 16 17 10 24 4 6 9 13 15 12 2 19 7 11 20 22 1 21 18 23 14 8
6
8 6 22 18 5 11 14 20 7 4 24 13 21 3 9 19 23 16 15 12 2 1 17 10
15 8 24 4 1 19 2 20 22 9 14 12 13 11 6 23 17 7 18 5 10 3 21 16
7
21 1 22 4 8 24 18 13 16 17 11 19 9 15 12 3 5 2 20 14 10 6 23 7
20 13 8 6 19 10 14 21 7 1 4 3 22 5 11 24 16 23 9 2 17 18 12 15
8
6 4 12 5 14 15 2 24 11 17 19 8 16 9 7 1 13 3 23 18 10 22 20 21
15 23 2 6 1 10 11 14 18 3 16 8 17 22 20 12 9 24 19 5 4 13 7 21
9
1 19 17 23 2 13 16 9 7 8 14 24 11 3 18 21 5 22 4 12 15 20 6 10
17 8 3 10 20 18 6 19 2 5 15 14 9 7 24 21 22 13 23 11 1 16 12 4
10
21 8 15 3 22 20 13 11 17 19 10 12 14 23 5 16 6 7 2 9 24 18 4 1
6 3 10 21 15 5 17 14 4 13 18 11 22 9 1 23 8 2 24 12 7 19 16 20
11
22 24 7 21 19 6 12 3 10 15 14 20 4 17 2 5 8 16 13 1 11 9 23 18
18 21 13 23 2 3 14 5 19 17 12 24 1 10 6 15 4 20 8 11 7 16 22 9
12
17 15 23 11 14 13 10 2 24 18 3 5 22 21 20 4 19 16 6 8 7 9 12 1
15 24 4 10 1 22 9 13 18 16 6 11 2 17 12 7 5 8 20 19 14 3 23 21
13
15 8 4 5 12 20 1 19 14 2 9 21 17 3 22 7 10 18 16 24 23 13 11 6
12 11 24 1 13 18 15 7 5 9 4 8 10 3 20 17 19 6 23 16 22 21 2 14
14
23 6 14 18 22 17 10 9 13 3 16 11 24 2 20 5 1 4 19 12 8 7 21 15
23 5 14 18 19 21 24 12 15 11 3 16 9 1 8 20 10 17 7 6 2 13 4 22
15
6 9 13 4 17 12 20 2 14 19 11 5 24 1 22 18 10 8 7 16 21 3 15 23
14 15 4 18 12 6 1 2 23 10 7 17 11 8 20 24 9 19 3 13 16 22 21 5
16
11 14 20 5 18 12 4 1 9 17 7 15 13 6 22 8 19 10 2 24 16 23 3 21
18 23 11 1 2 17 7 8 20 6 24 4 9 3 19 10 22 15 14 16 13 12 21 5
17
1 13 8 14 23 20 15 4 21 18 11 24 5 16 22 12 10 6 3 9 2 19 7 17
1 19 4 2 6 8 22 3 23 20 13 5 7 15 24 11 14 16 12 21 18 10 9 17
18
2 14 3 11 21 22 6 19 16 24 10 1 18 7 5 15 9 12 4 17 23 13 20 8
2 7 14 21 11 18 22 16 20 8 24 19 5 23 10 1 12 6 15 17 3 13 9 4
19
20 2 15 17 21 11 1 8 13 12 24 19 14 7 23 22 16 6 18 5 3 10 4 9
10 3 12 9 7 1 2 17 22 6 11 8 18 20 23 21 13 24 16 5 15 19 4 14
20
13 12 2 10 1 11 21 15 7 16 19 18 24 22 6 20 14 3 8 9 17 4 5 23
16 12 24 15 1 8 9 18 10 23 19 5 6 17 20 22 7 3 14 4 13 21 11 2
0
24
1 22 2 446 3 159 4 457 5 213 6 341 7 162 8 446 9 153 10 478 12 165 13 278 14 444 15 216 16 191 17 332 18 160 19 257 20 321 21 314 22 335 23 387 24 288
2 17 1 419 5 358 6 51 8 5 9 241 11 403 12 455 13 400 15 242 16 148 17 403 19 207 20 486 21 106 22 468 23 24 24 429
3 20 1 343 2 327 4 168 5 360 6 350 7 431 8 439 9 403 10 224 12 109 13 374 14 50 15 153 16 21 17 17 18 43 19 225 20 477 22 11 24 401
4 20 1 275 2 371 3 299 5 7 6 395 7 353 9 67 10 45 11 52 12 345 13 223 14 13 15 236 17 419 19 1 20 296 21 73 22 107 23 482 24 69
5 18 2 390 3 230 4 482 6 203 7 468 9 469 10 245 11 77 12 138 13 70 15 313 16 309 17 389 19 399 20 123 22 237 23 55 24 249
6 19 1 385 2 157 3 393 4 459 5 90 7 212 8 326 10 132 12 233 13 161 14 393 15 308 16 229 17 234 18 22 19 117 21 381 22 499 23 240
7 19 1 194 2 336 3 270 4 51 5 358 9 454 10 405 11 164 12 211 13 138 14 272 16 303 17 498 18 134 19 462 20 393 21 246 23 132 24 263
8 19 2 239 3 199 4 393 5 289 6 265 7 264 9 359 11 487 13 392 14 208 15 5 16 438 17 186 18 159 19 186 20 491 22 308 23 312 24 188
9 19 1 437 2 330 4 490 5 265 6 388 7 103 8 291 10 304 11 159 12 253 13 153 14 184 15 339 16 229 17 445 21 355 22 365 23 446 24 493
10 19 1 269 2 423 3 249 4 98 6 42 7 162 8 9 9 60 12 417 13 144 14 352 15 283 16 488 17 181 19 449 20 413 21 113 23 279 24 433
11 18 1 59 3 487 4 163 6 183 7 190 8 478 10 481 12 407 14 185 15 294 16 330 17 472 18 142 19 124 20 23 21 12 22 324 24 95
12 22 1 283 2 425 3 24 4 104 5 424 6 350 7 431 8 403 9 402 10 167 11 337 14 349 15 54 16 49 17 405 18 28 19 93 20 490 21 262 22 204 23 239 24 444
13 20 1 206 2 428 3 152 4 211 5 71 6 186 7 245 8 27 9 444 10 224 12 459 14 369 15 233 17 57 18 15 19 58 20 89 21 77 23 468 24 141
14 22 1 401 2 115 4 48 5 304 6 406 7 101 8 89 9 211 10 352 11 249 12 194 13 318 15 447 16 388 17 168 18 112 19 400 20 273 21 89 22 439 23 143 24 147
15 20 1 155 2 373 3 273 5 429 6 356 8 428 9 131 10 417 12 6 13 304 14 281 16 372 17 302 18 436 19 108 20 186 21 398 22 155 23 164 24 130
16 21 1 180 2 469 3 32 5 357 6 356 7 482 8 470 9 463 10 216 11 446 12 224 13 220 14 240 15 202 17 132 19 125 20 312 21 96 22 221 23 470 24 490
17 19 1 302 3 286 4 14 5 87 6 98 7 241 8 464 9 190 11 53 12 435 13 69 14 178 15 317 16 91 18 308 19 467 21 215 22 343 23 94
18 20 1 488 2 330 3 364 4 22 5 477 6 228 7 478 8 378 9 320 10 235 14 274 15 378 16 440 17 497 19 231 20 339 21 10 22 18 23 83 24 483
19 19 1 40 2 311 3 362 4 302 5 57 6 44 7 29 8 400 10 19 11 389 13 256 15 349 16 66 18 23 20 413 21 267 22 190 23 493 24 154
20 19 1 138 2 205 3 450 4 160 6 27 7 168 8 308 9 214 10 194 12 118 13 237 14 430 16 328 17 178 18 21 19 301 22 5 23 458 24 482
21 17 3 329 4 42 7 130 8 390 9 329 10 230 11 339 12 236 14 406 15 226 16 383 17 393 18 285 19 318 20 260 23 126 24 35
22 20 1 230 2 486 3 264 4 118 6 399 7 70 8 78 9 65 10 93 12 486 13 490 14 476 15 97 16 451 17 396 18 159 19 37 21 251 23 466 24 231
23 22 2 431 3 207 4 299 5 348 6 455 7 494 8 55 9 75 10 188 11 310 12 208 13 220 14 352 15 79 16 30 17 106 18 303 19 421 20 455 21 408 22 472 24 28
24 20 1 294 2 241 4 500 5 88 6 348 8 307 9 217 10 98 11 94 12 320 13 70 14 12 15 133 17 6 18 442 19 37 20 279 21 306 22 244 23 380
1
8 13 3 4 1 14 20 16 21 22 17 12 15 6 5 19 9 24 11 10 18 2 23 7
22 18 5 11 9 16 15 4 3 24 12 17 19 7 1 20 23 2 10 14 8 6 21 13
2
19 18 22 2 9 4 6 7 5 3 20 17 16 13 1 8 21 14 23 24 15 12 11 10
17 1 12 14 22 7 10 15 16 9 18 2 13 5 6 4 24 23 20 19 21 3 11 8
3
1 15 6 23 10 20 9 16 3 7 8 5 2 18 21 11 4 19 13 24 14 17 22 12
6 24 14 7 20 9 10 1 2 18 19 11 5 21 22 17 15 23 12 16 4 13 3 8
4
3 21 5 24 11 10 13 22 1 18 6 4 23 14 7 17 12 15 9 16 19 20 2 8
14 10 6 8 24 9 4 16 12 20 18 7 21 11 2 3 1 5 13 17 15 19 22 23
5
12 18 1 4 6 7 15 17 19 9 3 24 11 13 20 16 21 10 22 14 5 8 2 23
10 15 5 1 9 14 21 13 17 2 7 22 23 6 18 11 3 4 19 24 8 12 16 20
6
6 12 24 17 22 1 21 11 7 8 18 13 23 3 15 4 20 10 16 9 14 19 2 5
20 18 22 5 1 9 15 19 7 17 6 11 8 24 10 16 4 13 3 14 21 23 2 12
7
3 24 13 2 20 19 10 7 22 16 1 15 23 17 11 14 9 21 8 5 4 6 12 18
7 8 11 15 14 1 22 10 19 3 20 5 4 2 24 6 9 16 23 13 12 18 17 21
8
12 21 17 15 9 23 4 2 11 18 1 20 14 22 13 10 3 7 5 24 6 8 19 16
6 24 1 3 7 8 23 14 16 10 17 13 4 22 12 5 18 19 15 20 21 2 11 9
9
22 7 8 21 12 18 13 2 23 6 3 11 17 16 10 9 15 4 20 5 24 19 1 14
21 20 24 19 13 1 7 14 8 12 22 23 16 17 10 9 5 11 18 6 3 2 15 4
10
23 3 12 1 21 5 15 6 8 11 20 22 14 13 19 9 18 16 7 10 17 2 24 4
24 6 19 5 1 16 2 12 7 22 9 10 23 11 3 21 4 15 14 17 18 20 13 8
11
7 13 18 1 19 5 15 4 14 17 21 3 9 6 23 10 12 8 24 20 2 22 16 11
8 5 19 10 12 13 21 1 24 20 6 11 14 3 16 4 17 9 23 22 15 18 7 2
12
22 15 13 20 18 11 8 1 16 5 6 24 12 9 3 23 17 2 14 7 19 10 4 21
2 12 16 6 8 20 4 11 22 3 18 23 24 14 21 5 15 19 17 1 9 10 7 13
13
1 3 23 18 6 13 22 20 10 4 16 19 7 14 9 5 21 17 2 11 8 15 24 12
13 12 6 18 1 9 2 21 16 23 15 4 7 8 14 5 24 17 10 22 3 11 20 19
14
11 24 5 23 8 3 21 4 10 1 9 12 17 18 16 22 15 20 2 6 14 7 13 19
23 18 7 17 10 11 1 19 15 9 12 21 13 8 2 6 14 4 3 20 24 16 22 5
15
1 18 3 12 24 8 21 15 19 7 23 4 13 10 17 2 9 11 20 16 5 14 22 6
13 14 9 19 10 1 11 3 22 17 6 24 4 23 15 18 7 20 16 8 21 5 12 2
16
8 23 16 3 4 5 1 2 17 20 21 7 14 15 13 10 24 19 6 18 12 22 11 9
17 24 23 12 22 13 15 3 10 19 6 21 9 18 16 20 2 1 7 5 11 8 14 4
17
1 6 10 19 11 9 7 4 2 18 8 24 12 5 3 13 16 14 15 22 23 20 21 17
20 6 12 13 1 18 24 17 23 14 2 19 8 9 21 22 3 4 7 10 15 16 5 11
18
18 16 1 10 4 23 6 20 19 5 3 8 14 9 7 21 24 12 15 2 11 17 13 22
4 17 19 16 13 11 24 6 7 22 23 5 18 10 9 8 20 1 14 12 3 2 21 15
19
14 8 13 10 9 1 23 4 11 6 24 19 17 5 7 16 20 22 18 12 21 3 2 15
12 16 5 22 19 6 8 13 15 10 7 4 17 11 1 2 21 9 18 24 23 3 20 14
20
22 14 20 21 16 2 6 24 3 18 13 8 1 17 12 15 9 5 7 11 19 4 10 23
11 8 5 24 1 15 9 21 17 4 10 7 23 13 16 12 18 3 2 6 20 22 19 14
0
24
1 17 2 115 3 162 4 444 5 38 6 106 7 378 8 250 9 179 11 394 12 96 15 71 16 76 17 393 18 364 19 394 20 21 21 145
2 14 1 402 4 142 5 419 6 225 10 490 15 495 16 169 17 101 18 479 19 313 20 44 21 221 23 138 24 325
3 21 1 458 2 247 4 271 5 250 6 253 7 435 8 446 9 248 10 271 11 137 12 406 13 376 14 169 15 271 17 142 18 157 19 137 20 94 22 138 23 376 24 58
4 18 1 44 2 436 3 449 5 19 8 306 9 170 10 292 11 287 12 464 13 443 15 3 16 109 17 117 18 345 19 16 21 249 23 136 24 163
5 21 1 440 2 88 3 500 4 395 6 52 7 381 8 446 9 172 10 336 11 207 12 427 13 287 15 59 16 92 17 123 19 322 20 138 21 78 22 114 23 248 24 181
6 18 1 2 4 171 5 253 7 11 9 193 10 27 11 389 12 9 13 34 14 78 15 385 17 46 18 321 19 231 20 318 22 143 23 441 24 438
7 20 1 23 2 388 3 29 4 389 6 67 9 132 10 413 11 52 12 494 13 125 14 416 15 246 16 212 17 236 18 101 20 181 21 39 22 109 23 248 24 37
8 16 1 413 2 176 3 227 4 399 5 194 9 479 10 236 12 389 13 200 14 203 15 289 17 35 20 17 22 397 23 177 24 265
9 20 1 48 2 232 3 488 5 69 6 212 7 445 8 252 10 256 12 440 13 274 14 49 15 102 16 196 17 399 19 343 20 152 21 171 22 65 23 362 24 485
10 17 2 215 3 433 7 76 8 287 9 94 11 50 12 405 13 283 14 297 15 271 16 305 17 115 18 216 19 300 20 355 21 198 22 448
11 19 1 449 3 480 4 304 5 213 6 99 7 124 9 48 10 10 12 215 13 365 14 386 15 369 16 261 18 134 19 347 20 380 22 230 23 354 24 227
12 20 1 81 2 278 3 272 4 459 5 70 7 244 8 417 10 458 11 351 13 45 14 483 15 51 16 4 17 287 18 257 19 369 20 47 21 344 22 144 24 423
13 19 1 325 3 230 4 189 5 22 6 332 8 148 9 227 10 126 11 32 12 362 14 55 15 330 17 131 18 451 19 368 20 498 21 260 22 39 24 212
14 16 1 305 5 297 6 297 7 86 8 190 9 142 10 249 11 130 12 49 13 1 16 347 18 499 21 289 22 497 23 71 24 371
15 19 1 209 2 428 3 376 4 119 5 265 6 69 8 129 9 218 10 228 11 488 12 184 13 215 17 162 18 348 19 213 20 233 22 214 23 341 24 292
16 19 1 196 2 186 4 322 5 40 6 490 8 244 9 381 10 343 11 120 12 376 13 196 14 272 15 317 18 193 19 191 20 148 21 79 22 69 23 450
17 17 1 278 2 189 3 207 4 438 6 176 7 22 9 112 10 214 11 493 13 365 14 122 15 463 16 15 18 159 20 386 21 84 24 489
18 18 1 8 2 441 3 73 6 234 7 396 8 376 10 289 11 481 12 191 13 407 14 20 15 368 16 44 17 443 20 236 21 419 22 291 24 310
19 18 1 9 2 440 3 338 4 293 5 455 6 159 7 237 8 469 12 394 13 460 14 271 15 34 16 72 18 219 21 6 22 232 23 351 24 487
20 20 1 173 2 275 3 195 4 273 5 269 7 90 8 133 9 90 10 468 11 432 12 407 13 10 14 488 15 453 16 10 17 108 18 156 21 194 23 66 24 21
21 17 1 150 2 30 3 53 4 119 5 488 6 406 8 319 13 402 14 77 15 114 16 315 17 120 18 201 19 5 20 275 23 237 24 428
22 22 1 407 2 339 3 305 4 496 5 84 6 366 8 300 9 10 10 361 11 415 12 238 13 338 14 337 15 303 16 9 17 355 18 396 19 371 20 193 21 478 23 254 24 389
23 20 1 457 2 88 3 240 4 126 5 272 6 277 7 34 8 27 10 248 12 336 14 457 15 11 16 45 17 128 18 59 19 82 20 493 21 251 22 334 24 91
24 19 1 115 2 186 3 101 4 410 5 429 6 147 7 308 8 28 9 474 11 207 12 279 14 359 15 92 16 117 17 112 18 356 20 212 21 314 23 9
1
8 12 3 23 13 11 21 20 4 22 15 17 5 19 24 10 16 6 9 2 14 18 1 7
12 15 13 23 2 10 8 16 3 4 18 1 21 22 17 5 11 14 19 9 24 20 7 6
2
10 20 22 5 15 24 3 17 6 1 13 19 18 7 4 9 23 16 11 12 14 21 2 8
14 4 12 16 6 2 10 7 21 11 9 23 5 17 1 15 3 13 8 18 19 24 22 20
3
8 9 14 23 4 15 5 24 16 6 20 19 2 21 3 7 18 22 10 12 11 13 1 17
13 17 19 11 23 1 24 20 18 22 16 12 4 9 10 6 8 7 3 2 5 14 21 15
4
13 18 20 15 3 12 24 4 6 11 7 19 16 17 1 5 14 23 21 2 8 22 9 10
14 4 24 11 2 23 19 18 3 20 1 8 15 5 6 16 10 13 7 9 17 12 21 22
5
2 18 11 16 15 1 20 5 13 9 12 10 8 21 24 6 19 22 17 14 3 23 7 4
13 12 21 23 24 3 11 18 14 4 8 5 6 20 7 10 9 2 1 17 15 22 16 19
6
10 18 1 14 19 15 23 24 16 6 5 12 21 22 20 3 8 17 13 2 11 4 9 7
19 12 24 13 7 21 11 1 22 16 3 20 10 23 9 18 5 17 8 6 15 2 4 14
7
18 21 19 5 24 10 12 23 22 3 9 15 17 14 16 7 20 2 4 11 6 13 1 8
1 18 20 22 9 19 12 16 2 3 7 10 21 4 24 8 13 6 15 17 11 5 14 23
8
6 12 7 16 24 22 10 15 21 19 2 17 20 9 8 23 18 3 14 4 1 11 5 13
13 5 9 14 11 16 15 4 3 24 10 12 1 17 21 18 2 22 23 19 7 8 20 6
9
8 15 14 24 3 16 7 4 2 9 19 17 22 13 6 23 18 12 10 5 20 1 11 21
9 3 18 8 16 19 5 13 15 10 22 2 14 20 1 21 4 7 11 23 6 12 24 17
10
3 7 5 16 6 12 4 19 13 17 23 15 2 14 1 9 10 24 21 11 20 22 18 8
11 9 24 3 18 10 20 6 13 16 17 4 15 12 14 8 1 22 19 23 5 21 7 2
11
7 16 6 23 17 4 18 20 3 15 12 24 19 14 9 10 1 13 8 5 2 11 22 21
19 23 10 11 20 17 3 8 21 2 15 5 14 9 13 1 24 16 4 12 7 6 22 18
12
9 7 20 15 5 6 23 8 14 2 16 24 3 4 10 22 18 1 19 17 12 21 11 13
19 3 11 17 15 8 4 20 12 10 9 6 22 5 2 7 23 16 1 14 21 13 24 18
13
11 13 1 24 10 2 7 5 20 18 9 4 16 21 6 15 14 22 17 23 3 12 19 8
10 18 24 7 12 23 17 11 2 22 14 1 19 8 9 15 20 6 16 4 21 5 13 3
14
15 7 9 13 8 1 24 21 22 10 14 5 20 19 17 18 23 11 6 4 2 12 3 16
11 12 7 22 19 15 8 3 16 6 4 18 21 17 9 14 2 5 13 23 10 1 20 24
15
10 5 3 24 15 16 20 18 22 23 14 6 12 1 21 7 17 4 9 13 11 19 8 2
5 3 4 23 20 24 19 12 9 17 8 1 11 7 18 21 10 22 16 15 14 13 2 6
16
4 20 17 5 6 1 10 16 3 11 19 7 15 12 2 14 18 8 24 13 9 21 22 23
4 23 10 6 5 19 11 18 20 13 7 12 17 16 21 2 1 9 8 14 15 22 24 3
17
6 20 12 3 14 11 4 21 18 19 5 15 16 13 8 7 2 9 23 10 17 22 24 1
11 8 6 24 17 15 21 7 23 3 12 18 9 20 22 13 10 16 19 2 1 5 4 14
18
15 19 7 9 10 3 5 24 8 22 21 2 4 11 14 12 1 16 17 20 18 23 6 13
15 5 22 1 18 2 10 21 17 3 13 19 11 9 7 8 6 23 14 4 20 12 16 24
19
16 22 7 18 13 20 14 15 4 11 3 6 17 1 19 8 10 9 2 12 24 5 23 21
6 10 3 20 9 23 2 15 7 1 12 22 16 18 8 5 14 4 24 21 17 19 11 13
20
20 22 10 15 6 14 17 9 7 2 11 13 18 16 8 12 1 5 3 4 23 24 21 19
12 8 13 1 15 2 22 20 6 7 21 4 24 3 17 11 5 19 16 14 10 23 9 18
0
24
1 19 2 189 4 461 5 397 6 64 7 169 8 139 9 132 10 294 11 381 12 131 13 264 15 18 16 77 17 164 18 187 19 256 20 138 21 430 23 19
2 21 1 383 3 267 4 227 5 330 6 249 7 102 8 177 9 468 10 200 11 447 12 90 14 379 15 20 16 268 17 393 18 58 19 458 21 479 22 284 23 195 24 141
3 18 1 383 2 2 4 105 5 107 6 7 7 147 8 446 11 383 13 253 15 249 16 32 18 105 19 369 20 163 21 274 22 457 23 458 24 316
4 17 1 441 3 387 5 444 7 119 8 162 9 305 10 270 11 47 12 132 13 153 14 322 15 492 16 342 17 61 19 245 20 14 21 465
5 21 1 262 2 394 4 479 6 77 7 282 8 92 9 159 10 58 11 392 12 434 13 403 15 144 16 149 17 195 18 27 19 293 20 494 21 193 22 271 23 386 24 184
6 20 1 374 2 27 4 120 5 310 7 208 8 427 9 163 10 429 11 480 12 427 13 405 14 428 15 376 16 371 17 168 18 396 20 7 21 307 22 213 23 442
7 18 1 98 3 239 4 103 5 288 6 84 8 36 9 453 10 423 12 198 13 498 14 63 15 387 17 471 18 344 20 262 21 140 22 98 24 84
8 19 1 343 2 242 3 388 7 273 9 280 10 28 11 342 12 299 13 122 14 459 15 485 16 460 17 475 18 206 19 126 20 84 21 52 22 144 24 74
9 18 1 224 3 437 4 382 5 381 6 99 7 243 11 332 12 425 13 358 15 58 16 25 18 285 19 44 20 457 21 348 22 327 23 348 24 404
10 16 2 172 3 497 4 416 5 437 6 24 7 96 8 281 9 369 12 498 14 399 15 453 16 71 17 424 19 46 21 311 24 146
11 18 1 426 3 416 5 74 7 452 8 147 9 386 10 327 12 59 13 494 14 53 16 239 17 180 18 133 19 35 20 146 21 138 23 132 24 358
12 16 1 445 2 299 4 339 5 46 6 286 7 103 8 465 10 311 15 445 17 244 18 237 19 202 20 88 21 65 23 388 24 144
13 21 1 440 3 322 4 288 5 150 6 76 7 85 8 289 9 439 10 41 11 47 14 454 15 423 16 159 17 301 18 202 19 487 20 388 21 398 22 445 23 88 24 457
14 18 1 247 2 499 3 162 4 435 5 19 6 107 7 485 8 444 10 75 11 52 12 23 15 53 16 143 20 448 21 73 22 74 23 384 24 137
15 19 1 127 4 367 5 90 6 287 7 377 8 269 9 213 10 265 11 277 13 274 14 30 16 489 18 201 19 468 20 196 21 227 22 402 23 242 24 33
16 20 1 154 2 99 3 483 4 462 5 155 6 150 7 332 8 432 10 484 12 436 13 114 15 182 17 127 18 280 19 274 20 48 21 114 22 405 23 425 24 45
17 19 1 169 2 34 4 218 5 193 7 56 8 386 9 67 10 428 11 207 13 326 14 216 15 391 16 377 18 24 20 391 21 433 22 81 23 263 24 426
18 19 1 343 2 335 3 234 4 21 6 328 7 196 8 320 10 130 11 230 12 356 13 462 14 417 16 181 17 265 19 265 21 256 22 381 23 223 24 475
19 18 1 323 3 71 5 52 6 160 7 421 8 76 9 229 10 361 11 478 12 323 13 379 14 65 15 423 18 367 20 300 22 163 23 111 24 390
20 19 1 400 2 57 3 254 4 461 5 448 6 490 7 67 8 148 9 478 10 472 11 177 12 229 13 466 17 354 18 307 19 218 21 311 22 48 24 145
21 15 1 488 2 173 3 33 4 303 7 500 9 17 10 91 13 425 14 262 16 308 17 94 18 155 19 20 23 132 24 203
22 19 2 359 4 393 5 283 6 260 7 313 8 30 9 183 10 210 11 170 13 114 14 236 15 67 16 146 17 131 18 260 19 252 20 472 23 360 24 25
23 19 1 451 2 157 3 416 4 366 5 187 6 378 7 269 9 160 11 208 13 236 14 273 15 305 16 47 17 223 18 31 19 485 20 321 21 268 24 331
24 17 1 371 2 308 3 470 4 418 5 90 7 422 9 404 11 468 12 203 13 12 15 392 16 74 17 197 18 39 19 457 21 376 22 135
1
3 23 12 14 6 2 8 9 24 1 7 19 21 15 13 17 11 4 16 22 10 20 18 5
20 22 23 4 18 19 13 11 7 9 12 24 2 16 8 1 14 6 21 17 3 5 10 15
2
4 16 15 20 24 17 8 3 14 19 22 9 2 13 21 1 23 10 11 7 5 18 12 6
5 18 10 23 20 4 9 8 16 17 22 12 13 1 3 6 19 7 2 15 14 21 24 11
3
8 20 4 24 12 3 21 23 7 9 16 6 11 10 5 1 14 19 17 18 15 2 22 13
2 3 4 21 19 23 14 11 12 13 8 9 7 10 22 6 5 17 15 18 16 1 20 24
4
20 8 15 3 22 13 2 9 1 14 16 21 4 10 6 19 12 11 24 17 5 7 23 18
14 5 20 3 16 6 17 9 15 7 4 12 1 8 19 18 11 13 23 24 10 21 2 22
5
15 7 20 22 5 21 4 1 2 17 9 19 16 12 6 14 13 18 10 11 23 24 8 3
15 7 22 19 23 14 12 6 5 1 10 8 20 16 2 13 4 21 24 9 17 18 3 11
6
21 6 15 22 3 2 13 5 8 23 7 17 20 18 9 19 10 12 16 1 14 24 4 11
24 4 11 9 6 14 13 12 1 5 16 18 3 10 8 22 20 19 7 15 17 23 2 21
7
9 20 4 8 17 23 11 10 24 7 5 19 3 1 6 16 22 13 2 14 15 12 21 18
8 4 14 22 3 6 5 19 15 13 7 12 2 10 11 17 9 1 18 21 16 20 24 23
8
15 21 5 2 18 1 20 13 14 4 8 11 6 12 17 16 10 24 7 22 23 3 19 9
10 23 2 8 17 13 7 5 15 14 20 16 18 22 6 12 11 4 19 1 24 3 21 9
9
8 3 4 14 11 5 1 9 22 20 7 19 16 18 10 13 21 24 12 2 23 6 17 15
13 12 17 22 21 8 3 5 7 6 15 11 20 2 18 10 1 19 16 4 23 24 14 9
10
13 8 1 24 16 7 4 5 20 18 19 6 2 22 21 3 9 17 23 15 10 12 11 14
14 9 13 8 7 11 19 5 3 10 1 24 16 6 23 15 2 21 20 17 22 18 12 4
11
18 6 7 9 3 2 21 16 22 17 4 1 14 15 13 12 10 24 11 20 19 5 8 23
3 18 8 6 15 2 9 22 14 12 5 24 7 4 1 13 16 10 17 19 11 20 21 23
12
18 15 11 2 23 3 10 21 20 1 12 19 16 4 14 5 24 9 13 7 8 22 6 17
15 3 4 1 14 13 24 8 19 7 9 2 18 22 16 21 20 6 10 12 23 5 11 17
13
24 1 13 11 22 7 6 4 16 2 9 18 15 8 17 20 5 23 3 21 12 10 14 19
16 21 3 17 15 14 5 7 19 13 2 9 12 11 24 1 4 6 22 23 8 10 20 18
14
20 9 22 12 23 21 17 14 16 11 19 7 3 2 4 15 13 8 24 6 5 18 10 1
23 2 11 4 10 12 21 5 17 7 19 15 18 3 16 22 13 1 24 14 6 20 9 8
15
17 10 24 9 20 21 13 5 6 16 18 3 4 11 12 7 15 14 22 23 1 2 19 8
8 7 19 23 1 21 22 6 13 24 15 10 11 17 20 18 3 9 12 5 4 14 16 2
16
21 8 19 14 10 22 7 13 5 24 18 20 3 12 15 17 2 11 6 9 1 4 23 16
12 4 20 23 22 8 1 17 24 19 6 3 21 2 11 7 9 15 5 13 14 18 16 10
17
11 6 23 8 19 18 3 24 20 2 5 10 14 17 16 1 22 13 15 4 12 9 7 21
2 13 22 5 21 24 6 7 12 20 17 15 10 11 19 18 14 1 4 23 8 9 16 3
18
8 24 15 11 14 17 18 2 21 3 23 19 9 13 10 20 6 12 7 1 4 5 16 22
3 13 7 14 21 5 9 1 24 15 11 4 23 18 8 19 16 20 12 10 6 22 2 17
19
4 20 14 7 12 15 18 10 24 13 16 5 2 23 11 1 8 21 17 9 22 19 6 3
9 1 3 18 19 23 10 21 5 6 11 14 8 7 12 24 13 2 16 4 22 17 15 20
20
2 3 8 14 5 19 11 16 22 9 4 23 7 6 24 10 1 15 12 20 18 13 17 21
24 12 1 19 23 13 20 11 9 8 2 14 6 18 3 22 4 15 21 10 16 7 17 5
0
24
1 20 2 468 3 35 4 60 5 439 6 307 7 137 8 433 9 105 12 497 13 1 14 421 15 144 16 65 17 410 18 2 20 130 21 125 22 422 23 279 24 297
2 18 1 131 3 63 4 24 5 35 6 14 7 67 8 348 9 10 10 451 11 492 12 100 13 180 14 341 15 306 16 102 20 482 22 165 23 444
3 17 1 54 2 164 4 158 5 348 9 134 10 360 12 385 13 342 14 385 15 413 16 27 17 367 19 217 20 1 21 485 23 37 24 418
4 18 1 133 2 56 5 479 6 438 7 199 8 313 9 380 10 129 13 147 14 224 15 266 16 388 17 63 18 397 19 464 20 124 22 321 23 101
5 19 1 21 2 78 3 366 4 424 6 433 9 54 11 396 12 366 14 47 15 87 16 28 17 410 18 450 19 70 20 301 21 124 22 47 23 308 24 431
6 19 1 216 2 482 3 442 5 64 7 212 8 257 9 83 11 425 12 46 13 459 14 316 15 142 16 393 17 499 19 433 20 5 22 116 23 288 24 417
7 18 1 486 2 393 3 376 5 357 8 334 9 453 10 484 11 393 12 472 13 352 14 171 15 175 17 30 19 470 20 51 21 206 22 196 24 360
8 15 1 188 2 253 4 12 5 363 7 458 10 141 12 15 13 42 15 293 17 115 18 217 19 408 21 202 22 282 23 1
9 17 1 198 2 100 3 473 4 136 5 282 7 482 8 377 10 125 12 249 13 174 14 41 15 67 16 498 18 481 20 296 22 408 24 411
10 17 1 244 2 47 5 254 6 140 8 80 11 480 13 113 14 108 15 419 16 5 17 218 18 118 20 108 21 206 22 434 23 236 24 116
11 17 2 215 3 325 4 373 5 406 6 206 7 482 9 249 10 386 12 488 13 319 15 281 16 148 17 413 20 433 21 31 22 146 23 455
12 15 2 220 4 432 6 278 9 426 10 321 11 418 14 245 15 156 16 358 18 84 19 103 20 128 22 485 23 498 24 348
13 22 1 157 2 206 3 10 4 374 5 227 6 245 7 350 8 244 9 343 10 377 11 375 12 299 14 418 15 256 16 58 17 196 18 38 19 434 20 386 21 149 22 126 23 24
14 17 1 26 3 197 4 477 5 323 6 337 7 231 10 202 12 166 16 23 17 381 18 349 19 35 20 355 21 497 22 414 23 488 24 284
15 16 1 53 2 330 4 348 6 36 7 312 10 400 11 392 12 82 13 142 16 6 17 458 18 196 19 279 20 284 22 370 23 136
16 16 1 218 2 78 3 102 4 321 5 16 6 227 7 364 9 385 11 478 13 243 14 465 17 305 18 94 21 270 22 113 24 163
17 16 2 13 3 353 5 323 6 108 7 100 8 316 10 139 11 485 12 387 13 290 15 379 18 374 19 221 21 90 23 91 24 262
18 18 1 261 2 330 3 135 4 132 5 149 6 425 7 82 8 73 10 265 11 52 12 67 13 483 15 201 17 485 19 299 20 433 22 50 23 48
19 18 2 384 3 400 4 429 5 430 6 373 7 101 9 99 10 206 11 68 12 345 14 54 15 328 16 478 18 339 20 300 21 76 23 394 24 413
20 15 2 190 4 89 5 280 8 189 9 140 10 78 11 53 12 64 13 490 15 237 16 320 17 229 18 191 21 21 24 376
21 17 2 410 3 228 4 489 5 445 6 139 7 86 10 84 11 82 12 123 13 358 14 413 15 375 16 220 17 185 18 359 20 381 23 214
22 20 1 228 2 473 3 69 4 5 5 436 6 121 8 75 9 141 10 457 12 61 13 131 14 376 15 361 16 426 17 327 18 260 19 382 20 79 21 302 24 316
23 19 1 31 3 463 4 431 5 264 6 67 8 12 9 307 10 443 11 423 13 101 14 263 15 312 16 86 17 59 19 157 20 344 21 29 22 419 24 95
24 18 1 252 2 233 3 51 4 87 5 313 7 383 8 226 9 288 10 378 11 485 14 286 15 411 16 324 17 188 18 16 20 83 21 396 22 114
1
2 19 14 11 5 15 9 17 12 1 6 18 4 10 13 8 20 3 16 21 7 23 24 22
22 16 19 21 4 5 23 8 18 12 15 1 2 10 24 6 17 20 9 7 3 13 11 14
2
9 14 6 10 22 21 16 24 20 15 7 1 17 5 8 12 4 3 18 23 13 2 19 11
18 10 8 24 19 7 13 17 23 11 3 20 15 22 12 9 5 21 4 1 14 6 16 2
3
13 12 7 24 20 6 8 16 1 21 22 17 10 11 23 15 5 4 14 19 3 18 9 2
17 5 9 2 21 23 15 6 24 16 3 22 19 20 18 11 10 13 12 4 7 14 8 1
4
11 6 12 9 21 10 1 2 17 3 24 20 23 16 5 22 14 4 15 18 8 19 13 7
1 24 7 16 4 10 8 12 6 13 17 22 23 2 11 20 5 15 14 3 21 18 9 19
5
5 17 11 22 2 19 18 6 1 9 8 4 14 16 10 3 23 24 21 20 13 15 7 12
20 1 3 18 15 16 21 17 23 10 13 11 9 7 4 8 14 2 24 6 19 22 5 12
6
21 9 1 18 11 14 6 17 3 24 20 13 8 5 10 19 4 16 12 7 15 23 2 22
19 22 8 16 17 18 23 3 12 11 2 7 1 15 14 24 5 4 13 6 20 10 9 21
7
15 1 6 10 19 2 18 5 9 24 11 17 4 20 21 8 16 7 12 14 22 13 23 3
11 1 17 14 6 12 13 20 10 8 21 7 16 2 4 19 5 18 3 24 22 9 23 15
8
1 2 22 16 4 11 15 20 21 18 3 19 17 10 8 13 7 12 23 24 6 5 9 14
9 21 10 16 2 18 8 14 12 17 20 4 23 3 1 11 19 7 15 22 5 13 6 24
9
21 15 14 5 10 9 22 2 12 18 17 11 23 8 7 24 20 13 1 16 3 19 4 6
23 18 2 4 15 1 17 16 20 19 8 22 24 6 21 9 7 14 12 5 11 3 13 10
10
20 19 8 15 5 12 1 14 10 18 9 22 24 6 4 21 16 23 11 3 13 17 7 2
23 5 21 15 18 17 19 9 10 2 8 20 16 1 12 13 11 22 14 24 6 7 3 4
11
15 16 2 21 18 6 12 3 5 20 4 10 22 11 17 13 9 19 14 8 7 1 24 23
15 13 9 4 22 1 7 12 16 10 5 23 24 20 19 17 8 3 11 6 14 2 21 18
12
1 20 15 16 13 19 7 17 12 23 10 24 8 6 3 2 14 11 5 22 18 9 4 21
19 6 2 14 5 23 1 24 18 12 3 20 7 17 10 21 13 9 16 22 4 8 11 15
13
7 14 20 10 17 6 9 16 15 4 5 2 18 23 12 13 21 3 22 11 19 1 8 24
21 2 10 4 14 1 18 17 22 23 5 15 8 11 9 20 19 16 13 6 12 24 7 3
14
21 16 14 4 12 24 15 3 10 2 22 17 1 23 13 7 6 8 5 20 19 11 18 9
7 9 11 6 15 13 17 19 4 2 23 16 10 5 14 18 12 21 1 3 20 22 8 24
15
24 6 18 13 3 23 19 21 4 7 20 9 1 11 15 14 12 8 16 17 2 10 5 22
18 21 17 5 2 4 7 24 13 22 14 8 12 6 19 11 16 1 10 23 9 15 20 3
16
23 1 3 20 9 21 5 19 16 22 13 8 15 24 14 18 12 17 6 11 4 7 2 10
24 14 13 1 9 10 23 5 22 12 11 18 4 21 20 2 15 19 17 3 16 7 6 8
17
18 19 17 5 23 6 20 21 4 14 10 1 13 11 8 12 3 15 22 24 2 16 7 9
7 16 13 11 5 1 20 9 10 14 4 3 8 18 17 15 21 19 12 2 6 22 24 23
18
22 8 1 14 7 6 18 5 21 17 24 15 2 20 9 4 11 19 23 16 10 3 12 13
10 1 4 17 21 20 16 14 22 9 24 7 5 19 8 2 3 18 13 6 11 12 15 23
19
7 22 24 2 17 21 14 3 20 8 1 5 9 12 10 23 16 19 15 6 18 13 11 4
6 16 20 7 22 10 18 4 13 3 2 11 15 14 17 9 1 5 23 12 19 8 24 21
20
15 16 22 13 19 8 9 7 14 20 4 11 18 1 5 6 3 2 21 24 12 17 23 10
15 16 17 7 21 18 23 8 3 24 4 2 1 20 10 12 19 14 22 11 9 6 13 5
0
24
1 19 2 46 3 65 4 311 5 365 7 116 8 34 9 59 10 83 11 35 12 428 13 30 14 468 16 143 18 375 19 373 20 142 21 347 23 22 24 43
2 17 1 120 3 88 5 121 6 257 8 56 9 55 10 492 14 173 15 310 16 258 17 257 18 497 19 361 20 487 22 92 23 240 24 294
3 17 1 46 2 339 5 265 7 280 8 350 9 444 10 269 11 11 12 10 13 404 14 415 15 152 18 128 19 325 21 380 23 189 24 230
4 17 1 147 3 165 5 153 6 187 8 51 9 298 10 438 11 111 13 500 14 462 15 109 17 118 18 37 19 344 22 350 23 315 24 135
5 21 1 65 2 462 3 364 6 114 7 459 8 222 9 47 10 195 12 152 13 460 14 162 15 227 16 300 17 256 18 445 19 88 20 201 21 235 22 315 23 391 24 447
6 20 1 500 4 487 5 105 7 349 8 59 9 267 10 198 11 384 12 348 13 30 14 136 16 38 17 125 18 251 19 349 20 443 21 3 22 257 23 74 24 247
7 17 1 377 2 156 3 193 4 324 5 37 6 46 8 253 10 118 11 229 12 69 14 476 15 265 17 479 18 214 19 6 20 82 24 471
8 19 1 35 2 302 4 22 5 195 6 81 7 410 9 379 11 470 12 261 14 59 15 323 16 411 17 183 18 495 19 197 20 285 21 308 23 269 24 216
9 16 2 46 3 193 5 22 7 152 8 118 10 184 11 390 12 197 13 236 14 80 16 495 17 39 20 441 21 116 23 459 24 368
10 18 2 222 3 388 5 200 6 497 7 207 8 407 11 76 13 435 15 220 16 300 17 196 18 79 19 360 20 228 21 329 22 208 23 116 24 211
11 22 1 271 2 21 3 407 4 326 5 39 6 123 7 183 8 280 9 147 10 262 12 254 13 114 14 236 15 271 16 160 17 425 18 249 19 65 20 253 21 450 22 216 23 414
12 17 1 456 6 229 7 491 8 28 9 7 10 60 11 160 14 176 15 448 16 181 18 440 19 151 20 450 21 164 22 361 23 226 24 46
13 19 1 383 3 403 4 109 5 453 6 86 7 400 8 94 9 294 11 492 12 374 15 58 16 105 17 15 18 255 19 317 20 28 21 483 22 327 24 134
14 21 1 228 2 52 3 496 4 456 5 165 6 172 8 211 9 287 10 486 11 367 12 380 13 248 15 466 16 310 18 159 19 273 20 11 21 254 22 154 23 231 24 44
15 18 2 475 3 437 4 11 5 131 6 396 9 322 10 399 11 299 12 47 13 448 17 74 18 324 19 395 20 377 21 249 22 80 23 292 24 439
16 19 3 391 4 99 5 302 7 446 8 252 9 345 10 291 11 366 12 75 13 384 14 113 15 83 17 332 18 220 19 469 20 237 21 415 22 157 23 471
17 17 1 35 2 44 4 5 5 32 6 193 8 306 11 212 12 47 14 258 16 125 18 457 19 181 20 213 21 55 22 482 23 86 24 157
18 19 1 127 3 164 5 499 6 255 7 283 8 399 9 43 10 422 11 346 12 478 13 209 14 459 15 32 16 138 17 175 19 78 20 188 23 358 24 344
19 14 2 397 4 442 5 83 6 362 10 489 11 141 12 460 14 8 15 62 16 225 18 290 21 191 22 404 23 86
20 21 1 238 2 450 4 330 5 189 6 126 7 280 9 163 10 14 11 69 12 498 13 436 14 37 15 374 16 300 17 161 18 44 19 369 21 304 22 474 23 112 24 136
21 17 1 5 2 436 3 372 5 194 6 314 7 453 8 413 9 446 10 125 12 343 15 105 17 279 18 110 19 298 22 140 23 130 24 11
22 18 1 386 2 326 3 2 4 406 5 398 6 62 7 317 8 3 9 2 10 301 11 26 12 265 13 187 14 62 15 139 16 394 17 137 24 218
23 19 1 6 2 465 3 480 6 370 8 285 9 89 10 315 11 289 12 311 13 66 14 369 15 61 16 198 17 488 18 321 19 40 20 266 22 409 24 30
24 20 1 271 2 232 3 493 4 183 5 428 6 498 8 492 9 242 10 470 11 433 12 166 13 64 15 145 16 2 17 440 18 29 19 161 21 389 22 260 23 467
1
13 24 15 3 4 8 20 17 19 18 22 6 23 16 7 14 12 9 5 2 11 10 1 21
13 7 10 5 16 3 18 2 11 19 14 24 4 23 1 9 21 6 8 12 20 22 15 17
2
17 15 3 16 12 11 9 1 5 18 8 22 10 14 7 21 20 4 19 24 23 6 2 13
16 2 4 9 8 20 13 3 1 19 14 15 7 23 5 18 17 6 10 22 21 11 12 24
3
10 12 13 20 11 4 16 2 9 14 6 17 21 3 19 1 22 24 18 5 23 7 8 15
7 1 23 6 10 16 19 22 4 2 5 14 20 11 9 8 21 12 15 17 13 24 18 3
4
13 8 18 12 6 21 23 24 11 20 7 5 10 19 2 9 22 17 16 3 14 4 1 15
15 24 19 7 20 10 12 9 21 18 17 2 6 3 22 4 16 23 13 11 14 8 1 5
5
22 8 9 7 18 3 14 4 17 6 5 10 11 15 24 19 1 12 20 13 2 16 21 23
23 17 11 5 12 24 15 13 20 2 4 10 3 18 7 22 1 8 21 9 19 14 16 6
6
16 14 22 19 18 6 5 21 13 20 12 1 24 4 8 17 9 10 23 7 3 11 2 15
15 20 8 19 14 13 1 23 10 3 17 6 12 7 24 18 16 2 22 4 9 11 21 5
7
17 16 4 18 12 2 5 10 9 21 6 11 1 7 23 22 24 14 20 3 8 19 13 15
16 24 14 10 4 3 21 2 15 17 19 18 23 11 6 22 12 9 20 5 13 7 1 8
8
2 6 15 20 16 18 5 22 21 9 14 7 23 4 12 3 10 11 19 1 24 17 13 8
9 17 14 6 4 3 16 13 1 10 5 12 23 2 24 11 18 7 8 22 20 19 21 15
9
6 8 24 16 10 22 4 23 15 20 3 14 19 7 1 12 9 11 17 5 21 13 2 18
10 20 21 18 7 2 3 12 13 5 1 17 24 11 4 22 16 19 23 6 14 8 15 9
10
5 11 13 21 10 14 17 2 6 23 7 1 22 4 12 20 3 9 19 8 24 18 16 15
17 24 2 5 8 16 6 15 18 20 10 3 19 21 4 22 12 9 7 13 14 1 23 11
11
1 12 22 6 11 2 21 13 18 17 8 20 4 5 19 24 7 15 23 16 3 9 10 14
4 9 12 20 21 8 16 14 3 2 15 24 5 13 19 6 17 7 23 11 10 18 22 1
12
12 1 24 18 7 3 19 23 8 5 21 9 11 6 16 10 17 2 20 13 4 22 15 14
1 23 18 22 17 24 9 14 11 10 19 7 20 15 8 5 13 12 16 4 3 6 2 21
13
15 18 10 23 11 7 4 24 6 14 12 2 3 22 21 16 8 13 20 5 1 19 9 17
11 2 10 7 21 4 9 3 14 12 19 24 1 13 16 20 6 18 23 17 8 5 22 15
14
18 9 24 8 1 7 13 20 2 12 22 5 23 15 17 3 10 21 4 6 16 11 19 14
23 13 16 2 6 24 9 15 22 8 14 21 10 20 19 5 7 3 4 12 18 11 1 17
15
16 6 1 13 21 20 10 14 12 5 23 19 18 24 4 9 15 3 2 22 11 7 8 17
12 7 4 20 21 3 10 15 6 19 22 24 17 13 1 23 8 11 16 14 5 9 2 18
16
23 19 4 17 12 22 8 2 10 1 18 7 13 6 21 20 16 15 3 24 11 5 9 14
8 7 14 15 2 10 13 19 22 24 23 3 20 21 1 11 16 12 9 18 17 6 4 5
17
4 3 17 24 14 13 11 23 2 10 12 15 22 20 7 18 16 1 8 19 5 9 21 6
1 22 19 6 18 13 10 3 12 24 15 4 20 17 9 21 23 7 11 2 14 16 8 5
18
15 24 16 4 18 14 20 21 12 2 13 17 9 8 1 10 7 23 6 19 3 5 22 11
2 12 19 5 22 3 14 1 21 16 13 8 17 18 4 23 24 10 6 9 7 11 20 15
19
22 24 23 8 5 6 10 11 17 4 13 15 9 7 3 14 1 21 20 2 18 12 19 16
14 11 4 18 7 9 16 24 10 13 23 5 6 8 15 21 2 1 12 22 20 3 19 17
20
7 4 5 15 23 3 22 2 1 14 8 13 24 12 11 10 16 9 18 21 19 20 17 6
14 11 6 23 9 17 20 13 22 10 2 1 18 16 5 7 24 3 12 4 19 15 8 21
0
24
1 17 2 276 3 37 4 289 6 52 8 233 9 346 12 139 13 45 14 196 15 50 17 423 18 212 19 59 20 76 21 457 22 311 23 118
2 19 1 452 3 355 4 484 5 209 6 320 7 26 8 495 9 477 10 336 11 179 12 274 13 255 15 148 16 313 19 44 20 212 22 480 23 71 24 61
3 17 1 304 2 21 4 364 5 112 6 324 7 409 8 18 9 345 11 154 13 93 14 401 17 470 18 376 19 1 20 484 21 183 23 41
4 18 1 468 2 346 5 79 6 467 8 317 10 148 11 268 12 221 13 1 14 392 15 258 16 448 17 116 18 107 20 494 21 477 23 471 24 447
5 19 1 231 2 121 3 453 6 21 7 442 8 180 9 470 10 88 11 485 13 368 14 479 17 313 18 459 19 223 20 382 21 429 22 474 23 347 24 26
6 20 1 470 3 404 4 52 5 448 7 440 8 141 9 364 10 479 12 249 13 337 14 169 15 134 16 391 17 194 18 73 19 204 21 423 22 151 23 381 24 334
7 17 1 272 3 462 4 448 5 364 6 89 8 459 9 79 10 149 11 432 12 54 15 1 16 499 17 81 18 290 19 364 22 192 23 423
8 21 1 499 2 82 3 422 4 469 5 139 6 216 7 364 9 105 10 452 11 337 12 135 13 396 14 363 15 438 16 260 17 92 18 183 20 163 22 422 23 433 24 91
9 19 1 277 2 138 3 334 4 376 5 469 6 188 8 164 10 55 11 254 12 165 14 68 16 391 17 85 18 472 20 38 21 458 22 386 23 174 24 350
10 18 1 154 3 121 4 150 6 336 7 214 9 290 11 375 12 181 13 369 14 239 15 330 16 320 17 56 18 274 21 300 22 108 23 42 24 245
11 22 1 279 2 421 3 122 4 236 5 351 6 54 7 90 8 110 9 260 10 481 13 356 14 330 15 494 16 38 17 427 18 200 19 437 20 60 21 80 22 408 23 385 24 287
12 18 1 319 2 287 3 465 7 324 8 111 9 474 10 32 11 345 13 201 14 229 15 229 16 334 17 125 18 221 19 20 22 172 23 307 24 431
13 19 1 352 2 353 3 380 4 411 5 478 6 484 7 407 8 378 9 43 11 91 14 490 15 87 16 86 18 271 20 278 21 365 22 256 23 66 24 92
14 19 1 147 2 304 3 181 4 23 5 143 6 436 8 490 9 375 10 181 11 269 13 263 15 299 16 392 18 192 19 4 20 38 21 439 22 18 23 467
15 20 1 130 2 346 3 288 4 88 5 135 6 460 7 116 9 441 10 181 11 396 12 442 14 348 16 298 17 30 18 258 19 249 20 238 21 335 23 75 24 329
16 18 1 451 2 223 3 433 6 49 7 9 9 362 10 418 11 296 12 29 13 19 14 413 15 281 17 13 18 205 19 243 22 438 23 205 24 71
17 19 1 43 2 14 3 22 4 154 5 430 7 50 8 395 9 382 10 97 11 70 12 378 14 497 15 45 16 429 18 97 20 183 21 20 22 351 23 250
18 20 1 336 2 443 3 177 4 353 5 305 6 500 7 441 8 405 9 81 10 495 12 204 13 412 15 3 16 488 17 420 20 138 21 289 22 437 23 455 24 392
19 17 1 240 2 298 3 320 4 382 5 16 6 453 7 266 8 100 9 468 10 154 11 282 15 174 16 461 18 286 21 76 23 314 24 135
20 18 1 94 2 212 3 60 4 357 5 43 7 408 8 337 9 264 11 403 12 178 13 74 14 223 15 484 16 478 19 72 21 217 22 37 24 159
21 17 1 436 2 329 4 290 5 131 6 365 7 392 8 329 10 224 11 351 13 98 15 108 16 398 17 217 18 302 19 381 20 448 24 275
22 20 1 32 3 345 4 90 5 393 7 11 8 101 9 130 10 468 11 212 12 449 14 499 15 393 16 466 17 9 18 386 19 27 20 409 21 116 23 132 24 92
23 18 1 137 3 359 6 104 7 410 8 265 9 259 11 109 12 66 13 213 14 25 15 37 16 237 17 229 18 203 19 447 20 237 21 74 22 398
24 17 1 223 2 179 3 268 4 256 6 183 7 115 8 157 10 265 11 456 12 71 13 468 14 89 15 234 16 374 20 485 21 273 23 330
1
6 9 23 17 21 22 24 20 14 5 11 2 3 7 8 13 10 19 4 16 18 15 1 12
9 12 21 1 8 16 13 5 19 2 6 17 23 24 18 20 14 4 7 11 15 22 10 3
2
18 14 3 20 11 16 21 17 13 5 4 1 6 2 8 12 24 23 19 22 10 15 7 9
20 7 4 6 8 13 19 22 14 5 11 21 12 3 15 18 17 10 9 2 24 16 23 1
3
1 20 7 8 10 15 2 11 12 6 19 3 17 14 4 24 13 22 18 9 21 16 23 5
24 4 17 8 10 15 16 3 23 22 2 1 14 12 6 21 11 9 18 13 7 20 5 19
4
7 18 22 6 8 3 15 9 20 2 19 10 23 24 21 11 5 16 4 17 14 12 13 1
6 24 12 8 19 1 13 7 3 15 9 21 10 16 4 5 18 2 22 17 14 20 23 11
5
12 9 21 11 22 3 24 10 17 4 5 6 23 7 14 1 8 18 13 16 20 19 15 2
21 15 17 6 1 13 10 4 24 19 23 16 14 5 2 9 7 20 8 11 18 12 3 22
6
10 13 4 3 12 5 8 14 9 23 1 22 21 11 2 6 20 17 18 16 7 15 24 19
19 12 14 5 6 7 4 18 3 1 11 15 23 16 8 13 22 21 9 20 24 17 10 2
7
7 15 12 9 3 2 16 1 10 5 18 21 8 11 23 24 6 19 22 14 13 20 4 17
18 22 5 6 21 10 23 2 12 16 15 11 8 3 4 9 24 19 7 20 13 14 1 17
8
12 3 16 24 7 21 11 6 5 4 22 19 2 13 10 9 23 20 15 1 14 8 18 17
15 2 18 3 20 7 19 13 9 5 23 10 1 24 12 17 4 22 21 11 16 8 6 14
9
8 21 17 10 15 3 24 7 5 14 20 18 13 23 22 9 4 11 1 2 12 16 19 6
1 18 17 4 24 22 6 19 3 16 12 13 21 7 23 15 10 5 9 8 20 14 11 2
10
17 4 1 15 24 5 2 10 6 11 21 23 7 22 12 9 20 16 18 8 13 3 14 19
9 24 17 21 7 1 22 10 14 12 8 16 19 2 6 4 13 11 18 5 15 23 3 20
11
17 11 20 23 8 16 22 24 2 19 12 3 5 10 9 15 21 13 1 7 6 14 4 18
22 18 17 19 23 8 12 15 13 5 4 3 1 2 6 20 9 7 10 11 21 16 14 24
12
15 7 20 22 11 5 21 19 8 4 14 9 12 24 2 1 17 16 10 23 3 6 18 13
16 18 1 8 10 7 22 12 11 21 4 3 14 2 9 13 24 6 20 19 23 15 17 5
13
20 14 10 6 8 4 17 7 19 15 23 12 18 16 21 5 9 3 11 2 1 22 13 24
4 8 7 1 20 23 3 6 18 24 17 22 16 9 14 10 15 21 11 13 5 2 19 12
14
15 12 9 19 18 16 7 11 10 4 14 20 5 6 13 8 21 1 2 22 23 3 17 24
20 15 22 2 21 14 19 24 1 12 8 9 23 17 13 10 7 3 4 11 18 6 5 16
15
10 15 19 14 24 4 16 12 23 6 13 1 18 8 9 20 22 7 17 11 3 21 2 5
2 3 9 16 8 6 22 7 14 1 11 21 13 4 12 5 15 24 23 10 18 20 19 17
16
6 14 13 20 3 8 12 17 19 22 24 5 10 18 23 9 2 7 4 15 21 16 11 1
23 6 12 3 13 2 18 5 24 14 16 20 21 9 22 10 7 11 8 1 15 4 19 17
17
1 19 21 24 7 23 3 2 10 6 11 9 20 14 22 13 17 5 16 18 15 4 8 12
5 21 24 22 7 17 1 23 12 19 20 6 2 11 13 10 9 15 3 18 8 4 16 14
18
14 4 6 9 8 1 5 3 10 11 15 24 21 16 13 12 2 18 23 17 22 7 19 20
17 3 19 4 16 22 10 14 15 11 9 12 6 23 2 13 20 1 24 21 8 5 7 18
19
12 23 5 3 15 9 20 17 18 10 2 1 16 6 24 19 11 21 13 22 7 4 14 8
1 23 20 6 24 4 10 18 11 8 21 14 3 5 7 12 15 17 19 9 13 16 22 2
20
1 8 15 3 13 17 12 9 6 16 19 2 14 5 24 10 20 21 11 23 7 4 22 18
18 1 17 22 13 8 16 10 23 7 24 2 9 4 6 14 5 3 11 21 15 19 20 12
0
24
1 18 3 414 4 290 5 161 6 23 7 51 8 181 9 30 10 285 11 278 13 423 15 180 16 191 17 192 19 124 20 206 21 487 22 125 24 354
2 18 1 354 3 136 4 230 6 67 7 225 8 313 9 73 10 44 11 191 12 421 13 306 15 318 16 495 17 350 18 382 20 263 22 242 24 193
3 19 2 105 4 120 6 203 7 455 8 114 9 293 10 157 11 468 12 274 13 487 14 339 16 22 17 177 18 210 19 88 20 106 21 418 22 78 24 65
4 19 1 486 3 450 5 499 6 260 7 109 8 396 9 476 10 183 11 133 13 59 14 26 15 118 16 111 17 3 19 408 20 203 21 461 22 415 24 119
5 20 1 498 2 486 3 305 4 195 7 324 8 47 9 34 10 339 11 204 12 404 13 200 14 286 15 46 16 304 17 351 19 373 20 68 21 312 22 190 23 305
6 17 2 46 3 35 5 237 7 90 9 255 10 226 11 86 13 130 14 313 15 325 17 327 18 218 19 57 20 317 21 294 22 426 24 171
7 13 6 129 8 59 10 112 11 421 12 284 13 300 14 329 15 454 17 276 19 379 22 208 23 478 24 398
8 17 1 330 2 118 4 279 6 313 7 104 9 438 11 452 12 398 14 6 15 423 16 357 17 248 18 452 20 450 21 492 22 139 23 281
9 21 1 144 2 478 4 46 5 58 6 102 7 337 8 326 10 252 11 402 12 184 13 198 14 128 15 30 16 262 17 333 18 392 19 69 20 237 21 365 23 247 24 253
10 17 1 110 2 460 3 86 4 265 6 188 7 420 9 432 12 55 13 195 14 496 15 91 18 391 19 48 20 493 22 166 23 69 24 199
11 18 1 17 2 268 4 174 5 276 6 36 7 99 8 271 13 282 14 220 16 60 17 35 18 39 19 411 20 113 21 57 22 166 23 215 24 100
12 19 2 263 3 363 4 344 6 429 7 142 8 433 9 266 10 451 11 42 13 415 14 417 15 430 16 71 18 425 19 181 21 193 22 4 23 327 24 184
13 18 1 300 2 267 4 251 5 415 6 43 7 229 8 60 9 329 11 81 12 125 14 391 15 228 16 392 20 426 21 437 22 4 23 62 24 118
14 18 1 440 2 54 3 248 4 99 6 352 7 274 10 88 11 464 12 457 13 379 15 14 16 195 17 113 18 375 21 259 22 240 23 242 24 65
15 20 1 480 2 42 3 235 4 174 5 31 6 381 8 136 9 478 10 441 11 339 12 162 13 37 14 394 16 20 17 78 19 56 21 337 22 167 23 478 24 172
16 16 2 422 5 83 6 400 8 277 9 363 11 113 12 327 13 136 15 448 17 303 18 452 19 336 20 465 22 177 23 402 24 257
17 18 1 221 3 4 5 191 6 93 7 432 8 457 9 312 10 167 12 321 13 331 14 193 16 200 18 89 20 3 21 433 22 131 23 426 24 287
18 21 1 473 3 22 4 154 5 31 6 282 7 381 8 400 9 222 10 254 11 333 12 324 13 389 14 339 16 152 17 181 19 238 20 496 21 454 22 75 23 101 24 75
19 17 1 87 3 251 4 462 5 210 6 218 8 300 9 240 10 384 11 152 12 239 13 209 14 132 17 78 18 11 21 204 22 443 24 412
20 19 1 41 2 458 3 244 6 43 7 248 8 205 9 493 10 70 11 112 13 111 14 138 16 402 17 357 18 157 19 59 21 463 22 500 23 210 24 201
21 17 1 12 2 494 3 180 4 214 5 120 7 249 8 12 9 372 10 209 11 165 12 252 13 292 14 395 15 358 17 217 22 429 23 42
22 16 1 28 2 399 3 15 4 202 5 329 6 332 8 463 9 331 11 163 12 350 13 262 16 297 20 329 21 210 23 382 24 459
23 19 2 346 3 63 4 235 5 293 6 95 7 8 8 99 9 32 10 434 11 415 13 28 14 466 15 126 16 406 18 40 19 8 21 470 22 344 24 320
24 18 1 145 2 282 3 442 4 96 5 298 6 163 8 428 9 409 11 418 13 108 15 283 16 130 17 285 18 76 19 96 20 38 22 441 23 366
1
18 16 14 7 1 12 11 10 24 13 17 8 4 22 9 15 3 21 5 23 19 2 20 6
4 9 21 13 5 10 23 16 7 1 22 12 6 2 24 14 18 8 3 11 20 19 15 17
2
3 14 5 7 24 20 18 12 23 17 10 13 22 1 4 15 19 8 11 2 9 21 6 16
24 20 18 21 4 22 8 23 17 12 2 11 9 10 5 3 15 14 6 1 16 7 13 19
3
15 19 6 10 16 8 20 14 18 24 7 5 9 17 12 4 21 2 23 22 3 11 1 13
5 7 3 21 4 11 12 20 13 18 16 19 10 24 1 15 14 22 9 17 8 6 23 2
4
23 13 22 12 24 15 18 9 4 8 5 20 2 10 14 16 3 7 19 1 11 21 6 17
3 4 8 18 13 24 10 16 22 14 1 23 12 21 15 5 17 9 19 20 6 7 2 11
5
11 19 3 7 6 17 23 16 24 4 9 13 10 1 12 18 22 8 2 15 21 14 20 5
14 24 11 10 2 17 19 4 18 5 1 12 6 9 3 7 20 16 23 13 8 22 21 15
6
18 2 8 19 11 5 3 4 14 22 7 17 1 9 20 6 13 16 24 21 23 10 12 15
18 20 13 21 2 12 16 8 3 17 6 15 14 7 9 19 10 22 23 4 5 24 11 1
7
14 15 16 17 4 22 6 12 20 9 24 18 1 13 21 3 10 7 2 23 5 8 11 19
6 11 17 24 14 20 2 19 4 18 23 15 5 12 16 21 3 13 7 1 22 10 8 9
8
5 19 13 11 22 3 4 23 2 6 10 1 15 24 14 20 12 9 7 21 8 17 16 18
20 18 3 7 15 19 17 4 2 9 10 5 6 14 12 16 21 8 11 23 24 1 13 22
9
6 4 17 7 19 3 9 18 10 5 15 13 1 23 24 8 2 12 21 16 20 11 22 14
8 7 12 6 10 18 5 16 9 3 15 22 23 1 19 2 13 4 14 24 21 17 20 11
10
3 5 13 10 15 21 20 8 19 12 22 18 14 17 4 23 6 7 9 24 1 11 16 2
5 15 19 24 17 2 6 14 23 21 3 13 4 8 18 20 22 16 7 12 1 11 9 10
11
11 10 24 6 15 14 16 4 21 7 23 8 20 18 13 9 1 2 17 12 3 22 19 5
23 1 19 5 11 18 17 14 2 3 16 22 9 12 8 7 21 24 20 4 13 6 10 15
12
6 22 4 8 1 23 15 12 5 10 14 17 13 7 3 18 2 9 11 19 20 21 24 16
10 16 24 9 15 1 11 6 8 5 22 3 23 20 2 17 18 4 13 14 21 7 12 19
13
24 21 12 6 11 23 10 18 16 5 22 14 17 19 3 8 13 15 7 2 4 9 1 20
19 24 4 5 7 2 17 12 23 20 9 22 15 11 8 3 6 18 21 1 13 16 14 10
14
10 12 7 23 24 20 11 5 22 16 13 9 2 3 1 15 4 18 14 8 6 19 17 21
16 1 24 4 3 14 22 18 10 7 23 6 5 20 8 19 21 9 12 15 11 13 2 17
15
2 16 9 5 1 4 21 10 19 6 23 3 8 24 15 22 7 18 13 11 20 14 12 17
1 11 17 19 23 8 15 24 16 6 13 22 4 7 14 21 10 18 20 2 5 12 3 9
16
15 19 18 14 16 6 3 20 7 23 10 11 5 9 21 13 8 12 17 1 24 22 2 4
12 5 23 8 13 11 15 2 20 17 22 19 21 4 24 10 6 1 7 18 9 14 16 3
17
8 5 23 7 13 17 19 2 16 24 3 6 12 10 15 18 20 11 14 9 21 22 4 1
3 6 8 5 21 1 2 11 16 13 19 9 10 24 18 14 23 7 15 17 20 4 22 12
18
3 9 18 2 22 1 20 10 8 13 19 16 11 23 6 12 21 24 7 5 4 17 15 14
24 4 2 6 22 12 21 18 16 5 11 13 10 7 15 8 20 1 19 23 14 9 17 3
19
7 18 13 21 22 8 19 5 6 23 17 24 11 16 15 3 2 1 14 9 12 20 4 10
14 15 1 9 6 5 7 20 23 3 17 10 22 24 21 13 2 11 12 16 4 18 8 19
20
5 23 3 14 20 22 4 7 15 12 19 17 11 18 8 13 9 10 1 21 16 6 2 24
5 21 18 15 14 17 3 6 2 9 19 12 24 8 22 20 13 7 11 1 10 23 4 16
0
24
1 20 2 85 3 500 4 423 5 400 7 345 8 228 9 472 10 413 11 19 12 179 13 493 15 489 16 152 17 352 18 458 19 138 21 451 22 173 23 260 24 13
2 21 3 251 4 374 5 278 6 236 7 486 8 29 9 335 10 52 11 110 12 1 13 158 14 359 15 177 16 289 17 498 18 39 19 301 20 301 22 30 23 162 24 476
3 19 1 179 2 272 4 38 5 212 6 435 7 39 8 339 9 16 10 356 14 55 15 375 16 406 17 268 18 5 20 437 21 1 22 1 23 377 24 318
4 14 1 30 5 175 6 241 7 240 8 327 9 95 10 441 11 339 14 241 16 264 18 110 20 306 21 475 23 464
5 20 1 149 2 117 3 229 4 268 6 16 7 76 8 187 10 132 11 28 12 328 14 351 15 156 16 381 17 207 18 238 19 194 20 247 21 116 22 18 23 22
6 18 1 123 2 40 3 271 5 165 7 252 8 438 9 447 10 6 11 282 12 150 13 421 15 432 16 307 17 373 18 129 20 326 21 117 24 135
7 20 1 70 2 197 3 474 4 428 5 62 6 399 8 122 9 343 10 148 11 214 12 366 13 95 14 498 15 373 16 262 18 494 19 207 21 466 23 65 24 10
8 16 1 247 2 483 3 295 4 483 5 170 6 368 10 126 11 7 12 326 13 442 16 481 17 312 19 58 21 61 22 415 24 472
9 17 1 385 2 420 3 47 7 486 8 476 10 143 11 256 12 398 15 106 16 350 17 298 18 383 20 372 21 2 22 494 23 485 24 349
10 21 1 158 2 453 3 3 4 349 5 20 7 165 8 432 9 467 11 230 12 55 13 498 14 296 15 92 16 273 17 301 18 57 19 33 20 114 22 103 23 429 24 258
11 19 1 212 2 252 3 263 4 397 5 69 6 57 7 246 8 111 9 305 13 180 14 379 15 349 16 178 17 101 18 51 19 372 20 193 22 155 24 362
12 15 1 295 2 408 3 151 4 189 5 390 6 42 9 189 10 474 14 146 15 155 17 144 19 139 21 400 22 453 23 125
13 17 1 233 2 474 3 400 4 219 5 103 6 140 7 115 9 87 10 392 12 255 17 413 18 208 19 320 20 118 21 69 22 317 24 266
14 21 2 180 3 303 4 156 5 481 6 157 7 40 8 466 9 119 10 250 11 312 12 447 13 385 15 15 16 111 17 500 18 399 19 221 20 17 21 139 22 349 23 28
15 20 1 248 2 50 4 340 5 247 6 241 7 65 8 500 9 36 11 479 12 99 13 85 14 97 16 477 17 433 18 74 19 354 20 241 21 125 23 443 24 103
16 18 1 101 2 279 3 339 6 407 7 11 8 193 9 318 10 397 11 405 12 450 13 66 14 27 17 422 19 232 21 331 22 358 23 164 24 272
17 18 1 283 2 153 3 48 4 113 5 206 6 393 9 242 10 261 11 190 13 435 14 23 15 42 16 42 18 74 19 453 21 145 23 468 24 40
18 18 2 229 3 397 4 243 5 120 7 16 8 347 10 266 11 481 12 74 13 307 14 404 16 89 17 490 19 105 20 9 22 358 23 100 24 347
19 18 1 77 3 185 5 470 6 222 7 71 8 6 9 408 10 28 11 403 13 339 14 453 15 376 16 159 17 133 18 55 20 386 21 126 24 34
20 19 2 218 3 226 4 101 5 160 7 28 8 101 9 433 10 96 11 98 12 374 13 436 14 93 15 166 16 115 17 444 19 309 21 183 23 216 24 462
21 21 1 118 2 135 3 264 4 143 5 222 6 187 7 282 8 264 9 348 10 412 11 364 12 194 13 22 14 190 15 413 16 242 17 64 18 447 20 293 22 8 24 50
22 21 2 239 3 252 4 38 5 60 6 39 7 450 8 247 9 281 10 248 11 298 12 227 13 444 14 146 15 412 16 189 17 131 18 199 19 126 21 334 23 231 24 439
23 19 2 409 3 94 5 146 6 348 7 147 8 84 9 413 10 156 11 158 12 425 13 155 14 61 15 90 16 284 17 37 19 8 20 217 21 332 24 419
24 21 1 307 2 212 3 487 4 391 5 258 6 448 7 369 8 315 9 277 10 336 11 105 12 180 13 64 14 69 15 74 16 328 18 176 19 58 20 145 21 142 22 476
1
21 16 20 2 17 24 9 22 11 15 6 4 19 18 5 3 7 10 14 23 12 1 8 13
10 7 17 9 3 12 21 24 14 20 4 8 1 19 22 16 15 2 11 18 23 6 5 13
2
16 1 23 19 13 15 17 20 3 22 18 12 7 10 8 24 21 4 5 11 14 9 2 6
15 21 5 4 20 9 10 17 14 19 22 12 3 13 18 1 2 11 7 23 8 6 24 16
3
1 17 18 3 16 11 24 2 14 5 22 7 21 19 10 15 4 23 20 9 13 6 8 12
3 8 9 22 10 20 17 23 4 15 16 14 21 1 24 2 12 18 7 6 19 5 13 11
4
20 1 16 17 19 2 11 3 4 24 18 7 23 12 21 22 13 8 6 15 9 5 10 14
13 20 12 6 8 5 17 22 4 3 16 7 19 21 24 14 23 11 9 2 18 10 1 15
5
17 15 9 13 2 19 1 6 11 18 8 20 10 5 14 4 23 12 24 21 7 22 16 3
18 24 16 15 12 3 21 2 14 22 19 20 1 10 6 8 7 11 23 13 9 4 5 17
6
21 15 19 7 1 9 20 16 8 4 5 12 13 11 22 18 17 2 24 6 10 23 3 14
2 20 13 10 22 24 14 11 8 7 9 5 4 16 17 18 1 21 15 6 23 19 12 3
7
1 16 20 18 6 3 4 15 5 24 19 2 14 22 8 13 23 9 11 12 21 17 7 10
3 1 21 24 10 14 6 17 5 22 2 12 15 4 18 19 23 16 13 8 11 20 9 7
8
24 15 4 1 22 14 20 9 6 3 19 23 16 5 11 8 17 18 2 10 13 12 21 7
2 14 10 4 9 21 5 7 24 16 12 23 20 19 15 1 18 22 8 6 3 17 11 13
9
21 6 22 9 23 7 16 13 8 10 12 5 14 20 11 15 2 17 18 3 1 24 4 19
23 21 8 14 10 17 19 6 22 2 4 9 13 15 24 11 1 20 12 16 5 18 7 3
10
10 24 3 9 14 22 13 7 6 19 2 1 16 20 11 23 17 8 4 18 15 21 5 12
13 23 1 3 15 20 22 9 8 7 12 6 4 5 17 16 2 11 21 19 10 14 24 18
11
12 9 23 2 16 15 6 5 11 4 1 19 20 21 13 24 14 10 18 3 17 22 7 8
20 4 10 12 23 21 22 15 11 16 6 7 24 2 5 17 13 8 14 3 9 18 1 19
12
1 2 8 18 15 22 23 4 17 24 6 7 21 10 20 13 19 5 14 11 9 3 12 16
10 18 16 12 1 15 6 7 4 17 14 24 5 3 19 8 9 22 2 11 21 23 13 20
13
11 3 20 7 22 10 13 19 4 24 8 15 2 16 5 6 21 17 14 12 23 9 1 18
10 16 11 13 8 18 22 1 14 19 5 21 24 12 4 6 9 15 17 20 7 23 2 3
14
15 24 13 21 7 17 2 4 3 23 11 1 19 18 5 12 6 16 20 10 8 9 22 14
21 4 19 20 9 12 3 5 18 16 8 22 13 23 11 1 14 2 17 6 24 7 10 15
15
24 11 14 8 20 15 9 19 1 23 2 5 4 13 16 10 21 18 12 17 6 3 7 22
13 17 11 12 5 21 16 22 7 4 20 15 18 8 24 1 3 23 14 2 6 10 19 9
16
23 18 1 12 5 7 9 3 13 10 8 20 4 15 19 6 14 22 24 16 2 21 17 11
18 12 4 15 6 5 3 8 13 14 7 17 21 2 23 10 9 19 16 11 24 20 22 1
17
17 6 5 1 24 12 9 2 16 18 13 21 3 11 19 20 14 15 10 7 22 8 23 4
20 19 14 6 3 4 15 12 2 21 9 7 22 24 18 8 1 23 5 11 17 13 10 16
18
19 16 12 13 7 5 24 20 14 21 17 15 6 11 1 22 23 2 18 3 8 4 9 10
19 11 14 13 7 8 24 9 1 5 17 23 6 21 20 18 16 22 12 15 10 3 2 4
19
13 16 18 23 5 1 20 9 19 12 4 6 24 2 21 17 10 14 22 15 8 7 3 11
8 10 1 11 7 13 18 17 2 20 3 22 24 9 14 6 19 4 16 23 15 12 21 5
20
23 18 24 5 1 22 8 11 14 17 19 3 13 10 2 9 6 12 4 21 20 15 7 16
22 4 11 3 6 5 14 16 2 10 13 18 7 19 9 21 23 15 12 17 8 1 20 24
0
0
