17
1 13 2 76 3 482 5 497 7 179 8 404 9 462 11 238 12 44 13 437 14 449 15 265 16 400 17 430
2 14 1 8 3 96 4 478 5 438 6 463 7 490 8 8 9 378 10 474 11 370 12 8 13 427 14 388 16 460
3 14 1 394 2 395 4 402 5 37 7 240 8 210 9 157 10 439 11 347 12 311 14 75 15 18 16 7 17 24
4 14 1 47 2 343 3 465 5 268 6 56 7 412 8 240 9 454 10 436 12 67 13 206 14 331 16 215 17 69
5 13 1 4 3 114 4 481 6 373 7 208 8 444 9 116 10 85 11 395 12 274 13 255 14 271 17 10
6 15 1 409 2 377 3 420 4 103 5 388 7 254 8 395 9 160 10 317 11 241 12 87 13 305 15 67 16 5 17 354
7 13 1 67 3 199 4 292 5 202 6 484 8 317 10 19 11 397 12 432 13 96 14 429 15 46 16 458
8 12 1 85 3 57 5 309 6 326 7 285 9 69 10 218 11 137 13 238 15 411 16 403 17 364
9 12 1 142 3 253 4 325 5 185 6 186 8 337 10 268 11 14 12 467 15 491 16 451 17 449
10 11 1 312 3 17 4 460 5 499 6 155 7 496 8 440 11 494 12 95 15 413 17 394
11 14 1 488 3 194 4 396 5 149 6 422 7 487 9 443 10 112 12 277 13 106 14 320 15 285 16 24 17 168
12 13 1 73 2 153 5 494 6 93 7 142 9 393 10 47 11 102 13 234 14 209 15 211 16 206 17 198
13 12 2 170 3 160 4 451 6 192 7 134 8 410 9 418 11 58 12 429 14 47 15 357 16 1
14 15 1 352 2 144 3 173 4 480 5 182 6 108 7 179 8 100 9 493 11 79 12 86 13 117 15 224 16 154 17 366
15 11 1 67 2 270 3 99 4 405 7 465 9 363 11 122 13 257 14 241 16 175 17 386
16 12 1 111 2 272 3 203 4 104 5 402 6 158 7 35 11 467 12 344 14 148 15 236 17 73
17 12 2 208 3 91 5 186 7 187 9 221 10 135 11 416 12 277 13 132 14 200 15 244 16 245
1
4 11 12 15 13 5 10 3 17 8 14 16 7 9 1 2 6
9 7 8 2 14 16 17 1 10 11 5 12 13 3 15 4 6
2
3 14 2 6 8 4 15 5 17 13 9 16 11 7 10 12 1
8 13 12 3 14 16 6 2 11 1 4 9 10 17 5 15 7
3
4 6 12 2 11 10 9 17 13 1 15 8 7 16 14 5 3
11 15 13 3 2 6 10 7 16 17 5 9 1 4 14 12 8
4
3 12 14 6 7 13 16 8 2 5 4 10 15 11 1 9 17
10 7 5 9 2 6 15 16 1 17 13 14 11 8 3 12 4
5
3 8 14 2 17 13 1 10 6 5 16 15 7 11 12 4 9
2 15 3 8 5 6 10 11 16 1 17 13 12 4 7 9 14
6
16 13 7 4 6 2 8 14 9 1 12 17 10 5 11 3 15
2 6 8 16 10 3 7 13 5 14 9 4 11 1 15 17 12
7
5 2 8 4 14 16 12 11 15 9 7 13 10 17 6 1 3
11 17 6 12 10 13 14 9 8 7 5 3 1 2 16 15 4
8
5 1 17 8 2 14 10 3 9 4 13 12 7 11 6 16 15
2 6 1 15 5 17 9 12 3 10 7 8 16 4 13 11 14
9
1 13 7 10 15 2 14 12 3 5 11 8 6 4 9 17 16
9 11 12 1 4 8 16 15 13 6 5 2 14 3 7 10 17
10
16 3 7 10 2 6 15 12 9 13 1 11 14 8 4 5 17
11 12 5 17 3 4 10 13 14 6 1 16 9 8 15 2 7
11
13 12 3 17 10 2 6 8 1 14 11 4 16 9 5 15 7
4 16 7 14 5 13 9 11 1 6 3 2 8 12 17 15 10
12
1 11 7 4 6 5 9 12 15 17 2 10 13 3 14 16 8
10 7 2 14 13 3 8 11 9 6 5 12 17 15 16 1 4
13
4 9 16 12 14 6 13 8 10 2 15 17 5 1 3 11 7
2 16 3 1 14 15 7 11 17 6 4 10 9 8 13 12 5
14
4 13 3 2 15 14 1 7 12 10 9 17 11 5 6 8 16
15 16 7 6 1 17 11 14 3 9 5 13 4 12 8 2 10
15
11 14 8 6 16 7 15 12 17 1 2 10 5 13 4 9 3
15 5 8 14 1 7 12 6 10 17 13 16 9 4 3 2 11
16
11 17 16 15 1 2 7 6 8 12 14 13 3 9 4 5 10
9 6 15 2 16 17 3 4 10 13 5 11 14 7 12 8 1
17
17 1 14 13 9 6 5 10 7 4 3 2 12 11 16 8 15
9 1 6 16 4 15 2 7 17 11 5 12 13 3 10 14 8
18
2 17 11 7 3 16 6 9 10 4 15 5 8 14 13 1 12
15 14 2 16 1 4 9 3 8 17 12 11 7 6 13 5 10
19
12 15 2 6 14 13 11 7 5 4 16 9 3 1 17 8 10
2 7 15 11 16 1 13 4 5 12 14 10 6 3 9 17 8
20
5 6 12 13 11 4 14 17 15 10 1 8 7 9 3 16 2
2 10 12 15 14 16 3 7 13 9 11 8 17 4 5 1 6
0
17
1 13 2 77 3 499 4 314 5 393 7 363 8 207 9 429 10 273 13 17 14 437 15 135 16 466 17 110
2 15 1 442 3 255 4 298 5 311 6 6 7 406 8 468 10 84 11 6 12 500 13 498 14 456 15 11 16 71 17 68
3 12 1 349 2 403 4 151 6 9 7 278 9 100 10 327 13 293 14 500 15 359 16 128 17 163
4 11 1 375 2 347 3 388 5 303 6 43 8 89 10 187 11 384 14 482 16 377 17 301
5 13 1 287 3 92 4 428 6 393 8 363 10 82 11 264 12 169 13 143 14 56 15 175 16 335 17 156
6 13 1 306 2 392 3 29 5 341 7 144 8 250 9 185 11 425 12 292 13 414 15 375 16 434 17 125
7 14 2 426 3 419 4 354 6 476 8 214 9 122 10 259 11 287 12 474 13 444 14 290 15 362 16 174 17 271
8 11 1 101 2 145 4 438 5 98 6 474 7 251 9 123 11 208 14 37 16 203 17 343
9 13 1 132 2 32 3 440 4 478 5 383 6 229 7 202 10 484 11 348 12 59 13 76 14 150 17 201
10 12 2 382 3 338 5 82 6 463 8 36 9 66 11 349 12 185 13 193 14 85 16 75 17 88
11 14 1 285 2 448 3 133 4 380 5 141 6 291 7 108 8 91 9 134 10 242 12 350 14 28 16 487 17 222
12 12 2 4 3 121 4 200 6 177 7 421 9 344 11 498 13 131 14 184 15 407 16 332 17 21
13 12 1 68 2 167 3 295 4 160 5 68 8 42 9 76 11 238 12 487 14 248 15 461 17 124
14 11 1 317 2 216 3 332 4 335 5 145 9 138 10 498 11 335 13 405 15 61 17 246
15 15 1 113 2 225 3 262 4 404 6 34 7 118 8 334 9 2 10 70 11 436 12 155 13 356 14 388 16 341 17 432
16 13 1 195 2 319 3 462 6 305 7 302 8 435 9 191 10 130 11 222 12 451 14 314 15 271 17 291
17 10 1 487 4 169 5 472 6 103 7 340 8 54 9 41 10 229 12 173 13 208
1
2 3 9 6 17 11 12 10 4 8 15 16 5 7 13 14 1
16 2 6 4 13 7 10 8 17 9 11 15 14 12 5 3 1
2
12 3 1 9 15 5 7 11 17 16 4 14 2 13 10 8 6
6 10 3 5 16 2 12 7 1 14 11 13 15 17 9 4 8
3
7 4 2 3 6 1 9 13 12 17 8 11 16 14 10 15 5
9 16 13 3 14 11 1 2 7 15 12 5 8 4 17 10 6
4
7 17 1 2 9 5 10 15 12 6 14 4 13 3 8 11 16
7 2 5 17 4 15 9 11 12 3 6 14 1 13 16 10 8
5
11 4 10 7 15 16 3 2 6 1 12 9 13 17 14 8 5
10 1 3 14 6 11 12 2 8 13 15 17 9 4 7 5 16
6
6 2 5 1 3 14 4 8 9 17 15 7 13 16 12 11 10
9 16 8 3 10 4 2 12 5 13 15 17 14 7 6 1 11
7
2 5 1 7 12 15 10 6 14 9 13 11 16 17 4 8 3
11 6 14 5 10 15 17 1 7 3 2 9 4 8 13 12 16
8
11 16 4 9 14 12 7 5 8 10 13 3 17 1 6 15 2
7 8 1 12 15 5 10 14 2 17 6 9 3 4 16 13 11
9
14 5 17 7 3 11 13 6 2 8 4 10 15 12 1 16 9
2 9 16 13 3 8 4 11 7 17 5 6 10 12 1 14 15
10
12 4 2 5 13 10 15 3 11 8 14 9 6 17 7 1 16
7 3 6 10 8 5 4 1 16 15 2 14 12 11 9 13 17
11
17 7 2 15 4 1 12 6 11 5 10 14 16 13 8 3 9
13 9 2 6 4 14 11 12 8 7 5 16 3 1 10 15 17
12
15 10 7 9 14 1 12 2 8 6 17 3 5 11 16 13 4
16 6 17 11 12 4 7 2 8 3 5 10 14 1 13 15 9
13
4 16 10 5 7 12 14 3 8 13 1 15 9 17 11 6 2
3 15 13 17 4 7 11 14 2 10 6 8 1 9 5 12 16
14
15 16 7 1 6 9 14 5 3 10 2 13 17 4 11 8 12
13 3 17 2 16 14 12 6 5 7 1 4 10 9 8 15 11
15
10 16 1 4 3 6 2 8 15 5 7 13 12 14 11 17 9
8 16 10 17 7 14 3 4 9 15 5 12 1 6 2 11 13
16
12 11 2 9 8 6 17 15 16 4 13 7 14 3 1 5 10
11 12 7 14 15 4 13 1 6 2 10 17 3 9 5 16 8
17
6 14 1 8 9 11 13 17 7 15 3 5 12 4 2 10 16
2 9 5 13 12 11 17 8 10 7 15 1 14 6 3 16 4
18
8 1 5 7 16 4 11 3 15 9 2 17 10 6 12 14 13
8 12 14 13 10 1 5 11 17 2 7 15 4 9 16 3 6
19
5 9 14 13 11 6 3 15 8 17 12 16 2 4 7 10 1
7 6 17 14 12 11 16 2 15 9 8 10 1 13 4 5 3
20
9 5 1 8 14 6 15 4 7 3 17 13 10 12 16 11 2
16 14 17 12 1 6 11 13 5 15 10 9 4 3 2 7 8
0
17
1 10 3 493 4 83 5 78 6 445 7 314 8 390 11 122 13 100 15 368 17 391
2 11 1 446 4 4 5 148 6 301 7 222 8 324 10 473 13 178 14 448 15 406 17 165
3 13 2 55 5 70 6 449 7 293 8 182 9 175 10 491 12 191 13 136 14 41 15 414 16 379 17 476
4 14 1 219 2 324 3 483 5 382 6 307 7 422 8 120 9 355 11 191 12 74 13 302 14 134 15 335 17 48
5 14 2 27 3 249 4 387 6 212 7 65 8 130 9 219 10 457 11 402 12 253 14 111 15 223 16 252 17 47
6 11 1 303 3 491 4 476 7 244 9 70 10 443 11 376 12 104 13 422 14 198 17 215
7 13 1 11 2 126 3 477 4 96 5 260 6 229 8 273 9 122 11 8 12 293 14 226 15 203 17 212
8 12 1 183 2 281 3 15 4 474 5 58 6 12 10 213 12 279 13 57 15 124 16 169 17 458
9 8 2 303 4 8 7 217 10 457 12 81 14 461 15 250 17 331
10 12 1 438 2 433 3 21 4 340 5 335 6 370 7 310 8 192 12 148 13 375 16 443 17 267
11 12 2 313 3 193 4 128 5 280 7 477 8 471 9 377 10 146 12 26 13 231 14 33 17 159
12 14 1 335 2 178 3 456 4 20 5 188 6 217 7 254 8 88 9 431 10 79 13 105 14 224 16 468 17 342
13 13 1 439 2 469 3 487 4 166 7 49 8 232 9 443 10 476 11 168 12 113 14 232 15 212 16 131
14 13 1 76 3 359 4 397 5 209 6 383 7 73 8 345 10 19 11 356 12 495 13 164 16 77 17 238
15 12 1 293 2 465 5 460 7 162 8 113 9 432 10 4 11 213 13 321 14 140 16 98 17 121
16 13 1 72 3 146 5 233 6 456 8 189 9 365 10 113 11 200 12 402 13 219 14 437 15 491 17 145
17 13 1 18 2 91 3 166 5 377 6 271 7 386 9 185 10 395 11 429 13 464 14 385 15 495 16 155
1
5 10 17 8 13 1 11 7 15 16 12 3 14 9 4 2 6
2 9 17 13 8 14 11 16 3 10 6 5 7 12 1 15 4
2
7 15 11 13 8 12 2 17 16 14 3 1 6 9 5 10 4
15 5 3 2 11 8 16 10 12 6 13 7 17 4 1 14 9
3
12 4 7 1 13 11 14 16 17 10 8 3 6 2 9 5 15
16 6 3 14 13 12 5 11 9 2 15 8 7 1 10 17 4
4
13 10 8 1 15 16 2 5 4 14 9 6 7 17 3 11 12
4 10 9 14 12 1 17 2 3 16 5 13 8 7 6 11 15
5
10 17 15 1 14 6 3 7 13 16 5 2 8 11 9 12 4
14 9 16 8 12 4 1 17 15 2 10 11 5 6 13 3 7
6
8 12 15 16 10 1 11 5 13 9 7 3 14 4 2 17 6
14 6 4 11 10 1 8 2 3 17 9 16 15 5 13 12 7
7
11 2 7 12 5 17 15 14 10 13 1 4 3 9 16 6 8
5 16 6 13 11 8 10 2 17 1 9 4 3 14 15 12 7
8
14 8 7 5 16 1 10 12 2 11 9 3 17 13 15 6 4
16 13 14 4 2 1 10 3 9 5 6 12 15 7 11 8 17
9
7 1 17 11 12 14 4 3 5 2 8 16 15 9 6 13 10
11 5 2 8 3 12 14 7 13 9 4 10 6 16 1 17 15
10
16 11 9 6 3 14 12 2 5 4 13 17 15 7 1 8 10
8 12 16 5 1 11 3 6 9 17 2 14 10 15 13 7 4
11
11 17 16 7 10 15 2 12 14 5 13 3 8 9 6 4 1
5 2 4 14 10 16 8 17 9 11 3 6 15 7 1 13 12
12
6 2 15 17 8 1 12 7 10 16 5 4 13 9 14 3 11
10 9 12 13 11 7 2 17 16 1 5 8 15 4 14 3 6
13
14 4 12 8 1 9 2 7 13 15 16 3 17 10 5 6 11
17 12 4 13 10 11 16 8 1 5 15 6 14 2 9 3 7
14
7 3 16 11 6 14 13 15 12 4 9 10 8 1 17 2 5
5 3 10 12 2 15 16 13 6 7 4 8 11 14 17 9 1
15
9 6 14 15 16 8 13 5 17 12 1 10 3 11 2 4 7
9 14 17 3 4 1 5 11 12 13 7 16 10 2 6 8 15
16
16 17 10 14 5 4 11 8 13 1 7 15 6 9 12 3 2
6 12 13 15 17 16 8 2 1 14 5 10 3 7 9 11 4
17
17 1 14 3 5 7 15 11 9 4 16 6 2 13 12 10 8
12 9 14 7 2 15 6 1 10 5 3 4 16 13 8 17 11
18
9 12 6 3 14 16 15 17 13 10 8 11 4 1 2 5 7
16 4 7 6 13 8 15 11 14 3 2 10 9 17 12 1 5
19
2 9 3 6 7 1 5 17 10 12 4 14 16 15 13 11 8
14 15 16 10 2 17 7 12 9 1 3 13 5 6 4 11 8
20
7 1 5 8 4 16 6 13 9 2 3 14 15 17 11 12 10
1 5 16 14 15 6 3 10 11 17 13 12 7 8 2 9 4
0
17
1 12 2 262 3 415 4 193 5 195 6 135 7 469 8 334 9 282 10 336 11 334 14 173 17 237
2 13 1 19 3 17 4 105 5 458 6 119 7 199 8 425 9 123 11 67 12 216 13 126 16 96 17 189
3 14 1 8 2 295 4 56 5 130 7 285 9 48 10 416 11 34 12 226 13 99 14 124 15 102 16 247 17 51
4 11 1 197 3 455 6 72 8 482 10 287 11 202 12 457 13 424 15 211 16 173 17 79
5 13 1 356 2 431 3 93 6 130 7 177 8 112 9 409 10 4 11 414 12 136 13 476 14 165 16 411
6 12 1 228 2 365 3 228 4 168 8 439 9 130 10 492 11 312 13 244 15 437 16 72 17 28
7 14 1 81 2 122 3 155 4 459 6 361 8 390 9 421 10 296 11 381 12 78 13 76 15 167 16 26 17 56
8 15 1 487 2 122 3 292 4 305 5 88 6 158 9 210 10 384 11 46 12 38 13 406 14 378 15 205 16 57 17 489
9 15 1 402 2 36 3 456 4 90 5 208 6 126 7 101 8 88 10 444 12 358 13 406 14 428 15 197 16 124 17 262
10 14 1 78 2 342 3 31 4 433 5 417 6 349 7 427 8 388 9 47 11 178 12 221 14 465 15 431 17 303
11 14 1 191 2 153 3 461 4 203 5 131 6 415 7 201 10 50 12 109 13 242 14 113 15 134 16 385 17 2
12 12 1 222 2 203 3 97 4 165 6 439 7 306 8 273 10 104 13 291 14 308 15 102 16 299
13 11 1 66 3 369 4 258 5 359 6 227 8 57 9 380 10 209 11 186 12 68 14 302
14 15 1 467 2 88 3 454 4 124 5 361 6 1 7 148 8 198 9 61 10 452 11 15 12 77 13 61 15 153 17 130
15 12 1 303 2 335 3 260 5 46 6 329 7 493 8 383 11 256 13 146 14 270 16 384 17 111
16 12 1 145 2 246 3 255 5 392 6 269 7 3 8 28 9 1 12 178 13 263 14 100 15 495
17 14 1 129 2 410 3 61 4 272 6 195 7 122 8 384 9 234 10 200 11 435 12 440 13 207 14 478 15 205
1
8 16 3 13 6 9 14 10 11 12 7 17 2 1 4 5 15
12 15 8 4 9 1 3 13 11 5 14 10 7 2 6 16 17
2
15 5 14 9 8 4 10 13 17 16 7 2 6 11 12 1 3
1 8 15 5 6 11 9 17 3 12 10 2 4 7 13 14 16
3
13 10 16 3 11 15 5 2 12 1 17 9 6 14 8 7 4
7 8 16 15 4 2 13 9 6 17 3 12 5 1 10 11 14
4
9 10 3 11 17 2 14 12 15 16 5 8 1 7 4 13 6
13 5 1 9 10 4 2 11 14 17 6 15 16 3 8 12 7
5
4 9 10 14 15 12 2 13 3 16 7 8 6 17 1 5 11
3 7 4 8 14 2 13 17 6 1 15 5 12 9 11 10 16
6
2 6 15 7 17 3 4 10 9 8 12 1 16 5 13 11 14
7 17 11 10 1 13 5 2 14 8 4 3 16 12 9 15 6
7
17 1 4 6 16 14 5 12 13 9 3 10 7 8 2 15 11
4 10 13 12 1 7 8 3 17 15 14 6 16 2 11 5 9
8
15 9 10 17 5 16 7 11 14 12 4 13 3 1 6 2 8
3 5 16 15 12 10 1 6 13 11 2 7 4 9 8 14 17
9
4 5 7 16 8 9 12 17 15 10 13 1 6 11 2 14 3
8 9 16 2 6 17 7 13 11 15 1 10 12 5 3 4 14
10
6 13 16 7 14 12 5 4 1 10 15 11 3 9 2 8 17
7 14 9 2 1 13 4 3 12 10 8 16 6 5 17 11 15
11
10 13 7 3 12 17 1 8 5 15 16 9 6 11 14 2 4
5 3 14 17 8 12 16 1 2 15 7 4 6 11 9 13 10
12
11 14 5 10 16 1 3 13 8 12 4 17 2 7 6 15 9
15 10 14 13 5 4 6 12 17 8 3 2 1 16 7 9 11
13
11 1 6 16 3 5 7 10 13 15 12 14 8 17 9 4 2
16 12 7 8 17 14 3 2 4 11 15 1 13 6 5 10 9
14
12 7 14 11 1 2 15 16 8 10 9 13 4 17 3 6 5
4 2 7 14 11 6 10 1 12 17 16 9 13 8 3 5 15
15
14 16 17 1 9 6 13 11 3 4 15 8 7 5 12 10 2
8 5 7 2 14 17 11 1 9 13 12 6 16 3 10 4 15
16
12 13 2 10 4 9 8 14 11 1 17 5 15 7 6 3 16
8 10 2 5 15 4 6 7 1 16 9 3 12 11 13 14 17
17
17 14 1 16 12 11 4 2 9 3 6 7 8 5 15 10 13
9 6 2 7 16 4 5 10 8 17 11 13 15 3 1 12 14
18
1 7 10 2 3 5 16 6 13 8 11 17 4 9 14 15 12
9 5 10 4 7 17 16 8 6 14 3 13 11 15 2 12 1
19
5 15 7 17 16 2 8 13 9 11 1 3 4 10 14 6 12
2 1 8 15 9 7 3 12 6 11 5 10 4 13 17 14 16
20
7 1 15 2 9 12 4 5 17 3 13 11 14 16 10 6 8
1 16 13 3 5 15 4 14 17 12 9 6 2 11 7 8 10
0
17
1 15 2 379 3 483 4 340 5 296 6 325 7 182 8 257 9 126 10 168 11 209 12 479 14 485 15 44 16 339 17 448
2 16 1 250 3 159 4 460 5 441 6 490 7 361 8 236 9 493 10 281 11 272 12 244 13 276 14 205 15 466 16 27 17 377
3 13 1 442 2 367 4 220 5 296 7 194 8 39 10 166 12 119 13 214 14 151 15 411 16 138 17 42
4 12 2 120 3 346 5 327 7 358 8 328 9 498 10 304 11 214 12 26 13 39 14 385 16 30
5 12 1 150 2 334 3 262 6 222 7 100 8 160 9 336 10 27 11 395 12 136 13 103 14 166
6 10 1 123 2 414 3 23 4 472 5 79 9 391 12 345 15 369 16 309 17 94
7 15 1 49 2 402 4 166 5 316 6 241 8 312 9 264 10 489 11 447 12 62 13 238 14 48 15 191 16 29 17 491
8 12 1 386 2 365 3 10 5 53 6 259 7 161 10 185 11 9 12 227 14 277 16 402 17 104
9 13 1 82 4 251 5 327 6 391 8 136 10 131 11 434 12 334 13 387 14 495 15 286 16 431 17 398
10 11 2 330 3 59 4 221 5 319 7 40 8 102 11 99 12 138 13 360 15 166 17 200
11 13 1 310 2 464 4 486 5 2 6 37 7 98 9 68 10 429 12 206 13 183 14 74 16 124 17 310
12 14 1 77 2 373 3 365 4 85 6 337 7 37 8 103 9 50 10 178 11 486 14 215 15 320 16 257 17 215
13 14 1 89 2 148 3 113 4 200 5 257 7 90 8 319 10 447 11 330 12 196 14 44 15 76 16 426 17 185
14 12 2 26 3 389 4 311 5 126 6 448 7 84 8 169 10 446 11 196 12 57 15 261 17 263
15 14 1 12 2 481 3 146 5 181 6 119 7 309 8 214 9 208 10 115 11 454 13 121 14 367 16 414 17 101
16 14 1 218 2 467 3 240 5 282 6 111 7 389 8 304 9 220 10 163 11 73 12 422 13 313 15 267 17 290
17 11 2 41 3 140 4 347 5 69 6 434 8 188 9 208 10 27 11 355 14 238 16 98
1
11 1 13 15 9 2 5 17 6 16 7 4 12 14 10 8 3
8 14 2 16 5 4 13 6 12 7 15 10 3 17 9 11 1
2
3 17 13 12 15 4 1 7 16 8 2 5 6 9 14 10 11
9 13 15 6 5 12 10 1 7 16 17 2 11 4 14 3 8
3
14 10 4 3 11 8 6 5 15 17 7 9 12 2 13 1 16
11 8 1 9 7 3 13 12 16 15 5 4 14 2 10 17 6
4
5 6 14 17 12 2 3 13 7 11 9 1 16 15 4 10 8
4 16 8 14 10 11 17 1 13 12 9 5 7 3 2 6 15
0
17
1 12 2 318 3 408 4 57 5 298 6 402 7 255 9 173 10 343 12 361 15 308 16 34 17 251
2 14 1 224 3 24 5 362 6 146 7 383 8 92 9 242 10 32 11 238 12 152 14 260 15 140 16 424 17 311
3 11 2 239 4 464 5 287 6 205 7 391 9 257 10 23 11 236 13 290 16 106 17 456
4 12 2 236 5 460 6 97 7 166 8 190 9 473 10 103 11 15 12 346 15 64 16 225 17 102
5 12 1 259 2 36 3 140 4 178 6 318 8 144 10 443 12 238 13 362 14 110 15 15 16 315
6 15 1 175 2 161 3 280 4 466 5 349 8 163 9 315 10 482 11 470 12 108 13 358 14 384 15 333 16 37 17 429
7 13 1 309 2 35 3 160 4 131 5 109 6 27 8 343 9 451 10 218 13 71 14 408 16 29 17 382
8 14 1 323 2 39 3 489 4 492 5 357 6 421 7 190 9 206 11 474 12 408 13 294 14 65 16 474 17 17
9 13 1 26 2 48 3 116 4 467 5 252 6 474 7 299 10 32 11 43 12 46 14 203 15 273 16 128
10 12 1 485 2 236 3 451 5 359 6 286 7 205 11 67 12 203 13 464 14 177 16 204 17 203
11 10 1 477 2 297 4 130 7 85 8 178 10 200 12 463 14 76 15 47 17 334
12 13 1 385 2 194 4 267 7 472 8 333 9 190 10 481 11 413 13 48 14 50 15 77 16 30 17 168
13 12 1 452 2 39 4 65 7 329 8 195 9 374 10 403 11 238 12 17 14 321 16 161 17 306
14 10 1 351 2 169 6 192 7 181 8 55 11 339 12 242 13 266 16 167 17 275
15 13 1 426 2 199 3 137 4 305 5 265 8 145 9 376 11 429 12 176 13 191 14 243 16 28 17 213
16 13 1 143 3 362 5 393 6 160 7 196 8 245 9 355 10 252 11 14 12 411 13 366 14 219 15 422
17 12 3 251 4 147 5 382 6 110 7 500 8 310 9 427 10 392 11 162 12 70 15 436 16 130
1
9 11 16 3 17 5 6 14 4 7 2 13 15 10 8 1 12
1 4 6 13 11 15 16 10 8 5 9 14 3 7 17 2 12
2
14 4 10 6 11 12 13 8 1 5 9 3 7 15 16 2 17
13 9 8 6 11 5 3 1 4 15 12 16 17 2 7 10 14
3
11 12 7 13 2 3 4 16 6 14 17 9 8 10 15 5 1
6 5 12 16 7 8 15 1 13 10 11 3 4 2 14 9 17
4
6 8 14 11 15 17 12 3 1 2 9 4 7 13 16 10 5
12 10 3 11 5 7 1 6 8 14 16 15 2 13 4 9 17
5
9 7 2 12 1 8 10 16 14 13 4 15 6 17 11 5 3
10 3 7 11 2 1 12 17 15 5 9 16 8 14 4 6 13
6
15 11 7 10 2 9 5 8 3 1 17 12 14 16 4 13 6
11 1 9 13 10 6 5 7 2 16 14 15 12 3 17 8 4
7
2 8 13 6 4 11 3 14 15 9 17 7 10 12 1 16 5
13 11 12 10 16 7 8 3 6 4 2 15 14 17 9 1 5
8
11 15 14 12 16 5 17 7 3 6 4 10 1 2 9 13 8
6 14 4 17 11 13 1 5 2 10 16 9 3 8 12 7 15
9
1 4 10 15 12 11 2 16 14 17 9 13 5 6 7 3 8
9 11 5 6 15 13 17 2 12 10 16 4 8 3 14 1 7
10
5 16 4 7 17 11 2 1 12 13 10 3 8 14 6 9 15
7 14 1 4 8 17 5 15 13 2 16 3 6 9 11 12 10
11
1 17 2 14 6 11 10 12 8 9 15 4 5 7 13 3 16
12 6 5 8 7 15 14 9 2 13 1 4 16 17 10 11 3
12
4 8 3 1 9 16 6 13 14 10 12 5 7 15 17 11 2
6 8 14 16 9 11 17 1 13 12 5 4 10 3 7 15 2
13
10 11 4 12 9 1 8 13 17 2 5 3 7 16 6 15 14
10 12 14 16 17 4 9 3 7 1 5 8 15 13 6 11 2
14
13 14 3 16 5 10 1 8 4 15 6 11 12 2 7 9 17
9 7 10 4 2 1 14 13 5 17 3 6 11 16 15 8 12
15
15 4 9 5 7 3 17 6 12 13 10 1 14 2 16 8 11
10 2 11 8 13 9 7 14 4 17 16 6 12 15 3 5 1
16
7 3 4 10 14 1 9 8 12 11 15 16 17 2 6 5 13
5 10 17 8 2 6 16 3 1 14 4 11 13 12 15 7 9
17
16 2 6 10 7 8 12 11 17 15 13 9 5 14 1 4 3
14 11 1 16 9 12 17 2 15 6 3 13 5 4 8 7 10
18
11 16 17 8 3 1 12 10 13 4 6 15 2 9 7 14 5
16 3 4 6 17 8 5 14 10 7 2 15 12 11 1 9 13
19
17 4 7 10 5 15 12 6 11 1 14 9 2 3 13 8 16
4 17 11 15 1 3 12 16 13 5 2 6 14 8 7 9 10
20
10 15 7 4 1 17 3 12 13 5 6 11 9 14 16 2 8
15 2 5 3 14 4 6 1 13 9 12 16 11 10 17 8 7
0
17
1 14 2 91 3 365 5 369 6 109 7 477 8 360 9 388 10 120 11 196 13 119 14 414 15 313 16 446 17 227
2 14 1 53 4 187 5 58 6 451 7 311 8 364 9 324 10 176 12 437 13 87 14 2 15 247 16 490 17 484
3 11 1 417 2 158 4 232 5 444 6 112 8 59 11 395 12 498 13 66 15 27 17 198
4 14 1 79 2 41 5 159 6 159 7 80 9 160 10 383 11 241 12 376 13 443 14 313 15 116 16 199 17 241
5 13 1 232 3 74 4 319 6 326 7 88 8 224 9 47 10 299 11 269 12 63 14 416 15 203 17 217
6 14 1 72 2 2 3 334 4 96 5 39 7 448 8 122 9 205 10 189 11 345 12 479 13 325 14 228 16 54
7 12 3 412 5 311 8 22 9 361 10 153 11 375 12 419 13 92 14 257 15 345 16 67 17 248
8 12 1 108 2 385 3 85 6 176 7 373 10 213 11 300 13 271 14 313 15 302 16 296 17 434
9 13 1 364 2 495 3 331 4 193 5 170 7 302 8 217 10 51 11 300 12 245 14 382 16 286 17 190
10 14 2 302 3 451 4 250 5 265 6 115 7 34 8 84 9 54 11 476 12 471 13 27 14 64 16 276 17 314
11 13 1 126 2 449 3 282 4 379 5 416 8 64 9 14 10 495 12 241 13 497 14 495 15 3 16 263
12 10 3 36 4 443 5 27 8 97 9 17 10 40 11 413 13 33 15 344 16 107
13 16 1 307 2 433 3 182 4 19 5 322 6 328 7 239 8 104 9 370 10 346 11 326 12 212 14 420 15 317 16 499 17 200
14 15 1 46 2 84 3 203 4 70 5 238 6 207 7 216 8 3 9 403 10 301 11 102 13 107 15 80 16 326 17 417
15 13 1 151 2 273 3 52 4 267 6 370 7 430 8 218 9 117 10 278 12 283 13 429 14 93 16 122
16 12 2 430 3 232 5 350 6 318 7 479 8 171 9 207 10 335 12 272 14 476 15 484 17 212
17 13 1 258 2 382 3 189 4 212 5 455 6 19 7 480 8 417 10 114 11 298 12 453 14 223 15 35
1
14 8 12 7 15 6 9 13 16 10 4 5 2 1 3 17 11
14 16 10 6 5 4 13 17 7 12 2 15 1 8 9 3 11
2
3 12 4 17 16 1 8 13 14 5 11 7 2 6 9 10 15
1 12 3 10 11 13 14 15 5 4 6 7 8 9 17 2 16
3
1 15 8 12 5 6 9 10 7 14 11 16 13 17 4 3 2
9 16 8 17 2 1 3 10 12 4 5 11 13 7 15 6 14
4
16 10 8 6 13 14 9 15 5 17 1 7 12 3 4 11 2
9 4 7 16 12 10 6 3 2 1 5 8 14 11 17 15 13
5
13 1 8 4 14 17 12 2 9 6 10 5 3 7 16 15 11
12 1 8 14 17 6 10 2 15 11 7 3 4 5 16 13 9
6
17 5 6 10 16 15 11 14 3 4 8 2 12 7 9 1 13
16 4 11 8 5 15 13 14 10 7 3 9 6 1 12 2 17
7
13 7 1 8 4 10 5 2 17 15 16 12 3 9 14 6 11
6 9 4 11 17 8 10 14 13 1 2 16 3 7 5 12 15
8
3 5 16 1 15 17 2 8 7 11 10 12 9 4 14 6 13
5 12 13 6 2 8 9 4 3 10 16 11 1 7 15 17 14
9
17 5 1 15 13 2 12 7 14 3 16 6 4 10 11 8 9
11 14 5 4 10 2 7 12 15 9 16 8 1 6 17 13 3
10
4 2 5 13 16 17 14 7 15 1 10 6 12 8 9 11 3
17 4 9 5 8 13 7 15 6 1 11 3 14 10 12 16 2
11
10 12 17 16 5 1 3 2 13 15 6 8 7 9 4 14 11
1 12 6 8 3 5 10 14 9 11 13 15 16 2 17 7 4
12
7 12 14 1 13 17 8 11 3 2 4 10 6 16 5 9 15
16 10 2 14 13 7 15 1 11 3 4 12 6 5 9 8 17
13
1 9 5 8 17 16 13 14 10 2 15 12 4 11 6 7 3
4 12 9 17 7 16 6 15 1 8 11 10 14 13 2 5 3
14
10 17 6 15 7 9 14 5 4 3 16 13 2 12 8 11 1
11 9 14 12 5 15 10 3 16 1 7 17 6 13 2 4 8
15
14 3 15 1 5 7 2 16 6 13 12 8 11 4 17 10 9
10 13 14 7 12 15 1 17 3 16 8 6 2 4 11 9 5
16
14 12 17 9 6 13 1 5 2 10 3 11 7 15 4 8 16
10 9 11 13 16 17 5 15 7 3 6 8 4 1 14 12 2
17
12 8 11 10 16 13 15 9 2 14 7 5 6 17 4 1 3
13 2 10 8 5 12 14 9 11 7 17 16 4 15 6 1 3
18
6 5 11 10 15 8 16 12 9 2 14 17 3 1 7 13 4
2 8 7 3 9 5 1 17 13 14 10 11 4 6 16 15 12
19
6 11 13 2 8 5 10 14 4 16 1 15 17 12 9 3 7
2 13 15 16 1 3 14 10 4 6 11 8 17 7 12 9 5
20
10 4 14 17 12 8 1 7 2 9 15 6 13 16 3 5 11
13 16 9 7 3 17 15 6 1 12 11 10 8 5 2 4 14
0
17
1 11 2 292 3 87 4 206 6 243 8 146 9 283 12 270 13 78 14 254 15 71 17 489
2 11 1 361 3 260 4 344 5 119 6 379 10 110 11 383 13 138 14 196 15 260 16 53
3 14 1 113 2 369 4 313 5 453 6 92 7 127 8 187 9 391 10 283 11 152 13 103 14 313 16 162 17 34
4 12 1 495 2 404 3 281 5 334 7 89 9 170 10 339 12 375 13 229 15 364 16 128 17 220
5 15 1 467 2 393 3 406 6 114 7 415 8 143 9 293 10 138 11 157 12 91 13 340 14 205 15 372 16 315 17 179
6 13 1 126 3 89 5 395 7 448 8 34 9 97 10 258 11 138 12 299 13 493 14 55 15 141 17 141
7 12 2 251 3 143 5 88 8 152 10 282 11 84 12 234 13 491 14 460 15 127 16 447 17 365
8 11 2 191 4 85 5 460 7 331 9 480 10 444 11 330 12 456 14 448 16 168 17 438
9 11 2 463 3 474 4 311 5 436 6 381 7 472 8 164 10 233 13 493 15 291 17 300
10 15 1 55 2 98 3 484 4 254 5 472 6 423 7 194 8 70 9 451 11 90 12 291 13 314 14 496 16 185 17 131
11 12 1 201 3 286 4 255 5 5 6 233 7 324 9 66 10 131 13 110 14 315 15 484 16 413
12 13 1 203 2 190 4 159 5 180 6 198 7 425 8 231 9 463 10 134 11 424 13 462 15 63 16 489
13 14 2 48 3 176 4 408 6 201 7 425 8 266 9 262 10 92 11 235 12 443 14 475 15 234 16 484 17 370
14 13 1 242 5 180 6 184 7 7 8 327 9 300 10 130 11 394 12 225 13 270 15 309 16 356 17 121
15 12 2 75 3 458 5 63 6 127 8 419 9 12 10 418 11 342 12 314 13 179 16 15 17 92
16 9 1 212 2 268 4 455 6 464 7 477 10 286 11 252 13 452 17 43
17 13 1 345 2 151 3 294 5 484 6 304 7 471 9 125 10 423 11 179 13 86 14 192 15 491 16 361
1
11 9 12 7 16 5 3 2 8 14 13 6 17 1 4 10 15
2 14 1 7 10 6 13 16 12 15 8 5 9 3 11 17 4
2
8 16 3 10 5 2 13 4 6 9 12 17 14 15 7 1 11
7 5 17 9 11 10 16 3 4 13 8 2 12 6 14 1 15
3
16 9 17 14 3 13 1 2 5 4 10 7 15 12 8 11 6
7 15 4 13 17 9 8 1 5 14 12 16 11 3 6 2 10
4
14 16 13 8 10 2 3 6 5 1 4 12 17 9 15 11 7
4 2 15 16 13 12 5 14 17 1 9 10 6 3 7 11 8
5
10 1 7 2 17 16 5 6 3 9 4 13 12 11 15 8 14
7 16 2 6 17 11 5 10 3 13 4 8 12 15 14 9 1
6
2 12 6 3 8 9 5 10 13 16 11 15 7 1 4 14 17
14 4 2 7 10 11 15 1 16 9 6 12 17 13 8 3 5
7
16 15 11 4 1 10 9 7 6 14 5 2 17 3 8 13 12
5 7 1 11 17 14 2 13 9 8 15 12 6 3 16 10 4
8
4 14 2 16 6 5 8 13 17 10 12 1 9 11 3 15 7
4 12 17 10 11 1 6 7 2 15 5 13 9 16 14 8 3
9
8 1 16 5 12 9 4 17 10 14 2 11 13 15 3 7 6
16 2 5 4 15 7 3 11 14 8 9 10 1 6 12 13 17
10
8 14 17 15 12 3 13 9 1 5 10 16 6 2 4 11 7
15 7 1 4 17 9 16 14 8 6 5 2 12 3 10 11 13
11
13 2 17 4 9 5 3 15 16 6 12 1 8 14 10 11 7
8 15 11 5 14 10 7 6 4 1 12 16 13 3 9 2 17
12
9 10 16 5 6 15 3 4 13 14 2 11 12 1 17 7 8
13 3 10 4 12 6 15 1 16 14 7 8 2 9 5 11 17
13
9 10 6 14 7 4 15 5 2 11 3 12 1 8 16 17 13
6 13 4 5 14 17 7 11 9 10 16 3 2 15 1 12 8
14
2 13 11 5 1 17 16 4 6 9 14 8 7 12 15 10 3
7 4 9 12 2 16 3 14 8 11 6 1 15 5 13 17 10
15
8 5 12 15 1 4 7 2 13 14 17 10 11 3 6 16 9
7 5 12 3 15 11 13 8 14 9 16 6 2 4 10 1 17
16
7 4 10 3 14 8 16 13 6 9 12 5 17 2 15 1 11
1 3 5 13 9 17 4 2 11 8 12 10 16 14 6 15 7
17
8 15 3 1 14 5 7 17 11 6 9 12 16 4 13 10 2
11 10 6 15 17 13 9 7 3 4 16 12 5 8 14 1 2
18
1 10 15 12 13 4 11 8 5 9 2 17 3 14 7 6 16
4 7 2 5 12 14 6 9 16 11 15 17 3 1 8 13 10
19
1 17 2 9 16 13 6 5 11 14 3 15 10 4 8 7 12
10 2 9 7 12 1 11 13 17 4 16 5 14 6 3 8 15
20
3 5 4 6 10 11 2 14 9 7 16 13 1 12 17 15 8
4 1 10 7 13 14 15 12 3 6 8 11 9 16 2 17 5
0
17
1 14 2 237 3 489 4 427 5 356 6 399 8 213 9 436 11 384 12 7 13 273 14 262 15 111 16 222 17 173
2 15 1 23 3 225 4 289 5 41 6 384 7 225 8 142 9 328 10 128 11 259 12 478 13 328 15 180 16 498 17 33
3 11 2 134 4 192 5 102 6 106 8 292 9 180 10 448 11 155 12 367 13 165 15 297
4 13 1 41 2 63 3 44 5 312 6 373 8 481 9 476 10 105 11 451 12 434 13 48 15 286 16 243
5 13 1 372 3 414 4 346 6 498 7 470 8 343 9 94 10 424 12 361 13 241 14 223 15 140 16 136
6 13 1 291 3 234 4 98 5 482 7 309 8 203 9 37 10 420 12 106 13 4 15 78 16 344 17 13
7 11 1 229 2 41 3 77 4 124 5 470 6 247 8 333 12 237 13 72 14 319 17 476
8 14 1 374 2 24 3 371 4 172 5 254 6 456 7 183 10 138 11 252 12 363 13 357 14 1 16 457 17 122
9 14 1 241 3 332 4 444 5 281 6 121 7 208 8 118 10 494 11 282 13 440 14 467 15 406 16 396 17 96
10 13 1 172 2 353 3 113 4 92 6 344 8 253 9 233 11 150 13 119 14 9 15 257 16 95 17 84
11 14 1 499 2 262 3 424 6 243 7 490 8 460 9 116 10 351 12 22 13 223 14 403 15 109 16 281 17 214
12 13 1 284 2 329 4 69 5 335 8 479 9 497 10 343 11 253 13 246 14 469 15 422 16 467 17 155
13 12 1 402 2 46 3 447 4 12 5 387 8 187 9 42 10 196 11 36 15 404 16 137 17 288
14 14 1 359 2 92 3 451 4 64 6 48 8 54 9 233 10 460 11 226 12 329 13 481 15 5 16 208 17 164
15 15 2 339 3 60 4 147 5 485 6 493 7 333 8 13 9 334 10 215 11 439 12 233 13 200 14 395 16 211 17 148
16 11 1 152 2 362 4 347 5 317 6 159 9 474 10 61 11 260 12 353 13 376 15 126
17 15 1 9 2 162 3 245 4 264 5 37 6 461 7 266 8 492 9 268 10 18 11 378 12 269 14 354 15 260 16 47
1
17 5 13 10 11 4 14 15 1 3 12 6 9 2 8 7 16
8 5 12 10 17 7 6 3 16 13 9 2 11 1 15 4 14
2
4 10 5 13 8 16 6 17 3 15 7 12 9 2 11 1 14
16 5 13 17 12 6 2 1 4 9 8 10 11 7 14 15 3
3
5 11 13 2 8 17 14 7 16 6 3 10 12 15 4 1 9
8 17 16 15 2 13 5 14 11 10 9 6 12 3 4 7 1
4
5 7 10 2 14 12 13 3 17 11 9 16 15 4 1 8 6
15 1 3 8 16 5 2 6 10 11 4 12 9 14 17 7 13
5
10 17 7 2 5 6 14 16 1 11 4 8 3 15 12 9 13
13 5 17 9 7 14 8 11 15 3 16 4 2 10 6 1 12
6
4 8 14 12 3 10 6 2 7 17 16 15 5 11 9 1 13
13 5 11 7 2 9 16 17 6 12 14 10 4 1 15 8 3
7
6 7 14 9 4 17 2 12 5 3 16 13 1 15 11 8 10
13 7 11 2 4 9 12 6 17 5 16 15 1 3 8 14 10
8
14 13 7 11 16 4 5 6 15 8 9 2 3 12 1 17 10
16 17 12 15 13 9 6 3 8 4 10 5 11 1 2 7 14
9
16 9 15 10 14 6 8 3 2 7 4 12 17 1 13 11 5
5 6 15 16 7 9 11 2 14 13 10 17 1 3 4 8 12
10
15 11 1 7 17 8 3 9 6 10 12 4 5 14 16 2 13
7 5 1 4 11 10 3 12 16 8 17 13 2 6 15 14 9
11
7 10 13 16 5 4 1 6 17 2 12 14 9 15 3 11 8
5 14 2 7 10 6 17 12 3 4 8 11 13 1 9 15 16
12
6 4 13 9 14 7 12 11 3 16 10 8 1 17 15 5 2
14 13 15 5 16 6 4 2 9 8 17 3 1 11 10 7 12
13
13 14 8 7 5 3 17 16 4 9 12 6 1 2 11 10 15
15 6 3 16 12 8 14 13 17 7 5 2 4 11 1 9 10
14
7 8 14 10 2 16 12 9 5 4 3 11 17 13 6 15 1
8 1 14 10 13 17 5 12 16 7 6 2 3 15 4 11 9
15
4 14 3 8 2 16 15 1 13 17 12 10 6 5 11 9 7
17 16 11 15 9 10 2 1 14 7 6 8 3 4 12 5 13
16
1 13 11 12 8 17 10 14 7 15 5 2 16 4 3 6 9
9 8 7 1 3 12 14 4 2 17 15 5 13 10 6 16 11
17
17 16 13 1 10 9 8 4 6 14 7 2 5 12 3 11 15
4 6 13 8 1 17 9 5 2 10 14 16 12 15 7 3 11
18
2 4 11 10 15 8 3 14 7 5 1 6 16 13 9 12 17
8 14 17 12 15 9 11 13 5 4 16 3 6 7 1 10 2
19
17 14 2 9 12 7 3 6 8 13 15 10 16 1 4 11 5
15 10 9 8 3 5 17 14 1 13 16 2 7 11 12 6 4
20
10 1 9 7 16 15 17 11 3 14 6 2 13 8 4 5 12
11 1 4 13 12 10 6 17 7 9 14 16 2 5 15 8 3
0
17
1 15 2 12 3 69 4 424 5 271 6 106 7 382 9 107 10 306 11 266 12 104 13 129 14 228 15 288 16 263 17 103
2 10 3 159 4 130 6 434 8 441 10 131 11 220 13 407 14 453 15 26 16 81
3 12 1 100 2 217 5 143 6 354 7 421 8 231 9 90 10 17 12 414 13 374 15 304 17 349
4 13 1 442 2 32 5 289 6 461 8 142 10 366 11 178 12 123 13 340 14 222 15 1 16 193 17 202
5 14 1 57 2 60 4 300 6 169 7 349 8 131 9 107 10 271 11 94 12 273 13 92 14 113 15 441 16 357
6 12 1 13 2 264 5 312 7 477 9 220 10 414 11 241 12 110 13 108 14 461 15 77 16 401
7 14 1 436 2 469 4 313 5 370 6 376 8 26 9 258 10 489 12 204 13 328 14 290 15 310 16 148 17 224
8 12 1 117 3 5 4 395 5 68 6 220 10 304 11 9 13 352 14 377 15 123 16 116 17 246
9 14 1 316 2 241 3 7 4 284 6 337 7 402 8 271 10 72 12 471 13 274 14 113 15 179 16 238 17 142
10 14 1 489 2 2 3 21 4 244 5 92 6 466 8 449 9 236 11 365 12 61 14 374 15 279 16 241 17 485
11 14 1 32 2 356 3 184 5 344 7 69 8 363 9 398 10 281 12 453 13 69 14 386 15 417 16 27 17 296
12 13 2 500 4 58 5 422 6 345 7 106 8 197 9 254 10 380 11 260 13 76 14 222 16 23 17 443
13 16 1 253 2 271 3 472 4 248 5 342 6 456 7 416 8 376 9 160 10 42 11 187 12 280 14 42 15 421 16 136 17 177
14 13 1 43 3 77 4 135 5 272 6 313 7 148 8 52 9 249 10 294 12 13 13 329 15 103 17 14
15 12 1 421 2 49 4 204 5 454 6 395 8 146 9 148 10 233 11 271 12 234 13 380 14 484
16 10 1 132 2 264 3 441 4 370 6 327 7 377 9 117 10 35 14 356 15 325
17 12 1 399 2 353 4 173 5 116 6 114 7 432 9 199 10 63 11 138 13 269 14 452 15 261
1
10 7 6 8 14 17 5 16 2 15 9 4 13 12 3 11 1
2 11 5 12 3 16 7 13 9 15 8 1 4 14 6 17 10
2
13 7 11 14 6 4 5 10 12 15 2 17 8 16 1 9 3
9 15 13 5 17 11 16 4 14 3 10 2 7 1 8 12 6
3
7 3 16 2 11 6 15 4 17 9 8 12 14 5 1 10 13
14 9 16 12 15 5 10 13 17 6 4 11 3 1 2 8 7
4
15 6 12 5 16 10 17 13 1 14 3 11 9 4 2 8 7
9 10 5 16 17 15 12 8 1 13 11 7 2 14 4 3 6
5
14 10 12 1 13 7 3 6 17 8 5 9 16 2 15 11 4
16 2 14 7 6 1 11 12 3 9 17 8 15 10 5 4 13
6
2 12 4 8 1 13 10 6 17 5 14 15 7 3 16 9 11
16 17 5 15 1 3 9 13 14 6 10 4 8 11 12 7 2
7
7 17 9 11 14 13 4 8 6 10 16 5 12 15 1 2 3
5 9 4 3 1 12 11 13 15 7 8 14 17 2 16 6 10
8
2 8 11 16 9 4 5 12 7 1 10 14 6 15 3 13 17
13 3 1 10 2 15 4 17 9 7 6 16 12 14 11 5 8
9
4 7 6 10 2 5 17 13 8 14 15 1 16 12 11 3 9
7 8 15 14 3 17 16 2 4 13 5 12 9 6 11 10 1
10
12 6 2 16 7 10 1 9 15 13 14 4 5 8 3 11 17
16 4 5 11 8 10 9 7 6 17 3 1 12 14 13 15 2
11
1 13 6 5 14 17 9 3 11 2 8 16 10 15 12 7 4
12 13 3 15 11 4 6 2 5 9 14 8 16 1 10 7 17
12
9 16 4 15 1 11 6 5 7 14 10 8 17 3 12 13 2
1 2 5 14 10 3 7 11 13 15 16 6 17 4 12 9 8
13
13 14 10 3 12 5 6 11 15 17 4 2 16 1 8 9 7
15 5 12 17 16 1 11 6 9 7 10 3 2 13 4 8 14
14
1 8 6 13 12 5 15 10 16 3 2 7 17 4 9 14 11
3 2 6 11 8 7 9 12 17 15 14 1 10 4 16 5 13
15
15 16 17 8 11 14 3 5 7 10 12 2 1 13 4 6 9
11 9 13 14 7 6 15 16 5 3 8 10 12 17 2 1 4
16
13 1 15 6 4 17 12 14 11 10 9 3 2 7 5 16 8
6 8 9 17 16 11 10 5 14 3 13 12 15 2 1 4 7
17
14 9 16 5 17 1 13 15 8 2 7 3 10 6 11 12 4
9 15 14 16 6 2 3 4 11 8 13 5 10 7 12 17 1
18
13 6 7 3 2 1 15 11 4 9 10 8 12 17 14 16 5
10 16 3 11 12 13 6 4 9 15 14 2 8 5 7 17 1
19
15 16 17 1 6 9 8 10 11 7 14 13 12 5 3 4 2
15 7 1 16 14 17 6 4 9 11 13 12 2 3 10 5 8
20
6 5 2 14 8 12 17 13 10 15 4 3 9 1 11 16 7
8 17 4 7 11 9 10 15 16 1 6 2 12 13 14 5 3
0
0
