24
1 21 2 419 4 381 5 262 6 316 7 488 8 62 9 293 10 66 11 474 12 21 14 406 15 361 16 459 17 287 18 86 19 11 20 273 21 13 22 246 23 58 24 33
2 20 3 259 4 238 6 270 7 239 8 221 9 355 10 66 11 139 12 416 13 194 14 353 15 295 16 450 17 282 19 465 20 311 21 436 22 76 23 352 24 302
3 15 1 131 2 411 6 251 7 445 8 454 11 365 12 342 14 373 15 260 16 365 18 43 20 83 21 184 22 113 24 205
4 19 2 117 5 434 6 279 7 151 8 480 9 312 10 132 11 398 12 324 14 150 15 203 16 29 17 235 19 29 20 268 21 479 22 340 23 122 24 238
5 20 1 408 2 336 3 150 4 313 7 451 8 332 9 395 10 143 11 40 12 72 13 111 14 344 15 185 16 286 17 130 18 304 20 213 22 234 23 385 24 484
6 18 1 185 5 283 7 142 8 489 10 280 11 171 12 450 13 456 14 89 15 314 16 85 18 253 19 223 20 361 21 40 22 211 23 95 24 170
7 16 1 130 2 358 3 225 5 179 6 273 8 491 9 301 10 123 12 60 14 56 16 420 19 103 20 324 21 222 22 319 23 489
8 20 2 495 3 78 5 207 6 490 7 434 9 151 10 158 11 256 12 27 13 331 14 437 15 165 16 467 17 141 18 432 19 127 21 131 22 161 23 403 24 160
9 20 1 302 5 236 6 145 7 161 8 181 10 227 11 467 12 220 13 89 14 82 15 350 16 128 17 9 18 135 19 226 20 237 21 352 22 19 23 19 24 214
10 19 1 115 2 342 3 478 4 7 5 359 6 447 7 129 8 172 11 241 12 75 13 99 17 202 18 85 19 401 20 415 21 13 22 285 23 195 24 286
11 19 1 4 2 184 3 296 4 145 6 221 7 365 9 166 10 336 12 164 13 423 14 261 15 56 16 128 17 273 18 358 19 314 20 114 21 316 22 349
12 19 1 457 3 492 4 324 6 366 8 333 9 281 10 29 11 287 13 37 14 451 16 352 17 324 18 317 19 398 20 194 21 301 22 416 23 283 24 113
13 18 1 177 2 488 4 477 5 240 6 222 7 351 8 163 9 443 10 252 11 12 12 148 15 337 17 126 18 32 19 445 20 97 21 19 22 65
14 17 1 97 4 13 6 215 7 231 9 49 10 270 11 166 12 152 15 213 16 59 17 496 19 159 20 393 21 103 22 409 23 163 24 57
15 19 1 418 2 198 3 420 4 434 5 72 6 74 7 216 8 481 9 431 10 181 11 456 13 93 14 292 16 4 17 45 19 388 20 463 23 328 24 430
16 18 1 94 2 199 4 149 5 170 6 495 7 331 9 158 10 327 11 277 12 6 14 300 18 396 19 81 20 217 21 200 22 127 23 232 24 133
17 21 1 396 2 428 3 271 4 270 5 155 6 254 7 404 8 328 9 478 10 104 11 291 12 88 13 291 14 437 15 157 16 377 18 162 19 341 20 453 21 480 23 283
18 15 1 74 3 489 5 42 8 405 11 298 12 319 13 435 14 498 15 197 16 368 17 27 19 351 22 252 23 114 24 156
19 15 1 61 2 194 3 81 4 468 5 472 6 285 8 14 9 25 10 123 11 474 14 172 16 415 17 242 22 338 23 99
20 18 1 443 3 238 4 44 5 339 6 126 7 96 8 292 9 216 10 136 11 194 12 276 14 361 15 41 16 263 17 265 18 274 19 44 22 27
21 19 1 454 2 93 3 422 4 457 5 382 6 144 7 59 9 313 10 125 12 447 13 464 14 284 16 218 17 416 19 279 20 195 22 475 23 179 24 344
22 18 1 109 2 301 3 247 4 193 7 104 8 78 9 374 10 121 11 219 13 490 14 204 15 464 16 306 17 467 18 168 20 161 21 301 23 326
23 18 1 428 3 132 6 231 7 306 8 244 9 457 11 297 12 334 13 202 14 264 15 112 16 178 17 103 18 435 20 77 21 151 22 63 24 194
24 16 2 129 3 225 5 399 8 282 9 221 10 372 11 161 12 249 13 189 14 103 15 410 16 129 18 492 19 290 21 21 22 152
1
1 4 21 11 20 19 10 15 2 5 9 3 22 6 12 17 23 14 13 8 16 24 7 18
19 7 15 24 4 22 18 10 1 8 20 21 16 5 14 6 11 2 23 9 17 3 13 12
2
14 7 11 15 19 4 17 8 13 2 20 12 24 18 16 21 5 23 6 22 10 3 9 1
16 20 11 4 17 22 6 19 10 9 8 7 14 12 21 23 5 1 15 2 18 24 3 13
3
3 5 24 2 6 16 23 13 21 14 18 19 20 12 8 15 7 17 1 10 22 9 11 4
8 6 15 18 14 22 5 3 21 20 17 2 19 12 9 11 10 16 13 1 23 24 7 4
4
6 23 22 9 19 17 14 3 11 15 13 18 10 16 8 5 4 20 12 7 1 2 21 24
16 15 24 13 6 5 10 21 20 4 17 9 8 1 11 12 19 18 22 7 23 14 3 2
5
15 3 21 22 4 9 20 11 12 16 23 19 24 8 10 13 5 7 1 2 18 6 17 14
13 4 19 10 23 21 17 18 24 16 1 11 3 5 12 7 14 15 9 8 6 2 22 20
6
15 14 6 18 4 19 24 20 5 13 12 16 1 11 17 21 22 7 8 2 9 23 3 10
23 12 13 16 24 14 22 1 5 6 4 2 20 9 17 18 7 8 11 21 3 19 15 10
7
15 3 19 17 4 24 13 22 5 7 11 1 16 21 2 6 9 23 18 10 14 12 20 8
19 12 6 1 7 24 3 21 18 23 4 8 17 15 16 10 9 13 5 22 2 20 11 14
8
8 5 1 24 23 17 7 20 12 19 14 2 3 22 13 11 15 9 16 10 21 4 18 6
9 12 14 1 19 2 18 16 8 7 11 13 20 5 24 15 22 3 10 21 4 6 23 17
9
17 5 22 6 7 20 21 19 3 11 16 10 24 1 18 4 9 2 15 13 12 23 14 8
1 15 6 10 16 20 8 11 14 24 18 3 7 22 12 2 13 5 21 19 9 17 4 23
10
17 2 1 21 22 14 19 18 9 3 7 11 5 16 4 6 10 24 8 12 20 23 13 15
6 1 12 24 19 4 14 5 7 11 13 17 20 3 10 21 9 15 23 2 18 8 16 22
11
2 19 23 21 1 22 6 15 13 5 4 9 10 8 12 20 24 16 17 3 7 18 14 11
14 12 13 17 6 10 23 4 22 3 21 20 18 9 16 15 19 5 8 7 24 11 1 2
12
18 22 17 9 7 12 13 16 4 5 21 14 10 15 19 6 20 8 3 1 23 11 2 24
3 1 9 11 18 22 23 8 20 7 5 4 24 2 14 6 19 16 10 15 17 12 21 13
13
19 11 20 5 3 18 15 4 14 21 9 7 22 23 10 2 1 13 24 17 12 6 8 16
6 15 1 13 18 2 8 5 9 19 22 17 14 23 21 12 24 16 4 11 7 20 3 10
14
9 14 11 15 12 24 21 19 23 10 1 8 5 3 2 4 16 18 22 7 17 6 20 13
6 21 18 24 15 4 17 12 7 11 10 3 19 8 20 5 14 1 23 16 13 22 2 9
15
13 1 5 17 9 4 7 10 11 2 14 8 3 23 16 6 20 18 21 15 12 24 22 19
5 24 12 11 1 20 8 6 23 21 22 2 17 16 7 14 15 18 9 10 13 4 19 3
16
3 8 19 14 4 7 5 10 9 20 22 13 6 18 15 12 21 2 24 23 11 16 17 1
3 1 18 17 12 14 9 20 23 6 5 8 11 15 21 16 22 13 24 10 19 4 2 7
17
7 15 24 18 9 21 23 1 8 10 17 2 6 20 14 16 19 5 11 4 3 13 12 22
10 4 7 14 2 22 13 11 8 18 15 23 21 5 9 1 16 20 3 19 24 12 6 17
18
3 16 5 11 20 8 18 14 12 22 15 19 10 4 23 24 1 2 7 13 21 6 17 9
13 1 7 19 11 4 10 18 12 14 6 17 22 9 3 23 8 16 24 15 5 20 2 21
19
19 22 21 5 4 10 17 11 16 9 2 3 7 14 24 15 13 8 6 12 1 18 23 20
9 16 8 10 5 23 7 15 21 13 14 6 11 12 18 3 4 1 17 22 20 19 2 24
20
16 11 2 12 22 18 4 17 9 7 3 8 23 10 15 6 19 14 5 21 20 24 13 1
15 14 5 2 11 1 10 12 19 21 18 9 22 3 17 16 13 4 8 7 24 23 6 20
0
24
1 21 2 451 3 359 4 217 5 426 6 384 8 349 9 397 10 115 11 188 12 18 13 400 14 453 15 139 16 140 18 306 19 25 20 457 21 325 22 371 23 394 24 57
2 20 1 320 3 300 4 98 5 22 6 241 7 194 8 34 9 37 11 23 12 326 13 132 14 173 15 389 16 117 17 161 18 124 19 5 21 139 22 423 24 359
3 19 1 33 2 34 4 20 5 312 7 63 8 311 9 387 10 32 11 40 12 267 13 258 14 281 15 454 16 429 17 416 19 328 20 44 21 136 23 103
4 18 1 182 2 433 3 369 5 99 6 258 7 95 9 130 10 342 11 25 12 167 14 281 15 452 16 86 17 398 20 100 22 203 23 328 24 382
5 19 1 39 4 231 6 399 7 107 8 472 9 158 11 124 12 275 13 455 14 344 15 256 16 123 17 489 18 79 19 51 20 78 22 89 23 251 24 272
6 17 1 256 2 451 3 92 4 375 5 367 9 231 12 172 13 230 14 185 16 70 17 2 18 86 19 410 20 157 21 25 22 351 23 190
7 19 2 170 4 449 5 154 8 93 9 180 10 479 11 245 12 238 13 264 14 148 15 3 16 327 17 60 18 268 19 275 20 42 21 122 22 223 24 214
8 18 1 25 3 474 4 188 5 223 6 367 7 38 9 333 10 145 11 461 12 136 13 76 14 73 15 304 17 258 20 111 21 203 22 489 24 358
9 16 1 344 3 291 4 51 5 47 6 426 8 49 10 336 11 255 12 222 14 60 15 258 16 340 17 406 19 145 22 52 24 154
10 19 1 357 3 470 4 406 6 235 7 403 8 274 9 85 11 441 13 423 14 443 15 484 16 233 17 342 18 237 20 154 21 331 22 370 23 453 24 263
11 17 1 435 2 472 3 264 4 315 6 44 7 222 8 115 10 18 14 38 15 39 16 249 18 363 19 86 21 358 22 456 23 193 24 174
12 19 1 348 2 421 3 105 4 320 5 45 6 106 7 459 8 312 9 135 10 254 11 133 13 255 16 378 17 61 18 385 20 137 21 499 22 471 23 247
13 21 1 255 2 329 3 235 4 377 5 152 7 155 8 295 9 422 10 436 11 295 12 386 14 60 15 484 16 254 17 208 18 478 19 397 20 288 21 217 23 351 24 389
14 16 1 24 2 325 3 158 5 370 6 186 7 257 9 92 11 28 12 2 13 268 15 238 16 419 17 482 18 194 20 232 24 34
15 21 1 436 2 333 3 235 4 169 5 151 6 388 7 411 8 363 9 337 10 423 11 231 13 233 16 17 17 238 18 442 19 448 20 168 21 416 22 55 23 492 24 86
16 20 1 300 2 314 3 407 5 241 6 430 7 432 8 449 9 10 10 53 11 261 12 239 13 6 14 406 15 462 17 200 18 305 19 245 20 231 22 355 24 121
17 18 1 449 3 65 4 30 5 433 6 327 8 80 10 452 11 171 12 327 13 39 14 219 15 444 16 470 18 100 19 186 20 185 22 417 23 228
18 21 1 181 2 234 3 51 4 344 6 327 7 316 8 301 9 464 10 31 11 62 12 444 13 466 14 426 15 405 16 78 17 8 19 103 20 440 21 83 22 125 24 434
19 18 1 430 2 370 3 35 4 474 5 162 6 24 8 43 9 318 11 380 12 146 13 69 15 336 16 471 17 103 21 250 22 343 23 429 24 294
20 18 1 34 2 424 3 150 5 300 6 170 7 280 8 462 9 367 10 306 11 185 13 86 15 204 16 154 17 412 18 308 19 398 22 246 24 58
21 20 1 389 2 28 3 277 5 367 7 14 9 201 10 458 11 365 12 420 13 158 14 326 15 234 16 353 17 458 18 459 19 495 20 430 22 404 23 176 24 370
22 20 1 396 2 407 3 375 4 5 5 245 6 438 7 27 8 126 9 335 10 316 11 321 12 82 14 454 16 207 17 486 18 46 19 310 21 104 23 197 24 217
23 20 1 478 2 324 3 71 4 140 5 400 6 118 7 332 8 134 9 476 10 363 11 391 13 339 14 287 15 126 16 228 18 105 20 76 21 293 22 264 24 440
24 16 2 311 3 103 4 150 5 488 7 324 9 112 11 462 12 403 13 99 15 84 16 83 17 408 19 411 21 471 22 294 23 388
1
13 22 5 1 10 7 14 16 12 3 2 21 17 8 20 23 11 15 19 18 6 4 24 9
22 5 11 6 13 19 23 7 12 15 14 17 2 21 3 9 1 4 10 16 20 8 24 18
2
19 16 15 14 22 20 1 4 12 18 13 7 24 2 11 21 17 3 6 9 23 5 10 8
11 16 18 8 3 20 24 19 23 17 14 6 4 1 13 10 21 15 22 2 7 5 12 9
3
15 4 24 23 14 3 2 1 21 9 16 22 5 17 6 12 10 20 11 13 8 18 7 19
1 5 8 16 9 18 3 17 21 10 6 20 22 14 15 23 4 13 11 24 2 19 7 12
4
10 20 18 6 15 12 13 17 5 9 23 1 7 21 11 24 8 19 3 14 4 2 22 16
6 18 21 23 15 13 22 11 8 7 2 1 5 3 14 10 12 9 4 16 19 24 17 20
0
24
1 14 2 6 8 331 9 81 10 363 12 79 14 374 16 74 17 382 18 384 20 79 21 332 22 469 23 99 24 207
2 18 1 54 4 345 6 64 7 358 8 270 9 89 10 139 12 97 13 61 14 46 15 371 16 179 19 173 20 299 21 250 22 319 23 489 24 422
3 20 1 390 2 406 5 490 6 419 7 320 8 301 9 32 10 149 11 34 12 19 13 487 14 79 15 191 18 18 19 186 20 74 21 177 22 157 23 91 24 274
4 21 1 244 2 221 3 471 5 114 6 98 7 384 9 311 10 347 11 52 12 70 13 148 14 32 15 440 16 354 17 27 18 288 19 498 20 240 21 434 23 357 24 341
5 16 2 161 3 144 4 136 7 66 8 163 9 136 11 230 12 451 13 470 14 437 15 155 17 145 19 204 20 195 21 65 22 356
6 20 1 401 2 119 3 295 4 210 5 383 7 311 8 157 9 435 11 297 12 279 13 114 14 151 15 282 16 233 17 152 19 482 20 447 22 271 23 103 24 21
7 19 1 360 4 78 5 42 6 319 8 103 10 293 11 449 12 255 13 122 14 418 15 94 16 441 17 302 18 285 19 346 20 97 21 151 22 360 24 319
8 16 1 59 2 110 4 14 7 250 9 140 10 280 13 152 14 322 15 38 16 329 17 293 19 343 21 58 22 159 23 365 24 273
9 19 2 217 3 72 4 50 5 496 6 468 7 383 8 297 10 358 13 471 14 170 15 290 16 112 17 120 19 195 20 265 21 223 22 14 23 140 24 496
10 19 1 459 2 264 3 418 4 472 5 406 7 379 8 457 9 448 12 176 13 177 14 174 15 443 17 278 18 444 20 298 21 82 22 426 23 67 24 494
11 19 1 434 3 352 4 164 5 231 6 441 7 215 8 439 10 160 13 282 15 265 16 400 17 307 18 485 19 86 20 142 21 57 22 6 23 5 24 459
12 18 2 129 3 375 4 316 5 438 6 434 7 383 8 497 9 97 10 44 11 481 15 305 16 118 17 409 18 203 19 24 20 151 21 266 24 9
13 19 1 428 3 123 4 361 5 427 6 222 7 83 8 86 9 435 10 500 14 452 15 197 16 230 17 293 18 175 19 8 21 41 22 286 23 434 24 246
14 19 1 49 2 435 3 181 4 65 5 308 6 190 8 182 9 494 10 50 11 94 12 368 13 252 15 140 17 195 18 422 19 184 22 88 23 6 24 466
15 21 1 22 2 149 3 377 4 471 6 270 7 139 8 428 9 190 10 98 11 345 12 261 14 195 16 250 17 21 18 366 19 298 20 70 21 51 22 27 23 101 24 37
16 17 1 253 2 317 3 397 4 470 5 240 6 310 9 193 10 114 11 413 12 76 13 91 15 88 18 105 19 228 21 448 22 158 23 324
17 19 1 457 3 380 4 495 5 429 6 352 7 185 8 153 9 379 10 210 11 404 12 483 13 80 14 455 15 437 18 461 19 478 21 285 23 327 24 142
18 18 1 467 3 411 4 349 5 314 6 324 7 410 9 446 10 234 11 50 12 267 13 219 14 138 15 150 16 30 19 480 21 4 23 303 24 491
19 19 2 181 3 91 4 485 5 190 7 476 8 192 9 130 10 152 11 246 12 473 13 9 14 99 15 194 16 246 17 77 18 96 20 280 21 328 22 433
20 20 1 191 2 1 3 255 4 306 5 35 6 371 7 495 8 406 9 326 10 31 11 321 12 81 13 323 16 420 17 100 18 126 21 492 22 57 23 97 24 297
21 19 1 486 2 388 4 288 5 63 6 205 7 299 8 164 9 1 10 84 12 125 13 44 15 132 16 101 17 83 18 464 19 468 20 98 23 163 24 300
22 18 1 367 2 372 3 429 4 26 5 23 6 9 7 274 8 293 9 176 10 291 12 257 13 423 14 112 16 321 20 287 21 338 23 217 24 75
23 18 4 3 5 385 6 236 7 410 9 270 10 263 12 6 13 70 14 250 15 450 16 222 17 450 18 342 19 402 20 243 21 430 22 107 24 92
24 20 1 397 2 337 3 468 4 59 5 408 8 248 9 243 10 109 11 325 12 365 13 7 14 165 15 105 16 155 18 36 19 209 20 280 21 176 22 190 23 441
1
21 4 15 6 23 14 2 22 9 18 5 19 17 12 20 1 3 10 8 16 7 13 24 11
10 16 19 8 6 23 21 5 4 3 14 20 24 11 12 7 9 15 17 13 18 2 1 22
2
17 11 1 2 7 14 23 3 21 13 24 20 6 10 9 4 19 16 18 15 5 8 22 12
14 19 15 6 9 5 21 7 24 12 1 16 18 13 8 23 2 10 17 4 11 20 3 22
3
20 24 8 18 3 14 11 22 16 10 5 2 21 17 6 4 7 1 12 13 15 9 23 19
18 7 13 10 2 11 21 9 3 15 24 14 23 6 17 19 12 4 16 5 22 20 1 8
4
4 23 7 5 2 24 10 19 18 16 22 20 13 12 15 6 8 9 17 21 1 14 3 11
23 16 8 21 5 6 3 22 24 12 19 10 15 9 7 13 14 1 2 17 18 11 4 20
5
23 20 12 7 18 3 2 22 19 14 16 1 15 8 5 17 9 13 11 24 10 21 6 4
9 6 20 21 13 2 15 1 8 3 4 11 18 24 19 16 12 10 17 5 14 22 7 23
6
12 23 3 4 24 15 14 7 18 22 19 17 8 11 10 16 21 20 13 9 1 5 6 2
1 18 15 17 20 11 14 21 23 5 6 22 16 3 12 2 13 8 4 9 19 7 10 24
7
10 21 9 14 3 4 18 19 22 1 8 2 20 12 23 7 11 16 15 24 17 6 5 13
5 20 15 18 23 2 21 17 10 19 22 8 7 4 14 9 16 3 6 24 1 13 11 12
8
20 4 21 16 1 7 15 14 5 8 10 23 22 19 9 2 11 12 17 6 13 24 3 18
7 21 18 24 11 9 16 8 15 4 5 12 6 13 10 3 17 20 22 1 2 14 23 19
9
16 23 1 24 4 13 15 22 3 10 11 8 20 9 6 21 14 2 12 5 17 18 7 19
19 22 21 12 3 14 11 10 18 9 24 2 5 1 17 6 13 20 4 8 15 23 7 16
10
11 23 6 17 9 18 20 12 7 3 15 21 1 19 22 16 24 8 2 14 13 5 4 10
20 18 13 14 23 9 12 10 15 8 6 1 5 2 24 7 11 19 4 3 17 21 16 22
11
19 13 4 16 10 8 5 6 15 20 3 7 1 22 2 21 9 17 24 23 14 18 11 12
3 21 17 12 10 2 16 8 5 7 9 15 6 11 1 22 18 20 24 4 14 19 13 23
12
15 5 24 22 9 23 13 18 2 7 14 21 3 12 19 8 16 1 4 17 11 10 6 20
6 2 3 10 15 9 7 5 17 22 21 13 19 11 4 20 8 24 12 18 14 1 23 16
13
22 24 4 21 5 23 3 1 8 17 7 19 13 18 12 14 6 9 20 16 11 10 2 15
18 7 4 23 22 21 8 9 12 13 11 1 17 16 24 3 2 14 6 10 5 15 19 20
14
3 22 16 1 18 10 24 14 11 12 2 15 9 13 23 20 21 8 6 17 5 4 19 7
7 19 13 10 8 15 18 22 5 23 17 24 14 21 6 4 16 12 2 20 1 11 9 3
15
19 8 16 22 13 17 12 24 3 14 5 20 21 1 4 7 15 23 9 10 18 11 6 2
11 22 12 14 10 5 16 15 17 1 24 21 23 2 3 8 13 6 7 9 18 19 20 4
16
12 7 17 18 10 15 16 24 8 9 13 19 2 21 22 4 5 14 23 6 20 1 3 11
14 3 23 19 21 17 20 5 9 8 13 2 18 22 10 15 4 6 12 16 1 24 11 7
17
11 12 3 4 23 7 14 1 20 8 17 2 22 21 9 6 5 24 15 10 16 13 18 19
21 11 8 7 24 6 9 12 10 4 22 19 14 16 23 5 13 15 2 3 18 20 17 1
18
18 5 17 15 6 19 10 9 13 23 20 11 14 8 24 12 4 21 7 16 2 1 22 3
19 5 16 9 14 2 7 21 20 17 8 24 4 6 22 11 12 18 23 3 1 15 10 13
19
11 23 3 22 15 10 1 16 20 5 21 9 2 14 17 13 24 8 12 19 18 4 7 6
2 10 5 12 23 7 15 17 19 6 13 24 16 9 18 4 22 3 20 21 11 14 8 1
20
6 14 18 7 3 4 1 21 16 9 12 15 17 24 10 11 13 5 23 20 8 2 22 19
20 17 3 6 2 8 10 19 12 15 13 9 16 14 7 21 5 23 22 18 1 4 11 24
0
24
1 18 2 135 3 482 4 185 5 470 6 199 8 62 9 237 10 373 11 398 13 147 14 315 15 229 17 6 19 298 20 206 21 205 22 220 24 94
2 18 1 463 3 257 5 120 6 183 7 310 9 313 10 79 11 7 12 84 13 417 14 156 15 499 16 250 18 146 19 15 22 450 23 173 24 108
3 22 1 461 2 30 4 284 5 396 6 200 7 467 8 469 9 187 10 341 11 444 12 77 13 433 14 440 16 84 17 44 18 347 19 54 20 183 21 291 22 452 23 334 24 316
4 20 1 245 2 375 3 22 6 143 7 488 9 113 10 258 11 453 12 287 13 131 14 347 15 439 16 291 18 242 19 235 20 449 21 471 22 259 23 203 24 204
5 20 1 54 2 4 3 321 6 420 7 350 8 498 10 345 11 59 12 412 13 469 15 239 16 499 17 458 18 492 19 143 20 280 21 198 22 377 23 187 24 128
6 16 1 215 2 305 3 52 4 285 5 20 7 133 8 3 9 98 14 233 15 264 18 428 19 57 20 369 21 290 22 220 23 63
7 16 3 96 4 420 5 354 6 142 8 479 9 131 10 467 11 48 15 455 16 24 17 301 18 365 20 183 21 134 23 373 24 288
8 17 1 21 2 160 3 247 4 389 5 470 6 13 7 202 9 110 14 298 15 329 16 455 17 110 19 323 20 33 21 43 22 85 24 136
9 18 1 325 2 306 3 265 4 53 5 365 7 183 10 373 11 336 12 430 14 484 15 61 16 298 17 421 18 220 20 282 21 325 23 158 24 113
10 20 2 422 3 35 5 108 6 399 7 433 8 328 9 229 12 3 13 48 14 60 15 85 16 44 17 129 18 256 19 160 20 174 21 235 22 288 23 396 24 148
11 20 1 115 2 409 3 466 4 313 5 459 6 478 8 212 9 44 12 101 13 204 14 33 15 435 16 153 17 92 18 386 19 12 21 284 22 271 23 264 24 475
12 21 1 276 2 53 3 287 4 303 5 165 6 48 7 208 8 492 9 458 11 77 13 404 14 32 15 373 16 228 17 261 18 268 19 335 20 476 22 95 23 106 24 309
13 15 1 146 2 477 3 399 4 126 6 258 8 297 11 460 12 449 14 158 15 458 16 261 18 280 22 313 23 376 24 476
14 19 2 395 3 320 4 118 6 439 7 483 9 298 10 476 11 349 12 125 13 177 15 464 16 161 17 456 18 244 19 50 20 208 21 77 22 469 23 271
15 17 1 76 2 371 3 247 4 377 5 5 6 63 7 284 8 347 11 456 13 304 14 184 17 393 18 162 19 69 21 227 22 253 23 486
16 20 1 110 2 460 3 330 4 190 5 43 6 123 7 263 8 270 9 356 10 250 11 203 14 52 15 177 17 46 18 451 19 57 20 80 21 421 22 167 23 373
17 18 1 35 2 263 3 141 5 54 6 419 7 388 8 473 10 333 13 344 14 21 15 184 16 2 18 224 19 377 20 481 21 28 23 277 24 106
18 21 1 334 2 104 3 111 4 268 5 380 6 287 7 143 8 204 9 172 10 485 11 313 12 149 13 242 14 221 15 135 16 263 17 25 19 208 21 328 23 422 24 198
19 19 1 121 2 236 3 149 4 339 5 465 6 13 7 42 8 315 9 480 10 434 12 137 13 364 15 70 16 500 17 287 20 157 21 400 23 231 24 438
20 20 1 239 2 366 3 201 4 83 5 463 6 202 7 249 8 340 9 152 10 254 11 493 12 308 13 209 14 149 15 154 17 357 18 387 21 212 22 215 24 6
21 16 1 286 3 63 5 422 6 196 8 176 9 323 10 411 11 312 12 5 14 340 15 477 16 189 18 416 19 484 22 358 23 139
22 20 1 324 2 315 3 132 4 151 5 79 6 107 8 180 9 54 10 147 11 373 12 459 15 73 16 441 17 105 18 215 19 175 20 93 21 399 23 497 24 45
23 15 1 220 2 477 3 270 4 121 6 28 7 342 8 396 10 484 11 276 14 289 15 165 16 291 17 456 20 273 24 100
24 18 2 302 3 276 5 110 6 102 7 198 9 244 10 496 12 214 13 403 14 325 15 165 16 300 17 314 18 117 20 343 21 215 22 230 23 89
1
7 23 1 16 14 12 19 9 5 11 20 10 2 24 13 21 18 4 3 6 15 8 17 22
19 6 13 12 15 20 8 14 2 3 21 5 4 10 22 11 7 9 18 17 23 24 1 16
2
20 12 7 17 15 19 14 21 8 3 4 6 16 1 24 22 23 9 11 10 13 18 2 5
22 13 24 20 2 17 1 19 4 6 7 5 18 12 21 9 23 10 3 11 8 15 16 14
3
24 8 7 5 14 6 18 22 21 13 2 9 20 4 17 23 15 12 19 3 1 16 10 11
6 13 22 7 3 10 23 21 11 24 19 9 5 20 15 16 14 8 12 4 17 18 2 1
4
4 1 23 17 3 18 20 24 8 21 19 6 10 22 16 9 5 2 15 13 12 11 14 7
10 11 24 5 16 9 4 1 6 7 21 23 13 22 18 3 15 14 8 19 12 2 17 20
5
22 17 5 10 9 2 12 15 24 19 18 23 14 6 8 11 21 1 7 13 3 4 16 20
23 4 21 14 19 16 1 22 9 6 15 12 8 24 5 17 2 11 18 13 3 10 7 20
6
18 8 14 10 24 12 5 6 22 20 21 1 17 23 3 9 7 16 15 2 11 19 13 4
22 1 12 18 20 6 17 7 19 10 13 3 4 8 23 9 15 11 5 24 2 21 16 14
7
12 2 4 5 16 6 21 11 17 7 19 9 15 8 23 24 3 13 22 20 10 14 18 1
7 13 17 20 4 11 5 10 19 6 14 8 2 18 16 9 22 15 24 3 21 23 1 12
8
15 10 6 21 5 19 16 1 2 24 13 14 3 7 22 20 9 4 11 23 18 12 8 17
23 8 6 1 18 13 12 15 4 16 14 22 17 5 19 24 2 7 21 9 20 10 3 11
9
21 1 16 17 5 8 13 12 14 20 18 22 11 15 10 19 9 3 7 6 2 23 24 4
21 6 22 12 11 9 1 17 18 7 13 8 4 20 5 24 10 16 19 15 23 14 2 3
10
10 18 6 1 16 22 5 3 7 2 12 20 19 21 24 15 14 17 13 23 9 4 8 11
13 22 14 17 4 10 8 23 24 20 9 15 19 1 16 3 21 5 11 12 18 6 7 2
11
23 6 21 19 24 8 22 15 12 20 2 1 18 4 14 11 16 17 9 10 7 3 5 13
10 19 15 23 21 16 24 12 22 1 2 4 20 6 7 13 8 9 5 3 17 14 11 18
12
14 7 15 8 19 22 17 1 13 20 11 3 24 18 2 6 23 21 9 4 5 16 10 12
14 6 3 23 17 20 18 4 10 9 1 8 24 12 15 7 22 16 19 21 13 5 11 2
13
14 10 5 21 20 4 1 22 15 19 8 3 9 11 18 12 16 7 24 17 23 13 2 6
1 19 5 3 21 20 18 4 14 22 11 12 23 2 10 16 17 6 15 9 13 7 8 24
14
12 10 21 19 9 3 16 17 7 23 15 4 6 20 18 13 2 1 8 22 11 14 5 24
17 5 2 24 22 9 4 10 19 16 20 8 7 14 15 11 23 13 18 12 6 21 3 1
15
13 10 9 14 3 19 11 20 18 8 4 21 17 7 23 12 6 1 22 15 16 2 5 24
4 16 13 12 14 15 11 2 22 1 10 20 24 8 17 21 6 23 19 9 18 7 5 3
16
2 8 3 15 18 12 16 23 20 13 1 7 6 9 14 11 19 17 10 5 22 21 24 4
21 1 22 12 9 8 4 13 10 24 7 23 11 20 16 14 17 19 2 6 15 18 3 5
17
18 21 7 12 1 11 19 5 4 2 22 9 23 16 3 24 8 15 14 10 20 6 17 13
9 20 10 22 15 19 23 5 24 17 6 4 7 2 8 12 11 21 18 16 3 14 1 13
18
6 13 23 12 9 3 4 16 19 2 21 5 8 22 11 24 18 15 17 14 7 10 20 1
17 13 9 16 6 24 5 7 18 19 23 12 10 14 2 20 11 21 22 4 15 8 3 1
19
16 9 14 23 24 15 22 10 20 21 12 2 8 18 19 6 3 13 1 11 7 5 17 4
21 15 18 16 5 23 12 19 1 3 10 8 2 17 22 4 20 7 13 24 14 9 11 6
20
19 21 23 18 14 5 7 6 8 17 3 10 9 4 20 13 1 16 22 11 2 15 24 12
11 24 12 8 20 21 18 5 10 3 4 22 9 7 13 19 14 23 17 6 16 15 2 1
0
24
1 16 3 74 4 128 5 221 6 39 9 344 10 61 11 297 15 267 16 132 17 242 18 120 19 17 20 446 21 83 22 54 24 38
2 22 1 41 3 117 4 241 5 225 6 209 7 175 8 326 9 367 11 175 12 282 13 358 14 311 15 298 16 53 17 17 18 101 19 363 20 26 21 458 22 299 23 480 24 213
3 17 1 339 4 197 5 228 7 457 8 405 9 27 10 145 11 448 12 344 13 418 14 324 16 164 17 475 18 484 20 361 22 74 23 367
4 18 2 350 3 390 5 104 6 477 7 172 8 335 9 167 10 450 11 79 12 195 13 256 14 474 15 479 16 454 17 72 18 93 20 441 23 462
5 17 1 207 2 126 6 391 7 243 8 133 9 39 10 29 11 18 12 364 14 180 15 141 16 189 17 402 18 171 19 184 22 228 24 143
6 17 1 226 2 404 4 473 5 352 7 44 8 251 10 341 12 34 14 466 15 174 16 414 18 293 19 477 21 31 22 126 23 255 24 436
7 21 2 8 3 304 4 388 5 261 6 431 8 137 9 219 10 274 12 284 13 22 14 423 15 439 16 15 17 199 18 329 19 387 20 495 21 376 22 430 23 46 24 283
8 20 1 434 2 265 3 90 4 118 5 442 6 169 9 286 10 239 11 419 12 209 13 327 14 369 15 28 16 206 18 489 19 467 20 304 22 268 23 92 24 477
9 20 1 188 2 155 3 457 4 180 5 131 6 166 7 472 8 395 11 31 12 285 13 370 14 211 15 380 16 409 17 473 18 331 19 327 20 246 22 348 23 279
10 10 2 413 4 173 6 270 7 157 11 135 15 494 18 314 20 71 22 488 23 1
11 16 1 359 2 5 3 446 4 310 6 354 7 168 8 292 9 282 10 358 12 341 14 463 17 498 18 142 19 183 22 79 24 51
12 15 4 227 6 18 7 217 8 324 9 260 10 247 11 394 14 361 15 151 16 402 17 184 18 261 20 34 22 72 23 115
13 19 1 308 2 348 4 94 5 96 7 279 8 497 9 326 10 488 11 292 14 106 16 404 17 33 18 90 19 317 20 372 21 164 22 472 23 469 24 378
14 20 1 243 2 342 3 105 4 83 6 238 7 467 8 441 9 328 10 494 11 221 12 172 13 177 15 62 16 54 18 22 19 432 20 233 22 354 23 281 24 349
15 21 2 37 3 151 4 349 5 303 6 179 7 127 8 264 9 431 11 269 12 30 13 428 14 425 16 192 17 196 18 417 19 136 20 477 21 427 22 184 23 437 24 49
16 19 1 266 2 390 3 108 4 424 5 246 6 305 7 476 9 364 10 313 11 460 12 200 13 272 14 494 15 50 17 160 19 281 20 354 22 187 24 374
17 17 1 444 2 484 3 83 4 250 5 344 6 26 8 148 9 418 10 184 13 320 15 350 18 68 19 201 20 165 21 301 23 83 24 72
18 15 3 80 5 346 7 246 8 343 9 417 11 80 12 455 13 159 14 319 15 387 16 89 17 172 21 88 23 179 24 279
19 19 1 425 2 62 3 481 4 118 5 127 6 19 8 334 10 484 11 131 12 327 13 304 14 420 15 39 16 192 20 292 21 28 22 253 23 28 24 462
20 15 1 376 2 137 3 3 4 291 5 356 6 84 10 388 11 168 12 302 14 406 17 264 18 201 21 410 23 132 24 306
21 20 2 264 3 123 4 404 5 89 6 23 7 429 8 108 9 22 10 140 11 134 12 468 14 349 15 9 16 363 18 107 19 236 20 309 22 10 23 451 24 357
22 19 1 194 2 209 3 138 4 243 5 391 6 140 7 399 9 377 11 222 12 99 14 177 15 137 16 127 17 402 18 399 19 31 20 454 21 160 24 465
23 16 1 17 2 98 3 429 5 125 6 158 8 113 9 80 10 165 11 118 12 198 13 404 14 245 16 35 19 81 21 96 24 402
24 19 1 165 2 382 4 27 6 172 7 240 8 151 9 259 10 173 12 339 13 99 14 366 15 383 17 209 18 351 19 421 20 484 21 432 22 202 23 16
1
13 11 12 17 18 21 7 2 22 14 20 9 19 8 23 10 1 5 4 16 3 6 15 24
12 6 21 5 17 22 15 18 23 1 8 20 7 2 14 24 16 10 13 11 4 9 19 3
2
18 22 2 11 14 13 7 16 3 5 4 20 23 15 19 6 21 9 12 17 24 8 10 1
1 2 9 15 12 14 6 20 7 5 8 4 24 22 19 17 18 21 3 23 11 16 10 13
3
21 19 23 10 14 11 6 7 5 9 3 20 15 18 8 24 13 16 2 17 1 22 4 12
14 21 1 19 16 10 13 15 2 18 6 22 3 12 4 23 7 17 8 20 11 5 24 9
4
5 11 21 4 24 16 1 3 17 20 14 15 22 6 19 2 10 8 7 18 9 12 23 13
13 17 22 11 23 7 8 18 21 24 1 3 20 16 14 5 4 2 19 10 9 12 15 6
5
18 1 12 23 20 10 17 19 5 2 14 21 16 7 6 24 3 13 15 11 8 22 9 4
14 8 3 22 2 16 19 1 18 24 6 11 5 20 15 9 13 7 4 23 10 12 21 17
6
20 3 16 6 5 14 19 22 7 9 1 21 13 12 10 18 11 17 8 24 2 4 23 15
7 17 14 5 1 9 21 8 12 22 3 4 15 11 6 24 16 2 10 20 18 13 23 19
7
5 13 10 15 18 2 23 6 17 9 14 24 7 3 1 11 8 20 21 4 12 16 19 22
15 11 24 23 3 1 14 18 19 17 5 4 10 7 20 12 13 6 22 2 8 9 21 16
8
5 2 24 12 6 1 21 14 11 23 20 4 18 9 15 8 16 22 3 17 13 7 19 10
17 3 13 14 10 2 5 8 9 7 1 11 6 19 23 24 18 15 20 21 16 4 12 22
9
7 23 17 11 12 16 3 5 21 6 2 15 22 18 9 24 13 20 8 14 1 19 4 10
17 16 4 14 11 20 18 8 12 6 10 5 13 15 9 21 22 24 3 2 7 19 1 23
10
7 5 22 13 10 15 6 19 17 3 8 21 14 18 20 12 16 11 23 24 1 9 4 2
16 22 11 17 14 9 18 12 5 2 8 4 6 19 10 21 1 13 7 20 15 3 24 23
11
8 9 18 3 19 15 10 20 22 2 6 12 23 1 13 14 4 11 21 17 5 7 24 16
21 8 24 18 9 5 6 7 10 22 11 4 17 19 16 15 1 20 23 2 13 3 14 12
12
4 22 12 19 23 17 1 18 2 13 24 6 10 21 15 5 11 3 16 9 7 14 8 20
7 1 21 14 17 19 16 12 23 13 18 8 22 20 2 10 3 11 6 4 9 15 5 24
13
9 13 1 5 22 20 11 8 19 2 18 14 23 10 15 4 7 3 16 12 24 21 6 17
23 6 14 19 10 24 1 3 9 12 17 15 13 2 20 4 8 5 7 21 18 11 16 22
14
4 17 12 8 20 19 2 6 13 21 16 22 3 1 7 10 15 18 14 24 9 23 11 5
9 21 15 6 20 1 23 24 10 22 3 13 2 12 18 16 7 17 4 14 19 5 8 11
15
20 14 8 1 18 11 23 4 10 2 12 22 3 9 7 24 21 17 6 5 16 19 13 15
13 18 14 19 20 1 9 16 3 24 23 10 4 5 6 22 11 15 21 7 8 2 12 17
16
1 24 8 11 10 13 7 9 15 14 3 5 22 17 6 16 20 23 12 2 21 19 18 4
16 12 4 19 15 11 7 1 10 23 21 8 5 24 22 14 2 20 18 17 9 13 6 3
17
2 13 19 24 17 18 4 8 7 3 16 23 1 5 14 21 6 11 9 10 22 12 15 20
8 12 9 21 22 23 10 3 2 1 14 18 15 19 20 5 24 4 6 17 7 11 16 13
18
12 2 16 22 5 11 21 9 8 13 10 18 7 6 14 23 24 20 4 17 3 15 1 19
23 2 21 20 13 6 4 3 1 8 12 16 15 14 19 18 7 5 24 9 10 22 17 11
19
9 13 16 8 6 1 18 2 12 11 7 5 3 17 20 4 23 19 14 15 10 24 22 21
24 17 21 20 16 11 6 3 13 19 22 10 1 5 8 2 9 7 23 14 4 15 12 18
20
1 3 2 8 14 23 6 13 21 18 10 4 15 24 19 12 11 9 22 16 20 17 7 5
22 20 10 2 14 21 5 1 6 7 24 19 13 16 11 12 3 23 9 15 17 4 18 8
0
24
1 23 2 420 3 83 4 459 5 361 6 488 7 174 8 181 9 424 10 471 11 98 12 482 13 422 14 249 15 312 16 17 17 310 18 450 19 177 20 336 21 77 22 300 23 440 24 411
2 20 1 213 3 76 5 127 6 264 8 462 9 338 10 35 11 369 12 444 13 431 14 101 15 394 16 309 17 148 18 426 20 353 21 53 22 388 23 307 24 177
3 17 2 419 5 346 6 427 7 217 8 412 9 441 10 287 11 140 12 85 13 456 14 96 15 109 16 227 19 200 20 436 22 243 24 72
4 18 1 140 5 387 6 244 8 115 9 435 10 494 11 243 12 234 13 295 14 131 15 345 16 432 18 352 19 77 20 179 21 263 22 328 24 314
5 21 2 355 3 60 4 463 6 50 7 453 8 34 10 210 11 49 12 392 13 17 14 470 15 63 16 123 17 165 18 262 19 95 20 346 21 273 22 65 23 75 24 215
6 18 1 240 3 263 4 333 5 169 8 39 10 314 11 96 12 77 13 73 14 52 15 416 16 343 18 262 19 279 21 76 22 66 23 119 24 63
7 20 1 257 2 423 3 67 5 358 6 349 8 90 9 399 10 315 11 387 12 250 14 164 15 377 16 498 17 414 18 451 20 122 21 463 22 381 23 258 24 393
8 20 1 122 2 284 3 297 4 193 5 205 6 252 7 259 10 444 11 372 12 289 13 287 14 198 15 429 17 241 18 266 19 137 21 216 22 270 23 399 24 215
9 19 1 198 2 357 3 421 4 400 6 205 7 103 10 442 11 4 12 484 13 352 14 457 15 391 17 13 18 198 19 216 21 103 22 20 23 84 24 204
10 20 3 385 4 153 5 388 6 433 7 484 8 10 9 116 12 326 13 434 14 130 15 115 16 429 17 451 18 486 19 384 20 157 21 337 22 306 23 334 24 187
11 18 1 394 2 67 4 183 5 116 6 261 8 488 10 375 13 446 15 445 16 7 17 328 18 334 19 452 20 307 21 452 22 482 23 129 24 132
12 20 1 261 2 178 3 70 4 160 5 309 6 245 9 140 10 144 11 421 13 2 14 171 15 130 16 309 17 170 18 156 19 40 21 469 22 485 23 278 24 52
13 17 1 338 3 339 4 55 5 41 7 10 8 345 9 425 10 295 11 216 12 72 14 478 16 290 17 364 20 28 21 453 22 28 24 451
14 18 1 248 4 186 6 274 7 183 8 382 9 278 10 163 11 246 15 447 16 89 17 200 18 296 19 351 20 12 21 280 22 279 23 307 24 433
15 20 1 396 2 262 3 313 4 65 5 449 6 255 8 108 9 413 10 6 11 118 12 25 13 413 16 119 17 267 18 180 20 73 21 275 22 53 23 469 24 264
16 19 1 384 2 102 3 245 4 452 5 428 6 318 8 94 9 83 10 120 12 349 13 44 14 380 15 217 17 273 18 487 20 208 21 257 22 367 23 239
17 20 1 17 3 76 4 54 5 326 6 438 7 362 8 319 9 52 10 28 11 179 12 422 13 93 14 453 15 353 16 171 18 180 20 213 22 387 23 183 24 162
18 18 1 190 2 223 3 320 4 275 5 486 6 382 7 34 8 414 11 495 12 84 13 199 15 335 16 166 19 102 20 61 21 165 23 100 24 458
19 20 1 306 2 277 3 4 4 355 5 9 6 270 7 359 8 50 9 444 10 484 11 339 12 21 13 267 14 480 15 273 16 320 17 489 20 52 22 176 24 9
20 15 1 161 3 230 4 308 5 279 6 199 7 119 9 198 10 459 12 23 13 467 14 216 15 342 16 319 17 310 24 389
21 15 1 10 2 298 4 202 5 354 8 312 11 243 12 420 13 219 15 187 16 45 17 399 18 185 19 36 22 330 24 84
22 17 1 216 2 190 3 327 4 285 8 192 9 340 10 313 11 224 12 10 14 475 15 441 16 223 17 185 18 83 19 238 23 373 24 120
23 17 1 111 3 103 4 184 5 400 8 133 9 431 10 140 12 238 13 128 14 84 15 346 16 196 17 147 18 37 20 16 21 386 22 250
24 19 1 455 2 450 3 91 4 35 5 21 7 172 8 33 9 471 10 493 11 203 12 500 15 139 16 355 17 239 18 126 19 406 20 232 22 340 23 406
1
17 9 24 7 8 20 12 15 14 22 4 6 19 3 5 21 23 1 18 10 2 13 11 16
10 19 8 2 22 3 11 15 17 16 23 20 18 6 4 21 13 24 5 9 7 14 12 1
2
23 2 15 20 16 22 8 19 11 14 21 1 5 7 6 18 17 24 3 12 10 4 13 9
6 5 1 20 11 22 19 16 15 2 7 21 9 10 8 24 12 17 23 14 13 18 3 4
3
18 19 11 4 21 1 2 7 12 3 23 10 9 14 6 24 20 16 22 13 8 15 17 5
18 10 3 1 20 21 6 13 16 24 11 15 22 9 12 4 5 7 19 17 8 2 23 14
4
19 17 2 8 11 3 21 4 7 23 10 22 6 12 9 16 18 24 13 5 20 15 14 1
4 11 12 8 1 22 21 7 3 17 2 19 23 20 18 13 10 6 16 9 15 24 5 14
5
11 24 7 21 13 23 9 20 5 2 16 17 22 18 15 4 14 1 12 6 19 10 8 3
24 21 13 18 19 23 9 5 4 16 15 10 6 14 8 7 3 12 20 11 17 1 2 22
6
2 4 11 7 5 13 12 17 23 21 20 6 18 22 15 16 24 19 9 3 14 10 8 1
19 22 9 2 24 8 20 3 11 14 15 5 4 12 6 7 21 18 17 16 10 13 23 1
7
24 1 21 19 2 4 5 8 20 6 7 22 12 3 23 18 9 17 16 15 13 10 11 14
11 6 12 4 7 13 2 1 5 21 19 17 14 22 24 20 15 23 9 16 18 8 10 3
8
6 7 10 5 8 24 3 2 14 9 13 15 4 20 22 18 21 12 19 17 23 1 16 11
13 2 16 3 11 21 20 8 23 5 24 6 18 7 15 12 4 14 19 10 22 1 9 17
9
4 2 6 18 15 14 21 20 7 23 13 3 19 1 10 12 5 16 24 9 11 17 22 8
7 18 24 2 3 22 23 17 14 8 9 5 20 15 11 21 16 19 10 12 1 13 6 4
10
7 9 6 4 15 16 10 19 13 5 3 23 12 11 21 2 8 22 14 18 1 24 20 17
16 11 10 12 17 2 3 23 19 15 6 24 20 8 22 18 5 21 14 7 9 1 4 13
11
13 23 15 12 10 18 9 1 11 5 20 4 19 6 3 16 24 14 2 8 17 7 21 22
11 1 2 22 12 10 8 16 19 6 18 20 7 3 23 5 9 17 21 24 15 13 4 14
12
2 6 20 11 9 23 15 19 1 10 4 3 22 21 16 12 8 18 14 17 5 13 24 7
6 18 7 9 11 2 4 13 3 23 17 10 8 5 14 1 12 22 21 16 24 19 15 20
13
2 19 5 17 7 8 21 24 15 14 22 4 20 6 18 12 1 16 11 10 13 9 3 23
10 7 18 11 15 20 3 2 12 21 1 19 5 4 24 8 23 6 13 22 14 17 9 16
14
1 16 5 13 14 11 6 20 19 8 15 17 12 21 18 2 10 4 24 3 7 23 22 9
23 6 3 7 14 9 11 18 20 24 2 16 12 5 1 21 8 4 15 10 22 17 13 19
15
19 3 12 5 18 7 1 8 14 13 21 20 2 10 17 15 22 23 11 6 24 16 9 4
4 24 12 22 8 19 10 15 5 1 17 14 7 9 16 2 6 18 23 20 13 11 3 21
16
11 4 15 8 5 10 1 13 18 22 16 12 9 20 19 17 7 2 3 21 14 23 24 6
14 3 11 16 17 4 7 9 12 20 15 1 6 22 19 8 5 2 21 13 18 24 23 10
17
14 23 7 9 24 20 16 11 18 10 8 21 19 15 6 4 2 17 3 1 12 13 5 22
1 19 21 22 17 15 16 23 18 12 10 3 7 24 5 8 4 2 9 11 14 6 20 13
18
18 8 1 24 7 2 20 21 17 4 22 9 10 12 16 11 19 23 14 15 5 13 3 6
6 16 8 3 10 15 23 14 4 7 2 12 22 13 17 9 19 24 20 21 18 11 5 1
19
20 1 2 12 21 5 10 14 11 7 17 15 19 4 9 23 22 18 8 24 16 13 3 6
11 15 8 4 18 2 17 13 19 21 1 9 10 22 3 5 23 12 6 16 20 7 24 14
20
5 20 14 24 13 3 23 7 17 21 6 11 9 2 22 15 18 10 1 16 19 8 12 4
16 10 11 7 12 14 4 17 15 20 21 8 9 24 6 1 19 2 5 22 3 13 23 18
0
24
1 17 2 115 4 124 5 458 6 186 7 86 8 194 10 317 11 141 13 65 14 354 15 351 17 194 18 463 20 50 21 357 22 62 23 154
2 19 1 188 3 390 4 410 5 194 7 337 8 363 9 372 10 492 12 203 13 222 14 80 15 9 16 169 17 103 18 187 19 444 20 2 21 176 23 433
3 21 1 208 2 395 4 205 5 299 6 28 7 293 8 299 9 119 11 225 12 60 13 77 14 88 15 259 16 488 17 287 18 492 19 39 20 275 21 36 22 105 24 362
4 17 1 173 2 317 3 362 5 393 6 356 7 444 8 418 10 425 12 76 14 240 15 54 16 8 17 14 18 278 19 104 20 50 23 364
5 17 1 324 2 3 3 98 6 275 8 120 10 73 11 470 13 435 14 137 15 34 16 403 19 399 20 304 21 259 22 76 23 70 24 497
6 21 1 403 2 314 3 3 4 199 5 15 7 19 8 173 9 290 10 162 11 161 12 109 13 126 14 316 17 248 18 89 19 121 20 263 21 204 22 341 23 201 24 366
7 16 2 8 5 288 6 320 8 67 9 407 10 221 12 321 13 28 15 79 16 203 17 234 18 490 19 322 20 349 21 339 23 270
8 22 1 213 2 451 3 323 4 301 5 143 6 67 7 411 10 114 11 72 12 44 13 27 14 275 15 178 16 85 17 14 18 348 19 18 20 64 21 326 22 177 23 368 24 492
9 17 1 163 2 140 3 251 4 61 5 23 7 466 11 465 12 241 13 440 16 456 17 46 18 320 20 478 21 214 22 54 23 376 24 226
10 22 1 72 2 285 3 73 4 207 5 40 6 44 7 218 9 119 11 233 12 470 13 394 14 394 15 491 16 15 17 129 18 127 19 103 20 243 21 308 22 76 23 452 24 458
11 18 2 156 3 233 5 205 6 206 7 211 9 316 10 287 12 6 13 402 15 193 16 482 17 372 18 484 19 54 21 38 22 126 23 52 24 292
12 15 1 102 5 12 6 334 7 68 10 463 13 221 14 114 15 317 16 449 17 122 18 310 19 387 21 137 22 89 24 229
13 21 1 193 3 85 4 490 5 128 6 365 7 405 8 155 9 186 10 471 12 270 14 181 15 161 16 50 17 420 18 36 19 22 20 37 21 53 22 280 23 380 24 482
14 19 1 116 2 328 3 106 4 39 5 356 7 180 8 239 9 209 10 232 11 269 13 299 15 417 16 265 17 154 20 355 21 149 22 195 23 92 24 101
15 20 1 432 3 473 4 411 5 105 6 370 7 348 8 93 10 135 11 494 12 51 13 346 14 370 16 477 17 116 18 141 20 107 21 12 22 435 23 196 24 174
16 20 1 204 3 353 4 187 5 171 7 290 8 333 9 143 10 32 11 2 12 191 13 72 14 116 15 55 17 168 19 96 20 133 21 197 22 402 23 478 24 434
17 22 1 200 2 158 3 286 4 209 5 112 6 38 7 302 8 263 9 267 10 199 11 116 12 55 13 426 14 483 15 298 16 277 18 319 19 176 20 389 21 272 23 194 24 99
18 12 1 259 2 385 3 124 6 466 7 152 11 375 13 359 16 124 17 212 19 463 20 90 21 240
19 18 1 209 2 131 3 292 4 105 5 202 6 78 7 234 8 105 9 418 10 439 11 113 14 499 15 79 16 305 20 174 21 434 23 419 24 197
20 20 1 293 3 36 4 166 6 387 7 288 8 100 9 489 10 105 11 125 13 191 14 109 15 223 16 264 17 301 18 88 19 95 21 20 22 231 23 228 24 337
21 20 1 21 2 234 3 25 4 244 5 258 6 365 7 6 8 49 10 151 11 421 12 365 13 83 14 478 16 176 18 167 19 281 20 487 22 267 23 87 24 339
22 20 1 413 2 237 3 435 4 211 5 149 6 10 7 245 8 376 10 265 11 49 12 96 13 471 14 392 15 354 16 441 18 316 19 38 21 103 23 13 24 92
23 17 1 65 2 304 3 431 5 435 6 80 7 449 8 168 9 262 10 77 11 316 13 438 14 351 16 43 19 257 20 301 21 139 22 168
24 20 1 186 2 301 3 37 4 14 5 30 6 492 7 174 8 145 9 401 10 369 11 285 12 318 13 397 14 493 15 411 16 445 18 376 19 468 20 476 21 254
1
23 11 13 6 3 7 10 8 24 21 20 14 2 4 15 16 9 1 12 5 17 19 18 22
11 13 14 1 2 15 23 7 16 4 6 8 21 9 3 22 20 24 18 19 17 12 5 10
2
3 13 21 15 17 8 16 2 23 22 5 9 1 18 7 20 14 6 24 10 11 12 19 4
24 15 16 7 18 23 1 11 2 9 3 21 4 10 19 22 8 12 17 13 5 20 14 6
3
8 10 15 16 13 7 12 20 9 4 1 18 24 17 11 21 19 23 14 22 5 3 6 2
2 3 6 16 18 8 7 1 10 24 21 15 12 13 9 20 11 22 19 23 4 5 14 17
4
6 22 14 4 18 20 9 2 8 1 10 23 11 21 3 24 19 5 16 17 15 7 12 13
8 9 14 18 7 22 20 3 12 10 2 6 1 11 21 4 13 15 5 24 23 19 16 17
5
19 17 11 8 22 13 1 2 21 7 14 15 4 12 20 16 5 23 24 10 6 9 18 3
9 2 1 13 24 21 5 15 20 22 18 12 10 14 6 23 16 19 7 8 17 4 3 11
6
1 12 2 5 17 4 10 22 7 11 9 23 20 13 6 19 14 15 24 3 18 21 8 16
15 21 7 3 10 23 11 16 22 18 17 8 5 2 12 20 19 4 9 14 13 6 1 24
7
5 15 19 18 9 4 1 8 22 2 24 17 16 10 20 6 23 12 3 11 14 7 21 13
7 20 4 23 12 15 9 1 14 5 10 22 17 21 24 13 6 18 11 2 19 8 16 3
8
24 6 23 9 3 7 17 14 5 19 22 15 8 12 21 11 4 20 10 1 13 16 18 2
13 12 3 4 18 19 5 6 10 16 24 21 15 23 17 9 8 1 2 20 14 11 7 22
9
8 14 4 13 2 22 1 23 24 15 17 11 16 7 12 21 3 18 5 6 19 9 10 20
1 20 15 16 18 24 12 9 2 7 22 6 5 19 8 21 17 4 10 3 13 23 11 14
10
22 5 8 13 21 2 17 3 7 4 11 14 9 16 12 1 20 24 6 18 19 10 15 23
11 13 7 22 9 1 14 4 21 12 16 3 23 17 15 6 18 8 2 24 20 19 5 10
11
15 23 20 19 7 11 10 4 1 13 8 12 3 17 2 9 21 5 24 6 18 16 14 22
6 3 5 4 11 20 10 17 2 22 21 12 8 15 9 24 13 1 18 23 7 16 19 14
12
23 9 12 15 4 17 7 21 24 13 5 11 20 16 8 14 1 10 22 6 18 19 3 2
1 18 22 16 7 13 14 24 19 10 9 8 20 21 12 23 2 17 5 3 4 11 15 6
13
16 1 22 9 12 11 19 2 3 14 18 7 15 5 4 21 17 24 13 6 8 20 23 10
9 8 19 20 15 5 2 14 17 18 10 23 21 22 16 7 6 3 13 24 1 4 12 11
14
16 15 23 13 21 5 9 20 12 4 3 19 14 2 24 18 8 7 17 1 11 10 6 22
22 1 18 5 6 9 10 13 16 17 15 19 11 24 23 8 14 20 2 21 3 12 7 4
15
22 17 21 11 9 1 16 20 8 12 2 18 6 24 7 19 3 10 13 23 15 4 5 14
14 1 20 17 21 3 22 18 15 4 11 2 10 16 6 13 24 12 8 7 5 23 9 19
16
9 15 18 2 19 20 16 24 5 8 11 22 4 7 1 23 12 3 21 13 10 6 14 17
18 13 23 22 20 9 6 12 10 24 2 11 16 14 7 19 17 5 3 15 4 21 8 1
17
24 11 14 12 3 23 1 4 21 8 17 20 22 15 18 16 9 10 6 2 5 7 19 13
10 1 2 9 16 6 14 3 23 18 24 21 13 19 22 20 8 5 12 7 15 4 17 11
18
7 21 5 1 10 23 6 3 11 2 14 15 20 24 18 16 12 9 22 4 13 17 19 8
2 3 11 14 9 6 21 18 23 24 20 13 22 5 17 4 1 15 16 7 19 10 8 12
19
2 7 5 17 11 10 1 24 8 12 4 21 9 16 19 18 13 20 3 23 22 6 14 15
1 12 24 18 19 5 21 16 17 7 11 4 23 8 2 13 22 6 9 10 20 3 14 15
20
15 18 10 5 19 24 7 8 4 14 13 11 12 3 22 21 23 9 1 16 2 20 6 17
15 22 17 19 6 4 3 1 9 20 24 13 7 10 14 21 16 2 12 23 5 11 18 8
0
24
1 17 2 40 3 99 4 16 5 221 6 92 8 381 11 218 12 307 13 255 14 246 15 203 16 204 17 323 18 342 19 283 22 385 24 211
2 18 1 464 4 490 5 132 6 433 7 450 8 102 11 38 13 80 15 346 16 203 17 197 18 469 19 404 20 358 21 94 22 184 23 251 24 345
3 18 1 12 2 96 6 263 7 313 8 100 9 483 10 307 11 282 12 211 13 494 14 197 16 471 17 21 18 451 19 159 20 288 23 471 24 437
4 17 1 34 2 424 3 453 5 82 7 336 8 355 9 310 11 295 12 369 14 484 16 70 17 179 19 254 20 458 21 158 22 319 23 188
5 16 2 391 3 210 4 484 7 500 9 176 10 36 13 67 14 230 16 300 17 221 18 326 19 204 20 409 21 286 22 252 24 500
6 20 1 214 2 445 3 446 4 96 5 325 7 35 8 373 9 246 10 144 11 78 12 39 13 318 14 468 16 124 17 274 18 178 19 213 20 339 21 341 23 273
7 13 1 21 3 260 5 267 6 278 9 266 10 27 11 96 12 377 14 412 15 320 16 269 18 158 24 473
8 21 2 11 3 402 4 286 5 301 6 479 9 309 10 17 11 470 12 382 13 306 14 466 15 175 16 252 17 46 18 175 19 270 20 394 21 25 22 92 23 494 24 101
9 19 1 359 2 379 3 472 5 40 7 46 8 232 10 242 11 235 12 475 13 149 14 420 15 445 16 131 17 98 19 491 21 468 22 421 23 445 24 298
10 22 1 470 2 170 3 186 4 428 5 261 6 434 7 475 8 282 9 317 11 47 12 399 13 449 15 144 16 129 17 296 18 162 19 161 20 348 21 441 22 310 23 444 24 86
11 18 1 95 3 55 4 238 6 148 7 490 8 62 9 220 10 244 12 78 16 206 17 458 18 68 19 14 20 12 21 96 22 474 23 338 24 67
12 18 2 290 3 292 4 370 5 395 6 312 7 34 8 171 9 9 10 157 11 56 13 244 15 435 17 441 18 92 19 292 21 447 22 424 23 373
13 17 1 134 2 212 3 163 4 435 5 290 6 168 7 185 11 437 12 101 16 75 17 150 18 263 19 328 20 298 21 418 22 130 24 37
14 19 1 250 2 8 3 214 5 106 6 235 7 73 8 246 9 55 10 340 11 45 12 408 15 238 16 97 17 51 18 16 20 242 22 432 23 171 24 214
15 20 2 5 3 247 4 386 5 345 6 291 7 324 8 459 9 58 10 415 11 346 13 97 14 476 16 395 17 223 18 454 19 120 20 11 21 295 22 367 23 82
16 15 2 317 4 465 5 216 7 382 9 399 10 281 12 46 14 304 15 286 17 357 18 124 19 105 22 203 23 377 24 35
17 19 1 199 2 438 3 165 4 171 5 276 6 480 7 242 8 135 9 93 11 268 12 300 14 461 15 470 16 379 19 132 20 295 21 396 22 334 23 485
18 18 1 59 2 491 3 373 4 229 5 4 6 12 8 300 9 329 12 306 13 201 14 419 15 243 17 57 20 117 21 36 22 333 23 74 24 201
19 18 2 462 4 499 5 325 6 386 8 335 9 201 10 172 11 22 13 409 14 89 15 330 16 67 17 98 18 193 20 70 21 375 22 199 24 483
20 16 1 321 3 103 4 100 5 497 6 462 7 368 8 33 11 423 13 217 14 460 16 493 17 291 18 473 22 197 23 79 24 92
21 19 1 68 4 247 5 405 6 95 7 279 8 269 9 278 10 496 13 366 14 388 15 111 16 94 17 280 18 151 19 151 20 48 22 96 23 457 24 311
22 19 1 22 3 365 4 260 5 190 7 69 8 335 9 168 10 480 11 140 12 127 13 364 14 205 15 254 16 157 18 49 19 333 21 189 23 243 24 144
23 20 1 43 2 11 3 388 4 21 5 254 6 51 7 33 8 425 11 147 12 252 13 260 14 203 15 264 16 234 17 126 18 149 19 69 20 12 21 293 24 137
24 19 1 230 2 52 3 155 4 384 5 472 6 138 7 61 9 28 10 195 12 308 13 60 14 33 15 357 16 340 17 395 20 75 21 182 22 1 23 123
1
4 16 21 17 1 3 9 19 6 11 7 8 15 24 5 14 22 10 23 13 18 20 2 12
9 2 4 17 10 23 3 15 21 24 19 14 11 12 20 22 8 5 13 7 16 6 1 18
2
7 9 1 18 14 10 13 15 22 12 23 3 4 19 16 6 24 2 21 17 5 20 11 8
4 6 3 20 16 21 24 10 13 15 14 23 1 8 11 18 9 5 12 22 2 7 17 19
3
10 21 8 24 12 20 4 1 2 18 23 5 7 14 9 16 6 13 11 22 3 19 15 17
20 24 8 15 22 19 1 11 10 23 9 18 21 16 4 5 14 2 7 17 3 13 6 12
4
20 8 13 4 2 12 1 24 18 23 9 11 14 5 22 7 3 6 21 10 15 17 19 16
2 12 6 8 3 20 10 18 9 16 13 7 17 23 24 5 22 11 1 4 19 21 15 14
5
7 20 21 15 19 23 14 22 6 4 11 17 3 16 2 1 5 12 8 10 18 24 9 13
4 14 10 15 17 9 5 1 3 6 23 8 2 7 24 20 18 11 12 21 13 19 16 22
0
24
1 17 2 297 4 237 5 131 8 65 10 88 11 34 12 237 13 410 14 391 15 334 16 404 18 430 19 80 20 285 22 244 23 180 24 423
2 20 1 362 3 273 5 207 6 295 7 483 8 497 10 409 11 221 12 444 13 400 14 183 15 93 16 89 17 500 18 18 19 410 20 115 22 250 23 481 24 457
3 19 1 202 2 189 5 191 6 129 7 104 8 51 9 89 10 445 11 451 12 278 14 59 16 219 17 319 18 10 20 69 21 249 22 64 23 219 24 319
4 19 1 424 2 17 3 114 5 118 6 273 8 488 9 9 11 311 12 320 13 205 14 5 15 456 16 334 17 308 18 399 19 181 20 258 23 269 24 405
5 21 1 145 2 390 3 223 4 130 6 45 8 276 9 422 10 311 11 262 12 128 13 247 14 81 15 494 17 425 18 486 19 273 20 91 21 194 22 394 23 493 24 444
6 16 2 180 3 441 5 466 8 201 9 333 10 214 11 178 14 24 15 302 17 34 18 369 20 307 21 103 22 42 23 350 24 98
7 19 1 169 2 396 3 46 4 483 6 353 8 404 10 153 11 270 12 247 13 9 14 49 15 121 16 176 17 409 18 123 20 375 22 15 23 450 24 461
8 19 3 224 4 259 5 218 6 476 7 106 9 324 10 263 11 480 12 218 14 249 15 467 16 29 17 167 19 416 20 467 21 156 22 200 23 191 24 201
9 20 1 140 2 423 3 314 4 346 5 22 6 118 7 473 8 467 10 467 11 13 12 314 13 349 15 457 16 202 18 192 19 469 20 292 21 101 22 369 23 116
10 15 1 208 2 269 3 72 4 333 6 164 7 434 8 474 11 192 13 169 14 479 15 34 20 144 22 154 23 259 24 479
11 15 2 334 3 242 5 353 6 84 7 397 8 170 10 16 12 63 14 294 16 12 17 213 19 109 20 164 21 270 24 341
12 19 1 14 3 259 4 399 5 333 6 40 7 166 8 197 9 82 10 113 15 259 16 256 17 360 18 487 19 320 20 131 21 475 22 443 23 226 24 347
13 17 3 446 6 156 8 370 9 107 10 423 11 494 12 321 14 62 15 458 16 233 17 101 18 340 19 62 21 423 22 145 23 455 24 470
14 20 1 320 2 340 3 146 4 182 7 116 9 253 10 412 11 152 12 67 13 88 15 333 16 169 17 467 18 383 19 199 20 2 21 69 22 492 23 262 24 194
15 19 1 476 2 453 3 32 6 193 7 109 8 191 9 278 10 21 11 386 12 86 13 286 16 71 17 312 18 409 19 82 20 238 21 302 22 294 23 445
16 18 1 297 2 245 3 183 5 439 6 432 9 120 10 56 11 24 12 266 13 471 15 488 17 88 18 387 19 404 20 336 21 263 22 278 24 166
17 18 2 77 4 134 6 321 7 345 8 346 9 320 10 171 11 375 12 434 13 428 14 218 16 298 18 483 19 451 20 438 21 201 23 401 24 467
18 20 1 203 2 100 3 285 5 309 6 417 7 301 9 275 10 437 11 482 12 89 13 399 15 397 16 236 17 355 19 433 20 262 21 238 22 422 23 13 24 229
19 18 1 160 3 454 5 300 8 12 9 365 10 249 11 273 12 412 13 166 14 490 15 137 16 205 17 338 18 370 20 291 22 139 23 475 24 374
20 18 1 129 2 310 3 91 4 391 5 328 6 141 7 460 8 283 9 221 11 452 12 368 14 194 15 425 17 177 19 367 21 110 23 153 24 491
21 16 2 386 3 362 4 144 5 452 6 103 7 172 8 403 9 178 10 291 11 33 13 405 14 91 16 63 17 115 22 362 23 352
22 19 1 259 3 281 4 166 5 95 6 207 7 152 8 276 9 90 10 451 12 472 13 249 14 185 15 346 16 109 18 37 19 394 20 372 21 49 24 406
23 17 1 115 3 401 4 135 5 341 6 278 9 355 10 31 11 91 12 127 13 38 14 62 15 320 19 410 20 433 21 372 22 457 24 262
24 21 1 150 2 190 3 485 4 269 5 353 6 446 7 269 9 418 10 49 11 84 12 268 13 93 14 395 15 491 16 332 17 431 18 391 19 460 20 146 21 413 23 282
1
15 20 4 24 1 13 3 12 7 16 22 10 21 2 9 8 14 5 19 23 18 17 11 6
23 12 11 13 7 19 9 2 20 24 8 16 21 10 15 18 17 3 22 14 1 6 5 4
2
15 17 1 19 10 11 12 9 22 4 21 2 8 3 23 18 14 13 24 6 16 20 7 5
21 18 9 12 4 16 22 14 6 19 15 3 8 10 24 2 20 11 17 5 23 7 13 1
3
18 2 12 13 3 15 4 17 21 1 23 5 8 24 11 22 9 10 20 6 19 16 7 14
11 24 9 22 20 13 16 4 2 7 15 10 23 3 6 18 5 19 8 14 12 17 1 21
4
7 15 1 13 11 12 9 17 24 4 21 8 19 5 14 20 22 18 16 2 6 3 23 10
13 11 10 4 2 14 22 16 21 18 20 6 15 5 7 8 9 3 24 1 12 19 17 23
5
3 19 22 17 13 9 20 24 16 21 2 12 8 18 23 5 1 4 6 14 7 11 15 10
17 13 15 11 9 2 19 20 7 18 22 6 4 21 8 14 23 10 3 5 16 24 12 1
6
14 9 3 2 8 4 5 19 7 12 21 20 18 22 6 13 15 17 24 11 10 1 16 23
16 9 5 21 12 7 19 6 10 23 17 15 24 20 8 1 22 18 11 2 3 4 14 13
7
7 14 4 22 15 24 1 13 16 18 12 8 10 2 5 23 6 19 3 17 11 9 20 21
21 20 22 4 8 17 3 16 7 2 19 9 6 13 11 18 5 14 15 12 23 1 10 24
8
4 19 8 12 21 2 6 20 16 24 18 22 13 7 14 3 11 17 9 15 1 5 23 10
11 19 16 24 9 4 10 21 13 22 23 18 2 6 12 15 5 7 3 20 14 17 8 1
9
4 5 7 1 20 13 8 21 2 14 22 24 11 16 9 19 23 3 17 15 18 12 6 10
16 2 11 21 14 4 17 5 9 19 20 6 13 10 23 18 7 8 12 3 15 24 22 1
10
13 24 9 21 22 20 17 15 11 14 8 19 2 23 5 1 10 7 18 4 6 3 12 16
2 9 15 8 22 11 5 17 1 23 12 14 7 10 6 3 13 4 21 24 19 16 18 20
11
19 3 2 11 15 8 21 4 24 1 18 13 22 23 20 6 16 10 17 7 9 5 14 12
5 11 24 18 17 15 6 21 10 13 2 1 4 20 12 23 14 8 9 3 22 16 19 7
12
2 10 3 21 20 17 9 13 24 19 7 8 22 11 1 15 18 5 12 4 14 16 23 6
9 24 4 1 20 19 11 7 17 18 10 5 2 3 6 8 22 23 15 16 12 21 14 13
13
9 23 6 7 15 4 20 8 19 21 18 10 1 24 16 13 17 12 14 3 22 5 11 2
10 16 24 1 13 17 5 7 19 8 15 12 21 14 11 3 20 6 4 22 23 9 18 2
14
7 1 19 22 6 20 9 23 3 5 16 4 10 13 11 14 21 15 2 24 17 8 18 12
1 11 7 14 15 4 12 6 22 3 20 8 16 9 21 23 2 24 17 13 10 19 5 18
15
20 10 1 12 18 7 19 8 23 3 22 2 6 16 5 4 17 13 15 9 14 24 21 11
17 5 8 1 11 22 19 7 14 21 10 16 6 23 15 13 4 24 12 20 3 2 9 18
16
4 18 8 9 10 14 5 12 23 21 15 1 19 6 17 7 2 13 22 20 3 24 16 11
1 3 17 5 21 2 19 14 13 15 18 7 4 22 11 16 23 10 24 6 8 20 12 9
17
24 15 16 23 18 6 12 17 20 9 4 22 10 2 8 14 5 11 1 21 19 3 13 7
17 18 11 14 9 1 21 22 19 15 8 5 7 24 16 23 4 13 20 10 12 6 3 2
18
3 9 13 22 12 6 10 23 16 19 2 24 14 7 21 18 5 4 17 15 11 8 20 1
7 15 12 22 4 10 5 11 20 2 17 1 16 13 6 3 14 21 9 8 18 24 23 19
19
2 22 6 20 14 18 24 5 1 17 13 12 3 19 15 9 4 21 16 10 8 11 23 7
7 9 8 11 20 4 2 6 24 21 18 13 22 10 1 3 19 14 23 5 15 12 17 16
20
18 21 9 24 4 2 8 19 11 12 22 14 16 5 20 17 3 13 1 15 10 23 7 6
16 12 5 8 9 21 4 11 15 22 17 7 3 23 10 19 24 2 6 13 1 20 14 18
0
24
1 20 3 82 4 442 5 159 6 229 7 440 8 210 9 316 10 84 11 479 12 367 13 401 14 320 15 191 16 128 18 38 19 333 20 341 21 443 22 268 23 104
2 20 1 160 3 119 4 9 5 299 7 218 8 16 9 249 10 138 11 315 12 146 13 460 14 251 15 330 16 329 17 231 18 280 19 350 21 27 22 226 24 349
3 20 1 450 2 115 4 383 5 498 6 137 7 22 8 486 9 196 11 79 12 441 13 261 14 130 15 346 17 60 18 1 19 112 20 440 21 466 23 297 24 210
4 20 2 240 3 336 6 161 7 268 8 329 9 139 10 65 12 261 13 245 14 338 15 255 16 136 17 76 18 431 19 192 20 42 21 238 22 146 23 98 24 461
5 18 1 106 4 424 6 228 7 463 9 389 10 438 11 180 12 261 14 168 16 476 17 82 18 370 19 234 20 228 21 280 22 118 23 119 24 400
6 19 1 76 2 69 3 324 5 361 7 77 8 33 10 53 12 354 13 72 15 206 16 438 17 374 18 345 19 41 20 471 21 217 22 184 23 225 24 330
7 20 1 483 2 436 3 486 4 442 5 376 6 438 8 323 9 349 10 90 11 309 12 12 14 74 15 488 17 447 18 71 19 83 20 196 21 410 23 434 24 111
8 18 2 13 4 334 6 420 7 500 9 187 10 34 11 151 12 418 13 484 14 370 15 367 16 487 17 360 18 230 19 172 21 328 22 71 23 444
9 18 1 313 2 16 3 54 4 291 5 143 8 28 10 215 12 84 13 433 14 421 15 421 17 170 18 77 20 227 21 156 22 230 23 486 24 452
10 17 1 414 2 223 3 261 4 324 5 208 6 417 7 55 8 268 11 498 12 192 13 1 14 296 16 207 18 6 21 394 22 54 23 145
11 22 1 318 2 383 3 115 4 321 5 447 6 235 7 95 9 204 10 145 12 396 13 380 14 473 15 290 16 212 17 402 18 189 19 436 20 7 21 68 22 433 23 83 24 361
12 18 1 284 2 152 4 439 5 281 6 469 8 172 9 371 10 406 13 315 15 131 16 449 17 268 19 446 20 104 21 120 22 412 23 466 24 237
13 19 1 221 2 290 3 484 4 493 5 399 7 87 9 252 10 418 12 175 14 69 16 104 17 469 18 177 19 294 20 166 21 300 22 446 23 412 24 435
14 20 1 307 2 306 3 149 4 106 5 135 6 50 7 23 8 341 9 305 10 180 11 404 13 306 15 30 17 362 18 411 20 143 21 48 22 231 23 13 24 244
15 19 1 354 4 425 5 48 6 34 7 352 8 356 9 299 11 233 12 204 13 94 14 485 16 430 17 474 18 135 19 395 20 223 21 171 22 104 24 359
16 18 1 347 2 77 3 144 4 257 5 304 6 329 7 270 8 342 10 88 11 234 13 212 14 338 17 197 18 317 19 357 20 339 22 491 23 94
17 18 1 182 2 12 3 352 4 152 5 447 7 469 8 481 10 472 12 394 13 173 14 239 15 246 16 28 18 22 19 258 20 480 23 418 24 360
18 18 1 359 2 149 3 285 4 341 5 189 6 299 7 205 8 340 9 261 11 29 12 494 13 306 16 175 17 64 19 434 20 402 23 74 24 76
19 19 1 461 2 400 4 320 5 451 6 202 7 135 8 408 9 107 10 43 11 372 12 321 13 332 14 52 16 223 18 270 20 435 22 465 23 393 24 393
20 20 1 181 2 55 3 363 4 54 6 50 7 397 8 473 9 103 10 63 11 135 12 224 14 38 15 179 16 49 17 382 18 102 19 214 21 222 22 269 24 227
21 19 3 382 4 255 5 54 6 85 7 148 10 335 11 24 12 236 13 9 14 104 15 500 16 9 17 255 18 445 19 441 20 436 22 456 23 485 24 362
22 18 1 15 2 46 4 445 5 51 6 424 7 119 8 12 9 450 12 47 13 17 14 427 15 217 16 141 17 45 18 105 19 206 23 430 24 75
23 17 1 381 2 224 3 361 4 453 5 496 6 439 8 436 9 411 10 363 11 469 12 423 13 232 16 291 18 496 19 420 20 5 21 180
24 19 1 352 2 241 3 74 5 452 6 231 7 157 8 237 9 293 10 52 11 214 12 395 14 55 15 475 16 97 17 400 19 262 21 284 22 158 23 366
1
22 6 12 9 23 11 1 2 3 14 16 21 13 10 17 20 18 7 24 19 4 5 15 8
23 12 11 1 15 22 24 16 9 19 21 20 14 10 8 5 2 3 13 17 18 4 7 6
2
21 10 14 13 8 23 7 12 20 2 5 9 24 11 4 19 18 22 3 17 1 6 16 15
1 15 23 6 21 20 3 13 18 7 16 9 14 10 24 8 2 22 5 4 12 19 17 11
3
9 10 22 7 3 17 4 11 12 19 13 23 16 6 18 5 14 2 1 8 15 21 24 20
1 18 6 24 2 19 20 5 4 12 22 7 11 17 21 15 9 8 13 10 14 16 3 23
4
22 5 14 15 16 10 3 20 12 18 4 6 1 11 17 19 21 13 9 2 7 24 8 23
6 2 10 19 16 11 15 20 24 18 23 1 13 7 8 22 14 5 12 21 3 17 9 4
5
14 22 1 11 3 10 9 6 19 4 20 24 17 7 16 15 18 2 8 23 13 21 12 5
19 15 23 12 11 10 6 2 22 13 7 21 20 9 1 24 8 17 4 18 3 5 16 14
6
9 23 5 11 20 17 14 8 22 18 6 21 19 13 24 7 15 16 10 2 1 3 12 4
8 15 18 21 17 23 7 22 3 19 16 1 6 20 14 4 10 11 5 2 13 24 9 12
7
20 14 3 1 5 19 6 8 2 21 23 11 9 13 4 17 16 10 7 18 24 15 22 12
24 22 4 12 11 9 5 14 6 15 7 23 3 1 17 21 8 20 18 2 16 10 13 19
8
22 13 14 4 18 19 6 15 21 23 20 12 16 11 7 10 8 3 24 2 1 17 5 9
6 23 3 4 2 19 16 14 17 5 10 24 22 9 1 8 7 11 20 18 12 15 13 21
9
2 5 7 20 4 22 23 15 13 19 10 6 16 24 8 3 17 11 1 9 12 21 18 14
5 22 1 19 3 16 2 7 23 8 15 18 4 6 13 21 10 24 12 14 17 11 20 9
10
1 17 6 23 14 18 24 12 22 9 21 11 7 8 19 2 3 20 10 15 16 4 13 5
8 6 15 21 10 2 3 17 18 9 24 23 22 4 7 1 19 5 12 16 14 11 13 20
11
22 24 15 5 2 14 6 23 17 1 8 12 13 11 10 18 7 9 3 16 19 20 4 21
1 8 11 5 13 2 10 21 23 19 12 20 24 14 16 15 6 9 22 7 17 18 4 3
12
15 24 14 19 7 11 21 9 20 18 1 23 13 8 16 4 6 3 5 2 17 12 10 22
18 22 19 24 14 21 5 3 8 4 16 17 12 9 23 13 15 2 7 11 10 20 6 1
13
15 2 10 19 23 24 6 14 8 20 1 21 7 13 17 22 12 4 18 3 5 11 16 9
3 4 5 16 8 15 18 21 20 14 7 22 10 1 19 6 17 23 24 12 9 2 13 11
0
0
