24
1 22 2 252 3 260 4 404 5 418 6 243 7 83 8 396 9 104 10 40 11 168 12 328 13 486 14 433 15 71 16 293 18 166 19 497 20 411 21 479 22 412 23 64 24 76
2 14 3 360 5 379 7 445 9 336 11 245 12 244 13 323 14 473 15 73 16 429 18 257 19 479 23 473 24 141
3 15 1 478 4 28 6 49 8 324 9 85 13 317 14 93 15 439 16 454 17 265 18 8 20 303 21 426 23 247 24 472
4 18 1 187 2 262 3 333 6 92 8 384 9 260 10 449 11 223 12 109 13 57 14 31 16 180 17 185 19 224 21 308 22 315 23 316 24 261
5 18 2 367 3 270 4 237 7 136 9 346 10 327 11 233 13 163 14 328 15 296 16 204 17 444 18 359 19 208 21 166 22 311 23 74 24 195
6 13 1 152 4 298 5 302 7 251 8 378 9 309 11 230 12 276 14 477 20 90 21 236 23 242 24 325
7 18 1 30 2 411 3 378 4 123 5 23 6 159 8 8 9 80 10 138 11 228 12 372 13 275 15 26 16 498 19 467 21 197 22 102 24 201
8 21 1 170 2 247 3 495 4 118 5 182 6 115 7 251 9 31 11 70 12 356 13 467 14 175 15 253 16 299 17 375 18 38 19 57 20 405 21 54 22 414 24 173
9 20 1 375 2 67 3 12 4 134 5 203 6 140 7 104 8 366 10 407 11 351 12 248 13 237 14 56 15 389 17 499 19 247 20 449 21 418 22 357 24 38
10 15 1 175 2 356 3 107 4 75 5 21 6 178 7 442 11 68 13 365 15 77 17 235 18 398 20 427 21 109 23 123
11 16 2 345 3 167 5 22 6 18 8 364 9 54 10 410 12 244 13 220 15 453 16 124 17 18 18 406 19 243 21 398 23 410
12 19 1 228 2 310 3 59 5 247 7 158 8 484 9 347 10 191 11 184 13 256 14 329 15 228 16 107 17 309 18 60 21 145 22 228 23 206 24 71
13 17 3 264 4 132 5 456 7 234 9 199 10 96 11 30 12 217 14 88 16 304 17 404 18 12 19 304 20 235 22 309 23 52 24 26
14 18 1 274 2 480 3 492 4 344 5 416 7 51 8 264 9 200 11 432 12 375 15 280 16 4 17 15 19 486 20 450 21 22 22 109 24 334
15 15 2 59 3 250 4 133 6 300 8 253 9 25 10 439 11 113 12 104 16 373 17 459 18 213 19 386 22 222 23 401
16 18 1 26 2 310 3 367 5 24 6 388 9 385 10 479 11 230 12 350 13 270 14 263 17 228 18 378 19 38 20 337 22 157 23 270 24 209
17 17 1 132 3 432 4 81 5 223 6 358 7 421 8 148 11 410 12 237 13 54 14 83 15 196 16 50 20 22 22 365 23 493 24 98
18 21 1 380 2 24 4 161 5 104 6 356 7 221 8 320 9 383 10 442 11 255 12 208 13 108 14 45 15 403 17 37 19 251 20 287 21 387 22 161 23 146 24 401
19 18 3 466 4 271 5 303 6 44 7 458 8 202 9 398 10 128 11 319 13 227 14 455 15 433 16 160 17 142 20 250 21 155 22 321 24 439
20 19 2 88 3 360 4 118 6 491 7 342 8 456 9 340 10 329 11 392 12 337 13 220 14 179 15 36 17 323 18 264 19 148 21 164 22 398 24 116
21 20 1 245 2 221 3 6 4 488 5 353 6 351 8 84 10 209 11 306 12 280 13 103 14 106 15 206 16 223 17 232 18 48 19 86 20 332 22 295 24 246
22 18 1 411 2 309 3 115 5 143 6 483 7 13 8 365 10 496 11 437 12 158 13 82 15 50 16 263 17 262 18 426 19 36 21 227 23 110
23 15 1 176 2 127 5 223 6 83 7 303 8 345 9 479 10 115 12 77 14 311 15 145 18 437 20 23 21 11 24 58
24 20 1 316 2 317 3 475 4 97 5 304 7 211 8 462 9 157 10 434 11 7 12 65 13 71 14 330 15 297 17 24 18 63 19 498 20 256 21 307 23 445
1
3 21 11 4 17 19 9 24 7 1 16 12 20 22 14 2 13 10 8 5 18 15 23 6
16 7 1 4 19 17 23 10 18 8 9 24 15 21 5 2 11 14 12 3 22 20 13 6
2
11 24 9 18 3 17 23 21 16 1 2 12 13 4 8 22 19 15 5 7 10 6 14 20
8 15 24 12 20 16 4 2 21 10 3 1 23 9 7 22 6 18 13 17 11 14 5 19
3
15 17 8 12 5 21 11 4 20 19 6 13 3 7 23 2 9 24 10 22 16 18 14 1
16 4 22 9 15 19 12 6 7 18 5 20 23 10 24 13 8 17 21 1 11 2 14 3
4
1 12 23 13 6 18 21 5 10 2 14 16 8 9 11 7 3 19 22 15 24 20 17 4
10 18 17 19 4 12 3 9 2 16 15 14 1 22 24 7 6 5 13 20 23 21 11 8
5
22 8 10 16 11 12 19 6 1 20 5 21 13 14 15 24 23 4 3 9 7 2 17 18
2 21 23 17 11 16 6 9 20 19 5 1 4 12 18 15 24 10 3 8 22 14 13 7
6
4 11 3 22 21 19 6 23 24 5 16 14 12 1 8 18 2 15 7 10 20 17 9 13
12 3 6 24 8 9 17 23 19 7 14 20 11 2 5 18 1 10 21 15 22 16 13 4
7
16 9 21 3 11 1 15 10 19 2 6 12 4 24 17 23 20 18 22 8 14 13 5 7
23 14 18 4 17 6 16 2 21 9 24 5 1 19 3 22 11 12 7 20 8 13 10 15
8
16 17 21 4 24 13 5 14 7 1 10 23 9 11 18 15 8 22 3 6 12 20 2 19
2 1 20 7 22 14 18 21 8 13 15 19 6 17 16 5 11 10 24 9 3 23 4 12
9
4 21 24 10 6 23 13 1 11 14 18 17 3 19 9 20 8 22 12 2 7 16 5 15
2 18 19 3 22 5 16 20 9 17 21 6 1 13 14 4 23 8 24 11 7 12 15 10
10
3 14 20 9 10 21 4 6 23 22 16 8 12 18 19 7 15 2 11 13 1 24 17 5
5 8 7 21 2 22 6 20 10 18 13 23 15 14 9 16 11 19 1 12 24 17 3 4
11
19 13 10 21 4 2 11 15 7 18 23 1 3 20 12 6 9 16 5 22 8 14 17 24
8 21 5 4 24 13 11 6 16 10 18 19 20 3 23 7 14 17 2 22 12 1 9 15
12
9 23 22 7 18 10 24 6 2 3 13 17 14 15 12 20 4 1 11 21 19 16 8 5
24 9 12 19 14 10 2 13 22 8 15 16 11 5 23 21 17 3 4 7 1 18 6 20
13
22 11 7 9 23 16 5 20 19 14 15 21 2 17 10 3 8 18 13 12 6 1 4 24
16 21 5 3 18 8 24 11 19 13 20 10 22 4 9 2 6 17 1 14 12 15 23 7
14
18 14 19 11 1 24 17 7 3 10 12 23 8 4 21 13 6 9 15 20 2 22 16 5
3 15 17 11 12 23 1 14 10 20 21 24 18 16 9 2 7 19 22 4 6 13 8 5
15
6 17 22 20 16 21 7 12 8 1 18 14 10 3 11 15 5 24 13 4 9 19 23 2
17 21 18 8 4 11 9 1 14 23 3 22 13 15 7 19 10 16 6 20 12 5 24 2
16
1 20 16 14 7 13 6 9 21 4 24 3 10 8 23 5 2 22 15 11 17 19 18 12
15 14 2 21 11 10 24 7 9 19 4 5 18 8 20 23 1 16 3 13 6 12 17 22
17
7 21 19 18 12 2 23 17 10 6 22 24 1 5 9 14 11 8 16 13 15 3 4 20
3 24 18 19 17 6 11 5 23 12 2 13 1 9 15 22 10 20 7 4 21 14 16 8
0
24
1 21 2 151 3 40 4 25 5 267 6 365 8 384 9 46 10 2 11 434 12 44 13 92 15 417 16 226 17 419 18 269 19 234 20 247 21 180 22 3 23 492 24 138
2 18 1 98 4 125 5 284 7 254 8 146 9 1 10 207 11 263 13 292 14 429 15 157 16 369 17 222 18 32 19 114 21 180 22 25 24 397
3 21 1 340 4 457 5 70 6 460 7 102 8 118 9 336 10 122 11 20 12 146 13 391 14 342 15 380 16 392 17 329 18 291 19 28 20 266 21 296 23 126 24 45
4 19 1 418 2 66 3 150 5 287 7 333 8 144 9 34 10 414 11 273 12 438 15 174 16 239 17 131 19 338 20 136 21 470 22 44 23 97 24 279
5 18 2 65 3 41 4 379 6 132 7 34 8 387 11 490 12 124 13 123 15 479 16 450 17 1 18 111 20 136 21 170 22 489 23 462 24 491
6 19 1 452 2 244 3 369 5 48 7 200 8 9 9 308 10 191 11 348 12 255 13 465 14 26 15 54 16 344 17 491 19 320 21 424 23 102 24 376
7 15 2 94 3 181 4 136 6 235 9 274 13 154 14 10 15 265 17 266 19 234 20 112 21 334 22 465 23 473 24 391
8 16 2 316 4 359 5 81 7 415 9 439 10 287 11 428 13 364 14 254 15 20 16 330 18 65 19 446 20 193 21 148 23 128
9 15 1 33 2 257 6 423 7 94 8 338 10 342 11 157 13 53 14 91 17 492 18 491 19 96 20 330 21 275 24 425
10 16 2 190 4 214 6 385 7 425 8 457 9 339 11 252 13 166 14 172 15 201 17 498 18 411 19 83 20 38 21 426 22 61
11 20 1 168 2 3 3 63 4 334 5 498 6 337 7 466 8 287 9 397 10 249 13 37 14 419 15 127 16 271 17 176 18 311 20 378 22 65 23 362 24 31
12 18 1 469 2 273 4 78 5 458 6 316 7 180 8 411 10 213 11 267 13 234 14 462 15 255 17 139 18 189 19 425 20 433 22 280 23 163
13 17 2 432 4 467 7 209 8 222 9 410 10 466 11 450 12 22 14 107 15 39 16 184 19 484 20 366 21 207 22 404 23 211 24 145
14 16 1 318 4 367 5 91 6 283 7 340 9 267 10 406 12 266 13 492 15 85 17 137 18 423 19 371 20 483 23 319 24 376
15 14 2 91 3 22 5 403 7 291 11 368 13 107 14 458 17 416 18 59 19 398 20 124 22 316 23 21 24 13
16 20 1 193 2 28 4 43 5 52 6 385 7 298 8 322 9 235 10 133 11 69 12 16 15 192 17 288 18 173 19 87 20 263 21 132 22 345 23 265 24 322
17 18 1 27 2 307 5 245 6 62 7 473 9 299 10 432 11 47 12 209 13 11 14 484 15 264 16 358 19 430 20 467 21 407 22 219 23 118
18 20 1 230 2 111 3 132 4 441 6 31 7 433 8 146 9 405 10 488 12 70 13 154 14 355 15 433 16 468 17 293 19 437 20 179 21 135 23 332 24 23
19 21 2 313 4 169 5 47 6 338 7 258 8 366 9 495 10 444 11 438 12 434 13 460 14 486 15 285 16 95 17 420 18 158 20 348 21 64 22 453 23 177 24 452
20 17 4 499 5 451 6 13 7 334 8 353 9 158 10 486 11 354 13 265 14 352 15 299 16 486 17 165 18 384 19 430 21 135 22 191
21 22 1 171 2 55 3 8 4 151 5 271 6 436 7 362 8 314 9 354 11 477 12 303 13 62 14 395 15 323 16 487 17 242 18 492 19 65 20 235 22 335 23 441 24 233
22 20 1 470 2 498 3 48 4 333 5 129 6 440 7 449 8 131 9 354 11 233 12 233 13 213 14 108 15 19 17 424 18 199 19 313 20 435 21 461 23 89
23 17 2 189 4 12 5 137 7 493 8 270 10 393 11 82 12 482 13 489 14 234 15 137 17 2 18 409 19 347 20 224 21 331 24 243
24 21 1 214 2 362 4 346 5 133 6 475 8 203 9 402 10 223 11 212 12 365 13 339 14 200 15 295 16 20 17 334 18 318 19 29 20 255 21 223 22 150 23 182
1
9 6 24 12 10 7 8 3 2 14 5 18 11 13 20 17 19 4 15 16 1 21 23 22
22 6 2 9 4 12 8 10 21 5 20 7 3 23 14 18 17 24 1 19 13 16 15 11
2
13 7 16 11 17 12 2 5 1 18 22 9 4 21 19 10 6 3 8 14 15 24 23 20
5 4 23 9 10 16 11 20 19 17 18 14 21 15 8 2 13 7 6 24 12 22 1 3
3
9 1 23 17 13 12 6 11 2 4 15 20 14 18 22 21 7 16 5 8 10 24 19 3
22 6 4 2 19 5 23 20 12 7 16 3 24 14 17 9 10 15 13 18 1 11 21 8
4
7 6 23 18 3 22 21 13 24 17 14 9 5 20 11 12 10 15 19 8 2 1 4 16
16 5 22 23 7 8 10 24 12 1 15 17 20 4 2 14 6 19 3 13 9 11 18 21
5
23 17 15 1 16 24 3 14 18 22 6 13 2 19 11 9 21 20 10 7 12 8 5 4
9 21 5 13 3 17 15 10 18 20 22 4 8 12 19 16 1 11 24 6 14 23 7 2
6
3 9 7 23 5 14 1 12 2 6 20 15 13 24 10 21 18 19 11 4 16 22 17 8
10 9 24 21 17 14 20 18 16 22 6 7 4 15 13 5 3 12 11 19 2 8 23 1
7
5 11 7 6 8 14 15 16 21 24 12 2 17 4 13 1 23 18 9 3 19 22 20 10
7 18 21 6 20 19 14 3 12 2 10 11 15 9 24 13 5 17 16 4 1 23 8 22
8
13 21 6 18 22 20 9 16 14 10 19 5 15 3 1 11 2 4 8 7 12 24 17 23
20 3 19 23 21 8 16 11 4 13 14 2 22 9 17 5 7 24 10 12 18 15 6 1
9
23 22 9 24 18 16 20 5 2 21 19 10 8 6 15 1 3 7 12 11 14 17 4 13
17 11 5 9 1 13 10 18 12 7 20 19 16 24 15 14 8 23 21 6 4 3 2 22
10
19 8 1 4 20 24 22 10 15 9 18 21 2 17 23 16 13 7 5 3 12 14 6 11
4 24 16 12 22 5 23 8 18 10 9 3 15 7 2 11 20 21 19 6 13 17 1 14
11
6 11 13 24 7 5 22 17 2 21 9 1 15 3 12 18 8 16 19 23 10 20 14 4
6 21 13 19 7 14 12 15 9 24 22 18 1 5 17 16 20 4 10 2 23 3 11 8
12
8 7 3 5 12 9 1 2 18 14 22 23 11 20 13 15 19 10 4 16 17 21 24 6
22 8 11 19 10 7 6 2 16 1 20 17 9 12 3 5 4 23 18 14 15 13 24 21
13
15 5 23 16 13 18 6 17 22 8 10 9 11 7 3 19 21 20 4 14 24 1 2 12
1 22 21 14 15 13 8 18 3 6 4 10 19 24 7 17 12 23 11 2 9 5 16 20
14
20 17 10 21 19 8 6 24 12 11 5 15 13 3 16 23 18 7 9 4 14 2 1 22
20 16 11 10 19 9 23 8 5 3 18 17 1 24 22 12 21 14 13 6 2 15 7 4
15
24 11 2 23 8 13 4 22 12 7 6 1 19 5 9 17 21 10 16 3 14 15 18 20
6 15 14 4 21 2 9 8 17 11 23 12 24 22 19 1 3 18 7 13 20 5 16 10
16
10 7 15 8 13 9 5 16 20 22 17 19 2 24 18 23 6 21 12 1 4 14 11 3
13 4 19 3 8 5 22 23 10 15 24 14 17 9 1 20 18 12 21 11 16 6 7 2
17
20 1 15 6 18 22 4 16 11 14 17 3 9 7 24 21 23 8 5 2 10 19 13 12
14 12 18 13 11 19 3 16 4 22 8 5 23 21 10 1 7 9 15 6 2 17 24 20
18
14 11 13 12 7 17 15 2 19 8 22 9 5 24 3 18 10 20 16 6 23 1 4 21
19 12 6 13 1 3 17 9 23 7 16 22 24 2 5 21 14 20 11 15 4 18 10 8
19
21 24 5 10 12 9 3 13 4 8 18 14 16 22 1 19 20 17 6 15 2 11 23 7
4 22 8 2 17 24 13 15 23 21 9 18 12 11 3 6 10 16 19 20 7 1 14 5
20
4 5 6 22 2 17 14 10 16 11 13 23 12 24 15 9 3 21 20 19 1 7 8 18
13 15 8 6 7 19 17 10 4 2 23 14 9 21 1 22 16 24 20 11 18 5 12 3
0
24
1 21 2 246 3 60 4 153 5 9 6 19 7 347 8 182 9 99 10 278 11 255 12 52 13 78 14 206 15 253 16 263 17 293 19 328 20 58 21 415 23 116 24 119
2 17 3 133 4 183 7 295 8 276 9 119 10 368 11 357 13 216 14 341 15 215 16 217 17 157 19 472 20 96 21 364 22 42 24 489
3 16 1 456 2 131 4 439 5 397 6 250 7 206 8 308 9 109 11 145 13 179 14 110 15 248 20 86 22 397 23 261 24 428
4 14 5 294 6 468 9 401 10 105 12 360 13 363 15 309 17 450 18 471 19 373 20 11 21 192 22 71 23 396
5 15 1 15 2 452 3 477 6 401 7 133 8 345 11 467 15 192 16 74 17 261 18 255 19 148 21 185 22 10 24 302
6 20 1 411 2 144 3 245 4 113 5 113 8 421 9 413 10 47 11 54 12 237 13 61 14 168 15 11 16 438 17 284 18 255 20 483 21 191 23 274 24 135
7 16 2 85 3 358 4 179 5 277 6 329 8 52 11 412 12 448 13 475 15 74 16 48 18 50 19 429 20 177 23 59 24 216
8 17 1 494 2 317 3 326 6 260 9 454 11 75 13 490 14 249 15 277 16 311 17 169 18 481 19 56 20 394 21 428 22 411 24 117
9 18 2 120 3 384 4 492 6 173 8 8 10 174 11 239 14 117 15 10 16 480 17 79 18 389 19 273 20 263 21 255 22 400 23 147 24 128
10 19 1 124 2 262 3 356 5 173 6 456 8 431 9 409 11 9 12 17 13 392 14 297 15 244 16 188 17 34 18 305 19 470 20 249 22 463 24 254
11 17 1 346 2 260 3 456 4 141 5 334 6 488 7 208 9 381 13 349 14 362 16 279 17 16 19 95 20 207 21 282 22 373 24 311
12 18 1 474 2 354 3 241 4 311 5 64 6 439 7 220 8 255 9 377 10 158 14 466 15 160 16 98 17 128 21 66 22 174 23 364 24 319
13 18 1 95 4 315 6 85 7 412 8 272 9 455 10 378 11 285 12 119 14 189 15 288 16 389 17 91 18 215 20 163 21 266 22 145 23 270
14 17 1 339 2 441 4 192 5 183 6 282 7 224 8 105 10 324 11 159 12 250 15 86 16 222 17 493 19 138 21 163 23 256 24 299
15 16 1 148 2 426 3 195 4 138 5 112 7 109 8 86 10 18 11 347 16 496 17 136 19 181 20 101 21 303 22 26 24 223
16 19 1 228 4 215 5 447 6 226 7 261 8 42 9 160 10 2 13 319 14 277 15 269 17 478 18 140 19 75 20 455 21 273 22 363 23 171 24 439
17 18 2 140 3 5 4 280 5 366 7 382 8 397 9 405 10 379 12 406 13 480 14 338 15 41 18 441 19 333 20 314 22 299 23 50 24 179
18 20 1 486 2 460 4 440 5 471 6 429 7 246 8 361 10 107 11 259 13 201 14 270 15 259 16 323 17 367 19 499 20 343 21 425 22 313 23 86 24 304
19 17 1 411 2 365 4 204 5 147 6 52 7 347 8 23 9 430 12 485 13 402 14 295 15 422 18 252 20 124 21 494 22 392 23 330
20 20 1 370 2 229 3 359 4 31 6 149 7 305 8 253 9 60 10 469 11 179 12 311 13 390 14 138 16 454 17 394 18 21 19 138 22 414 23 395 24 84
21 20 1 186 2 340 3 329 4 38 5 15 6 90 8 388 9 43 10 2 12 141 13 462 14 494 15 74 16 268 18 397 19 243 20 320 22 16 23 475 24 354
22 15 2 202 3 217 4 256 5 24 7 483 8 466 9 441 10 21 11 470 17 33 18 212 20 160 21 55 23 103 24 152
23 18 1 134 3 484 5 257 7 56 8 48 9 34 10 328 11 445 12 64 13 300 14 29 15 283 16 133 17 463 18 267 20 101 21 231 22 360
24 19 1 333 4 188 5 35 6 176 7 137 8 136 9 353 10 165 11 491 12 257 13 462 15 216 16 360 17 249 18 21 19 133 20 49 21 434 22 74
1
10 16 21 9 13 1 23 14 24 2 15 7 12 8 11 4 20 3 22 19 5 17 6 18
2 17 19 9 18 11 20 16 15 13 3 6 14 21 23 10 22 8 4 7 5 1 24 12
2
24 8 18 17 21 22 16 20 15 3 9 23 2 19 6 1 12 4 10 14 11 13 5 7
18 1 8 24 20 15 7 3 2 23 17 4 12 16 13 6 9 14 19 11 5 22 21 10
3
23 16 1 14 20 17 10 5 22 8 18 4 7 6 9 13 19 24 11 2 3 15 21 12
12 16 2 6 9 22 14 1 11 10 4 3 20 15 24 7 17 18 19 21 8 13 23 5
4
19 23 5 13 24 21 1 8 14 3 2 17 16 4 10 6 22 12 15 9 7 20 18 11
4 21 10 23 16 24 8 6 3 1 12 20 14 17 2 19 11 13 5 15 18 22 9 7
5
19 15 23 20 22 21 7 11 9 17 12 24 1 6 14 16 13 8 10 5 2 3 4 18
11 6 2 20 18 24 17 8 12 4 3 14 1 9 7 19 13 22 23 10 15 21 5 16
6
14 3 17 23 8 18 20 10 9 15 1 12 2 11 5 13 16 22 6 7 24 21 4 19
4 1 5 24 3 9 22 21 12 14 13 19 11 15 18 16 17 2 7 6 23 20 10 8
7
13 1 11 5 8 21 16 15 14 24 3 6 12 17 19 10 18 4 7 20 22 2 23 9
1 6 18 7 14 13 11 9 12 4 17 21 16 8 10 19 23 3 22 2 15 24 5 20
8
17 18 14 13 5 9 12 24 20 16 6 19 7 8 21 23 2 15 4 22 3 11 10 1
18 15 22 5 3 14 13 17 19 6 16 10 24 2 20 12 7 9 1 8 21 11 23 4
9
18 13 16 5 21 4 9 1 2 7 8 19 24 3 11 17 22 10 6 12 23 14 20 15
16 24 11 10 7 23 18 3 13 9 20 14 17 15 2 19 8 12 5 21 6 22 1 4
10
15 17 19 24 20 1 10 21 11 9 22 2 8 4 16 3 18 5 23 13 7 14 6 12
20 12 5 14 9 15 6 13 24 18 16 2 22 19 23 10 17 21 1 11 7 4 3 8
11
21 4 20 22 17 7 10 8 18 2 9 5 13 16 1 14 23 6 19 11 12 24 3 15
9 20 3 23 10 5 19 13 24 16 15 4 2 18 11 8 12 22 7 6 1 17 21 14
12
12 24 7 13 2 20 6 16 5 9 22 8 19 21 10 11 18 23 3 14 15 4 17 1
23 1 15 10 2 21 6 11 4 3 19 22 20 9 7 8 12 17 13 14 18 24 5 16
13
23 15 11 6 13 2 18 5 20 4 8 10 22 14 16 3 12 1 24 21 7 17 19 9
9 2 6 4 20 5 21 8 10 7 11 23 12 18 16 1 3 13 14 15 24 19 22 17
14
10 23 5 24 3 7 6 15 17 1 2 9 18 20 14 11 13 21 19 4 22 8 12 16
6 13 8 20 9 21 12 18 4 19 17 16 23 3 7 24 22 10 15 2 1 5 11 14
15
13 4 7 23 2 1 5 22 17 11 15 8 20 12 10 16 14 3 9 19 24 18 21 6
4 23 5 18 14 8 13 20 16 11 22 9 21 19 6 2 17 12 10 3 24 15 7 1
16
1 23 16 22 6 11 21 8 19 15 4 13 10 9 7 3 18 5 2 20 24 17 12 14
18 23 4 7 14 24 6 19 1 12 22 2 13 5 9 20 10 21 17 11 8 16 15 3
17
14 2 18 8 5 24 11 13 22 15 19 20 10 21 3 7 17 9 16 12 1 23 6 4
24 22 23 2 7 16 12 18 6 9 8 15 13 1 14 4 17 10 20 19 11 3 5 21
18
3 12 7 22 5 6 15 19 13 9 8 21 20 10 23 17 11 14 2 18 1 24 4 16
2 5 15 18 10 1 21 9 3 17 20 16 11 19 12 23 24 6 4 14 22 13 7 8
19
18 24 3 8 19 23 2 7 13 20 12 15 16 5 9 4 14 10 1 21 11 17 22 6
23 5 13 16 19 6 17 3 22 24 10 21 9 18 14 12 1 8 2 4 20 15 7 11
20
16 8 13 9 11 6 17 4 12 20 14 5 21 18 19 24 23 2 15 10 22 1 7 3
10 8 13 19 22 21 5 6 23 20 1 4 16 9 17 18 7 2 12 3 14 11 15 24
0
24
1 20 2 51 3 483 4 459 5 78 6 47 7 355 8 363 9 311 10 457 11 99 12 26 13 178 14 318 15 52 16 375 17 396 18 419 19 350 21 137 23 70
2 19 1 348 3 148 5 49 7 279 8 480 9 289 10 418 11 281 12 109 13 421 14 288 15 469 16 39 17 265 18 443 19 420 20 65 23 173 24 252
3 22 1 98 2 432 4 297 5 210 6 474 7 115 8 51 9 143 10 360 11 153 12 278 14 408 15 458 16 87 17 491 18 240 19 299 20 245 21 245 22 464 23 357 24 92
4 17 1 494 2 421 3 270 8 95 9 338 10 445 11 157 12 436 13 230 14 288 15 297 16 44 17 134 19 66 22 399 23 56 24 63
5 20 1 12 2 454 3 359 4 189 6 245 7 262 8 292 9 131 11 260 12 195 13 4 14 485 17 417 18 6 19 395 20 416 21 318 22 403 23 416 24 314
6 18 2 413 3 287 5 476 7 327 8 4 10 416 11 222 12 457 13 386 14 50 15 111 16 387 18 178 19 73 21 84 22 102 23 101 24 113
7 18 1 132 2 393 4 241 5 421 6 106 8 218 9 97 10 147 12 453 13 251 14 99 15 245 16 394 19 70 20 78 21 484 22 178 23 301
8 22 1 90 2 370 3 153 4 142 5 104 6 98 7 169 9 305 10 472 11 32 12 260 13 252 14 49 15 151 16 462 17 147 18 158 20 360 21 399 22 132 23 440 24 474
9 20 1 20 2 118 4 372 5 470 6 7 7 7 8 49 10 424 11 496 12 430 13 206 14 179 15 223 16 294 17 10 18 259 19 157 21 152 22 62 24 473
10 12 1 38 2 450 4 211 6 489 8 209 9 406 13 314 14 491 16 205 18 128 20 13 22 98
11 17 1 130 2 3 5 158 6 340 7 145 9 85 10 144 13 233 14 499 15 325 16 241 17 255 18 131 19 148 20 85 21 123 22 454
12 18 1 273 2 447 3 491 4 377 6 193 7 89 8 87 9 136 10 346 11 311 13 499 16 47 17 425 18 301 19 74 20 162 22 364 23 233
13 19 1 275 2 395 3 38 5 257 6 319 7 48 8 50 9 344 10 238 14 50 15 360 16 385 17 314 18 209 20 56 21 368 22 487 23 408 24 339
14 18 2 151 3 246 4 419 5 79 6 87 7 390 8 40 10 323 11 387 12 338 13 160 15 293 16 283 17 359 19 500 20 310 21 476 23 51
15 20 2 267 3 288 4 423 5 145 6 33 7 363 8 141 9 153 10 53 12 316 13 410 14 297 16 310 17 13 18 62 20 158 21 11 22 227 23 420 24 3
16 19 1 230 2 254 4 434 6 250 7 54 8 204 9 273 11 224 12 236 13 226 14 203 17 126 18 366 19 230 20 172 21 30 22 185 23 418 24 13
17 17 3 347 4 332 5 11 6 158 7 312 8 160 10 213 12 300 13 162 14 241 15 125 16 290 18 34 19 327 20 52 21 481 23 291
18 19 2 480 3 414 5 309 6 152 8 424 9 96 10 431 11 446 12 228 13 22 14 95 15 274 16 206 19 233 20 234 21 100 22 291 23 388 24 294
19 18 1 132 3 417 4 208 5 469 6 337 7 269 8 164 9 249 10 311 11 4 13 457 14 56 15 422 16 76 17 269 20 490 22 404 24 318
20 17 1 177 2 492 3 239 5 307 7 125 8 308 9 296 10 477 12 49 14 144 15 104 16 342 17 269 19 345 22 209 23 77 24 373
21 20 1 112 2 377 3 51 4 42 5 262 8 447 9 359 10 355 11 146 13 214 14 24 15 448 16 44 17 306 18 17 19 144 20 161 22 203 23 239 24 204
22 20 1 381 3 452 4 70 5 337 6 490 7 158 8 310 10 348 11 89 12 180 13 22 14 110 15 270 16 436 17 82 18 262 19 292 20 477 23 207 24 44
23 16 1 380 2 57 3 497 5 305 6 369 7 41 9 379 10 448 12 314 14 495 16 346 17 351 18 9 19 312 20 223 24 31
24 22 1 82 2 359 3 19 4 163 5 214 6 390 7 30 8 429 9 219 10 234 11 182 12 487 13 69 14 232 15 62 16 101 17 192 18 243 19 8 20 214 22 41 23 370
1
19 4 13 10 12 21 6 1 7 3 2 15 14 11 20 17 24 8 16 23 5 9 18 22
13 17 14 18 8 22 19 10 16 6 15 11 5 9 23 24 12 21 7 2 4 3 20 1
2
11 13 1 10 18 19 17 12 7 23 22 2 21 15 5 6 9 20 14 4 8 16 24 3
12 7 9 1 4 21 24 8 10 16 19 5 20 14 18 11 22 6 2 13 23 3 15 17
3
21 4 23 15 19 16 24 6 13 17 12 20 9 3 10 11 2 14 5 1 8 18 22 7
6 11 19 15 2 23 17 3 5 10 20 16 14 9 18 8 1 21 22 24 7 13 12 4
4
13 2 16 17 21 11 20 9 18 5 24 4 1 7 23 19 3 14 12 22 8 6 10 15
19 17 6 10 15 2 20 23 3 18 13 8 1 11 5 16 4 9 14 24 21 12 7 22
5
7 16 21 19 13 6 12 9 24 2 17 1 8 5 20 18 3 4 15 14 23 22 11 10
3 16 22 5 12 4 2 17 11 19 23 20 8 21 10 7 1 13 15 18 14 9 24 6
6
3 13 17 18 22 4 5 19 8 23 6 14 9 1 24 10 2 12 15 11 21 7 20 16
3 13 6 11 9 4 7 12 22 19 20 14 16 24 2 15 21 10 18 5 17 1 8 23
7
20 5 18 9 19 24 13 11 14 7 6 21 12 3 2 23 1 22 17 4 15 8 16 10
8 19 20 14 7 24 9 6 10 13 22 2 5 11 17 16 21 15 18 12 23 3 4 1
8
16 20 17 9 6 22 10 13 3 15 14 1 8 11 23 7 19 12 2 24 21 18 4 5
18 5 7 23 19 17 3 12 20 14 4 15 10 16 9 22 13 8 2 24 11 1 6 21
9
24 5 18 12 7 2 22 14 16 10 19 21 20 6 4 23 15 11 8 13 3 9 1 17
14 23 15 3 9 7 12 16 11 1 21 4 18 13 8 10 22 20 17 2 6 5 24 19
10
18 24 16 8 23 4 1 9 2 11 14 19 3 10 15 13 21 22 5 7 20 6 12 17
11 17 22 20 5 21 7 19 9 18 13 24 12 4 14 8 23 16 10 6 1 2 15 3
11
15 12 23 9 6 4 11 10 1 21 7 24 13 20 5 3 19 16 2 22 14 18 8 17
18 24 14 8 9 17 16 15 19 3 22 1 5 2 10 11 12 7 6 4 20 23 13 21
12
10 11 8 18 21 7 22 14 5 16 23 20 1 12 2 6 13 3 15 17 4 24 19 9
24 20 21 23 5 3 16 8 13 14 6 9 18 19 12 15 22 2 17 1 11 4 7 10
13
3 18 9 12 11 23 4 2 6 16 21 14 10 13 5 22 1 15 19 17 8 7 20 24
5 4 16 10 6 7 19 21 23 13 24 9 15 1 3 17 18 11 20 2 12 14 8 22
14
16 22 24 3 12 10 17 8 23 7 4 21 14 20 1 19 5 2 18 6 13 15 9 11
14 4 16 5 24 1 6 9 13 21 8 2 19 20 11 3 22 7 12 15 10 18 23 17
15
18 11 15 13 5 20 22 6 14 3 17 9 10 21 19 24 1 8 23 12 16 2 4 7
20 14 22 17 23 19 13 2 7 24 16 1 9 12 8 5 3 4 11 6 10 21 18 15
16
16 8 3 2 17 7 22 13 24 20 21 11 9 1 19 14 15 10 23 6 4 12 18 5
7 17 11 23 19 15 13 22 16 20 21 2 14 3 1 5 24 4 10 18 12 9 8 6
17
4 10 18 6 17 7 3 8 16 15 20 12 23 11 19 22 2 5 1 9 13 14 21 24
23 15 3 17 12 13 10 4 16 2 20 22 24 19 14 9 21 6 18 5 1 8 7 11
18
7 13 8 4 21 12 1 16 10 9 2 23 22 17 11 19 14 6 3 20 18 15 5 24
20 14 23 3 10 2 21 24 1 15 13 4 22 17 18 8 9 12 5 7 16 6 19 11
19
21 11 10 3 16 24 7 8 5 14 22 13 20 12 19 6 2 4 23 1 17 18 15 9
1 6 21 4 15 5 8 11 18 2 23 14 19 3 24 16 12 10 9 7 13 17 22 20
20
14 9 21 5 15 4 16 22 20 8 2 24 11 13 18 6 12 19 1 23 10 7 17 3
15 11 5 13 1 17 23 2 21 4 10 24 18 16 19 7 22 20 6 9 12 3 14 8
0
24
1 19 2 54 4 165 5 177 6 489 7 490 8 377 9 166 10 157 11 244 12 485 13 325 15 342 16 421 19 70 20 64 21 412 22 271 23 88 24 326
2 20 1 398 3 213 5 424 6 282 7 101 8 152 9 211 10 234 11 208 12 390 14 303 15 137 16 310 17 296 18 145 19 114 20 119 21 488 23 404 24 459
3 19 1 352 2 46 5 346 6 431 7 496 9 346 10 328 11 69 12 378 13 98 14 85 15 113 17 487 18 154 19 130 20 39 21 384 23 471 24 430
4 18 1 337 3 70 5 55 6 489 9 340 11 44 12 232 13 393 14 447 15 271 16 29 18 457 19 97 20 405 21 317 22 93 23 23 24 15
5 19 1 473 3 408 4 201 7 337 8 198 9 158 10 355 11 97 12 336 13 30 14 168 15 65 16 187 17 28 18 95 19 92 20 248 21 181 22 242
6 18 1 190 3 33 4 16 5 88 7 402 8 350 9 474 10 391 11 148 12 114 13 247 15 79 18 451 19 427 21 398 22 403 23 435 24 379
7 18 1 338 4 486 5 449 6 436 8 50 9 51 11 360 12 286 13 95 14 480 15 155 16 434 17 307 18 481 19 452 22 282 23 430 24 313
8 17 1 34 2 188 3 94 4 408 5 326 7 352 9 191 10 425 12 221 14 295 16 265 17 104 18 441 19 127 20 304 21 210 24 200
9 19 1 181 2 385 3 14 4 82 5 297 6 319 7 279 8 440 11 424 12 404 13 134 15 357 16 195 18 297 19 397 20 145 22 401 23 407 24 229
10 17 1 300 2 108 3 207 4 488 7 315 9 280 12 231 13 410 14 55 15 24 16 433 17 46 19 385 20 120 21 208 22 235 24 79
11 22 1 409 2 69 3 408 4 468 5 126 6 279 7 153 8 228 9 66 10 103 12 233 13 496 14 261 15 147 16 355 17 452 18 355 19 422 21 465 22 276 23 31 24 469
12 16 1 487 2 106 3 413 4 47 5 104 6 368 7 236 9 253 10 374 13 428 16 153 17 260 18 281 20 101 21 160 23 329
13 18 1 123 3 21 4 116 5 15 6 2 7 455 8 269 9 78 10 360 11 377 12 337 14 408 17 114 18 435 19 432 20 148 21 210 23 94
14 21 2 498 3 49 4 304 5 419 6 132 7 131 8 89 9 434 10 482 11 168 12 210 13 154 15 448 16 236 17 136 18 263 20 10 21 53 22 481 23 290 24 233
15 19 1 379 2 221 4 390 5 237 6 228 7 248 8 244 9 411 11 200 12 35 14 452 16 488 17 361 18 261 19 381 20 47 21 334 22 329 24 311
16 20 1 475 2 298 4 57 5 183 6 133 7 100 8 114 9 12 10 36 11 170 12 278 15 360 17 30 18 242 19 311 20 128 21 299 22 121 23 395 24 167
17 17 1 101 4 103 6 10 7 195 8 373 9 161 10 482 11 272 12 383 13 96 14 50 15 436 16 137 18 201 20 262 22 462 24 478
18 17 2 302 3 71 4 322 6 108 7 246 8 368 9 341 10 494 12 322 16 357 17 263 19 223 20 372 21 200 22 393 23 396 24 232
19 20 1 250 2 445 4 189 5 363 7 312 9 17 10 189 11 163 12 285 13 170 14 364 15 12 16 292 17 196 18 464 20 185 21 256 22 444 23 173 24 56
20 15 2 449 3 226 7 318 8 363 10 475 11 496 12 348 14 474 15 245 16 359 19 303 21 424 22 476 23 343 24 28
21 15 6 222 7 24 8 491 9 466 10 105 11 408 12 255 13 408 16 319 17 38 19 304 20 413 22 187 23 288 24 261
22 19 1 218 3 86 4 449 5 23 6 432 7 390 8 50 9 205 11 466 12 157 13 135 14 330 16 216 18 249 19 378 20 16 21 469 23 60 24 91
23 18 1 197 2 18 3 391 4 242 6 500 9 292 10 56 11 423 12 142 13 379 15 153 17 465 18 368 19 482 20 156 21 307 22 470 24 118
24 21 1 156 2 246 3 384 4 289 5 333 6 113 7 68 8 424 10 381 11 115 12 75 13 43 14 48 15 153 16 94 17 229 18 8 19 391 20 172 21 430 23 84
1
4 3 20 13 6 19 7 9 5 15 14 12 21 17 8 10 2 1 16 11 24 22 23 18
21 19 12 6 15 7 2 5 3 10 9 1 16 23 18 20 17 4 8 11 13 24 14 22
2
20 21 4 3 15 5 16 12 18 19 2 22 24 17 10 7 1 6 23 8 9 14 13 11
8 18 11 10 23 4 22 12 3 20 14 2 17 16 19 9 1 24 21 6 5 7 13 15
3
5 10 9 22 21 24 7 13 18 14 3 20 1 15 2 4 12 23 6 8 11 17 16 19
18 19 6 12 5 22 17 23 14 15 1 9 20 24 10 16 2 8 3 7 4 21 13 11
4
15 1 21 5 6 4 2 18 17 10 23 22 13 12 14 19 11 16 8 9 20 3 7 24
3 17 20 16 19 21 6 2 1 22 13 9 11 5 4 12 10 15 24 14 18 23 8 7
5
9 5 16 1 23 24 21 7 19 13 4 11 10 14 3 8 17 18 22 20 6 15 12 2
10 13 12 11 17 18 19 6 16 3 7 24 20 22 14 4 9 15 1 5 2 8 21 23
6
24 23 20 17 14 8 16 9 19 2 12 11 22 13 4 18 7 1 15 21 10 6 5 3
11 12 17 19 9 14 23 10 20 8 16 7 24 2 21 15 1 18 22 4 5 6 13 3
7
7 3 22 17 12 19 6 2 23 15 16 5 21 10 13 8 4 14 11 1 20 24 18 9
24 17 12 7 14 20 21 23 4 22 11 19 3 6 5 9 8 10 13 2 15 1 16 18
8
19 11 1 12 6 17 13 16 9 18 14 20 4 5 22 3 10 15 21 2 7 23 24 8
14 7 8 12 13 2 18 9 24 22 19 17 15 10 1 6 3 16 11 20 4 21 23 5
9
10 21 22 15 13 4 19 11 20 8 16 1 3 7 24 23 18 5 2 14 12 17 9 6
17 6 12 21 13 5 3 4 23 7 22 10 19 1 18 2 15 16 11 9 20 24 8 14
10
2 8 14 9 3 18 11 15 24 4 7 6 22 20 5 1 23 12 17 19 10 16 13 21
2 14 11 5 6 23 4 7 8 24 10 15 17 1 16 18 20 3 21 9 13 12 19 22
11
18 16 5 4 12 24 14 22 23 20 1 15 6 8 21 17 3 7 10 13 2 11 9 19
24 20 2 6 16 21 23 1 4 11 15 9 10 22 14 19 17 12 13 7 18 3 8 5
12
21 15 8 12 6 13 17 1 2 18 11 10 20 7 24 22 4 23 16 14 9 5 3 19
3 8 12 2 4 19 18 22 21 10 17 1 5 20 7 6 11 24 15 16 9 14 23 13
13
5 3 20 9 22 6 10 4 18 14 19 24 23 16 17 12 8 7 13 21 1 15 2 11
7 9 22 18 23 11 19 24 12 17 15 10 4 16 5 21 14 6 1 13 2 20 3 8
14
10 4 15 20 23 12 7 5 14 22 17 24 13 3 16 2 18 21 9 19 1 6 11 8
15 13 6 3 12 5 7 10 22 4 14 9 8 17 16 2 11 24 23 1 18 20 21 19
15
18 17 23 10 22 13 8 5 2 21 12 14 3 15 1 11 24 6 20 9 19 4 7 16
7 11 14 16 6 2 12 9 8 21 19 3 15 20 1 22 4 5 18 13 23 10 24 17
16
19 15 1 5 21 3 16 12 9 24 13 23 11 2 18 7 6 10 22 14 20 17 8 4
12 3 15 17 7 21 16 23 1 8 2 14 4 5 20 18 11 19 13 10 24 9 6 22
17
7 23 11 5 4 12 14 6 1 9 19 13 18 16 17 22 10 15 2 20 3 21 8 24
22 15 13 24 3 10 21 16 17 23 19 20 5 14 9 11 2 4 7 18 12 8 1 6
18
9 21 1 10 17 4 19 20 5 16 15 11 14 2 7 6 24 12 8 13 3 22 18 23
19 15 11 12 14 6 18 13 23 22 16 4 24 20 8 17 9 5 7 21 2 1 10 3
19
15 5 3 21 17 23 6 24 22 16 18 9 4 14 13 8 20 19 12 10 1 7 11 2
15 14 8 20 2 18 21 19 11 5 13 10 1 12 24 16 9 22 23 7 4 6 3 17
20
3 12 16 13 18 14 6 21 20 11 7 24 23 19 8 17 5 9 1 2 15 10 4 22
3 19 2 18 17 1 6 11 5 24 7 13 14 15 20 12 16 9 4 10 22 8 21 23
0
24
1 17 4 264 5 435 6 169 7 427 8 269 9 283 10 96 11 318 12 469 14 231 15 396 16 365 18 290 19 208 20 441 22 235 23 41
2 17 1 39 3 24 4 69 5 361 6 383 7 196 10 439 11 325 14 283 17 376 18 102 19 302 20 84 21 412 22 235 23 32 24 227
3 20 1 288 2 336 4 442 5 220 6 461 7 334 8 279 9 312 10 132 12 54 13 237 14 130 16 248 17 102 18 486 19 448 20 79 21 423 23 450 24 123
4 21 1 460 2 145 3 45 5 219 6 304 8 333 9 222 10 84 11 88 12 259 13 149 14 187 15 14 16 272 17 423 18 296 19 337 21 348 22 263 23 474 24 448
5 20 2 462 3 62 4 54 6 184 7 173 8 371 9 291 10 273 11 427 12 352 14 99 16 76 17 397 18 289 19 74 20 297 21 217 22 372 23 477 24 86
6 22 1 473 2 405 3 18 4 118 5 334 7 343 9 11 10 476 11 403 12 117 13 249 14 163 15 190 16 229 17 494 18 429 19 214 20 40 21 75 22 471 23 433 24 500
7 20 1 464 4 276 5 58 6 192 8 452 9 189 10 80 12 326 13 156 14 465 15 375 16 156 17 466 18 489 19 455 20 46 21 457 22 178 23 247 24 361
8 18 1 190 3 396 4 365 5 77 6 247 9 138 10 295 11 269 12 127 15 205 16 444 17 382 18 183 19 182 20 469 21 304 23 286 24 44
9 19 1 221 2 178 3 355 4 153 5 450 6 491 8 277 10 491 12 152 13 80 15 462 16 378 17 93 18 64 19 63 20 132 21 336 23 203 24 125
10 19 1 231 2 291 3 217 4 5 5 63 6 217 7 132 8 147 9 126 11 44 12 414 13 223 16 69 17 42 18 453 19 498 20 156 22 199 24 20
11 19 2 405 3 370 4 82 7 388 8 74 9 162 10 53 13 175 14 412 15 315 16 27 17 286 18 177 19 246 20 176 21 327 22 118 23 368 24 200
12 19 1 133 2 366 4 301 5 169 6 189 8 125 9 409 10 499 11 156 13 44 14 229 15 336 17 60 18 413 19 463 20 311 22 374 23 90 24 435
13 20 1 335 2 36 3 37 4 120 5 357 7 116 8 181 9 324 11 128 12 473 14 334 15 383 16 156 17 185 18 399 19 374 20 144 22 225 23 209 24 54
14 21 1 265 2 303 3 410 4 33 5 247 6 181 7 310 8 329 9 15 10 8 12 360 15 10 16 383 17 408 18 316 19 248 20 214 21 221 22 385 23 190 24 302
15 18 1 35 3 159 4 66 5 180 6 162 7 360 8 402 9 91 11 485 12 278 13 193 16 495 17 373 18 362 20 341 21 314 23 218 24 346
16 17 1 296 2 248 3 437 4 381 5 464 6 79 7 467 9 344 10 347 11 165 12 46 13 242 15 220 17 419 22 348 23 407 24 320
17 17 4 382 5 123 6 394 7 172 8 446 9 308 10 261 11 490 12 87 13 151 15 273 16 21 18 452 20 421 21 464 22 20 23 435
18 19 1 407 2 384 3 355 5 461 6 112 7 309 8 276 9 138 10 477 11 479 12 424 14 211 15 238 16 40 17 453 19 382 20 15 21 494 22 357
19 19 2 371 3 146 4 222 5 212 6 135 7 10 8 114 9 9 10 104 11 478 12 455 13 184 14 125 15 351 16 240 17 466 21 9 23 37 24 103
20 19 1 208 2 130 3 345 4 88 5 139 6 190 7 210 8 214 9 161 10 108 11 259 12 166 13 278 15 137 17 120 18 166 19 14 21 459 23 418
21 15 1 284 3 395 4 102 5 332 7 128 9 263 10 481 12 169 13 373 14 104 15 39 18 17 19 226 22 393 23 28
22 20 1 469 2 87 3 247 4 210 5 264 6 383 7 407 8 311 9 227 10 19 11 302 12 117 13 189 14 214 15 496 16 494 18 331 19 139 20 308 21 196
23 20 1 347 2 350 3 249 5 174 6 46 7 61 8 68 9 108 10 325 11 45 12 190 13 411 14 321 15 124 16 472 17 198 19 287 20 280 21 446 22 335
24 21 1 433 2 243 3 385 4 88 5 489 6 470 7 104 8 54 9 73 10 424 12 209 13 413 14 103 15 57 16 482 17 218 18 74 20 408 21 352 22 222 23 96
1
23 16 15 19 17 3 12 11 4 6 18 2 5 10 8 1 21 22 7 20 13 14 9 24
5 9 13 8 3 22 16 11 19 6 24 10 7 21 1 20 17 23 14 12 18 2 15 4
2
16 2 5 14 11 8 12 7 1 15 22 21 23 6 17 4 19 10 20 24 18 13 3 9
7 21 19 20 14 23 5 8 22 17 11 3 9 13 10 4 16 2 6 12 18 15 24 1
3
4 2 14 12 1 7 6 22 11 16 10 24 8 17 15 5 19 3 13 21 20 23 18 9
14 10 16 8 12 20 3 15 11 9 4 7 24 22 19 18 1 5 13 6 23 21 2 17
4
10 13 16 22 5 3 17 4 1 24 6 8 19 23 11 12 20 2 9 14 21 18 7 15
21 11 20 17 18 12 1 4 8 22 7 2 13 16 3 24 5 23 14 6 10 19 15 9
5
1 9 19 18 20 12 8 14 4 23 16 10 17 11 22 6 3 2 13 5 21 15 24 7
4 16 13 15 22 5 3 6 9 18 8 17 11 21 19 2 1 7 14 10 24 12 20 23
6
20 7 23 9 12 6 21 14 10 17 3 1 15 24 16 2 8 19 13 5 4 11 18 22
12 5 10 11 22 20 4 1 8 16 14 18 9 6 13 2 23 24 3 7 15 17 19 21
7
17 18 22 5 4 6 10 16 8 15 9 14 13 24 23 11 20 7 12 19 3 2 21 1
1 3 24 23 17 9 18 8 11 14 2 6 10 5 21 20 15 7 4 22 12 13 19 16
8
20 18 10 5 19 3 16 13 9 14 7 12 23 21 11 22 8 4 6 15 1 2 17 24
16 6 23 1 15 7 22 20 18 5 2 19 3 4 21 11 17 12 24 9 14 8 10 13
0
24
1 19 2 313 3 376 5 74 7 40 9 138 10 169 11 388 12 485 13 175 15 423 16 35 17 307 18 340 19 317 20 424 21 285 22 335 23 66 24 182
2 15 3 339 4 149 5 282 7 259 10 490 11 500 13 263 14 405 16 358 17 177 19 204 20 385 21 331 22 110 23 23
3 19 1 494 2 324 4 169 5 347 7 251 9 341 10 231 11 179 13 81 14 201 15 83 16 135 17 225 19 31 20 130 21 258 22 155 23 413 24 392
4 21 1 368 2 256 3 301 5 477 7 7 8 372 9 281 10 319 11 224 12 358 13 306 14 35 15 364 16 29 17 272 18 260 19 58 20 165 21 438 22 5 23 482
5 17 2 353 3 109 4 10 6 208 7 310 8 280 9 222 11 191 12 73 13 122 14 444 15 56 16 212 19 162 20 151 23 22 24 468
6 17 3 34 5 246 7 235 8 180 10 299 11 440 12 71 13 254 14 475 15 445 16 178 17 138 18 135 19 233 21 230 22 471 23 457
7 19 2 468 3 94 4 374 5 233 6 111 9 362 10 316 11 353 12 366 14 289 15 9 16 236 17 157 18 105 20 209 21 450 22 56 23 76 24 225
8 20 2 151 3 467 4 444 5 152 6 272 9 222 10 49 11 28 12 391 14 169 15 255 16 321 17 243 18 40 19 455 20 50 21 40 22 189 23 195 24 260
9 20 1 75 3 403 4 169 6 466 7 249 8 454 10 451 11 2 12 322 13 24 14 56 15 296 16 461 17 27 19 250 20 495 21 21 22 411 23 457 24 195
10 14 1 306 3 51 4 307 6 41 7 160 8 490 9 14 12 20 13 410 14 12 16 3 17 129 20 323 21 120
11 20 1 274 2 138 4 155 6 304 7 314 8 309 9 392 10 113 12 444 13 371 14 240 15 300 16 197 17 340 18 500 20 313 21 459 22 114 23 115 24 333
12 17 1 219 2 204 3 285 5 30 8 14 9 74 10 171 11 294 13 10 16 214 17 186 18 368 19 273 20 143 21 386 23 338 24 21
13 18 1 283 2 401 3 362 4 311 5 221 6 266 7 274 9 133 10 3 15 80 16 457 17 125 18 420 19 64 20 56 21 210 22 239 23 338
14 21 1 140 3 251 4 44 5 28 6 127 7 468 8 482 9 24 10 9 11 151 12 213 13 136 15 121 16 65 17 268 18 469 19 160 20 305 22 229 23 443 24 240
15 16 2 364 3 336 4 41 5 205 6 402 7 57 8 300 10 80 12 308 13 195 14 371 16 96 18 183 22 280 23 169 24 234
16 15 1 437 2 140 4 374 6 148 9 454 10 186 12 164 13 85 14 253 17 80 18 273 20 198 21 376 22 60 24 483
17 20 1 13 2 449 3 209 5 156 6 243 7 118 8 137 9 246 10 343 11 429 12 448 13 208 14 201 15 352 18 167 19 19 20 6 21 41 22 65 23 207
18 15 1 257 2 8 3 42 4 492 5 409 9 306 11 340 12 438 13 489 14 34 15 54 16 412 17 72 20 18 24 219
19 19 1 401 2 473 3 195 4 92 6 54 8 51 9 375 11 452 12 120 13 44 14 484 15 5 17 302 18 314 20 92 21 206 22 232 23 284 24 210
20 20 1 327 2 458 3 133 4 147 5 491 6 347 7 377 10 48 11 467 12 83 13 444 14 72 15 109 16 185 18 47 19 162 21 210 22 490 23 210 24 458
21 19 1 112 2 129 3 292 5 328 6 301 7 482 8 63 9 454 11 95 12 99 13 119 14 372 15 265 16 438 18 54 20 110 22 174 23 38 24 340
22 16 1 277 2 393 3 344 4 15 5 323 6 70 8 119 9 253 12 62 13 162 14 326 15 496 19 103 21 181 23 147 24 42
23 17 1 415 2 146 3 150 4 3 5 365 7 350 9 13 10 148 11 198 13 16 15 135 16 214 17 496 18 199 20 426 21 43 24 273
24 15 1 145 2 273 4 333 5 140 8 196 9 253 10 146 12 181 14 303 15 465 16 334 17 324 19 169 20 221 22 279
1
18 17 15 7 9 3 16 1 19 11 5 20 6 10 8 13 21 14 4 2 12 23 24 22
18 11 21 9 3 7 24 15 2 1 6 12 19 17 14 20 4 8 13 22 5 10 16 23
2
3 10 22 15 24 13 18 12 16 7 20 6 5 8 2 17 1 21 23 11 4 19 14 9
3 6 2 15 17 5 16 12 24 4 1 22 14 23 21 7 10 19 18 8 20 11 13 9
3
11 7 17 23 20 15 3 9 13 14 6 18 16 1 12 4 5 2 21 19 8 24 10 22
8 4 19 2 18 13 9 12 10 24 5 17 6 23 14 22 3 21 20 11 7 1 16 15
4
9 23 24 22 14 17 4 12 21 20 19 8 18 10 15 3 2 11 13 5 6 1 16 7
2 16 1 14 4 3 15 23 10 13 18 17 7 19 21 22 6 5 20 12 8 9 11 24
5
17 23 24 21 15 13 9 22 12 5 6 4 19 18 16 8 2 10 7 1 20 14 11 3
23 6 24 5 12 9 19 20 3 17 16 13 7 15 22 4 2 11 10 14 21 18 1 8
6
17 19 11 3 20 2 16 7 22 24 15 8 4 12 6 23 10 5 13 1 18 9 21 14
18 11 12 1 20 3 15 5 7 17 16 23 24 10 9 22 14 13 2 4 8 21 19 6
7
14 9 2 19 18 13 16 24 4 10 5 22 7 8 12 21 23 17 6 1 20 15 11 3
9 10 12 15 3 19 2 22 6 24 7 20 23 4 16 13 5 8 1 11 21 17 14 18
8
6 3 22 24 12 13 11 18 10 15 5 21 4 16 23 7 9 19 1 8 2 14 20 17
22 16 3 4 2 1 24 6 20 13 17 18 21 12 15 8 5 11 9 23 10 19 14 7
9
13 7 20 9 6 18 4 14 12 5 23 8 2 11 16 3 24 19 21 17 1 10 22 15
14 6 19 13 4 1 22 10 21 8 20 11 24 9 23 17 5 12 18 16 2 15 3 7
10
10 9 13 23 6 1 14 18 5 8 11 20 19 12 16 3 4 21 7 2 24 22 15 17
13 21 22 23 2 17 18 4 24 12 14 1 11 6 15 8 9 10 19 7 20 3 5 16
11
1 19 15 11 9 6 24 3 12 13 17 5 18 16 8 23 21 22 7 4 10 14 20 2
4 23 24 19 5 21 3 22 18 9 20 13 12 1 11 10 14 15 2 8 6 17 16 7
12
3 13 12 2 6 16 14 20 5 7 17 15 8 22 21 4 23 10 18 11 9 24 19 1
7 9 24 13 5 18 2 15 23 10 16 21 4 3 20 17 11 6 22 1 12 8 19 14
13
17 18 10 23 9 13 15 22 6 24 16 11 2 5 14 1 4 21 3 7 12 20 19 8
1 19 11 23 4 6 24 3 13 18 17 10 9 16 21 22 15 2 12 20 5 7 14 8
14
17 5 1 11 8 16 21 24 10 23 6 20 9 4 19 15 18 2 12 3 7 13 14 22
12 2 19 3 20 18 7 14 15 22 13 11 8 10 17 4 24 21 6 23 1 16 9 5
15
4 16 6 7 1 10 8 17 18 5 20 15 13 11 22 2 9 3 14 19 24 21 12 23
11 5 4 15 21 1 10 13 18 2 17 24 12 3 22 6 7 19 20 9 14 23 16 8
16
4 10 24 23 1 8 3 16 17 7 6 21 20 19 11 14 18 9 2 13 22 15 5 12
20 10 8 18 6 14 22 2 16 24 9 12 4 15 1 3 5 13 21 11 23 19 7 17
17
21 15 18 17 3 7 8 5 1 20 14 6 22 13 24 11 12 9 10 2 23 16 19 4
14 3 21 9 7 15 5 18 2 20 8 1 24 17 22 23 6 13 4 11 19 12 10 16
18
17 4 7 15 20 22 1 13 23 12 16 5 10 8 14 11 19 9 24 21 18 2 6 3
20 10 21 24 18 12 9 23 6 1 13 17 7 11 14 2 16 4 15 22 3 8 19 5
19
15 7 17 23 13 6 14 2 9 12 3 19 10 1 20 16 21 8 5 24 4 22 11 18
14 8 21 20 24 5 6 17 15 22 18 4 10 13 19 2 11 23 12 9 3 1 7 16
20
13 2 19 5 6 1 23 14 3 24 18 10 9 11 15 12 17 21 8 20 4 22 7 16
23 18 8 24 19 9 1 3 6 17 21 2 10 20 11 7 15 16 14 13 22 5 12 4
0
24
1 16 2 464 3 328 4 308 5 465 6 363 7 80 8 188 10 297 12 199 13 297 14 124 15 490 16 464 17 372 19 478 20 140
2 17 3 312 4 30 5 326 6 434 8 50 9 180 10 87 11 372 12 221 13 369 17 105 18 270 19 444 21 34 22 480 23 481 24 245
3 17 1 128 2 451 4 116 5 266 7 400 8 360 9 402 13 379 14 39 15 273 16 219 17 43 18 232 20 386 21 418 23 408 24 321
4 21 1 136 2 264 3 91 5 201 6 268 7 446 8 191 9 146 10 472 11 427 12 446 13 219 14 318 15 470 16 181 18 425 20 301 21 387 22 41 23 331 24 329
5 16 1 91 3 255 4 419 6 77 7 170 8 218 10 211 12 311 13 475 16 275 17 54 18 409 19 108 20 441 21 230 22 177
6 21 1 320 2 118 4 315 5 116 7 498 8 330 9 94 10 7 11 40 12 9 13 26 14 476 15 452 16 166 17 390 19 143 20 461 21 483 22 292 23 125 24 98
7 20 1 36 2 201 3 217 4 15 5 401 6 500 8 132 10 136 11 21 12 105 13 301 14 246 15 323 16 299 17 219 19 495 20 126 22 186 23 298 24 235
8 17 1 264 2 49 3 290 4 376 5 112 10 413 11 316 14 487 15 123 16 240 17 33 18 79 19 47 20 310 21 167 23 382 24 440
9 18 1 279 2 441 3 289 4 167 5 167 6 74 8 469 10 408 11 324 12 485 13 74 15 312 16 342 17 313 19 388 20 289 21 208 24 90
10 19 1 56 3 453 4 139 5 431 7 126 8 409 9 439 11 330 13 57 14 442 15 130 16 308 17 195 19 212 20 373 21 420 22 207 23 345 24 257
11 19 1 288 2 119 3 21 4 132 5 447 6 34 7 448 8 174 10 209 12 440 13 91 15 143 16 489 17 323 19 11 20 435 21 29 22 144 24 224
12 20 1 203 2 94 4 173 5 39 6 268 7 454 8 219 9 300 10 138 13 214 14 352 15 337 16 271 17 494 18 179 19 448 20 450 21 429 23 491 24 376
13 22 1 241 2 486 3 255 4 24 6 125 7 480 8 385 9 178 10 133 11 131 12 82 14 16 15 153 16 441 17 379 18 71 19 391 20 380 21 314 22 488 23 317 24 69
14 20 1 428 2 384 3 497 4 192 5 57 6 493 8 419 9 66 10 378 11 57 12 417 13 27 15 145 16 433 17 424 18 420 20 163 21 422 22 469 24 310
15 19 2 398 3 314 4 101 5 427 6 139 7 246 8 143 9 415 10 163 11 394 13 128 14 412 16 132 17 94 18 377 19 46 20 227 22 184 24 107
16 18 3 1 4 440 5 415 6 234 7 116 8 42 9 377 10 381 13 113 14 407 15 170 17 372 19 83 20 63 21 270 22 204 23 237 24 227
17 19 2 208 3 66 4 478 5 55 7 391 8 383 10 141 11 496 13 423 14 66 15 227 16 354 18 338 19 280 20 461 21 359 22 11 23 294 24 425
18 18 2 488 3 96 4 10 5 19 6 409 7 106 8 240 9 492 10 203 11 85 13 211 15 142 16 37 19 198 21 188 22 398 23 428 24 230
19 18 1 121 2 12 5 448 6 150 9 247 10 42 11 22 12 259 13 388 14 319 15 184 16 242 17 276 18 234 21 191 22 97 23 160 24 351
20 19 1 367 2 277 4 473 5 380 6 350 8 17 9 492 10 200 11 463 12 478 14 212 15 390 17 23 18 492 19 442 21 271 22 72 23 266 24 167
21 22 1 72 2 465 3 36 4 486 5 392 6 84 7 471 9 85 10 416 11 358 12 41 13 342 14 132 15 182 16 2 17 487 18 481 19 469 20 371 22 228 23 140 24 175
22 17 1 186 2 205 3 286 5 181 7 254 8 349 9 392 11 343 12 101 14 483 17 209 18 387 19 324 20 145 21 365 23 499 24 337
23 21 1 468 2 96 3 185 4 234 5 442 6 397 7 145 9 458 10 367 11 368 12 241 13 222 14 231 15 142 16 309 17 47 18 146 19 341 20 409 22 220 24 147
24 17 1 26 4 206 5 420 6 16 7 458 8 291 9 110 10 319 11 315 13 53 14 295 15 356 16 88 17 342 18 230 19 229 20 166
1
16 22 24 7 2 5 18 15 1 4 11 8 14 13 19 10 23 20 3 12 6 17 9 21
1 8 12 21 9 17 13 2 5 4 15 7 11 14 23 3 22 6 20 19 18 10 24 16
2
24 21 1 15 2 4 8 22 16 7 23 19 17 6 10 9 3 20 12 5 14 11 13 18
7 17 2 9 6 10 13 3 16 11 4 8 15 24 20 5 22 21 12 1 23 14 18 19
3
21 4 19 17 16 8 10 2 23 22 20 9 13 3 1 11 14 12 24 18 5 15 7 6
15 8 10 14 20 24 13 1 9 18 22 3 12 11 7 21 23 2 19 17 4 5 16 6
4
21 23 4 2 9 17 6 15 22 13 3 10 19 14 18 7 24 11 12 20 16 1 5 8
12 15 3 10 21 17 20 16 24 23 2 8 7 22 5 13 1 19 14 18 11 4 9 6
5
1 4 16 23 17 8 15 22 18 21 6 24 11 7 14 13 3 9 5 12 2 19 10 20
10 24 14 13 15 9 16 6 4 19 7 22 18 8 12 1 21 23 17 5 20 3 11 2
6
19 18 16 11 23 2 8 6 3 21 7 22 20 4 17 12 15 10 9 24 14 1 13 5
21 13 7 9 10 16 18 24 15 19 1 14 20 11 17 23 6 8 22 5 2 4 12 3
7
3 7 9 14 15 24 13 17 11 1 4 21 10 18 19 2 6 23 22 12 5 20 16 8
16 22 23 14 7 3 10 20 9 21 1 17 13 24 18 12 11 2 5 6 15 4 19 8
8
21 12 24 18 10 1 5 6 4 23 14 7 22 11 9 15 17 19 16 2 3 8 20 13
18 16 5 15 4 12 21 13 22 11 9 23 1 17 10 8 3 24 2 7 20 19 6 14
9
23 19 8 22 14 9 18 11 16 10 13 6 17 5 21 7 1 24 20 3 12 4 15 2
19 23 11 20 6 13 18 4 15 17 22 8 12 9 2 1 3 21 5 14 10 7 24 16
10
10 15 7 20 6 14 23 12 16 8 22 9 3 18 13 21 17 19 4 24 1 5 2 11
8 4 24 6 7 19 21 10 18 2 17 1 11 9 23 15 5 12 3 20 22 16 14 13
11
2 16 21 10 12 11 15 9 3 14 4 8 13 17 1 7 23 20 19 6 5 22 24 18
8 2 16 18 7 13 24 23 22 10 11 21 14 9 15 4 6 5 12 17 19 1 20 3
12
5 16 8 9 2 22 1 19 14 21 10 18 24 12 6 17 13 4 23 11 7 15 3 20
20 11 17 3 24 21 13 22 9 10 7 8 6 2 18 19 1 12 5 4 16 23 14 15
13
22 9 1 4 21 19 24 17 10 18 20 13 7 14 16 2 5 23 8 3 15 12 11 6
17 13 3 7 18 8 16 22 4 24 23 15 9 2 12 5 20 6 10 21 11 19 1 14
14
13 24 8 18 7 23 19 10 20 5 22 9 16 14 3 6 15 12 11 4 17 2 1 21
1 19 20 12 9 11 13 8 22 15 14 4 18 24 2 5 17 10 16 21 7 23 6 3
15
23 20 21 9 18 5 13 3 16 14 17 6 15 2 11 7 1 24 22 12 19 8 10 4
6 4 18 15 2 17 10 22 16 23 3 21 12 14 11 8 13 9 19 5 24 1 20 7
16
19 11 22 7 3 6 21 5 2 17 12 1 18 9 16 8 14 23 13 24 10 4 20 15
14 21 24 10 20 5 18 2 9 23 22 19 7 13 8 3 17 12 4 15 6 1 11 16
17
11 16 18 9 2 17 14 24 15 8 12 10 7 5 13 4 22 3 21 20 19 6 1 23
3 10 7 15 2 8 24 12 22 5 19 20 14 18 9 16 11 13 21 23 4 17 6 1
18
17 13 9 12 3 16 6 21 23 5 7 8 1 19 10 14 4 22 2 24 11 18 15 20
1 15 24 13 22 4 5 7 9 8 12 2 6 3 21 10 20 17 18 16 11 14 19 23
19
4 21 22 14 23 10 20 9 3 15 11 2 13 1 18 8 12 5 16 19 6 24 7 17
19 6 13 9 20 23 7 1 5 2 14 15 18 10 17 3 4 16 21 22 11 8 24 12
20
15 12 23 17 2 16 19 20 6 3 24 18 10 7 5 21 14 22 4 11 8 9 13 1
6 20 3 7 19 8 1 2 4 16 13 24 15 5 10 23 18 17 22 11 12 9 21 14
0
24
1 22 2 338 3 98 5 44 6 254 7 171 8 163 9 227 10 161 11 221 12 462 13 201 14 456 15 97 16 226 17 367 18 90 19 447 20 144 21 394 22 351 23 280 24 224
2 16 1 35 3 294 5 175 8 378 9 354 10 10 11 141 12 86 13 68 16 187 17 392 18 185 19 236 20 332 21 389 23 19
3 20 1 318 2 308 6 451 7 176 8 271 9 169 10 294 11 3 12 246 13 360 14 192 15 33 16 302 17 68 18 347 19 451 20 256 21 290 22 462 23 215
4 21 1 166 3 318 5 289 6 164 7 480 8 20 9 472 10 140 11 271 12 13 13 478 14 277 15 62 16 92 17 459 18 295 19 125 20 297 22 362 23 350 24 172
5 17 1 147 4 427 6 125 8 421 10 89 11 252 12 227 13 456 14 77 15 303 17 227 18 182 19 48 20 58 21 173 23 154 24 215
6 18 1 121 2 59 4 427 5 346 7 77 8 143 9 295 10 442 11 387 12 49 13 499 17 161 18 400 19 423 20 465 22 447 23 27 24 487
7 21 2 91 3 395 4 146 5 298 6 33 8 400 9 255 10 235 11 121 12 186 13 59 14 131 15 334 16 119 17 288 18 149 19 51 20 116 22 421 23 146 24 253
8 21 1 143 3 499 5 119 6 294 7 177 9 2 10 466 11 86 12 97 13 42 14 460 15 372 16 203 17 191 18 221 19 342 20 402 21 209 22 3 23 185 24 41
9 20 1 41 2 260 4 206 5 306 6 150 7 181 8 437 10 22 11 32 13 149 15 354 16 215 17 264 18 272 19 397 20 482 21 386 22 174 23 3 24 352
10 19 1 228 3 361 4 131 5 249 6 17 7 254 8 17 11 213 12 195 13 295 14 4 16 111 17 9 18 3 19 383 21 211 22 497 23 310 24 206
11 17 1 41 2 355 4 190 5 207 6 67 8 186 10 435 12 150 13 496 14 9 16 343 17 296 18 252 20 385 21 81 22 464 24 169
12 21 1 257 2 87 3 423 4 19 6 314 7 237 8 480 9 300 10 151 11 399 13 357 14 14 16 336 17 216 18 172 19 302 20 172 21 174 22 152 23 303 24 435
13 18 1 128 3 151 4 40 5 240 6 250 8 407 9 40 10 115 14 269 15 173 16 284 17 50 18 265 19 130 21 390 22 253 23 142 24 36
14 20 1 24 2 5 3 370 5 179 6 437 7 27 9 475 10 260 11 308 12 93 13 235 15 243 16 145 17 271 18 468 19 454 20 37 22 77 23 334 24 423
15 16 1 158 2 413 3 409 4 208 6 456 7 406 8 355 9 64 12 195 14 320 17 127 18 497 19 104 21 241 23 254 24 500
16 17 1 499 4 115 5 245 6 300 8 228 9 232 10 329 11 45 12 34 13 438 15 233 17 315 18 148 19 82 20 491 21 493 24 119
17 20 1 18 2 165 3 353 4 467 6 327 7 359 8 317 9 296 10 368 11 376 13 329 14 149 16 85 18 95 19 494 20 264 21 484 22 3 23 172 24 156
18 15 1 186 2 422 5 71 8 327 9 247 10 11 11 26 13 97 14 405 17 455 19 45 20 206 22 485 23 211 24 474
19 18 2 136 3 173 5 497 6 124 8 227 9 366 10 123 11 63 12 359 13 130 14 50 16 113 17 172 18 215 20 343 22 320 23 186 24 101
20 19 1 66 2 158 3 74 7 186 8 359 9 174 10 220 11 234 13 89 14 322 15 202 16 487 17 478 18 414 19 193 21 435 22 244 23 52 24 14
21 20 1 244 2 101 3 67 5 230 6 496 7 234 9 22 10 45 11 312 12 234 13 333 15 120 16 97 17 89 18 164 19 186 20 184 22 406 23 371 24 252
22 15 1 432 2 411 5 338 6 168 7 130 8 497 9 417 10 270 11 472 14 480 16 348 17 136 19 70 20 296 23 418
23 20 2 341 3 351 4 96 5 37 7 494 8 442 9 91 10 115 11 96 12 287 13 258 14 132 15 344 16 136 17 392 18 84 19 159 20 228 22 218 24 147
24 16 3 1 4 435 5 33 6 333 7 281 8 233 9 51 11 201 13 384 14 37 16 203 18 423 19 278 21 295 22 193 23 168
1
5 23 24 3 15 19 9 16 18 12 1 14 6 8 2 17 7 13 4 10 22 21 20 11
8 5 10 7 24 2 11 1 22 4 9 23 12 18 20 17 6 13 3 16 21 19 14 15
2
12 19 9 24 3 11 10 6 15 7 17 5 2 8 13 1 21 23 18 20 16 14 22 4
16 24 18 6 21 22 19 1 5 11 3 9 12 8 4 7 14 23 15 10 13 2 20 17
3
6 11 12 19 16 17 15 22 1 4 2 23 10 24 9 3 14 5 18 21 13 7 8 20
6 10 8 5 20 15 23 9 19 22 3 2 13 12 14 17 24 21 7 4 1 11 18 16
4
19 8 22 1 9 13 14 18 2 15 3 17 4 16 6 23 10 5 24 12 21 11 20 7
9 1 3 15 8 14 20 11 23 6 22 7 13 12 2 16 19 4 18 24 21 17 5 10
5
10 17 11 12 19 7 16 14 5 2 24 8 22 1 18 21 13 15 23 9 4 20 3 6
16 7 1 15 11 14 18 24 19 13 22 6 9 8 17 20 23 5 3 4 10 2 12 21
6
23 14 19 9 1 2 5 4 16 10 22 7 15 13 18 24 8 11 12 21 6 20 17 3
15 23 1 21 22 12 20 7 24 19 4 2 13 18 10 17 8 11 14 6 5 9 16 3
7
11 9 19 3 7 10 15 5 20 2 13 16 1 8 12 23 14 18 21 24 22 17 4 6
4 8 2 15 10 24 3 5 22 7 12 16 11 6 20 18 1 14 13 9 21 19 23 17
8
11 4 7 6 22 12 5 16 21 10 13 15 23 19 2 20 9 18 17 1 24 14 3 8
3 4 14 6 1 24 13 23 5 10 22 7 11 12 15 9 20 8 18 17 2 21 16 19
9
12 17 21 14 1 13 10 9 5 4 24 7 16 19 20 6 23 15 2 8 3 22 11 18
22 11 19 10 3 8 1 24 13 14 12 21 2 15 17 7 4 5 9 23 6 18 16 20
10
3 23 4 7 24 1 6 14 20 19 10 9 8 12 17 2 11 5 22 13 15 21 16 18
24 13 18 12 6 19 4 3 5 17 23 1 8 10 2 14 11 21 22 15 16 7 20 9
11
11 15 2 3 20 6 4 13 14 7 19 18 17 9 1 24 21 12 16 8 22 10 23 5
24 10 8 1 11 18 7 12 6 2 23 5 19 13 22 20 3 21 14 15 16 17 4 9
12
9 24 13 10 1 4 23 17 19 20 6 21 7 18 16 12 5 3 14 8 15 2 11 22
19 12 14 4 13 17 9 24 1 2 11 7 10 20 23 22 5 3 16 15 18 6 8 21
13
21 1 15 17 13 10 6 24 19 20 16 8 4 3 5 14 2 7 22 18 23 9 11 12
13 5 7 17 8 21 3 14 11 9 18 6 2 20 23 24 12 16 15 10 1 22 19 4
14
18 12 2 17 15 6 23 3 21 4 9 20 1 14 24 13 10 7 8 5 11 22 16 19
22 4 20 17 1 16 19 9 13 8 5 12 18 6 23 2 24 15 14 3 21 10 11 7
15
4 2 20 15 22 5 12 17 6 24 3 7 1 10 23 11 18 14 19 16 21 13 8 9
24 20 11 12 4 7 9 10 15 17 13 22 3 6 21 23 8 16 19 18 5 1 14 2
16
19 3 15 9 10 14 22 7 23 6 2 11 18 21 13 17 24 4 5 8 16 20 12 1
2 22 23 24 3 11 16 10 7 8 5 20 17 6 14 21 1 15 12 18 19 9 13 4
17
16 14 19 15 10 1 22 9 13 18 20 23 6 3 11 5 8 17 7 12 2 24 21 4
18 7 22 17 23 14 21 10 24 2 13 20 16 12 5 9 11 3 4 15 6 19 1 8
18
9 5 23 24 2 18 14 19 11 7 4 13 17 8 21 12 20 15 10 3 22 6 1 16
13 21 15 16 8 7 23 10 14 20 24 12 5 11 18 3 6 9 19 17 2 22 4 1
19
21 4 6 13 10 12 15 1 11 7 22 5 18 14 9 17 8 24 16 2 3 19 23 20
1 17 5 3 14 6 12 11 7 22 8 15 16 23 13 2 4 24 10 18 9 20 21 19
20
13 10 11 3 8 2 14 6 16 12 19 20 21 23 15 1 17 22 7 4 5 24 18 9
21 8 7 2 3 1 12 17 4 20 18 19 5 10 6 11 9 15 22 24 23 14 16 13
0
24
1 16 2 406 3 456 4 151 6 334 7 182 9 117 11 228 14 342 15 210 16 195 17 424 20 319 21 220 22 59 23 150 24 241
2 17 1 267 4 264 5 189 7 361 8 320 9 357 11 71 12 43 15 93 16 171 17 252 19 226 20 206 21 285 22 309 23 460 24 157
3 18 2 287 4 72 5 187 7 457 8 44 10 314 11 320 12 158 13 374 14 12 15 44 16 189 17 223 18 382 19 492 22 383 23 327 24 26
4 19 1 91 2 322 3 458 5 405 7 27 8 147 9 370 10 346 13 262 14 397 15 432 16 227 17 373 18 189 19 70 20 245 21 312 23 417 24 7
5 18 1 416 2 156 3 386 7 292 9 41 10 110 11 165 12 219 13 197 14 387 15 380 16 454 17 84 18 7 20 272 21 85 23 411 24 356
6 20 1 14 2 72 3 318 4 216 5 220 8 185 9 24 10 129 11 25 12 301 13 451 15 98 16 343 17 169 18 377 19 463 20 155 22 272 23 228 24 271
7 19 1 110 2 466 4 151 5 27 6 111 8 480 9 257 10 434 13 22 14 487 15 250 16 9 17 201 19 162 20 131 21 360 22 392 23 204 24 291
8 19 1 40 3 87 4 355 5 282 6 440 7 299 9 176 10 296 11 23 12 440 13 186 14 243 15 415 16 51 17 166 18 185 21 88 22 106 23 396
9 20 1 301 2 121 3 494 4 290 6 67 7 491 8 360 10 429 13 477 14 50 15 270 16 278 17 13 18 462 19 402 20 138 21 483 22 116 23 103 24 343
10 18 2 69 3 439 4 344 5 181 6 3 7 238 9 178 11 232 12 68 13 282 14 32 15 391 16 20 18 146 19 423 20 281 23 176 24 25
11 15 1 10 2 21 3 31 4 144 5 275 6 101 7 298 8 489 9 351 10 186 12 499 14 315 15 43 18 495 24 429
12 20 1 63 2 161 3 455 5 84 6 453 7 55 8 447 9 36 10 390 11 292 13 95 14 271 15 433 16 378 17 178 18 247 19 93 21 458 23 314 24 492
13 20 2 292 4 269 5 331 6 420 8 203 9 362 10 384 11 74 12 78 14 30 15 418 16 109 17 82 18 366 19 42 20 283 21 414 22 331 23 131 24 491
14 19 1 227 2 304 3 96 4 134 5 493 6 84 8 185 9 53 10 292 11 170 12 357 13 286 15 496 17 146 18 335 19 150 20 251 21 341 23 120
15 16 1 425 2 241 3 420 6 120 7 256 9 74 10 282 11 22 12 337 16 456 17 153 19 220 20 228 22 153 23 275 24 354
16 19 1 209 2 255 3 80 4 394 5 49 6 495 7 279 8 96 9 495 10 207 11 244 13 68 14 268 15 361 17 429 19 277 20 34 22 442 23 50
17 19 1 231 2 215 3 67 4 223 5 450 6 312 7 206 8 214 11 290 12 181 13 149 14 124 18 404 19 161 20 52 21 112 22 342 23 314 24 99
18 17 1 409 2 314 3 296 4 201 5 121 7 358 8 454 9 256 11 223 13 60 14 140 15 343 19 442 20 60 21 326 22 284 23 327
19 18 1 485 3 141 4 317 7 177 8 467 9 45 10 458 11 368 13 449 14 271 15 398 16 84 17 121 18 356 20 359 21 284 22 305 24 85
20 13 2 88 5 238 6 1 8 128 9 420 10 386 11 126 14 144 15 484 19 103 21 425 23 207 24 223
21 18 1 77 2 283 3 180 5 458 6 181 7 34 8 452 9 131 10 336 11 279 12 208 13 472 14 51 15 323 18 51 22 107 23 84 24 161
22 16 1 266 2 270 3 86 5 26 6 488 7 25 8 305 9 141 10 384 14 421 16 190 17 65 18 68 19 463 23 301 24 13
23 16 1 195 3 92 4 60 5 120 6 6 8 213 9 481 10 84 11 289 13 349 15 385 17 15 19 468 20 178 21 458 24 306
24 18 1 321 2 117 3 300 5 355 6 144 7 110 8 59 9 332 10 45 11 344 15 395 16 470 17 364 18 405 19 255 20 446 21 310 23 320
1
21 13 16 19 8 14 7 1 10 18 22 12 20 5 6 4 9 11 17 15 24 2 3 23
23 9 11 17 2 12 24 21 5 20 19 16 3 22 8 15 14 4 13 18 7 6 10 1
2
11 10 24 18 12 2 1 17 4 3 23 19 13 8 9 14 5 15 6 7 22 20 21 16
3 16 13 8 4 22 14 6 1 19 23 10 9 24 11 5 17 20 18 7 21 2 12 15
3
22 18 24 14 5 16 6 23 20 21 17 10 1 12 4 2 8 7 9 3 13 19 11 15
16 19 12 4 14 9 11 5 22 2 15 6 24 7 21 10 20 3 18 1 13 23 17 8
4
1 20 11 9 3 18 23 24 10 6 21 16 8 5 13 14 22 15 12 4 19 7 17 2
9 20 3 11 18 2 8 7 12 6 4 10 5 23 21 16 19 24 1 15 22 14 17 13
5
2 4 21 10 18 6 13 12 20 7 19 9 17 14 24 22 5 1 15 23 16 8 3 11
5 12 21 1 14 24 8 11 3 22 10 7 2 23 9 13 17 19 15 18 20 16 6 4
6
10 15 12 22 13 17 21 18 11 16 14 3 19 2 1 23 5 9 24 20 7 8 4 6
15 17 22 2 9 14 24 3 18 21 16 12 7 19 23 10 13 1 5 11 4 8 20 6
7
2 7 17 23 18 15 19 3 12 9 11 14 1 22 6 24 21 10 20 16 4 8 5 13
5 16 4 8 12 2 22 18 20 7 24 21 13 17 23 3 15 10 9 1 11 19 14 6
8
12 14 22 15 10 16 24 23 13 17 1 18 4 9 20 7 21 5 19 3 11 2 8 6
8 23 22 11 10 16 14 1 3 5 24 17 4 20 15 12 6 21 19 18 7 9 13 2
9
7 2 9 19 22 23 15 18 17 13 8 20 12 16 11 3 1 5 14 6 4 24 10 21
14 11 7 17 22 24 21 5 23 20 13 8 9 16 19 3 1 4 2 15 6 12 10 18
10
13 17 23 8 2 21 14 22 15 20 18 7 9 5 16 6 12 19 24 10 4 1 11 3
18 24 11 19 13 22 16 7 23 14 21 4 5 17 10 9 15 20 3 1 6 12 8 2
11
21 23 4 9 22 17 2 14 3 11 1 16 24 12 15 7 18 8 6 20 13 10 5 19
6 3 2 9 15 19 13 12 20 22 1 7 10 23 24 17 8 16 11 4 14 21 5 18
12
8 3 13 4 1 15 23 11 10 9 2 20 14 7 18 12 22 21 24 19 17 6 5 16
16 19 21 5 14 9 13 10 17 22 1 24 3 20 18 6 12 11 15 8 7 4 23 2
13
16 22 4 15 23 17 7 5 10 6 1 24 19 8 3 14 2 9 11 20 12 18 21 13
12 19 16 13 7 11 23 5 18 3 22 10 9 6 14 1 2 20 21 15 4 17 24 8
14
6 8 2 20 3 10 23 22 7 13 21 4 14 12 24 18 16 15 17 9 5 11 19 1
21 14 16 6 24 4 12 9 17 5 3 13 18 19 2 23 1 8 10 20 11 15 22 7
15
14 11 9 4 7 20 3 18 1 21 8 5 17 16 13 12 15 10 19 22 6 2 24 23
9 14 5 20 15 19 2 6 3 1 8 16 10 21 18 4 24 17 11 23 22 13 12 7
16
3 23 15 7 13 9 22 14 4 21 6 18 2 24 19 11 16 5 20 8 12 1 17 10
13 18 21 3 8 1 12 16 23 24 4 19 7 9 17 10 2 14 5 11 22 15 20 6
17
3 15 22 17 9 20 21 10 12 4 18 11 14 24 7 8 5 19 16 6 1 13 2 23
14 13 17 16 2 6 1 15 9 21 24 3 4 20 11 7 10 18 19 5 23 12 22 8
18
18 10 22 20 7 4 19 23 1 8 3 13 12 24 6 16 5 11 2 17 15 21 14 9
18 14 8 24 20 21 16 23 10 1 22 2 13 4 11 17 7 15 9 5 19 12 6 3
19
1 15 17 22 11 14 7 20 16 8 19 6 23 2 4 3 9 24 10 12 13 21 5 18
4 23 18 10 2 3 13 14 22 15 9 24 17 1 19 5 20 11 7 8 12 21 16 6
20
12 16 6 5 11 24 8 20 2 18 4 1 17 3 15 9 23 10 19 22 7 21 14 13
1 13 22 23 24 10 5 14 17 12 8 21 9 3 20 16 6 2 15 19 4 18 11 7
0
0
