17
1 12 2 61 3 485 5 384 6 494 8 93 9 230 10 235 11 127 12 130 13 6 14 363 16 475
2 14 1 428 3 433 4 406 5 36 6 216 7 193 8 242 9 402 10 128 11 278 13 177 14 196 16 75 17 331
3 11 1 428 2 162 4 301 5 497 7 368 8 482 9 51 11 384 12 284 14 436 17 164
4 12 2 348 3 136 6 177 8 456 9 383 10 195 11 53 12 126 13 433 15 115 16 435 17 497
5 13 2 496 3 242 4 378 6 139 8 322 10 39 11 488 12 92 13 90 14 271 15 129 16 126 17 44
6 13 1 247 3 266 4 479 7 157 8 298 9 306 10 40 11 384 12 371 13 455 14 150 16 161 17 317
7 10 1 326 3 162 5 471 6 356 10 432 11 104 12 291 13 32 14 392 15 258
8 12 3 347 4 18 5 125 6 67 7 472 9 318 10 179 11 8 12 264 14 370 16 472 17 497
9 15 1 394 2 385 3 92 4 371 5 309 6 208 7 105 8 69 10 142 11 213 12 206 13 419 14 336 15 150 17 282
10 11 2 152 4 222 6 485 7 345 8 424 9 187 11 363 12 18 13 143 15 426 17 54
11 12 1 356 2 272 3 209 5 1 6 418 7 132 9 90 12 274 13 279 14 316 16 350 17 307
12 10 3 272 4 131 5 260 9 243 11 323 13 451 14 477 15 328 16 417 17 176
13 14 1 276 2 46 3 84 5 494 6 98 7 41 8 16 9 69 10 473 11 126 12 10 14 42 15 447 16 260
14 14 1 391 2 119 3 301 4 11 5 328 6 357 7 210 8 238 9 15 12 155 13 70 15 149 16 476 17 400
15 15 1 142 2 248 3 471 4 266 5 328 6 395 7 484 8 89 9 230 11 2 12 236 13 112 14 26 16 56 17 400
16 8 1 250 3 136 6 238 7 201 8 438 10 290 13 85 14 188
17 12 1 287 2 162 3 414 4 97 6 345 8 381 9 334 11 426 12 411 13 50 14 495 15 416
1
10 2 16 17 9 12 5 11 6 4 8 3 14 15 13 7 1
9 12 5 16 10 3 14 1 13 8 7 6 4 11 2 15 17
2
14 11 4 6 13 17 8 3 10 2 15 16 1 5 7 12 9
11 17 4 7 8 5 12 10 3 13 14 16 9 15 6 1 2
3
2 6 17 15 16 7 9 14 4 10 5 3 8 13 11 12 1
2 1 11 3 17 5 8 6 10 16 4 9 7 12 13 14 15
4
10 12 6 3 1 15 17 11 8 13 14 2 9 16 7 4 5
11 5 14 8 12 13 4 1 2 15 17 9 6 16 10 3 7
5
1 2 3 8 5 12 15 9 7 6 16 17 13 14 11 10 4
3 5 6 4 9 1 2 15 8 10 13 14 11 17 7 12 16
6
4 10 1 5 7 3 8 12 14 6 15 9 13 11 16 2 17
3 12 16 10 8 11 7 6 4 9 2 15 13 1 5 17 14
7
7 8 6 13 16 3 2 10 17 4 14 1 9 15 5 11 12
17 8 15 14 5 9 16 2 13 12 4 7 10 1 3 6 11
8
1 17 11 5 8 10 16 3 13 6 14 15 4 9 12 2 7
6 17 5 9 7 4 11 12 15 8 1 2 10 14 13 16 3
9
6 12 4 17 13 1 16 14 9 2 8 10 7 5 15 11 3
14 11 16 17 8 6 1 12 10 4 5 13 15 2 9 3 7
10
10 16 6 13 3 4 1 14 5 8 12 9 7 11 17 2 15
5 11 14 7 4 2 10 1 17 13 16 3 6 12 8 9 15
11
3 2 8 6 1 12 16 9 11 7 14 4 5 17 13 10 15
15 4 16 9 14 7 11 1 5 8 10 6 17 2 12 13 3
12
1 3 11 7 9 5 2 8 10 6 14 4 17 13 16 12 15
16 7 17 6 4 13 11 14 1 9 2 10 15 12 3 8 5
13
4 13 12 15 7 2 8 3 1 17 9 10 11 5 14 16 6
12 14 13 8 3 7 2 4 10 16 5 6 15 9 17 1 11
14
5 3 13 1 9 10 14 8 7 15 6 11 16 4 2 12 17
2 7 6 10 1 11 3 8 4 17 15 12 13 16 9 5 14
15
5 7 3 10 1 9 4 12 15 11 16 8 17 6 14 2 13
16 2 5 15 10 13 11 3 8 1 6 14 17 4 12 7 9
16
4 15 6 1 8 5 7 10 2 9 14 16 13 17 3 12 11
7 10 3 14 6 1 8 15 5 16 4 11 17 12 9 13 2
17
15 6 1 16 9 2 4 14 17 3 8 7 11 10 12 13 5
13 7 1 15 5 9 12 2 6 14 16 8 3 10 11 17 4
18
6 11 3 12 4 14 15 10 9 13 7 17 8 1 2 16 5
3 13 10 1 11 5 8 15 4 9 16 14 6 12 2 7 17
19
9 12 17 7 4 5 15 10 1 14 2 8 13 11 16 3 6
1 9 14 3 12 8 15 11 6 13 5 2 16 17 7 10 4
20
8 11 10 5 3 2 13 1 15 6 9 7 14 4 12 17 16
10 13 14 4 6 9 8 7 12 16 11 3 2 5 1 17 15
0
17
1 11 3 393 4 440 7 452 8 254 9 369 10 138 12 269 13 238 14 438 15 283 17 19
2 15 1 170 4 350 5 150 6 349 7 323 8 53 9 308 10 472 11 31 12 445 13 429 14 385 15 253 16 17 17 347
3 13 2 362 5 266 6 288 8 409 9 350 10 260 11 327 12 134 13 115 14 249 15 54 16 76 17 255
4 10 1 390 2 222 3 344 5 66 7 457 11 455 12 283 13 487 15 243 17 464
5 14 1 431 2 130 3 60 4 28 6 450 9 449 10 69 11 57 12 51 13 192 14 499 15 291 16 247 17 202
6 10 1 440 2 347 4 324 5 22 7 267 8 451 10 226 12 319 15 244 17 245
7 13 1 283 2 83 3 249 5 165 6 30 8 146 9 410 10 94 11 336 12 26 13 103 15 54 17 158
8 12 1 8 2 246 3 222 4 88 6 427 9 224 10 124 11 96 13 77 15 263 16 218 17 329
9 12 1 73 2 63 4 417 5 154 10 238 11 474 12 365 13 492 14 43 15 443 16 253 17 317
10 15 1 367 2 197 3 119 4 344 5 231 6 34 7 457 8 379 9 292 11 438 13 66 14 227 15 442 16 227 17 399
11 14 1 414 2 472 3 106 4 40 5 416 8 342 9 337 10 306 12 108 13 190 14 178 15 6 16 462 17 366
12 11 1 269 2 273 3 61 6 122 7 354 8 353 9 251 11 500 13 91 16 131 17 64
13 13 1 393 3 295 5 350 7 428 8 128 9 127 10 182 11 381 12 324 14 414 15 52 16 272 17 355
14 13 1 107 2 423 3 436 4 81 5 357 8 418 9 89 10 356 11 419 12 5 13 278 15 439 16 413
15 14 1 449 3 239 4 20 5 169 6 411 7 450 8 277 9 493 10 352 11 3 12 424 13 292 16 352 17 272
16 12 1 259 2 447 3 261 4 409 5 302 7 208 8 208 9 39 11 424 13 287 15 416 17 167
17 12 1 120 2 378 3 116 4 266 5 319 7 237 9 138 10 459 11 314 12 259 14 106 15 98
1
10 4 2 11 12 9 17 6 5 1 13 8 3 15 16 7 14
12 14 6 8 9 4 2 13 5 16 7 17 3 10 15 1 11
2
4 7 13 10 8 3 17 1 2 15 16 12 11 5 14 9 6
4 14 1 11 13 15 2 8 16 10 7 3 9 5 17 12 6
3
17 6 14 8 15 9 10 12 2 1 13 4 5 16 3 11 7
2 3 11 4 13 6 16 12 8 7 14 10 5 1 17 15 9
4
16 14 12 7 1 4 10 15 6 2 5 11 13 8 9 3 17
5 15 17 10 7 4 2 16 11 13 8 9 3 12 14 6 1
5
4 13 17 5 10 8 1 11 6 12 15 16 2 14 9 3 7
6 5 4 12 8 7 11 3 16 2 17 1 13 14 10 15 9
6
11 12 13 4 6 10 9 8 5 2 3 14 1 7 17 15 16
1 2 16 13 8 12 6 11 4 3 14 5 10 7 17 15 9
7
11 6 2 12 15 1 16 5 13 8 17 10 4 3 14 7 9
1 11 5 3 15 7 2 4 14 6 16 13 9 17 10 8 12
8
5 4 9 11 1 2 7 6 15 14 8 17 10 3 12 13 16
10 17 5 6 1 13 8 9 15 11 16 12 7 4 2 14 3
9
5 3 2 17 8 13 12 11 15 14 10 7 9 16 6 1 4
9 14 3 10 6 4 16 8 13 11 12 2 7 15 1 5 17
10
6 9 7 15 16 12 10 8 2 17 13 5 14 11 4 1 3
16 2 15 5 3 9 8 4 11 7 13 12 14 17 10 6 1
11
6 16 11 12 17 1 5 15 3 8 13 7 10 2 4 9 14
8 9 11 16 10 2 3 7 1 15 13 5 17 4 12 6 14
12
3 12 9 6 13 7 14 5 1 16 2 17 4 11 15 10 8
3 4 5 1 6 17 13 8 7 14 12 15 11 10 16 9 2
13
9 10 15 11 14 6 17 16 12 3 5 4 8 1 7 13 2
16 10 15 14 4 2 13 3 11 8 12 1 6 17 5 7 9
14
5 9 13 8 14 12 3 10 15 4 2 16 7 11 17 6 1
3 16 12 5 2 11 13 15 4 14 8 10 6 7 17 1 9
15
10 16 4 12 11 1 15 2 9 8 14 13 6 5 3 17 7
4 14 7 5 11 17 9 16 8 12 3 6 1 10 15 2 13
16
17 15 6 9 2 4 13 11 14 3 7 1 10 12 5 16 8
5 10 4 13 6 16 11 3 17 9 12 1 7 8 14 2 15
17
11 15 17 1 16 12 13 14 6 8 3 2 5 4 10 9 7
13 12 17 4 16 2 14 10 11 1 9 8 3 7 15 6 5
18
10 13 15 4 5 2 6 9 8 16 11 3 7 12 1 17 14
10 4 6 5 9 12 13 2 14 15 1 16 11 3 8 17 7
19
6 4 2 8 10 17 14 13 5 3 9 11 15 1 7 12 16
13 17 9 4 14 16 2 12 15 10 8 11 1 3 6 5 7
20
17 16 14 15 2 6 11 10 3 13 12 4 1 7 5 8 9
1 6 11 10 14 4 2 12 3 8 9 15 13 17 5 7 16
0
17
1 12 2 49 3 309 4 272 5 280 6 174 9 38 10 97 11 338 13 432 14 152 15 325 17 91
2 12 1 434 3 117 4 363 5 108 7 120 8 206 11 236 12 191 13 286 14 181 15 372 16 5
3 10 1 377 2 411 4 466 5 319 6 362 7 368 8 316 9 227 12 8 16 467
4 10 1 147 2 191 7 439 8 445 9 23 10 431 13 341 14 266 15 82 16 291
5 12 2 149 3 49 4 401 6 447 7 232 9 210 10 20 11 249 12 119 13 404 16 361 17 270
6 16 1 8 2 138 3 8 4 285 5 7 7 388 8 43 9 51 10 111 11 264 12 483 13 435 14 217 15 45 16 365 17 278
7 14 2 446 3 118 4 361 5 429 6 113 9 201 10 458 11 72 12 414 13 476 14 378 15 13 16 446 17 500
8 13 1 240 2 180 4 495 5 460 6 298 7 118 10 311 12 69 13 290 14 325 15 223 16 373 17 274
9 12 1 430 2 297 3 28 4 432 5 474 7 417 8 181 10 4 11 270 13 348 16 493 17 43
10 12 1 415 3 250 4 117 5 416 8 490 9 246 11 73 12 332 13 156 15 279 16 217 17 287
11 14 1 105 2 205 3 336 4 67 5 387 6 24 7 361 8 57 10 419 12 232 13 38 15 354 16 378 17 221
12 10 1 452 2 288 4 76 5 70 6 236 8 331 10 219 11 139 15 213 16 437
13 12 2 47 3 119 5 329 7 48 8 39 9 44 10 301 11 93 14 468 15 288 16 475 17 25
14 11 1 457 3 8 4 245 6 203 8 464 9 470 12 274 13 367 15 9 16 99 17 476
15 9 6 302 7 195 8 476 10 278 11 482 12 184 14 143 16 129 17 125
16 12 1 10 4 115 5 58 6 376 7 292 10 195 11 449 12 9 13 223 14 115 15 357 17 171
17 14 1 168 2 221 3 388 4 347 5 314 6 2 7 359 8 76 9 188 11 128 12 193 13 333 14 335 16 18
1
3 5 8 15 17 2 6 16 9 14 1 4 11 10 13 7 12
10 17 6 11 1 8 12 15 13 9 14 3 4 2 16 7 5
2
16 1 4 9 3 15 6 2 7 13 8 17 5 12 10 14 11
2 10 8 6 7 17 12 1 4 3 9 11 14 16 5 13 15
3
14 1 6 11 10 8 13 12 17 2 4 9 15 16 5 7 3
9 2 12 6 3 14 13 5 8 15 16 4 1 10 11 17 7
4
12 14 3 11 10 8 16 4 1 15 5 13 6 9 7 17 2
11 10 6 8 9 1 14 7 2 13 15 17 3 5 16 12 4
5
6 10 1 16 5 7 11 17 12 4 13 8 3 15 9 2 14
13 4 5 9 6 8 1 2 14 17 3 10 12 16 11 15 7
6
12 7 16 8 15 11 2 13 14 10 3 1 17 4 9 6 5
13 10 12 7 6 4 14 9 5 8 2 11 15 16 1 3 17
7
12 17 6 4 3 11 1 16 2 15 9 13 10 8 14 5 7
8 2 15 11 4 7 6 13 14 9 10 3 12 5 16 17 1
8
5 3 9 16 14 17 4 2 15 1 7 11 12 8 10 6 13
4 2 13 5 3 1 12 10 6 8 14 11 17 16 7 9 15
9
17 8 4 1 16 6 10 7 11 14 15 2 9 12 13 3 5
16 9 4 2 15 14 13 3 11 1 8 5 12 10 6 7 17
10
10 8 2 6 11 9 12 16 1 3 4 15 17 5 13 14 7
12 11 3 4 6 5 2 8 9 16 17 15 10 13 7 14 1
11
11 12 3 17 1 4 15 8 6 16 2 13 5 10 7 14 9
10 2 16 3 11 4 6 15 8 17 13 9 14 12 7 5 1
12
17 9 13 12 8 14 10 1 7 4 15 2 5 11 3 6 16
5 2 17 1 16 6 8 11 10 14 4 12 3 7 15 13 9
13
10 7 14 12 6 9 15 1 3 4 5 13 11 17 16 2 8
6 12 9 15 1 4 5 3 11 16 17 10 13 14 2 7 8
14
9 17 2 14 6 8 15 16 4 7 11 10 1 5 3 12 13
16 5 3 10 6 1 17 15 13 8 12 11 14 9 7 2 4
15
14 8 16 7 6 3 13 1 15 4 5 2 9 12 17 10 11
9 14 12 16 2 15 7 4 6 3 11 17 8 10 5 1 13
16
16 3 14 12 2 6 10 7 15 11 4 13 5 1 9 8 17
4 16 14 9 13 8 3 11 7 6 15 2 17 10 1 12 5
17
16 7 17 15 4 9 11 5 12 10 2 8 6 13 3 1 14
8 10 7 15 17 5 16 2 14 6 4 9 12 13 1 11 3
18
6 5 12 14 17 3 10 9 2 15 1 13 16 11 4 7 8
7 12 10 9 8 11 5 15 1 17 6 14 3 4 13 16 2
19
3 4 9 14 16 1 11 13 6 7 10 2 15 8 5 17 12
10 3 2 8 5 7 17 1 12 13 6 14 15 16 4 11 9
20
4 13 9 8 1 12 3 17 16 5 10 7 15 2 6 14 11
10 8 13 9 4 17 2 15 7 11 3 16 12 5 1 6 14
0
17
1 13 2 17 3 439 4 279 5 143 7 405 8 24 9 273 12 166 13 238 14 237 15 478 16 291 17 277
2 12 1 24 3 337 4 376 5 234 6 388 7 339 8 288 10 207 11 343 12 132 15 343 16 423
3 14 2 473 4 272 5 500 6 432 7 257 9 224 10 277 11 73 12 125 13 475 14 320 15 386 16 305 17 14
4 12 1 233 2 87 3 270 5 411 6 35 7 499 8 198 9 345 11 414 14 328 15 172 17 453
5 12 2 330 4 359 6 424 7 423 8 128 9 347 10 424 11 280 12 275 14 373 15 334 17 218
6 14 1 309 2 63 3 450 4 138 5 477 7 403 9 265 11 446 12 97 13 74 14 113 15 69 16 87 17 465
7 10 2 167 3 143 4 21 5 478 6 21 8 196 9 325 13 415 15 82 17 22
8 14 1 336 2 278 3 263 4 415 6 437 7 361 9 322 10 329 11 296 12 466 13 270 14 9 15 90 16 400
9 14 1 51 2 493 3 345 4 192 5 282 6 219 7 110 10 300 12 131 13 35 14 257 15 113 16 130 17 146
10 13 1 6 2 289 3 186 4 107 5 33 6 389 7 498 8 290 12 148 14 71 15 369 16 245 17 384
11 13 1 52 2 408 3 323 5 276 6 280 7 320 8 220 9 292 12 253 14 380 15 220 16 496 17 228
12 13 1 281 2 9 3 352 4 309 5 211 6 453 9 330 10 411 11 396 14 281 15 234 16 83 17 316
13 10 1 471 3 292 4 11 5 385 6 417 9 308 10 428 11 168 12 213 17 254
14 11 2 94 3 189 4 324 6 38 7 19 9 450 10 413 12 186 15 292 16 5 17 96
15 13 1 266 2 220 4 166 5 437 6 469 7 48 8 495 10 145 11 153 12 277 13 219 14 4 17 231
16 14 1 203 2 455 3 29 5 330 6 21 7 432 8 336 9 106 11 182 12 404 13 48 14 74 15 325 17 1
17 13 1 404 2 485 3 420 4 342 6 19 7 237 8 277 9 161 10 475 13 438 14 261 15 177 16 330
1
3 12 2 4 11 5 7 13 8 10 16 14 9 15 17 6 1
14 17 7 4 11 1 12 6 13 15 10 2 8 16 9 3 5
2
10 6 8 16 7 17 2 11 14 4 5 1 13 3 9 12 15
16 9 12 5 3 2 11 15 6 13 8 4 7 10 17 14 1
3
4 10 13 3 17 14 16 12 6 8 1 5 11 9 2 15 7
10 14 5 16 11 6 12 9 3 13 7 8 1 17 2 4 15
4
14 2 9 11 16 6 3 5 17 1 12 8 15 10 7 13 4
9 6 8 1 17 12 5 2 3 11 7 10 15 13 4 16 14
5
9 2 11 15 5 16 8 6 13 14 4 1 17 10 3 7 12
16 5 17 8 7 9 12 4 11 13 6 1 3 15 14 10 2
6
13 10 14 4 5 11 6 15 16 2 1 3 9 17 7 8 12
2 4 6 14 10 17 8 15 11 13 3 12 7 16 5 1 9
7
7 12 17 1 8 2 11 3 6 9 14 4 5 15 16 13 10
8 11 6 3 4 15 7 10 13 14 16 5 17 12 9 2 1
8
16 8 17 6 14 12 5 13 2 9 10 11 3 7 15 4 1
12 1 15 17 10 5 2 16 9 6 11 3 8 13 7 14 4
9
8 7 1 6 13 3 4 9 12 17 11 15 14 10 2 16 5
12 17 13 15 3 8 6 1 9 2 10 7 4 14 5 16 11
10
1 9 2 15 11 7 17 14 5 16 13 10 3 6 4 8 12
14 16 6 1 12 11 10 3 7 17 13 15 9 5 2 8 4
11
10 16 7 4 12 6 3 15 13 8 11 5 9 2 17 1 14
14 12 7 13 6 2 4 11 3 16 1 10 9 17 15 5 8
12
7 11 14 5 2 4 9 3 16 10 17 15 1 8 6 12 13
13 8 7 16 5 15 3 17 11 10 4 1 14 12 9 2 6
13
16 11 2 14 8 12 9 4 7 1 5 17 3 15 6 10 13
14 4 17 13 1 2 3 16 15 6 7 8 11 5 12 10 9
14
17 6 5 13 15 7 3 12 9 1 11 2 16 14 8 10 4
10 7 9 16 6 11 12 5 1 4 15 14 8 13 17 2 3
15
1 13 6 3 15 17 12 5 9 8 4 7 11 2 14 16 10
10 15 1 3 17 12 14 11 4 8 6 7 2 9 13 16 5
16
6 7 12 10 4 15 3 5 11 2 14 1 8 16 13 17 9
4 14 7 8 10 12 15 11 17 16 5 9 6 13 2 1 3
17
10 13 5 7 15 4 8 1 3 6 12 2 14 11 16 9 17
13 3 11 1 17 12 2 10 6 4 8 5 16 9 14 7 15
18
15 13 6 10 9 2 5 8 11 3 17 4 14 16 12 7 1
9 10 11 4 3 15 16 6 12 1 14 17 2 5 7 8 13
19
10 15 7 4 9 13 12 2 14 3 11 16 17 8 5 6 1
3 1 7 11 15 10 12 2 4 16 8 9 6 5 17 13 14
20
9 3 12 16 10 17 7 13 11 5 2 6 1 4 14 8 15
3 5 1 17 2 4 12 15 9 10 8 13 16 7 11 14 6
0
17
1 12 2 155 3 88 4 186 5 496 6 433 7 258 8 250 11 124 12 237 15 417 16 447 17 3
2 14 1 67 3 38 4 337 5 375 6 469 7 64 8 285 9 446 10 83 12 99 13 26 14 65 15 247 17 185
3 11 1 199 2 307 4 339 5 275 9 48 11 446 12 207 13 492 15 435 16 136 17 457
4 13 1 249 2 272 3 296 5 98 7 56 8 261 9 480 10 160 11 105 12 54 14 263 16 9 17 224
5 15 2 367 3 213 4 318 6 294 7 200 8 36 9 322 10 354 11 93 12 16 13 19 14 49 15 463 16 111 17 379
6 12 1 289 3 48 4 342 5 272 7 475 8 85 9 423 10 114 11 248 12 368 15 97 16 79
7 13 3 73 4 57 5 133 6 237 8 315 9 382 10 219 11 177 12 446 13 402 15 455 16 369 17 107
8 13 1 61 3 382 5 127 6 90 7 468 9 236 10 472 11 186 12 215 13 475 14 493 15 263 16 6
9 13 1 428 2 431 3 268 4 273 5 280 6 335 7 249 8 384 10 236 13 18 15 60 16 1 17 91
10 14 1 60 2 32 3 401 4 410 5 151 6 165 7 492 9 492 11 302 12 311 13 116 14 367 15 187 16 166
11 13 1 285 3 70 5 220 6 144 7 151 8 437 9 195 10 14 12 377 13 494 14 442 15 4 16 171
12 13 1 296 2 205 3 307 4 404 5 187 6 403 7 21 8 115 9 49 11 273 14 325 15 284 16 176
13 14 1 383 2 343 3 378 4 449 5 107 6 31 7 312 8 166 10 1 11 17 12 315 14 317 16 353 17 425
14 11 2 7 3 93 4 191 5 416 6 55 9 91 11 307 13 116 15 97 16 409 17 210
15 13 1 200 2 151 3 94 4 38 5 133 6 315 7 75 8 77 10 3 11 121 14 452 16 357 17 9
16 13 1 462 3 386 4 446 5 61 6 155 8 457 9 467 10 319 11 61 12 153 13 144 14 252 15 385
17 10 1 46 2 313 3 46 6 416 7 106 10 393 11 379 14 378 15 162 16 169
1
2 13 16 11 9 7 3 1 5 4 14 12 8 17 15 10 6
13 5 3 7 6 8 16 11 9 12 2 10 14 17 15 4 1
2
17 10 13 6 8 2 11 12 7 5 3 9 4 1 14 16 15
4 1 9 16 7 5 12 2 8 15 6 3 17 11 13 10 14
3
6 9 10 4 15 11 13 8 5 16 14 3 1 17 7 12 2
5 3 13 7 17 10 6 11 1 12 16 9 15 2 4 14 8
4
15 8 13 12 16 11 4 1 2 5 3 17 7 14 10 6 9
1 7 16 11 14 6 15 3 2 10 8 12 4 13 17 9 5
5
2 15 8 17 9 7 13 6 1 11 10 16 12 4 5 14 3
12 3 7 15 11 4 14 8 2 10 9 5 13 1 6 16 17
6
9 12 11 14 1 5 15 17 8 16 2 6 13 3 7 4 10
7 15 6 10 2 4 8 13 11 12 5 16 14 9 1 17 3
7
12 17 11 10 16 3 9 1 13 6 15 2 7 8 4 14 5
5 10 17 4 7 16 11 9 1 8 2 3 15 12 6 13 14
8
5 7 2 9 13 6 10 4 1 8 11 12 17 3 15 16 14
4 13 2 9 14 1 5 11 8 3 7 6 15 16 12 10 17
9
7 14 8 9 2 4 12 16 17 1 3 5 15 6 13 10 11
11 9 13 17 4 8 5 14 6 10 1 7 15 3 2 12 16
10
14 6 4 17 3 5 16 12 1 7 13 2 15 11 9 8 10
15 4 12 13 17 14 5 9 11 7 1 8 16 2 10 3 6
11
14 10 2 9 5 15 6 1 11 4 7 8 13 17 3 12 16
7 12 16 14 5 4 11 8 6 2 10 17 3 9 15 1 13
12
15 8 7 17 13 5 6 9 1 2 12 3 16 10 11 4 14
1 9 15 10 8 7 2 12 5 13 6 16 11 17 14 4 3
13
17 2 11 8 5 13 3 9 6 12 1 15 4 7 16 10 14
8 17 3 6 15 9 4 7 14 1 12 13 16 11 2 5 10
14
15 8 16 12 4 6 3 11 1 5 13 7 9 14 2 10 17
16 15 10 5 9 3 12 13 14 7 17 4 6 8 2 1 11
15
9 11 4 12 10 14 8 15 13 17 7 2 16 1 5 6 3
10 8 1 13 9 3 14 12 11 16 4 17 5 7 15 2 6
16
5 15 11 8 14 1 10 16 6 9 17 4 7 3 12 2 13
9 12 16 13 10 6 15 11 7 8 14 1 5 4 3 17 2
17
7 16 12 10 1 17 15 3 14 11 9 6 5 8 4 2 13
7 17 5 1 6 14 3 2 13 4 11 9 10 16 8 12 15
18
17 10 11 9 1 16 14 13 3 5 7 12 6 15 8 4 2
6 15 10 5 7 16 17 4 2 13 9 1 14 3 11 12 8
19
11 5 9 3 7 10 4 14 17 6 8 16 15 1 12 2 13
15 14 3 11 16 17 9 12 2 6 7 4 5 8 10 1 13
20
15 16 11 14 13 7 2 10 9 8 3 5 17 4 12 1 6
5 4 17 13 14 16 3 1 15 2 12 7 8 6 9 10 11
0
17
1 12 2 489 3 455 4 387 5 477 6 232 8 168 9 102 10 156 13 499 14 125 15 299 17 222
2 12 1 432 6 337 7 425 8 324 9 110 10 170 11 193 12 223 13 109 14 45 15 27 16 148
3 12 1 455 2 146 4 71 5 294 7 206 8 216 9 342 11 423 13 423 15 395 16 60 17 298
4 13 1 202 2 219 3 237 5 439 7 334 9 426 10 65 11 297 12 397 13 366 14 451 15 466 17 292
5 12 1 457 2 343 4 279 6 181 7 243 8 437 9 31 11 131 12 500 14 342 16 295 17 333
6 10 1 303 2 26 8 185 9 36 10 323 11 202 12 60 13 191 16 321 17 230
7 13 2 487 4 212 5 253 6 91 8 362 9 166 10 258 12 130 13 317 14 233 15 179 16 65 17 263
8 11 1 209 2 98 4 284 6 181 9 409 10 95 11 154 12 360 13 29 14 110 17 43
9 15 1 256 2 51 3 204 4 70 5 142 6 238 7 327 10 214 11 329 12 100 13 449 14 475 15 64 16 19 17 259
10 14 2 427 3 488 4 452 5 406 6 45 7 198 9 330 11 317 12 493 13 200 14 430 15 137 16 181 17 227
11 14 1 394 2 216 3 408 4 290 5 248 6 431 7 403 8 322 9 456 10 277 12 392 13 133 14 227 15 41
12 15 1 109 2 308 3 217 4 497 5 308 6 314 7 52 8 175 9 252 10 434 13 426 14 294 15 17 16 459 17 120
13 13 2 499 4 404 5 411 6 109 7 111 8 258 9 362 10 187 11 394 12 22 14 416 15 197 17 470
14 13 1 212 2 390 3 307 4 27 6 424 7 131 8 112 9 323 10 418 12 65 13 475 15 409 17 415
15 10 2 360 3 433 4 126 7 392 8 65 12 429 13 269 14 394 16 160 17 94
16 12 1 205 2 220 5 67 6 31 7 50 9 430 10 337 12 455 13 291 14 388 15 250 17 438
17 14 1 170 2 161 3 471 4 247 5 354 6 404 7 231 8 403 9 463 10 113 11 123 14 15 15 293 16 372
1
10 11 2 17 6 3 9 13 1 7 4 14 8 15 12 5 16
1 3 15 9 13 8 11 12 17 6 2 14 5 16 7 4 10
2
4 8 17 13 12 11 1 14 16 9 10 5 7 3 6 15 2
16 15 17 7 1 6 2 12 5 11 4 10 13 3 14 9 8
3
9 8 11 2 17 7 10 16 4 6 5 14 3 15 12 1 13
16 3 2 1 11 7 9 14 6 5 15 10 8 4 13 17 12
4
12 2 11 5 1 10 17 13 7 16 8 6 9 15 3 14 4
15 8 7 4 17 9 13 10 5 2 3 14 6 16 11 12 1
5
2 4 12 1 9 14 16 15 6 5 11 13 7 3 17 10 8
14 11 7 1 9 6 10 3 5 4 16 17 15 13 2 12 8
6
15 10 3 8 13 1 2 14 9 16 7 17 5 11 4 6 12
12 1 15 2 6 3 14 9 10 7 5 8 17 13 16 11 4
7
10 11 8 13 4 7 17 6 16 2 12 14 3 15 5 1 9
9 17 7 5 12 8 6 4 3 14 11 16 1 15 2 13 10
8
5 1 10 6 11 3 7 8 16 4 12 2 13 15 17 14 9
16 15 13 4 12 14 3 10 7 1 9 8 17 2 6 11 5
9
9 5 14 11 8 6 3 10 13 4 15 1 16 2 17 7 12
2 17 16 15 6 7 8 1 5 3 10 11 13 14 9 4 12
10
2 13 15 12 10 14 7 9 4 11 1 5 3 8 16 6 17
17 2 13 1 14 8 6 5 9 10 7 12 3 11 16 15 4
11
17 2 14 11 3 8 13 12 15 5 16 1 7 9 10 4 6
10 1 4 16 9 6 8 11 3 12 5 14 15 17 7 13 2
12
4 9 11 17 8 14 10 2 1 3 5 6 13 15 7 16 12
15 8 10 2 9 11 14 4 12 7 1 6 16 3 5 13 17
13
2 8 9 16 14 10 15 4 1 7 12 6 5 13 11 3 17
1 15 8 16 12 3 11 5 10 4 9 6 17 2 14 13 7
14
14 5 3 4 16 6 10 9 2 15 7 17 1 11 8 13 12
1 7 5 2 6 9 14 16 11 10 17 3 13 8 12 15 4
15
6 8 3 1 4 11 13 9 14 15 17 10 7 12 2 16 5
1 8 14 15 6 16 9 3 4 13 10 5 17 12 7 2 11
16
1 11 12 7 14 4 3 9 8 13 5 6 16 10 17 15 2
17 2 15 14 4 9 8 16 5 13 7 11 3 10 12 1 6
17
3 12 2 7 1 16 11 6 9 4 15 8 10 5 17 13 14
15 2 7 1 11 8 9 17 5 6 3 16 4 13 14 12 10
18
16 8 17 1 14 4 6 15 9 10 12 2 11 13 3 7 5
13 16 1 4 8 3 7 14 17 11 12 2 15 6 10 5 9
19
16 11 4 7 2 6 9 8 5 13 17 15 3 1 10 12 14
12 1 15 7 11 10 9 13 5 3 4 16 8 6 14 17 2
20
5 8 6 2 16 4 10 12 1 9 3 14 15 11 7 13 17
16 14 11 5 3 13 10 12 9 6 7 2 8 4 1 15 17
0
17
1 11 2 498 3 129 5 7 6 495 7 201 8 331 9 444 13 425 15 132 16 488 17 435
2 15 1 323 3 321 4 3 5 468 7 205 8 477 9 496 10 372 11 241 12 379 13 477 14 294 15 319 16 78 17 437
3 14 1 396 2 445 4 113 6 28 7 319 8 424 9 119 10 82 11 60 12 77 13 473 15 436 16 368 17 429
4 10 1 337 2 253 5 144 8 214 9 452 11 23 12 319 13 41 16 24 17 223
5 11 1 264 2 496 3 289 4 448 7 341 10 438 11 120 13 152 14 365 15 39 16 265
6 13 2 344 3 95 4 3 5 228 7 363 9 400 10 87 11 499 12 158 14 252 15 364 16 411 17 469
7 11 1 293 2 49 4 235 5 325 6 319 8 239 12 259 13 223 15 81 16 307 17 271
8 14 1 1 2 209 3 379 4 454 5 482 6 352 7 150 9 8 10 113 12 147 13 389 14 158 16 165 17 161
9 12 1 176 2 387 3 101 5 328 6 497 7 305 8 34 10 213 11 439 13 126 14 252 15 384
10 13 2 159 3 390 4 317 5 424 7 262 8 423 9 61 11 36 12 128 13 230 15 437 16 49 17 333
11 15 1 319 2 74 3 466 4 314 5 397 7 149 8 383 9 221 10 447 12 116 13 46 14 467 15 103 16 52 17 148
12 13 1 226 2 270 3 26 4 259 5 71 6 277 7 280 8 84 9 220 10 417 13 327 16 487 17 211
13 12 1 67 3 36 4 62 5 2 9 21 10 63 11 445 12 265 14 188 15 275 16 351 17 161
14 12 2 214 3 232 4 247 5 371 6 455 8 268 9 39 10 107 12 257 15 17 16 239 17 249
15 13 1 253 3 5 4 28 5 201 6 413 7 419 8 453 9 3 10 157 11 4 13 280 14 488 16 101
16 13 1 380 2 401 3 125 5 17 6 403 7 456 8 398 10 133 11 186 13 238 14 25 15 293 17 314
17 14 1 462 2 325 4 351 5 6 6 320 7 240 9 331 10 336 11 364 12 368 13 264 14 161 15 409 16 95
1
10 11 8 15 12 3 2 16 6 14 17 7 13 5 1 4 9
3 16 9 5 10 14 11 4 6 13 8 2 15 1 7 17 12
2
14 15 8 5 1 7 12 3 2 9 16 13 17 10 11 6 4
2 1 15 14 8 10 17 13 9 7 16 4 12 5 11 3 6
3
7 4 11 10 2 17 5 15 9 14 16 12 6 1 13 3 8
2 16 12 10 8 5 7 15 3 1 17 11 4 13 14 9 6
4
3 8 15 2 16 5 14 9 4 17 7 13 10 12 11 6 1
12 7 9 13 4 15 2 14 17 11 8 10 16 6 3 5 1
5
5 3 13 1 11 10 15 4 14 16 6 12 7 17 2 9 8
17 10 16 9 15 1 6 2 3 11 12 5 4 8 13 14 7
6
12 15 9 3 4 8 6 1 2 14 16 5 7 13 10 11 17
12 8 4 17 7 5 6 15 16 10 13 9 14 1 11 3 2
7
4 12 10 1 8 3 14 16 11 5 9 15 7 6 2 17 13
3 1 13 10 11 16 17 14 9 6 15 5 12 8 4 7 2
8
10 15 16 4 11 1 9 5 7 13 14 6 2 8 17 3 12
11 16 14 6 4 8 13 1 3 5 10 9 15 17 7 2 12
9
9 14 10 5 12 1 6 13 7 16 8 17 2 4 3 15 11
13 17 2 16 15 7 6 9 8 12 3 1 10 14 5 11 4
10
2 10 11 9 12 6 4 7 3 1 5 13 16 8 15 17 14
8 2 11 9 5 10 4 12 3 17 16 1 6 13 7 14 15
11
10 3 13 12 11 5 17 9 2 4 15 7 6 1 14 16 8
9 8 2 7 15 3 14 17 12 4 11 16 6 1 5 13 10
12
16 15 17 9 14 11 1 12 13 2 5 3 10 8 6 4 7
11 3 9 14 5 1 6 4 8 12 15 16 7 13 2 10 17
13
5 9 11 6 13 2 12 15 1 17 16 10 7 14 3 4 8
1 12 5 17 14 3 6 4 16 2 8 10 15 13 9 7 11
14
15 2 13 17 4 12 14 11 3 9 16 7 6 1 10 8 5
10 1 12 11 5 9 13 17 6 8 3 4 16 15 14 7 2
15
17 11 3 1 16 6 15 4 7 10 9 2 12 5 13 14 8
16 1 15 2 17 6 5 11 12 14 4 8 7 13 10 9 3
16
2 9 16 5 13 10 11 6 1 7 8 12 17 15 3 4 14
14 9 15 12 6 16 17 4 1 13 5 8 7 10 3 2 11
17
12 2 15 7 10 17 6 4 5 3 14 13 1 11 8 9 16
1 3 17 10 8 14 7 12 4 2 16 5 13 9 15 6 11
18
15 11 10 14 1 17 7 4 9 16 13 3 8 12 6 5 2
7 9 4 5 12 1 10 2 16 17 11 14 8 15 3 6 13
19
6 7 12 11 14 3 4 5 10 16 15 1 17 13 9 8 2
1 9 14 11 17 7 15 2 10 6 13 4 8 12 5 16 3
20
4 11 8 5 17 7 3 14 12 2 9 1 16 6 15 10 13
17 9 16 6 10 4 8 7 3 2 12 1 11 5 14 15 13
0
17
1 14 2 144 4 170 5 71 6 71 7 330 8 401 9 392 10 492 11 128 12 226 14 406 15 328 16 317 17 78
2 11 1 158 3 70 4 128 5 68 7 251 9 361 10 74 13 233 14 59 15 125 16 224
3 12 1 34 2 437 4 429 5 172 6 58 9 146 11 337 12 426 14 264 15 450 16 339 17 405
4 13 1 8 3 146 5 100 6 190 7 42 8 74 10 440 11 200 12 404 13 349 15 137 16 73 17 254
5 15 1 340 2 292 3 1 4 105 6 489 7 43 8 100 9 332 11 172 12 327 13 108 14 413 15 428 16 450 17 44
6 14 1 345 2 344 3 133 4 23 5 149 7 241 8 332 9 8 10 435 11 458 12 230 15 317 16 151 17 467
7 14 1 334 2 303 3 35 4 185 6 20 8 254 9 122 10 156 11 412 13 446 14 230 15 28 16 241 17 326
8 11 2 499 4 260 5 281 6 244 7 316 9 106 11 98 12 461 14 83 15 191 17 18
9 13 2 50 3 408 4 353 6 76 7 354 8 451 10 485 11 233 12 56 13 431 15 253 16 405 17 451
10 12 1 87 2 403 3 20 6 28 7 497 8 314 9 279 12 296 13 455 14 242 15 319 17 356
11 14 1 233 2 327 3 87 4 373 6 348 7 65 8 65 9 103 10 274 12 295 13 292 14 192 16 468 17 204
12 13 1 115 2 124 3 274 5 210 6 325 7 154 8 121 10 363 11 228 13 275 14 296 15 209 17 397
13 16 1 498 2 268 3 121 4 290 5 333 6 492 7 309 8 435 9 43 10 379 11 442 12 312 14 321 15 133 16 203 17 384
14 14 1 499 2 130 3 89 4 421 6 182 8 497 9 415 10 191 11 73 12 453 13 9 15 440 16 164 17 2
15 11 3 484 4 132 6 201 7 412 8 74 9 193 10 18 11 491 12 104 13 387 14 427
16 14 1 125 2 479 3 15 4 264 6 465 8 269 9 8 10 96 11 482 12 431 13 11 14 35 15 326 17 271
17 15 1 45 3 288 4 243 5 45 6 68 7 382 8 207 9 186 10 155 11 34 12 46 13 413 14 253 15 85 16 312
1
4 3 16 2 6 14 17 1 10 12 5 8 11 7 9 15 13
3 9 17 12 5 11 1 10 14 13 4 8 6 7 16 2 15
2
13 6 14 3 8 9 17 1 15 11 4 16 7 2 12 5 10
2 12 7 3 4 15 1 5 10 13 14 16 9 17 6 8 11
3
17 11 4 10 3 13 16 15 9 1 6 12 2 7 8 5 14
2 4 7 12 14 6 10 11 15 16 9 1 8 3 13 5 17
4
8 16 6 4 3 13 11 7 10 17 12 2 1 14 15 5 9
9 8 14 17 13 3 2 11 10 7 15 4 5 6 16 1 12
5
16 10 17 2 7 11 14 9 6 13 8 3 1 15 5 12 4
5 11 14 10 2 9 1 13 16 3 8 12 6 4 15 17 7
6
1 17 10 13 16 4 3 2 11 9 15 14 7 12 8 5 6
1 7 3 15 13 10 4 8 17 16 11 14 2 9 6 5 12
7
1 6 11 4 16 8 12 9 13 3 2 7 15 14 10 5 17
15 1 11 14 9 16 3 13 7 4 2 12 6 5 10 17 8
8
4 8 10 16 15 1 7 9 12 17 6 5 2 13 11 3 14
6 12 17 14 5 11 4 1 7 10 2 9 15 8 3 16 13
9
5 7 13 8 16 11 4 3 15 17 1 9 6 2 10 14 12
1 3 12 13 8 2 15 7 10 14 5 9 4 16 17 11 6
10
4 15 16 11 10 6 14 2 17 1 9 7 3 13 5 8 12
4 7 3 14 12 6 15 13 8 11 1 9 2 17 16 10 5
11
2 8 6 3 15 17 14 10 7 9 12 5 1 4 13 11 16
2 7 12 10 17 13 4 6 3 15 11 14 9 16 5 1 8
12
5 9 3 11 4 16 15 6 1 7 8 17 10 2 13 12 14
10 9 17 2 1 4 7 5 15 14 16 11 6 3 12 8 13
13
16 5 4 11 2 3 9 10 14 6 13 12 17 15 8 7 1
13 10 2 8 17 4 3 5 1 7 15 9 16 14 6 12 11
14
6 13 9 15 12 3 8 11 16 10 14 1 5 2 7 17 4
14 16 17 6 8 1 9 12 4 11 7 5 3 2 15 13 10
15
9 7 17 5 8 1 6 2 3 15 16 10 12 13 4 11 14
4 17 9 8 12 1 15 10 5 7 3 13 6 14 2 11 16
16
8 4 7 14 16 17 13 1 15 9 10 3 5 11 2 6 12
14 13 3 6 1 7 8 16 2 15 5 17 4 11 9 10 12
17
5 13 4 15 14 6 8 16 3 10 12 2 7 11 17 9 1
12 16 17 8 6 4 14 1 11 7 5 10 3 13 9 2 15
18
16 1 5 15 14 17 9 8 12 6 2 3 10 7 4 11 13
6 2 17 16 12 11 3 9 5 15 14 7 10 8 4 1 13
19
16 17 10 14 8 13 3 11 6 12 15 5 9 1 2 4 7
4 7 2 14 5 15 12 6 13 8 10 11 1 9 3 16 17
20
4 6 17 12 14 3 5 13 1 16 15 2 11 7 10 8 9
9 4 11 2 12 1 14 13 8 17 10 3 15 6 7 5 16
0
17
1 12 2 478 3 414 4 379 6 280 9 55 11 33 12 90 13 62 14 300 15 124 16 6 17 252
2 12 3 247 4 32 5 391 6 383 7 236 8 445 9 39 10 25 12 294 13 207 15 447 17 261
3 14 1 121 2 307 4 84 5 281 6 319 7 88 8 269 9 98 10 5 11 384 12 314 14 337 15 153 17 279
4 10 1 165 2 90 7 323 10 311 11 299 12 396 13 274 14 246 15 6 16 246
5 15 1 244 3 41 4 164 6 117 7 183 8 470 9 148 10 264 11 454 12 468 13 168 14 127 15 41 16 49 17 271
6 13 1 335 3 474 4 98 5 47 7 221 8 276 9 142 10 304 11 183 12 160 13 353 15 284 16 426
7 11 5 149 6 144 8 384 9 420 10 463 12 453 13 357 14 218 15 303 16 220 17 75
8 14 2 72 3 158 4 379 6 131 7 418 9 46 10 343 11 199 12 124 13 362 14 445 15 126 16 217 17 91
9 15 1 31 2 494 3 200 4 54 5 288 6 74 7 475 8 143 10 189 11 76 12 468 13 262 14 237 16 6 17 343
10 12 1 420 2 170 3 302 4 441 5 260 6 404 7 366 11 357 13 76 14 221 15 50 16 497
11 12 1 260 2 456 3 75 4 93 5 152 7 199 9 495 10 267 12 390 14 63 15 423 17 31
12 15 1 29 2 9 3 328 4 252 5 106 6 347 7 16 8 214 9 440 10 237 13 311 14 376 15 432 16 170 17 338
13 11 2 471 3 333 4 167 5 11 6 499 8 451 9 159 10 201 12 175 14 179 16 105
14 13 1 96 2 235 4 277 7 296 8 462 9 99 10 258 11 469 12 287 13 252 15 498 16 44 17 244
15 14 1 192 2 392 3 293 4 305 5 139 6 342 7 254 9 213 11 486 12 180 13 498 14 48 16 185 17 411
16 15 1 417 2 278 3 105 5 181 6 490 7 279 8 122 9 460 10 123 11 233 12 279 13 168 14 216 15 341 17 330
17 14 1 212 2 240 3 145 4 344 5 108 6 414 7 485 9 165 10 231 11 216 12 153 13 391 14 338 15 336
1
8 7 9 1 14 13 2 16 5 10 17 11 12 15 6 3 4
4 5 17 16 8 7 2 9 6 10 13 12 3 11 14 15 1
2
6 15 5 2 7 3 17 9 10 11 14 4 12 8 1 16 13
7 15 12 14 2 8 9 1 4 10 16 6 17 5 13 11 3
3
2 8 4 14 10 13 3 5 12 17 15 1 7 16 11 6 9
13 17 8 15 4 12 14 1 3 9 6 7 2 5 16 11 10
4
16 8 12 7 6 2 15 17 9 14 1 5 13 4 10 11 3
15 7 6 12 13 5 17 14 11 2 10 4 9 1 16 8 3
5
9 15 14 3 8 2 5 12 7 13 1 11 17 6 4 16 10
11 6 10 15 14 13 1 17 2 12 8 16 7 5 9 3 4
6
8 16 7 14 13 11 5 9 10 1 4 17 6 12 3 2 15
16 8 10 15 1 7 14 6 9 3 13 12 4 5 2 11 17
7
1 13 3 9 15 5 4 8 7 17 12 16 2 10 11 14 6
15 2 13 7 6 1 8 4 17 9 11 3 5 12 14 10 16
8
11 1 9 8 16 4 14 6 10 2 15 12 13 3 5 7 17
3 1 5 16 10 6 13 4 12 14 11 7 15 9 2 8 17
9
11 10 17 5 12 3 14 7 9 13 6 8 15 4 16 1 2
12 7 6 14 4 5 8 16 13 3 15 11 1 17 9 10 2
10
12 13 7 10 6 9 4 3 17 1 2 5 8 16 14 11 15
3 4 11 2 6 10 16 14 9 12 8 5 17 7 1 13 15
11
14 2 12 11 7 6 17 13 15 10 3 16 8 4 5 9 1
2 13 17 5 3 6 8 11 15 12 10 9 16 14 7 4 1
12
10 13 14 15 1 16 4 11 2 12 3 8 9 5 17 7 6
12 4 9 7 6 2 14 13 3 1 17 5 16 10 15 11 8
13
14 9 2 4 7 16 6 1 11 15 10 5 17 3 8 13 12
9 5 7 15 6 2 8 4 16 14 11 13 3 10 17 1 12
14
10 12 6 4 3 16 13 15 8 2 17 5 1 7 9 14 11
3 6 14 11 9 15 10 2 4 13 8 16 7 12 1 5 17
15
5 7 4 14 11 10 9 8 1 3 16 12 17 15 2 13 6
15 16 8 13 14 11 9 4 1 5 2 6 7 10 12 3 17
16
14 5 3 13 15 16 7 4 12 8 1 11 2 10 6 17 9
14 1 10 2 3 13 6 4 16 7 17 12 15 5 8 11 9
17
13 16 1 3 17 14 8 11 5 6 15 4 12 2 7 10 9
6 3 14 15 2 1 4 8 13 5 17 10 7 11 9 12 16
18
8 1 12 10 17 14 3 7 11 15 5 13 9 16 6 4 2
10 12 16 1 15 3 5 7 17 8 11 9 4 14 13 6 2
19
2 7 10 1 15 12 11 9 13 4 16 3 14 8 5 6 17
5 12 3 8 6 9 4 2 7 14 15 1 17 11 10 16 13
20
16 15 13 12 7 14 9 6 1 10 3 11 4 8 5 17 2
7 5 13 2 12 9 3 10 14 4 1 6 17 15 16 11 8
0
17
1 13 2 488 3 312 4 425 5 156 7 85 8 309 9 249 10 14 11 179 14 5 15 162 16 424 17 74
2 11 1 101 3 170 4 277 6 374 8 110 9 4 12 341 13 362 14 372 15 287 16 23
3 10 1 96 7 273 8 86 9 359 10 194 11 142 12 208 13 97 15 328 17 202
4 14 2 461 3 134 5 306 6 279 7 488 8 194 9 297 11 241 12 254 13 252 14 299 15 93 16 498 17 475
5 14 1 80 2 143 4 383 6 290 7 168 8 77 10 205 11 122 12 174 13 40 14 197 15 380 16 472 17 125
6 11 3 313 4 69 5 257 7 71 8 28 9 75 10 466 11 391 14 285 16 406 17 123
7 14 1 23 2 282 3 367 4 224 5 420 6 21 8 96 9 130 10 290 11 200 12 170 13 456 14 18 16 55
8 10 1 346 3 421 5 11 9 416 10 213 11 398 12 205 13 129 14 343 17 88
9 13 1 49 3 206 4 142 5 200 6 64 7 416 8 458 10 470 11 232 13 150 14 422 16 274 17 500
10 14 1 69 2 125 3 265 4 137 5 190 6 296 7 212 11 421 12 391 13 270 14 311 15 407 16 199 17 159
11 11 2 262 3 322 5 144 6 316 8 232 9 209 12 248 13 359 15 300 16 185 17 169
12 15 1 499 2 251 3 266 5 326 6 10 7 211 8 354 9 109 10 130 11 160 13 191 14 248 15 58 16 187 17 64
13 13 1 79 2 193 3 147 5 19 6 439 7 413 8 472 9 384 11 369 12 467 14 456 15 25 16 99
14 12 3 462 4 420 5 234 6 484 7 177 9 83 11 488 12 4 13 413 15 389 16 123 17 222
15 15 1 422 2 280 3 202 4 56 5 104 6 43 7 111 8 338 9 199 10 250 11 403 12 405 13 473 16 81 17 53
16 10 2 83 3 483 4 234 7 289 8 484 10 496 11 342 13 400 15 459 17 311
17 13 1 10 2 24 4 285 5 489 6 390 7 338 8 250 9 132 10 211 12 479 14 65 15 159 16 36
1
13 17 9 5 6 10 11 1 4 15 2 12 14 3 8 16 7
5 6 12 13 11 1 14 4 16 8 15 7 9 10 2 3 17
2
11 13 8 1 12 7 4 6 9 17 14 16 10 15 3 5 2
6 16 5 15 12 3 9 7 17 1 4 11 10 14 8 2 13
3
17 1 10 2 15 5 8 11 16 6 14 12 9 13 3 7 4
5 13 12 6 17 8 9 3 10 15 4 16 2 11 7 14 1
4
17 2 8 5 6 14 15 16 11 9 10 7 1 3 13 4 12
14 2 15 1 6 11 9 10 5 12 7 8 17 16 4 3 13
5
15 7 5 13 17 2 14 1 8 12 16 3 10 6 9 11 4
11 15 8 12 6 2 9 10 13 7 16 1 17 3 5 14 4
6
6 11 4 9 12 17 16 15 2 1 14 13 3 10 8 7 5
6 14 11 16 3 8 4 17 5 15 1 10 9 2 13 7 12
7
6 4 1 10 15 9 7 16 13 8 12 3 11 17 2 5 14
6 11 15 16 12 13 8 7 9 3 1 10 14 17 4 5 2
8
16 8 10 12 1 9 7 4 13 14 11 15 6 2 5 3 17
17 13 4 2 12 14 11 6 8 15 9 5 1 10 16 7 3
9
3 2 11 14 9 10 1 5 8 12 6 16 13 15 7 17 4
7 4 1 13 15 16 3 2 8 11 9 6 10 12 14 5 17
10
2 7 16 1 5 8 14 3 12 6 4 10 11 17 9 15 13
5 10 12 15 4 1 8 9 3 11 17 14 13 2 6 16 7
11
3 1 9 7 14 12 13 11 6 16 8 17 2 15 10 4 5
15 12 3 14 7 2 11 16 9 6 13 1 8 10 4 17 5
12
17 14 10 1 11 5 4 12 2 16 9 3 15 7 6 13 8
17 7 11 9 3 4 16 10 15 13 5 2 8 1 6 12 14
13
2 10 13 7 11 5 12 16 3 4 14 17 9 8 15 1 6
14 13 17 8 16 7 12 1 4 2 3 9 11 10 5 6 15
14
3 2 8 11 4 17 12 16 9 6 14 5 7 13 1 15 10
5 16 12 15 11 13 17 10 6 1 9 14 3 2 8 4 7
15
4 6 12 14 8 3 17 10 15 16 11 7 1 9 2 13 5
14 11 4 3 13 17 8 5 16 2 7 12 1 6 9 15 10
16
4 5 13 6 2 14 11 9 8 17 10 16 15 1 12 7 3
4 7 13 10 5 1 9 12 2 8 16 6 11 3 14 17 15
17
8 11 3 16 13 15 14 6 9 7 1 5 4 2 17 10 12
5 15 6 14 9 8 16 1 3 10 12 2 7 4 13 11 17
18
2 4 14 15 10 12 8 5 7 16 3 17 9 13 11 1 6
8 1 12 2 6 15 14 16 3 11 10 7 9 4 17 13 5
19
6 11 13 8 4 14 3 7 10 2 9 16 12 1 17 15 5
6 4 5 12 11 16 7 13 14 15 8 1 2 10 3 9 17
20
8 11 12 9 1 14 13 5 15 4 6 7 17 3 2 10 16
12 8 13 11 7 16 1 3 14 4 17 15 9 6 10 5 2
0
0
