17
1 15 2 117 3 211 4 488 5 202 6 114 7 484 8 99 9 233 10 86 11 139 12 308 14 338 15 219 16 286 17 16
2 10 1 108 5 281 6 450 7 462 8 157 9 127 10 169 12 77 13 201 17 24
3 11 1 357 2 269 4 294 5 104 8 142 10 205 11 277 12 84 13 250 14 42 17 47
4 14 1 108 2 344 5 292 6 171 7 222 9 418 10 492 11 96 12 29 13 145 14 145 15 27 16 313 17 431
5 13 1 85 2 71 3 84 4 60 7 270 8 437 9 297 10 62 11 17 12 170 13 298 15 201 17 290
6 15 1 79 2 474 3 323 4 288 5 486 7 276 8 14 9 8 11 153 12 500 13 373 14 54 15 100 16 395 17 298
7 12 1 330 2 255 3 76 4 106 5 114 6 230 8 254 10 14 11 472 13 302 15 40 16 470
8 12 2 284 3 455 4 409 5 332 6 277 7 351 11 310 12 196 13 89 14 468 16 127 17 75
9 15 1 222 2 18 3 441 4 295 5 161 6 141 7 174 10 175 11 166 12 257 13 92 14 209 15 403 16 368 17 304
10 11 1 279 5 244 6 388 8 263 9 54 11 484 12 77 13 389 14 208 16 360 17 454
11 11 1 463 2 247 4 142 5 129 6 224 7 360 9 196 12 174 13 367 16 284 17 172
12 12 1 127 2 146 3 445 4 410 5 434 7 36 11 144 13 374 14 32 15 154 16 223 17 485
13 14 1 96 2 459 4 270 5 227 6 111 7 410 8 325 9 418 10 163 11 127 12 281 15 318 16 479 17 499
14 12 1 77 2 405 3 282 4 18 5 126 6 362 9 148 10 430 11 42 12 312 15 288 17 18
15 15 1 126 2 448 3 210 4 454 5 435 6 419 7 233 8 460 10 259 11 239 12 303 13 228 14 359 16 192 17 340
16 13 1 385 5 320 6 443 7 309 8 19 9 419 10 271 11 84 12 132 13 217 14 393 15 150 17 8
17 15 1 355 2 179 3 37 4 366 5 404 6 233 7 458 8 286 9 186 10 376 11 485 12 431 13 126 14 317 16 140
1
17 6 3 2 11 14 10 16 1 13 12 7 8 5 4 15 9
15 11 8 1 7 9 13 12 3 10 14 6 17 5 16 2 4
2
6 2 17 1 14 8 5 4 12 15 7 16 10 9 3 13 11
12 14 5 4 2 1 6 10 15 11 7 8 17 9 13 16 3
3
4 8 1 12 6 14 3 10 9 13 5 11 17 16 15 2 7
6 15 16 5 9 1 14 3 7 8 10 2 12 11 13 4 17
4
16 14 6 13 11 9 3 4 2 10 5 12 1 15 7 8 17
5 8 4 6 13 16 7 17 9 15 2 12 14 11 10 3 1
5
10 5 4 16 6 13 15 8 17 9 1 12 11 2 7 3 14
8 7 2 3 16 17 14 12 13 9 11 6 4 1 10 15 5
6
1 2 4 13 3 6 16 12 15 8 10 5 17 9 11 7 14
16 13 1 12 11 8 17 2 4 6 7 14 5 10 3 15 9
7
8 14 15 7 17 16 9 11 10 1 4 5 2 6 12 3 13
1 7 14 9 15 10 4 3 5 17 12 2 8 11 6 13 16
8
14 3 7 12 2 15 17 11 9 1 4 5 10 13 6 8 16
10 1 9 16 2 11 7 13 4 8 3 17 5 14 12 6 15
9
12 7 9 5 15 16 6 8 10 3 11 4 1 2 13 17 14
17 12 5 16 6 14 15 1 3 9 10 7 8 13 11 4 2
10
11 6 14 16 15 17 12 2 3 10 8 1 9 13 7 4 5
1 7 11 5 10 12 4 14 6 2 16 9 8 3 15 13 17
11
10 2 13 8 6 12 17 1 16 14 15 9 5 4 11 3 7
14 16 9 12 17 5 6 10 1 15 4 7 11 3 2 8 13
12
16 1 15 14 17 11 7 5 8 4 6 13 3 9 2 12 10
7 6 13 17 12 14 4 11 3 16 5 9 8 2 10 15 1
13
2 1 10 5 9 15 16 3 7 6 14 13 12 4 11 17 8
6 14 11 17 16 9 5 3 13 4 2 10 8 7 1 15 12
14
9 10 7 1 15 8 12 6 2 5 14 16 4 13 17 3 11
17 13 8 1 3 15 5 2 9 4 16 6 11 14 12 10 7
15
9 2 10 8 12 3 16 14 17 1 4 5 13 15 11 7 6
7 13 9 1 8 10 5 12 3 15 4 2 16 6 17 14 11
16
15 3 11 8 10 2 5 16 13 12 4 1 14 17 6 7 9
17 2 3 11 14 8 16 5 13 7 9 1 4 6 15 10 12
17
6 5 15 16 4 14 12 11 1 17 10 2 7 3 9 8 13
9 13 11 5 17 16 3 15 6 10 12 2 4 14 1 8 7
18
12 10 9 14 5 3 11 7 4 15 6 8 17 13 16 2 1
5 15 11 7 13 10 12 9 16 17 3 14 4 6 2 8 1
19
7 15 9 16 10 13 3 6 11 12 4 17 8 2 5 14 1
11 17 15 5 4 8 1 6 9 14 12 2 3 10 13 16 7
20
1 4 7 2 17 16 8 5 15 9 14 6 12 11 13 10 3
17 2 15 5 12 8 10 13 6 3 9 14 11 16 7 1 4
0
17
1 15 2 75 3 49 4 401 5 188 6 364 8 142 9 17 10 198 11 394 12 324 13 66 14 136 15 302 16 133 17 395
2 10 4 375 5 349 6 479 7 182 9 79 10 480 12 443 13 236 14 271 15 294
3 14 1 318 2 387 4 339 6 200 7 495 8 333 9 143 10 483 11 385 12 37 13 230 14 377 16 227 17 257
4 15 1 124 2 4 3 169 5 236 6 122 7 132 8 242 9 224 10 20 11 70 12 262 13 136 14 72 16 442 17 128
5 14 1 69 2 442 3 84 4 371 6 130 7 133 9 231 10 409 11 194 12 476 13 41 15 103 16 32 17 248
6 11 2 346 4 374 5 26 7 187 9 170 10 458 11 91 14 278 15 262 16 204 17 309
7 11 1 61 3 96 5 5 6 159 8 170 10 325 11 385 12 440 14 240 15 332 17 367
8 12 2 25 3 62 4 406 5 440 6 410 7 53 9 351 10 143 11 12 13 360 16 156 17 364
9 14 1 411 2 463 3 351 4 306 5 117 6 422 7 204 8 358 10 409 12 254 13 240 14 206 15 254 16 323
10 15 2 248 3 108 4 376 5 133 6 438 7 301 8 278 9 104 11 342 12 271 13 426 14 456 15 188 16 293 17 313
11 13 1 59 2 463 3 96 5 286 7 155 8 175 9 356 10 234 12 221 14 6 15 495 16 287 17 385
12 13 2 70 3 247 4 394 5 489 6 495 7 133 8 231 9 402 10 155 13 460 14 462 15 153 16 135
13 14 1 322 2 440 3 303 4 111 5 354 7 337 8 178 9 245 10 341 11 434 12 148 14 272 15 296 16 190
14 11 1 22 3 217 4 450 6 424 7 19 8 350 10 409 12 184 13 324 16 309 17 91
15 12 1 338 2 291 3 373 4 230 5 70 6 431 7 90 9 439 13 3 14 365 16 428 17 429
16 14 1 195 2 28 3 206 4 459 6 479 7 42 8 274 9 82 10 455 11 378 12 39 13 407 14 203 15 359
17 9 1 411 2 379 4 368 5 179 6 54 8 207 9 440 13 43 15 19
1
15 9 17 16 3 4 7 8 12 14 11 2 10 1 5 13 6
4 11 1 8 6 17 5 2 16 14 13 3 12 7 15 10 9
2
15 5 14 11 2 10 12 13 16 1 17 6 3 7 9 8 4
6 17 14 1 7 9 15 16 12 10 3 11 4 13 5 8 2
3
17 11 7 5 12 15 16 4 8 10 3 1 6 13 2 9 14
15 8 2 10 4 7 1 9 5 6 14 12 17 16 11 3 13
4
15 7 8 4 13 5 9 1 16 6 3 11 10 14 2 12 17
1 14 13 5 8 4 3 7 10 17 12 2 15 6 9 16 11
5
17 1 13 9 11 8 2 12 14 4 10 7 5 16 15 3 6
7 1 12 5 14 2 8 6 10 9 15 13 11 17 3 4 16
6
14 6 9 16 13 4 10 2 12 3 7 17 1 15 11 5 8
5 14 11 10 13 12 17 6 7 8 9 1 2 15 3 4 16
7
3 11 16 6 17 2 15 1 10 8 13 9 12 14 4 5 7
5 11 2 1 12 14 4 13 3 7 10 6 16 15 8 17 9
8
10 8 12 6 13 16 11 1 2 5 14 15 4 9 3 17 7
6 13 15 5 8 4 11 9 17 10 2 1 7 12 14 3 16
9
2 13 17 1 12 16 9 7 5 11 14 3 15 6 10 4 8
14 13 17 16 7 10 1 11 2 6 4 9 12 8 15 5 3
10
17 13 11 15 4 10 2 6 14 8 5 3 12 7 9 16 1
2 4 9 8 7 11 10 12 1 14 5 17 6 16 13 3 15
11
11 4 10 17 13 2 15 8 9 14 16 6 12 7 1 5 3
9 11 14 5 12 10 15 6 3 2 7 16 1 13 17 8 4
12
16 6 9 5 17 13 8 4 10 15 7 1 14 12 3 2 11
7 14 16 5 13 9 1 6 11 4 15 12 10 2 3 8 17
13
9 7 2 17 14 1 5 11 4 10 8 13 15 16 3 6 12
9 10 2 8 5 16 15 13 17 6 3 7 14 11 4 1 12
14
16 13 10 5 1 7 11 12 2 6 8 4 14 17 3 9 15
8 16 5 14 15 9 6 2 7 4 17 1 3 13 12 10 11
15
8 14 12 9 11 10 2 15 4 6 16 3 13 1 5 17 7
3 4 6 12 15 9 14 13 10 8 2 11 16 5 7 17 1
16
6 11 9 1 10 15 17 4 7 8 13 12 16 3 14 2 5
8 17 6 14 16 7 11 3 1 5 15 13 10 12 9 4 2
17
6 3 13 2 14 7 8 10 12 9 4 1 17 5 11 16 15
17 15 7 12 13 4 10 6 1 14 2 11 3 9 8 16 5
18
8 10 11 13 3 9 15 2 4 14 17 12 7 5 6 16 1
13 12 9 8 5 7 16 10 17 2 6 4 1 3 11 15 14
19
12 13 2 11 9 17 15 1 7 6 8 3 4 5 10 16 14
6 14 17 8 15 13 3 1 4 5 11 9 10 16 12 2 7
20
6 12 2 9 3 10 8 14 15 5 1 17 16 7 11 13 4
10 9 8 15 1 14 11 16 3 12 17 4 6 7 5 13 2
0
17
1 15 2 340 3 362 4 106 5 26 6 268 7 256 8 150 9 335 10 52 12 26 13 260 14 328 15 68 16 414 17 76
2 15 1 113 3 167 4 461 5 171 7 286 8 218 9 489 10 159 11 305 12 267 13 428 14 11 15 156 16 443 17 167
3 13 1 460 2 58 5 87 6 123 7 39 9 152 10 202 11 292 13 392 14 357 15 25 16 90 17 343
4 13 1 4 2 380 6 179 7 415 9 41 10 134 11 451 12 11 13 62 14 49 15 222 16 321 17 333
5 15 1 224 2 426 3 440 4 471 6 66 7 109 8 370 9 349 10 68 11 198 13 398 14 84 15 426 16 370 17 321
6 11 2 140 3 32 4 465 5 453 7 191 8 69 11 471 13 416 15 349 16 323 17 181
7 12 1 472 2 123 3 259 5 86 6 278 9 477 10 42 11 221 12 223 14 405 16 91 17 36
8 13 1 74 2 393 3 320 4 147 5 219 6 98 7 361 9 447 10 449 11 286 12 120 16 466 17 379
9 11 2 150 5 257 6 174 7 464 8 155 11 147 12 495 13 216 14 188 15 394 17 435
10 15 1 438 2 81 3 386 4 319 5 298 6 42 7 308 8 493 9 55 11 160 12 211 14 279 15 254 16 486 17 10
11 14 1 371 3 424 4 449 5 466 7 202 8 388 9 379 10 183 12 115 13 418 14 324 15 265 16 351 17 69
12 13 2 498 3 362 5 465 6 250 7 29 8 463 9 326 11 30 13 183 14 89 15 206 16 396 17 495
13 14 1 380 2 42 3 465 4 337 5 454 6 218 7 297 8 142 10 235 11 370 12 181 14 299 15 98 17 88
14 12 2 37 3 231 4 228 5 83 6 90 7 172 8 325 9 492 10 131 11 221 12 226 15 386
15 12 1 299 2 387 3 104 4 130 5 412 7 88 8 245 12 261 13 208 14 202 16 37 17 38
16 13 2 276 3 71 4 434 5 260 6 481 7 16 8 272 9 95 10 80 11 269 12 299 13 40 17 447
17 11 1 382 2 292 3 120 7 63 8 30 9 33 10 242 12 446 13 400 14 402 16 291
1
4 6 16 9 13 1 10 2 5 11 17 12 15 8 14 3 7
9 16 6 3 17 5 14 15 12 11 10 8 4 1 7 13 2
2
9 12 14 10 13 7 16 5 1 4 3 11 8 2 15 17 6
17 5 15 10 1 9 13 4 8 2 7 14 16 3 12 6 11
3
9 4 1 13 10 8 14 6 2 16 3 17 11 15 7 5 12
6 1 14 11 5 9 13 4 10 17 15 8 12 2 3 7 16
4
16 5 12 15 13 8 9 17 4 6 1 2 11 3 7 14 10
7 4 12 17 15 6 16 14 8 11 2 13 5 9 1 3 10
5
6 2 11 8 15 14 17 3 4 12 10 16 13 5 9 1 7
9 2 7 17 1 4 6 16 10 12 13 15 5 11 3 14 8
6
5 4 14 16 15 6 17 3 10 7 9 11 12 1 2 13 8
14 10 5 6 8 9 15 17 3 16 13 1 11 7 12 4 2
7
1 12 10 7 4 8 13 5 9 17 6 3 2 14 11 16 15
1 9 16 3 13 5 12 7 4 6 2 15 14 11 8 10 17
8
6 5 7 4 17 1 8 11 2 3 14 15 13 10 9 12 16
4 17 15 12 8 5 13 6 1 10 11 14 7 9 2 3 16
9
6 4 1 5 17 16 2 15 8 10 9 14 3 13 12 11 7
15 16 2 13 10 14 5 3 1 11 4 6 9 7 17 8 12
10
17 8 10 6 12 11 13 9 16 14 15 2 3 1 5 7 4
13 7 17 4 6 5 11 2 14 9 15 16 12 8 10 1 3
11
8 1 7 12 15 5 4 10 6 17 16 3 14 2 9 13 11
6 2 14 3 10 7 8 12 11 15 17 13 4 1 16 9 5
12
6 15 2 17 4 3 8 14 10 1 7 13 9 5 11 16 12
13 11 14 1 8 9 15 4 3 12 16 7 2 6 17 5 10
13
1 15 7 5 12 11 17 9 2 10 4 8 14 6 16 13 3
15 6 16 1 3 11 12 8 5 14 13 10 9 2 4 7 17
14
4 3 7 5 15 11 1 16 2 8 14 10 12 6 13 9 17
15 4 9 10 7 11 14 1 6 5 13 8 3 2 17 12 16
15
10 15 11 6 12 3 5 17 1 4 8 7 14 9 16 2 13
11 10 17 3 9 14 5 15 4 1 12 2 13 6 8 16 7
16
6 5 16 15 10 3 4 1 14 2 13 12 17 9 11 7 8
10 8 12 2 16 14 7 11 3 15 4 17 1 6 5 13 9
17
13 5 8 17 6 14 4 3 16 12 7 15 11 2 10 1 9
15 16 1 13 6 4 11 5 9 8 17 3 7 10 2 12 14
18
2 1 14 9 12 7 6 16 5 3 15 11 17 4 8 13 10
16 8 11 4 3 7 10 14 12 6 13 1 17 2 15 5 9
19
5 1 3 4 8 2 16 6 12 15 13 11 9 10 17 14 7
8 16 14 7 13 3 2 1 4 10 15 5 12 11 9 17 6
20
13 15 16 7 12 9 4 10 3 14 8 5 1 6 2 17 11
15 9 5 1 14 3 11 8 2 17 10 6 7 13 4 12 16
0
17
1 14 2 363 3 231 4 468 5 151 6 352 7 2 8 127 9 390 10 38 11 362 13 350 14 19 15 301 17 308
2 11 1 63 3 101 5 13 6 156 9 477 11 452 12 366 13 124 14 240 16 155 17 362
3 13 1 66 4 447 5 43 7 71 9 129 10 170 11 152 12 168 13 395 14 244 15 300 16 406 17 322
4 13 2 267 3 391 5 375 6 92 8 392 9 304 10 267 11 483 12 119 13 484 14 65 15 227 16 216
5 13 2 171 3 456 4 116 7 49 8 282 9 368 10 402 11 40 13 78 14 384 15 300 16 442 17 36
6 13 1 98 3 1 4 225 5 22 7 26 8 171 9 362 10 74 11 199 12 401 13 141 14 98 17 189
7 15 1 229 2 21 3 493 5 118 6 115 8 251 9 94 10 405 11 21 12 361 13 292 14 442 15 312 16 109 17 198
8 14 1 63 2 136 3 94 4 59 5 133 6 291 7 188 9 301 11 495 13 457 14 52 15 8 16 11 17 136
9 12 1 33 2 421 5 154 6 89 7 121 10 382 11 60 12 206 13 119 14 340 15 69 17 278
10 14 1 463 2 455 3 57 4 9 5 189 6 174 7 177 8 25 9 327 11 163 12 227 14 64 15 314 16 393
11 12 1 205 5 371 6 382 7 414 8 382 9 495 12 195 13 133 14 458 15 401 16 495 17 48
12 12 1 67 2 456 3 422 4 450 7 347 8 226 9 254 10 387 11 45 13 4 16 385 17 268
13 11 1 310 2 426 3 500 4 451 5 63 6 37 9 71 11 447 15 60 16 386 17 135
14 15 1 476 2 249 3 370 4 244 5 225 6 19 7 161 8 270 9 196 10 486 11 483 12 37 13 310 16 227 17 41
15 14 1 219 2 95 3 210 5 336 6 477 7 18 8 298 9 478 10 91 11 281 12 71 13 10 16 371 17 95
16 14 1 490 3 279 4 137 5 33 6 68 7 229 8 108 9 205 10 113 11 115 12 275 13 207 14 371 17 43
17 14 1 382 2 150 3 110 4 381 5 207 6 24 8 170 9 276 10 140 11 265 13 468 14 110 15 142 16 121
1
16 14 7 2 13 11 6 3 15 4 10 17 12 1 5 9 8
5 14 1 16 11 12 6 9 15 8 4 3 13 7 2 17 10
2
2 15 9 4 10 13 8 7 16 1 6 14 5 12 11 17 3
11 5 13 1 7 4 12 15 3 6 17 2 9 10 8 14 16
3
16 15 3 6 12 1 13 8 4 10 5 9 14 7 11 17 2
14 5 6 17 4 13 10 12 3 2 15 8 16 11 7 9 1
4
7 12 8 1 11 10 14 9 4 15 17 13 3 2 5 16 6
6 17 1 4 8 11 7 15 13 12 5 14 10 2 9 3 16
5
7 16 9 8 2 14 5 15 12 6 1 17 3 11 4 10 13
13 1 3 9 8 17 6 16 14 12 7 15 2 5 10 4 11
6
9 10 2 16 4 17 1 3 6 8 11 14 15 5 7 13 12
13 1 6 16 17 7 4 11 5 10 12 14 2 3 9 15 8
7
17 12 10 8 1 11 6 15 2 7 4 14 3 9 13 5 16
8 5 15 2 12 13 3 16 7 4 11 1 6 14 9 17 10
8
5 12 13 4 8 15 14 6 10 2 16 9 17 1 3 7 11
9 16 10 8 5 6 3 11 17 13 4 1 14 12 7 15 2
9
12 13 2 8 4 7 10 1 3 16 9 17 14 5 11 15 6
13 3 15 10 9 8 5 17 1 16 4 14 6 7 12 2 11
10
16 14 15 13 9 3 11 2 4 12 17 5 1 7 8 10 6
1 4 10 17 16 14 12 5 2 7 6 3 8 9 11 15 13
11
8 4 7 17 9 1 14 2 13 10 6 3 15 16 12 11 5
17 13 15 5 6 4 16 1 14 10 12 11 9 7 8 3 2
12
10 17 2 4 7 8 13 6 15 12 16 14 1 11 5 9 3
2 12 17 10 15 5 13 4 3 7 16 14 11 6 8 1 9
13
2 12 8 17 3 1 14 13 10 9 5 15 16 7 11 4 6
17 1 5 6 4 16 12 11 9 10 14 3 13 15 7 8 2
14
15 10 14 5 16 9 11 17 6 7 12 4 2 3 8 13 1
13 9 3 5 8 4 12 11 15 14 6 7 10 1 17 16 2
15
5 15 14 17 3 1 4 16 8 11 7 10 9 12 13 2 6
15 5 7 1 9 17 4 14 10 8 2 12 13 16 11 6 3
16
17 2 6 9 15 16 12 11 14 1 3 4 13 8 5 10 7
7 2 10 13 6 8 12 5 16 4 15 1 14 17 11 3 9
17
1 15 16 4 17 11 2 5 8 10 6 14 13 3 9 12 7
17 3 12 10 5 14 16 11 7 4 9 1 8 13 15 2 6
18
1 15 9 11 13 5 2 12 7 6 17 4 10 3 16 14 8
2 4 14 15 10 17 9 5 3 7 1 11 13 16 8 6 12
19
13 11 8 1 4 7 12 3 17 9 5 2 15 10 14 16 6
3 10 11 17 5 7 15 14 13 16 2 8 1 9 12 4 6
20
6 17 7 5 16 4 9 2 15 11 10 14 13 1 3 8 12
2 9 15 7 8 14 3 12 1 17 11 13 10 5 6 16 4
0
17
1 15 2 331 3 165 4 208 6 427 7 445 8 161 9 399 10 83 11 326 12 269 13 96 14 45 15 416 16 316 17 84
2 11 1 19 7 359 8 65 9 140 10 491 12 4 13 327 14 370 15 352 16 105 17 136
3 15 1 169 2 303 4 260 5 439 6 146 7 446 8 386 9 51 10 267 11 104 12 349 13 46 14 90 15 337 16 287
4 14 1 397 2 396 3 110 6 25 7 93 8 389 9 90 10 122 11 393 12 201 13 105 14 204 15 256 17 351
5 15 1 384 3 379 4 195 6 381 7 40 8 451 9 324 10 264 11 410 12 27 13 2 14 259 15 239 16 444 17 375
6 11 1 200 3 253 4 282 7 324 8 341 10 152 11 342 12 320 13 255 16 356 17 440
7 10 1 322 2 430 4 473 5 336 8 492 9 91 10 438 13 359 15 95 16 395
8 13 1 168 2 145 4 434 5 164 6 436 10 273 11 365 12 202 13 464 14 7 15 326 16 434 17 417
9 10 1 86 2 421 3 378 4 305 5 267 6 120 8 189 12 401 13 142 16 121
10 12 1 477 3 150 4 326 5 446 6 132 9 159 11 374 12 458 13 290 14 348 15 352 17 15
11 11 1 335 2 354 3 464 5 149 7 275 9 213 10 464 13 15 14 235 15 79 17 23
12 12 2 65 3 288 5 96 6 426 7 295 8 147 9 476 11 483 14 102 15 373 16 432 17 408
13 13 2 165 3 489 4 385 6 251 7 396 9 369 10 422 11 485 12 17 14 153 15 335 16 477 17 160
14 16 1 191 2 87 3 96 4 297 5 495 6 479 7 32 8 96 9 98 10 462 11 311 12 158 13 199 15 235 16 116 17 143
15 15 2 57 3 23 4 400 5 142 6 288 7 240 8 218 9 55 10 195 11 382 12 208 13 201 14 61 16 318 17 298
16 10 1 143 5 50 6 166 7 329 8 461 9 47 10 171 13 418 14 71 15 231
17 13 1 237 2 235 3 458 4 163 5 148 7 41 8 161 10 27 12 396 13 291 14 18 15 32 16 249
1
6 5 10 2 17 16 15 7 8 9 14 13 11 4 12 1 3
2 12 4 10 11 16 5 9 1 17 7 13 15 6 8 14 3
2
9 6 2 17 13 4 3 12 8 16 15 5 10 7 14 11 1
2 11 16 1 12 17 5 8 3 13 6 7 10 9 4 15 14
3
9 16 2 12 6 10 13 7 5 1 14 17 4 11 8 3 15
16 14 17 11 13 2 6 10 12 9 1 7 4 3 8 5 15
4
1 14 15 6 17 8 13 9 12 2 5 10 11 3 4 16 7
1 10 3 13 9 17 11 7 15 16 14 4 2 8 6 12 5
5
14 12 13 6 7 5 11 17 10 8 2 3 1 9 4 16 15
17 3 16 10 6 8 7 1 14 5 2 15 9 11 12 4 13
6
5 11 10 4 13 1 15 3 7 6 8 2 14 17 12 16 9
2 9 16 7 5 12 4 10 11 14 15 1 13 3 6 8 17
7
4 1 3 5 12 2 8 10 16 6 11 9 14 13 17 15 7
8 11 12 13 5 16 6 1 10 17 3 2 14 15 4 7 9
8
9 10 7 3 4 17 16 14 5 11 6 2 12 13 1 8 15
14 5 17 8 12 11 10 6 16 2 13 3 4 15 9 1 7
9
16 17 14 11 6 9 10 4 15 3 5 7 1 8 2 12 13
4 9 8 7 14 1 17 11 12 13 6 16 2 10 15 5 3
10
2 12 14 3 15 4 11 8 10 7 9 6 16 13 17 1 5
16 4 12 7 13 11 1 6 10 2 8 9 14 15 17 3 5
11
1 6 4 16 13 11 12 17 10 9 5 2 14 7 3 15 8
11 5 2 13 3 12 17 7 1 8 14 16 4 6 15 9 10
12
2 4 17 14 16 12 9 8 15 6 1 7 5 10 3 13 11
5 15 13 8 10 2 3 14 12 4 6 11 7 17 1 16 9
13
14 7 11 1 8 9 16 12 13 6 15 2 5 4 3 10 17
15 4 12 1 5 16 17 9 10 7 13 14 6 3 8 2 11
14
9 1 11 10 3 6 2 12 13 5 17 8 14 7 4 15 16
16 9 13 17 10 14 4 15 2 1 7 11 6 3 5 8 12
15
6 12 7 16 8 11 2 4 1 3 5 9 17 13 10 14 15
1 16 2 6 7 12 9 11 4 3 14 17 8 5 10 15 13
16
9 3 14 15 12 13 6 2 17 7 16 11 5 10 1 8 4
7 11 3 10 4 17 16 6 13 8 14 9 5 15 2 1 12
17
3 10 2 14 1 16 5 6 9 8 12 11 7 13 15 4 17
2 5 11 8 13 4 3 15 16 1 17 6 9 12 14 10 7
18
4 16 11 17 5 9 15 13 10 1 2 3 8 6 14 7 12
15 2 11 9 4 13 16 10 5 8 3 14 1 7 17 6 12
19
10 13 8 5 3 9 11 16 12 7 4 6 2 15 14 1 17
8 14 5 15 7 2 17 1 3 12 10 13 11 6 16 9 4
20
13 2 10 6 1 16 12 3 15 17 14 11 5 7 8 9 4
17 16 3 13 11 12 1 15 2 7 4 6 5 9 8 10 14
0
17
1 12 2 207 3 288 4 382 5 251 6 80 9 35 10 148 11 277 12 65 13 302 16 445 17 481
2 13 1 155 3 190 4 89 5 439 6 261 7 191 8 465 9 182 11 199 12 157 13 268 14 88 17 69
3 16 1 459 2 192 4 407 5 399 6 109 7 246 8 260 9 299 10 129 11 461 12 402 13 72 14 383 15 195 16 120 17 18
4 15 1 161 2 11 3 181 5 249 6 89 8 351 9 351 10 177 11 185 12 56 13 289 14 305 15 53 16 96 17 250
5 15 1 426 2 148 3 22 4 116 6 202 7 479 8 376 9 194 10 7 11 462 12 333 13 494 15 217 16 188 17 72
6 14 1 71 2 230 3 62 4 232 5 132 7 69 8 312 9 6 10 173 12 162 14 293 15 300 16 372 17 470
7 14 1 388 2 202 3 465 4 271 5 73 8 426 10 67 11 259 12 309 13 319 14 161 15 25 16 459 17 429
8 13 1 347 3 411 4 159 5 71 6 170 7 350 9 283 10 50 11 321 13 453 14 30 15 209 17 25
9 15 1 251 2 358 3 273 4 330 5 178 7 381 8 406 10 390 11 356 12 4 13 438 14 6 15 376 16 434 17 231
10 12 1 37 2 9 4 169 6 302 7 102 8 138 9 306 12 198 13 453 14 69 16 336 17 119
11 11 1 249 2 74 3 17 6 30 7 158 9 60 10 388 12 467 14 387 15 479 17 7
12 13 1 358 2 383 3 174 4 393 6 448 7 327 8 206 9 485 11 406 13 148 15 64 16 81 17 2
13 13 2 293 3 331 4 395 5 366 6 274 7 418 8 163 9 171 10 216 12 494 14 441 16 59 17 326
14 11 2 443 3 77 5 240 6 82 7 439 8 239 9 334 10 186 11 473 15 394 17 485
15 15 2 160 3 456 4 139 5 284 6 81 7 367 8 132 9 29 10 406 11 244 12 77 13 307 14 451 16 47 17 188
16 10 1 88 2 171 5 193 6 55 8 62 9 209 10 153 11 143 12 144 15 16
17 14 1 66 2 492 3 53 4 382 5 466 6 323 7 393 8 291 9 434 11 241 12 196 13 343 14 220 15 65
1
2 14 10 3 6 12 15 13 5 17 8 16 9 1 11 4 7
13 15 7 6 2 3 10 11 4 9 17 16 5 14 1 8 12
2
7 6 2 5 17 10 14 12 13 16 15 1 3 4 9 8 11
7 5 1 3 10 9 12 16 14 15 13 6 2 17 8 4 11
3
3 17 5 16 11 9 2 13 7 1 15 8 4 10 6 14 12
17 9 13 8 4 11 15 6 16 5 7 12 1 2 3 14 10
4
17 11 1 7 8 3 2 16 13 14 5 6 4 10 12 15 9
14 7 2 8 9 11 4 17 12 10 1 15 5 3 13 6 16
5
5 15 16 8 14 7 2 17 13 10 12 1 11 9 3 4 6
14 12 3 7 17 9 5 6 15 11 8 10 1 4 16 2 13
6
17 9 15 16 7 8 12 3 1 13 11 14 10 5 6 4 2
8 2 15 1 13 17 10 14 3 11 12 9 7 16 5 4 6
7
3 16 14 11 8 7 10 17 9 2 13 4 12 6 1 15 5
5 9 4 8 15 11 14 3 17 12 7 2 16 6 10 13 1
8
11 10 2 12 8 6 7 4 9 1 15 5 14 3 16 17 13
4 12 14 11 3 2 1 9 6 8 13 7 16 5 15 10 17
9
17 13 14 11 1 7 16 5 6 3 2 4 10 9 15 12 8
15 8 1 10 13 11 7 2 3 14 16 4 6 12 5 17 9
10
6 9 16 10 5 1 15 14 13 8 12 3 7 17 11 4 2
14 3 13 6 10 15 12 1 17 2 7 11 16 5 8 4 9
11
16 6 10 3 14 2 12 4 1 13 8 11 17 15 5 7 9
3 6 11 5 7 4 12 17 9 10 16 14 2 13 8 15 1
12
4 13 7 3 11 16 1 12 8 9 10 17 2 15 14 6 5
6 17 16 2 5 9 7 3 15 13 11 1 10 4 12 8 14
13
10 1 12 3 16 17 6 11 13 2 7 14 9 15 5 8 4
5 11 3 7 1 16 10 15 9 13 14 2 6 12 8 17 4
14
16 15 3 11 1 7 2 13 8 17 14 6 5 4 10 12 9
1 3 15 9 11 5 13 7 12 2 16 17 6 10 8 4 14
15
10 6 12 11 17 5 16 2 7 15 8 14 9 1 3 13 4
3 1 10 12 11 6 5 17 2 4 16 15 8 14 9 7 13
16
1 15 16 8 14 4 9 3 12 7 6 11 5 13 17 2 10
4 11 3 9 5 2 7 1 14 13 6 16 17 10 12 15 8
17
10 8 3 11 7 12 5 2 17 9 4 6 13 16 14 1 15
10 11 5 14 15 13 6 3 9 1 7 16 8 4 17 2 12
18
8 1 4 9 14 5 10 12 7 16 6 13 2 11 3 15 17
10 6 15 5 17 14 11 3 9 8 2 4 16 7 1 12 13
19
9 1 16 8 6 13 4 7 12 10 2 14 17 3 11 5 15
6 7 2 4 15 14 10 1 11 17 12 16 13 8 5 3 9
20
14 16 3 9 5 13 4 8 2 11 7 17 10 6 15 12 1
4 6 16 11 9 7 12 15 2 14 8 10 17 13 1 5 3
0
17
1 11 2 189 4 106 6 326 8 129 9 99 11 91 12 143 13 488 14 218 15 22 16 8
2 11 1 71 3 129 4 211 6 114 8 413 10 170 11 402 12 41 14 227 16 249 17 88
3 12 1 119 2 125 5 437 6 178 7 36 9 339 12 300 13 20 14 297 15 452 16 76 17 8
4 10 2 182 3 134 6 329 7 98 8 286 10 344 13 345 15 97 16 438 17 302
5 11 1 332 3 478 4 112 6 209 7 500 9 177 11 142 13 61 14 465 16 351 17 137
6 12 1 237 2 8 3 119 4 216 5 406 7 307 9 172 10 387 11 246 13 156 14 390 16 403
7 12 2 480 3 318 4 438 5 420 6 221 8 128 9 195 13 383 14 9 15 21 16 403 17 31
8 14 1 80 2 114 3 321 4 101 5 313 6 227 7 168 10 347 11 276 12 218 14 496 15 387 16 218 17 296
9 12 1 223 2 13 4 226 5 142 6 458 7 495 8 57 12 69 13 157 14 264 16 196 17 163
10 11 2 42 3 315 4 221 7 466 9 17 11 286 12 276 13 279 14 72 16 181 17 408
11 14 1 88 3 360 5 228 6 247 7 33 8 63 9 193 10 141 12 180 13 332 14 122 15 85 16 271 17 49
12 14 1 50 2 393 3 84 4 151 5 427 6 14 7 459 8 47 9 58 10 377 11 268 13 155 16 425 17 387
13 14 1 221 3 413 4 24 5 121 6 275 7 122 8 446 9 91 10 165 11 403 12 349 15 103 16 194 17 400
14 10 2 426 4 482 5 115 7 240 8 60 9 489 10 255 11 403 12 37 16 416
15 12 1 457 2 334 3 210 4 460 6 297 7 209 9 305 10 342 12 462 14 485 16 228 17 372
16 14 1 99 2 142 3 118 4 79 5 441 6 362 7 488 10 56 11 370 12 309 13 437 14 395 15 183 17 293
17 10 1 22 3 445 4 478 5 116 8 487 9 150 11 351 13 368 15 295 16 480
1
15 12 1 11 14 4 2 5 8 3 10 6 17 7 9 13 16
5 9 17 12 2 4 13 14 11 8 7 15 6 10 1 16 3
2
10 11 7 9 2 1 6 3 5 8 4 14 17 13 15 16 12
5 4 13 16 11 8 6 7 1 2 10 3 9 15 12 17 14
3
15 13 2 17 14 3 4 9 6 12 1 16 10 7 5 8 11
17 4 14 6 5 13 12 10 16 2 8 3 1 9 15 7 11
4
12 3 4 7 11 2 6 13 15 8 10 9 14 5 1 16 17
14 12 9 17 7 11 2 13 5 3 6 4 8 10 1 16 15
5
6 14 1 12 13 8 10 17 4 15 9 5 7 2 3 11 16
1 16 5 3 14 13 2 10 7 15 17 8 9 12 11 4 6
6
14 16 4 5 9 11 13 8 6 7 17 12 1 10 3 15 2
12 11 3 4 1 17 15 8 10 13 6 16 14 2 7 5 9
7
1 11 17 2 8 3 7 16 12 9 14 10 5 15 6 13 4
10 8 11 4 7 16 9 6 1 2 3 12 5 15 13 17 14
8
11 2 15 1 5 7 17 4 9 16 13 3 6 10 14 8 12
7 14 10 6 9 13 5 1 11 16 17 4 8 2 15 12 3
9
4 8 12 15 6 3 13 14 11 7 2 9 17 5 10 16 1
14 5 8 10 4 17 9 3 16 1 11 13 6 12 2 7 15
10
15 13 12 2 5 17 16 14 8 6 11 3 10 7 9 1 4
10 16 6 7 11 8 14 1 12 5 15 9 13 3 4 2 17
11
11 8 5 16 13 17 4 14 9 6 3 7 1 12 15 10 2
4 2 3 7 16 13 5 1 9 14 10 15 8 6 11 12 17
12
4 1 5 7 15 2 13 14 10 11 8 6 3 17 16 12 9
7 4 13 14 8 10 9 6 17 16 3 12 11 1 15 5 2
13
16 14 11 17 3 9 10 4 15 6 8 5 2 13 1 12 7
5 2 9 3 7 8 14 13 11 12 10 16 4 17 15 1 6
14
17 12 10 15 14 1 8 3 5 2 9 16 6 4 11 7 13
15 12 7 11 4 13 5 6 2 8 3 17 14 1 16 9 10
15
2 9 15 14 3 8 1 4 13 5 16 7 10 12 17 6 11
16 6 3 8 1 2 7 4 17 11 5 10 12 9 14 13 15
16
14 1 15 4 2 16 12 11 8 5 17 7 9 6 3 13 10
4 10 16 11 6 7 3 5 13 2 8 15 9 12 14 17 1
17
1 14 10 15 11 2 6 3 17 5 13 12 7 16 8 4 9
3 14 15 11 12 5 13 7 2 6 17 16 10 1 4 9 8
18
12 6 15 16 1 3 11 10 7 2 17 14 9 5 8 4 13
4 12 6 5 10 15 17 16 11 1 8 13 9 7 2 14 3
19
16 5 17 6 10 2 9 3 13 11 7 15 12 4 1 8 14
12 14 1 16 4 13 3 17 7 6 10 15 11 9 5 2 8
20
10 7 16 6 14 5 4 12 17 8 2 11 1 9 3 13 15
1 8 2 5 11 9 17 3 7 16 15 13 10 4 12 14 6
0
17
1 11 2 193 3 6 7 499 8 152 9 175 10 68 11 285 12 420 14 370 16 174 17 379
2 13 3 426 4 87 5 161 6 342 7 399 8 377 9 366 10 369 11 267 12 62 13 328 15 169 17 268
3 14 1 13 4 406 5 103 6 146 7 395 8 437 9 145 10 252 11 351 12 216 13 145 15 204 16 444 17 226
4 13 1 375 2 16 3 289 5 313 6 443 7 24 8 444 9 238 10 246 12 333 14 333 15 257 16 110
5 14 1 59 2 257 3 211 4 492 7 324 8 387 9 32 10 381 11 411 12 91 14 107 15 247 16 212 17 247
6 12 1 115 2 453 3 248 5 301 7 401 9 372 10 13 11 261 12 445 13 226 15 153 17 359
7 11 2 311 3 452 4 156 5 219 6 394 8 154 10 60 11 389 12 212 14 401 16 4
8 14 2 70 3 365 4 185 5 256 6 49 7 499 9 94 10 393 12 476 13 49 14 208 15 467 16 283 17 348
9 11 2 199 3 294 4 333 5 227 6 305 7 140 8 30 10 392 12 433 14 454 15 113
10 13 1 330 2 219 4 122 5 211 6 288 7 334 8 61 9 318 11 341 12 368 13 381 14 95 16 499
11 14 1 335 2 487 3 400 4 43 5 411 6 203 7 197 8 281 9 348 10 291 12 270 15 369 16 188 17 349
12 15 1 469 2 191 3 251 4 271 5 382 6 64 7 216 8 71 9 275 10 134 11 286 13 101 15 284 16 401 17 116
13 12 1 146 2 27 6 421 8 202 9 289 10 49 11 192 12 118 14 431 15 333 16 91 17 190
14 12 1 205 3 336 5 148 6 311 8 160 9 233 10 195 11 452 12 283 13 203 16 194 17 95
15 12 1 348 2 25 4 420 5 20 6 130 7 432 9 408 10 454 12 18 13 357 16 176 17 157
16 11 1 476 2 478 3 187 7 151 8 443 9 310 10 481 11 315 12 6 14 245 15 48
17 15 1 418 3 330 4 429 5 19 6 29 7 158 8 58 9 88 10 473 11 342 12 231 13 432 14 105 15 354 16 416
1
9 14 2 13 12 16 1 3 10 7 15 11 17 6 8 4 5
8 2 13 10 12 9 3 1 5 4 16 11 14 6 15 17 7
2
6 4 15 5 9 12 3 11 8 10 2 13 14 17 16 7 1
12 14 13 1 16 10 4 17 6 11 7 3 5 8 2 15 9
3
13 7 3 16 2 1 6 11 9 14 8 5 17 10 15 12 4
5 17 14 10 1 11 9 3 4 16 13 8 7 6 12 15 2
4
17 11 12 15 1 8 5 13 16 10 6 7 3 2 14 4 9
16 10 15 6 2 5 4 8 11 3 7 12 9 17 1 13 14
5
12 9 4 1 13 3 11 10 7 2 16 15 8 14 17 6 5
13 7 2 6 3 12 16 11 1 8 5 17 15 14 10 4 9
6
16 15 5 13 10 4 6 12 14 3 9 2 11 7 1 17 8
11 16 12 3 6 8 15 17 7 2 1 13 10 9 4 5 14
7
14 8 2 11 4 6 13 3 1 16 7 9 12 5 17 15 10
12 7 13 2 5 14 17 16 8 15 10 3 4 9 1 11 6
8
16 12 17 10 11 13 7 9 2 6 3 15 4 1 8 14 5
5 12 2 15 1 17 6 10 9 3 14 11 8 7 13 16 4
9
16 11 6 7 5 9 13 15 8 1 4 12 14 2 17 10 3
8 12 17 16 7 6 2 4 15 3 10 14 5 13 9 11 1
10
17 8 15 10 4 9 16 11 5 2 13 12 7 3 6 14 1
8 2 10 9 16 1 14 3 13 6 4 5 15 12 11 7 17
11
6 10 4 7 15 12 5 11 16 2 8 3 17 1 14 13 9
15 17 1 7 3 8 13 14 6 12 2 11 10 4 16 9 5
12
15 11 6 4 16 14 10 1 2 5 8 17 3 9 7 12 13
16 15 4 14 12 13 17 3 11 1 8 5 9 10 7 6 2
13
15 11 2 6 5 4 3 13 10 9 7 14 12 16 1 8 17
12 5 1 3 14 4 13 8 11 16 2 10 7 17 6 9 15
14
6 10 2 4 13 12 1 7 16 9 11 8 17 14 15 5 3
13 15 1 16 4 17 14 3 11 7 8 9 10 5 12 6 2
15
7 10 16 6 1 9 17 3 4 12 13 11 5 2 8 14 15
13 8 17 12 7 5 4 6 10 14 16 15 1 2 11 3 9
16
6 3 15 16 5 14 8 10 13 2 12 11 7 1 9 4 17
10 17 15 11 14 1 6 2 16 3 12 8 7 9 13 4 5
17
7 16 15 1 3 13 4 14 5 6 11 10 9 17 12 8 2
13 11 10 14 16 8 6 12 15 5 7 4 3 9 2 17 1
18
2 6 17 3 5 14 10 13 9 12 4 11 1 8 7 15 16
12 9 11 7 15 14 4 16 10 8 13 3 6 2 5 1 17
19
15 7 10 13 1 5 11 4 9 16 2 17 12 3 8 6 14
15 14 6 11 16 1 2 3 12 4 17 9 10 8 13 7 5
20
11 5 13 16 9 6 7 8 2 14 17 15 12 4 10 1 3
12 1 2 17 9 4 7 3 6 11 8 15 14 10 16 13 5
0
17
1 13 3 178 5 284 6 464 7 355 8 23 9 54 11 8 12 282 13 363 14 17 15 438 16 131 17 404
2 16 1 345 3 474 4 69 5 263 6 290 7 1 8 330 9 199 10 238 11 412 12 321 13 163 14 48 15 272 16 335 17 230
3 14 1 252 2 240 4 3 7 247 8 76 9 460 10 217 11 394 12 458 13 15 14 107 15 246 16 260 17 453
4 14 1 150 2 312 3 131 5 75 6 182 7 420 8 314 10 134 11 188 12 236 13 65 15 175 16 310 17 95
5 12 1 253 2 440 3 368 4 4 6 186 7 487 9 359 10 449 11 475 13 131 14 194 16 176
6 13 1 472 2 141 3 262 4 137 5 163 7 426 9 146 11 231 12 389 14 298 15 57 16 363 17 320
7 13 1 456 2 219 3 125 5 235 6 93 8 431 9 87 10 268 11 300 12 249 14 136 15 222 17 151
8 13 1 328 2 18 5 96 6 191 7 361 9 72 10 494 11 77 12 335 13 267 14 121 15 28 17 164
9 14 1 214 2 331 3 399 4 384 6 237 8 232 10 176 11 9 12 51 13 306 14 143 15 472 16 139 17 440
10 11 1 269 2 460 4 441 5 309 6 369 7 474 9 488 11 499 13 275 14 298 15 437
11 13 1 254 2 23 3 413 4 104 5 398 6 279 7 137 9 437 10 287 13 97 14 34 15 240 17 195
12 12 2 370 3 324 4 385 6 165 7 93 8 191 9 52 10 29 11 490 13 201 14 252 15 482
13 12 3 50 4 161 5 184 6 68 7 307 9 20 10 102 11 171 12 21 14 321 16 10 17 33
14 12 2 306 3 156 5 354 6 155 7 480 8 199 9 108 10 18 13 207 15 337 16 64 17 280
15 15 1 405 2 60 3 185 5 334 6 286 7 466 8 353 9 253 10 178 11 23 12 291 13 139 14 450 16 97 17 10
16 14 1 433 2 404 3 239 4 155 5 49 6 22 7 108 9 307 10 266 11 185 12 416 14 15 15 1 17 129
17 14 1 485 2 193 3 9 4 274 5 324 7 81 8 232 9 349 10 465 12 345 13 500 14 331 15 3 16 18
1
10 14 2 1 6 12 5 11 13 7 15 3 16 8 4 9 17
2 6 8 16 7 5 10 15 4 11 3 1 9 13 14 17 12
2
1 4 14 12 7 8 9 13 10 5 6 2 11 16 17 3 15
14 5 9 11 6 10 2 8 7 13 17 3 16 15 1 12 4
3
16 17 5 9 12 4 11 14 2 1 7 15 10 8 13 3 6
7 11 3 16 9 8 15 1 5 17 13 14 6 12 10 2 4
4
13 15 17 14 4 8 16 3 11 10 6 5 2 7 9 1 12
16 6 4 13 10 3 5 2 12 15 11 14 1 7 9 8 17
5
16 13 12 7 6 17 11 9 10 15 1 5 2 4 8 14 3
11 15 9 13 16 14 6 3 7 5 1 4 2 12 17 8 10
6
10 2 9 16 1 13 14 5 4 17 6 15 3 12 7 11 8
3 12 17 16 6 11 13 7 5 4 1 15 8 2 9 14 10
7
2 13 1 15 16 9 11 7 10 4 12 8 5 3 6 14 17
8 10 9 13 15 4 16 5 14 12 11 6 1 17 2 3 7
8
3 16 4 2 11 5 1 8 13 6 10 15 9 14 12 7 17
4 10 7 3 13 17 11 1 9 16 6 15 5 2 8 12 14
9
3 4 7 6 9 13 16 11 12 8 10 17 2 5 1 15 14
7 5 12 2 16 13 3 10 6 15 14 1 9 4 11 8 17
10
4 12 7 9 5 8 11 14 13 6 16 17 15 10 3 2 1
11 1 16 15 17 3 4 2 9 13 10 8 6 14 7 12 5
11
16 6 3 12 9 10 7 11 8 14 15 1 5 13 4 2 17
6 17 4 1 9 13 10 7 11 2 14 3 8 12 5 15 16
12
2 6 17 7 14 4 15 10 11 13 9 3 1 5 12 16 8
15 10 8 16 1 5 12 14 11 6 2 13 7 17 4 3 9
13
11 1 15 17 3 9 12 2 5 8 16 14 7 6 13 4 10
16 11 13 8 6 9 7 14 2 3 17 5 15 10 12 1 4
14
5 11 1 9 3 16 6 17 10 12 2 4 13 14 8 7 15
16 2 13 3 1 8 15 7 14 5 9 17 11 4 12 6 10
15
8 9 14 3 13 4 11 5 2 7 1 15 6 12 10 17 16
11 12 13 3 15 7 16 17 14 9 6 2 1 8 4 5 10
16
6 2 8 15 16 4 3 11 7 1 13 9 12 10 17 14 5
14 9 1 17 8 5 3 7 13 11 2 12 10 16 15 6 4
17
17 15 13 3 10 7 12 6 5 9 1 14 8 2 4 16 11
2 9 5 15 3 10 4 17 8 14 16 1 11 7 12 6 13
18
13 9 10 4 16 7 15 1 17 6 8 3 5 11 2 12 14
17 2 3 14 6 8 10 7 11 9 12 1 16 13 4 15 5
19
3 16 5 1 13 11 8 7 6 15 14 4 10 17 2 9 12
8 7 1 4 2 10 12 11 13 16 15 6 9 14 17 3 5
20
4 8 11 9 14 1 2 13 5 16 17 15 7 6 10 3 12
9 7 3 2 12 4 10 17 1 5 13 16 14 11 6 8 15
0
17
1 10 2 255 4 287 5 98 6 285 7 478 9 452 10 292 11 331 13 451 14 238
2 13 1 223 3 219 4 197 6 428 7 250 9 470 10 409 11 455 12 288 13 280 14 138 15 82 16 284
3 15 1 181 2 122 4 110 6 57 7 335 8 15 9 437 10 225 11 435 12 282 13 206 14 421 15 121 16 283 17 323
4 13 1 409 2 452 3 73 5 154 7 154 8 5 9 179 11 245 13 163 14 276 15 472 16 252 17 81
5 15 1 206 2 40 3 286 4 336 6 191 7 85 8 254 10 497 11 419 12 180 13 118 14 134 15 186 16 4 17 296
6 12 3 251 4 370 5 92 7 398 8 63 9 499 10 333 11 343 12 255 13 258 14 255 15 261
7 12 1 384 2 306 3 6 5 360 6 184 8 489 9 358 10 386 12 56 13 259 14 177 16 362
8 14 1 276 2 338 3 316 4 314 5 285 6 317 7 19 10 436 12 78 13 244 14 63 15 26 16 426 17 159
9 11 1 282 4 230 6 191 7 489 8 80 10 370 11 482 12 122 13 154 15 287 16 437
10 12 1 314 2 247 4 96 6 478 7 469 8 114 9 441 11 125 12 253 13 219 16 259 17 48
11 13 1 383 4 135 6 187 7 374 8 346 9 377 10 286 12 233 13 261 14 301 15 68 16 31 17 378
12 11 2 231 3 18 6 355 7 316 8 384 9 428 10 69 13 470 14 150 16 215 17 79
13 13 1 447 2 248 4 72 5 120 6 389 7 438 8 352 10 296 11 52 14 407 15 234 16 167 17 232
14 13 1 349 2 22 3 240 5 27 6 86 7 332 8 89 9 106 10 128 11 322 12 129 15 315 17 12
15 14 1 366 3 134 4 300 6 370 7 54 8 28 9 495 10 2 11 378 12 443 13 364 14 363 16 365 17 429
16 14 1 280 2 450 3 296 6 323 7 465 8 170 9 40 10 50 11 387 12 16 13 247 14 37 15 469 17 106
17 12 2 148 4 354 5 266 6 159 8 74 9 156 10 166 11 357 12 176 13 231 14 193 16 208
1
17 13 15 10 3 12 4 8 1 5 11 16 2 7 14 6 9
15 3 5 10 14 2 1 17 6 7 4 9 11 12 8 16 13
2
3 7 9 15 17 8 16 10 5 4 2 1 6 13 11 12 14
14 17 1 13 10 3 2 8 16 15 5 9 7 4 11 6 12
3
6 7 11 3 4 8 12 14 2 13 10 15 17 16 5 1 9
14 2 3 12 1 4 13 7 15 5 8 11 10 6 17 16 9
4
10 6 4 17 3 2 9 14 11 13 8 15 7 1 16 12 5
6 11 12 8 10 2 1 5 14 7 13 15 3 9 16 4 17
5
8 3 11 16 5 15 7 10 4 2 9 14 12 13 17 6 1
10 13 16 6 15 8 1 3 2 7 12 11 17 9 4 14 5
6
14 5 4 15 3 8 9 10 2 17 6 7 16 12 1 11 13
5 14 12 15 10 3 4 17 7 8 6 9 1 16 2 13 11
7
4 1 9 10 13 6 11 17 16 7 14 5 3 12 8 2 15
13 17 6 2 11 4 14 5 12 10 16 8 7 15 9 3 1
8
7 1 12 10 8 3 17 14 6 2 9 13 4 5 16 15 11
9 15 17 12 5 4 8 6 10 7 1 13 16 3 11 2 14
9
17 11 5 7 6 15 10 8 9 12 13 1 3 14 2 16 4
17 11 14 15 7 2 9 8 1 16 5 12 3 6 4 10 13
10
15 2 14 3 11 9 17 8 12 7 10 13 6 4 1 16 5
1 10 7 4 15 12 11 13 2 8 17 3 16 14 5 9 6
11
13 10 16 5 4 12 7 3 15 2 6 17 14 9 1 11 8
9 8 7 6 2 15 4 1 13 11 5 12 17 10 3 16 14
12
2 16 8 13 5 14 7 12 17 15 9 4 6 1 10 3 11
2 7 13 5 9 12 17 11 8 16 6 4 1 10 3 14 15
13
15 9 16 4 5 6 7 13 2 1 8 3 11 17 10 14 12
16 3 11 9 8 4 2 13 17 7 15 5 6 10 14 1 12
14
17 2 5 8 15 3 13 4 7 9 10 16 11 6 1 12 14
16 13 11 12 2 17 6 9 4 8 5 14 15 3 1 7 10
15
6 3 2 17 15 12 7 14 1 4 9 11 8 13 5 10 16
5 13 17 12 2 16 14 4 9 3 8 6 11 1 15 10 7
16
14 13 3 5 16 2 4 15 17 11 1 12 8 7 9 10 6
11 13 6 4 15 7 12 2 1 9 8 16 17 14 3 10 5
17
12 4 13 2 16 1 14 9 11 5 7 8 10 3 15 6 17
12 5 16 13 10 2 8 11 14 3 17 4 1 6 7 9 15
18
1 3 6 11 10 5 12 9 7 13 2 4 8 17 15 16 14
14 8 9 3 2 17 1 5 4 7 6 16 12 10 15 11 13
19
6 13 17 10 7 16 2 12 11 3 5 1 9 4 15 14 8
11 13 16 1 9 7 17 8 6 12 2 3 15 4 14 5 10
20
9 2 3 17 4 5 16 6 1 12 11 13 10 15 8 7 14
1 16 11 6 4 7 15 10 3 12 17 9 2 5 13 8 14
0
0
