10
1 8 2 23 3 195 4 271 5 494 6 178 7 164 8 19 9 137
2 9 1 429 3 118 4 307 5 186 6 292 7 38 8 339 9 110 10 17
3 9 1 385 2 375 4 94 5 27 6 159 7 42 8 387 9 365 10 136
4 8 1 154 2 485 5 86 6 10 7 112 8 360 9 177 10 166
5 8 1 307 2 268 3 38 4 144 6 300 7 17 9 36 10 39
6 9 1 102 2 431 3 383 4 453 5 114 7 198 8 205 9 336 10 234
7 7 1 98 2 182 4 315 5 137 6 196 8 142 10 174
8 8 1 89 2 179 3 115 5 77 6 365 7 422 9 387 10 451
9 6 1 381 2 287 3 461 4 185 5 240 10 222
10 7 1 306 2 375 3 417 4 377 5 288 6 357 7 51
1
1 7 6 8 3 5 2 10 9 4
1 3 9 8 7 5 10 2 4 6
2
6 9 8 3 2 1 4 10 5 7
1 10 4 9 7 6 3 5 8 2
3
8 7 9 4 2 5 1 3 6 10
5 8 2 10 6 4 3 1 9 7
4
9 10 5 1 4 6 2 3 8 7
10 4 5 1 2 6 7 9 3 8
5
2 3 8 5 1 4 7 6 10 9
2 3 6 8 10 1 7 5 4 9
6
7 6 1 9 3 5 2 8 10 4
3 8 10 1 5 4 7 6 2 9
7
4 10 6 7 1 9 5 8 3 2
8 7 2 4 5 6 10 1 3 9
8
8 4 9 7 1 3 6 5 2 10
4 8 7 10 6 9 3 5 2 1
9
4 3 7 6 2 1 10 9 8 5
5 10 9 6 2 1 8 3 7 4
10
10 2 7 6 8 4 3 9 1 5
4 2 8 7 10 3 6 1 5 9
11
3 8 6 1 5 7 9 2 4 10
5 2 3 1 7 10 8 9 6 4
12
5 10 8 4 3 7 6 1 9 2
7 3 4 6 8 5 9 1 2 10
13
10 9 1 7 4 8 2 3 5 6
7 3 5 6 10 4 2 1 9 8
14
8 6 9 3 10 1 2 4 5 7
3 8 2 7 10 5 1 9 6 4
15
6 2 9 4 1 8 10 7 3 5
2 10 8 1 3 7 5 6 4 9
16
8 7 5 4 3 10 2 1 9 6
3 1 9 2 7 4 5 10 6 8
17
2 9 1 8 7 3 5 10 4 6
2 1 6 3 5 9 10 8 7 4
18
3 7 2 10 8 4 1 9 6 5
8 10 1 3 2 4 9 5 6 7
19
2 10 4 7 1 3 8 5 9 6
6 10 1 2 8 3 9 4 5 7
20
3 4 9 2 10 1 8 5 7 6
2 8 10 9 7 3 5 6 1 4
0
10
1 8 2 76 4 91 5 434 6 187 7 239 8 215 9 471 10 70
2 5 1 51 3 119 4 442 8 203 10 370
3 8 1 173 2 121 4 91 5 452 6 255 7 59 8 333 10 500
4 8 1 79 2 477 3 105 5 361 6 379 7 191 8 489 9 176
5 8 1 5 2 168 4 484 6 298 7 76 8 469 9 473 10 414
6 7 1 203 3 387 4 97 7 166 8 395 9 416 10 458
7 8 1 455 2 82 3 492 4 459 5 469 6 202 9 179 10 201
8 8 1 196 2 490 3 355 4 392 5 3 7 453 9 496 10 336
9 8 1 317 2 66 3 313 4 252 6 204 7 468 8 493 10 34
10 9 1 94 2 245 3 387 4 380 5 14 6 465 7 98 8 93 9 420
1
5 10 9 6 4 2 7 3 8 1
1 6 3 5 8 9 7 4 2 10
2
10 4 7 8 9 3 1 6 5 2
9 2 4 1 7 8 6 10 3 5
3
4 1 3 6 10 7 5 9 2 8
3 2 8 7 6 5 4 9 10 1
4
9 3 10 5 4 8 6 2 7 1
10 1 2 7 5 4 6 3 9 8
5
3 8 6 7 9 2 4 5 10 1
10 6 8 3 1 4 2 7 5 9
6
5 9 10 4 2 7 3 8 6 1
1 10 5 4 9 7 6 2 8 3
7
5 2 10 9 6 3 1 4 7 8
6 5 3 9 2 1 8 10 7 4
8
1 8 7 2 3 5 10 4 6 9
4 5 9 10 1 2 6 8 7 3
9
4 6 7 1 9 5 8 10 2 3
7 8 3 6 4 1 5 10 2 9
10
9 6 8 10 4 3 5 1 2 7
1 9 3 5 8 10 4 2 6 7
11
9 5 8 10 3 7 4 1 2 6
1 7 8 2 4 5 9 3 10 6
12
9 10 4 8 2 5 7 6 3 1
5 10 9 2 3 4 1 8 7 6
13
4 3 7 8 1 5 2 10 6 9
1 8 2 7 3 10 6 5 4 9
14
1 9 6 10 7 2 8 3 5 4
7 10 3 8 6 9 4 2 1 5
15
4 1 7 5 2 10 3 9 6 8
10 1 5 9 7 3 8 4 6 2
16
9 2 5 7 6 10 8 1 3 4
4 5 10 3 2 8 7 1 6 9
17
5 7 1 2 3 6 9 4 10 8
8 3 10 4 2 1 5 7 6 9
18
5 7 4 2 9 3 8 6 10 1
10 2 7 5 3 9 1 8 4 6
19
3 1 7 5 6 4 10 2 8 9
2 5 3 9 6 10 7 8 4 1
20
5 8 1 10 6 2 9 4 3 7
9 4 6 3 10 7 8 5 2 1
0
10
1 7 2 17 3 493 4 281 7 163 8 418 9 446 10 69
2 6 1 178 4 475 6 14 7 132 8 69 10 101
3 9 1 434 2 21 4 114 5 191 6 28 7 319 8 96 9 74 10 66
4 8 2 403 3 278 5 160 6 196 7 494 8 182 9 387 10 78
5 7 1 15 2 397 4 420 6 30 7 83 8 367 9 445
6 7 1 94 2 241 4 47 7 211 8 251 9 45 10 63
7 6 1 368 2 201 3 79 6 332 8 197 9 166
8 5 2 326 5 358 6 276 7 449 10 444
9 7 1 47 3 391 4 158 5 359 6 237 7 242 8 120
10 7 1 461 4 279 5 221 6 479 7 45 8 358 9 355
1
3 10 1 5 8 7 9 6 2 4
9 3 2 8 4 6 10 5 7 1
2
7 3 8 6 5 1 10 2 9 4
4 8 2 9 6 7 1 10 5 3
3
4 5 9 2 10 6 1 8 3 7
1 10 2 8 4 6 7 9 5 3
4
4 9 3 10 2 8 5 7 1 6
4 2 1 3 5 9 10 8 6 7
5
4 1 3 6 9 7 10 8 2 5
3 5 8 2 7 10 6 9 4 1
6
1 7 6 8 9 5 4 3 2 10
8 2 3 5 1 6 7 9 4 10
7
9 7 5 8 1 6 10 4 2 3
5 2 4 1 7 9 8 3 10 6
8
10 5 1 7 8 2 4 6 3 9
8 3 6 10 5 1 4 2 9 7
9
6 10 4 3 9 7 2 5 8 1
2 1 8 10 5 6 4 9 7 3
10
9 5 3 10 6 7 1 2 4 8
2 6 1 3 10 9 7 8 4 5
11
3 9 2 10 1 6 8 5 4 7
5 8 4 9 3 6 10 2 1 7
12
6 10 5 4 7 8 1 2 9 3
1 7 10 5 9 8 6 3 4 2
13
2 6 5 1 4 10 7 9 8 3
2 9 7 5 3 6 1 10 8 4
14
1 10 3 5 6 9 2 8 4 7
2 5 7 3 6 1 9 10 4 8
15
9 5 3 4 1 8 6 2 7 10
10 3 4 6 7 8 5 9 1 2
16
5 8 10 4 2 1 3 7 9 6
10 9 3 7 4 6 1 8 2 5
17
7 6 3 5 10 2 4 8 1 9
1 3 9 6 7 8 5 10 2 4
18
3 2 4 5 7 10 8 9 1 6
1 9 3 10 6 8 5 7 4 2
19
10 5 9 6 3 8 1 7 4 2
4 1 9 7 6 10 8 5 3 2
20
6 2 7 4 9 5 3 8 1 10
8 10 1 6 7 3 9 5 2 4
0
10
1 7 2 193 3 336 5 54 6 119 8 124 9 144 10 215
2 9 1 41 3 224 4 163 5 348 6 472 7 343 8 115 9 287 10 402
3 6 2 262 5 255 7 273 8 197 9 281 10 480
4 9 1 56 2 83 3 88 5 178 6 3 7 170 8 146 9 432 10 328
5 7 1 470 2 347 3 140 6 204 7 472 8 78 9 422
6 8 1 359 3 295 4 336 5 366 7 220 8 135 9 264 10 186
7 7 1 312 2 243 4 186 5 345 6 300 8 295 10 171
8 8 1 68 2 162 4 103 5 474 6 479 7 186 9 192 10 187
9 6 1 337 2 402 4 418 5 174 6 146 8 412
10 6 1 208 3 357 4 191 5 376 7 307 9 131
1
6 3 9 4 1 8 2 5 10 7
6 2 3 8 4 5 7 10 9 1
2
1 3 9 6 4 5 10 2 8 7
7 1 5 9 2 4 8 6 10 3
3
6 8 10 5 1 3 9 4 7 2
7 5 3 10 9 8 6 2 1 4
4
1 4 2 10 9 8 3 5 6 7
8 10 9 7 5 6 2 4 3 1
5
1 10 8 2 9 4 7 3 5 6
10 2 4 9 8 5 1 6 7 3
6
10 3 2 7 9 8 4 6 5 1
1 10 7 5 6 4 3 2 9 8
7
10 3 6 2 9 8 5 4 7 1
2 9 10 6 8 4 7 1 3 5
8
10 8 6 7 2 3 4 5 9 1
7 8 10 2 6 4 9 5 3 1
9
4 6 3 1 10 5 8 9 7 2
7 3 8 1 10 2 4 5 9 6
10
2 3 6 7 10 5 4 8 9 1
4 9 2 3 7 8 10 6 5 1
11
4 5 10 6 2 9 8 7 1 3
9 8 1 5 2 3 10 6 4 7
12
10 7 1 2 9 6 5 3 8 4
9 4 1 6 8 5 2 10 3 7
13
8 7 9 3 1 5 2 4 10 6
8 6 2 5 10 7 9 4 3 1
14
3 6 5 4 10 1 7 2 8 9
7 2 5 6 10 3 1 9 8 4
15
10 8 5 9 7 4 3 2 6 1
9 6 5 7 3 2 10 4 8 1
16
8 7 9 10 5 2 3 6 4 1
9 4 7 5 6 8 10 2 1 3
17
1 2 4 9 8 5 6 3 10 7
10 2 4 3 9 1 7 6 5 8
18
4 3 8 2 9 5 1 10 6 7
4 1 10 3 6 5 9 7 2 8
19
9 8 5 7 3 6 2 4 10 1
1 3 10 8 9 7 4 6 5 2
20
4 2 8 5 7 1 9 6 3 10
8 10 7 6 4 1 3 5 9 2
0
10
1 7 2 417 4 438 6 118 7 391 8 490 9 417 10 322
2 8 1 329 3 246 4 224 6 160 7 402 8 334 9 100 10 55
3 6 1 21 2 299 4 16 5 144 6 437 7 33
4 9 1 324 2 81 3 388 5 298 6 187 7 163 8 3 9 212 10 88
5 6 1 73 2 256 6 396 8 263 9 380 10 344
6 8 1 259 2 335 3 289 4 372 5 315 7 151 8 279 10 360
7 7 1 60 2 4 4 389 5 483 6 490 8 283 10 189
8 9 1 447 2 353 3 146 4 181 5 235 6 250 7 360 9 37 10 196
9 8 1 22 2 405 3 114 4 458 6 360 7 178 8 87 10 144
10 7 1 277 2 232 3 251 4 225 5 371 8 387 9 85
1
9 6 5 8 1 10 3 7 4 2
3 8 1 9 10 4 5 7 6 2
2
9 3 10 1 7 6 5 8 4 2
2 3 8 5 6 10 7 9 4 1
3
9 5 4 10 6 7 3 1 8 2
2 1 5 6 8 4 7 9 3 10
4
9 4 6 7 1 3 8 2 10 5
2 1 6 10 3 7 8 5 9 4
5
7 4 3 8 5 2 9 1 6 10
5 1 3 9 4 10 7 2 6 8
6
3 8 4 6 10 2 9 1 7 5
2 7 9 1 8 4 6 10 5 3
7
4 5 2 9 10 6 8 7 3 1
2 7 10 1 5 9 6 3 8 4
8
7 2 5 8 10 6 1 9 4 3
10 6 3 7 4 2 1 8 9 5
9
6 4 9 3 8 7 10 2 5 1
7 6 2 8 10 5 3 1 9 4
10
5 3 7 10 8 4 9 1 6 2
7 4 8 9 6 5 1 3 2 10
11
4 5 8 6 3 9 1 10 2 7
3 6 7 8 1 4 9 2 5 10
12
5 4 9 7 2 8 10 1 3 6
2 6 8 10 7 9 3 4 1 5
13
4 5 10 9 1 2 6 8 3 7
5 6 10 9 7 8 1 4 3 2
14
7 10 5 3 1 8 9 4 6 2
3 7 5 1 4 2 10 8 9 6
15
2 7 9 5 6 3 4 10 1 8
7 9 1 2 10 6 8 5 4 3
16
2 1 10 8 3 6 9 5 4 7
8 9 1 5 10 2 3 6 7 4
17
8 2 4 3 6 9 10 1 7 5
10 2 4 6 1 8 3 5 7 9
18
10 5 6 8 4 1 3 9 2 7
8 10 5 1 6 7 3 4 9 2
19
4 7 2 6 5 8 10 1 9 3
4 2 1 5 3 6 10 8 9 7
20
6 3 8 1 5 9 10 7 2 4
4 9 7 5 3 8 10 2 6 1
0
10
1 7 2 404 3 88 5 407 7 215 8 152 9 402 10 156
2 8 1 223 3 379 4 344 5 205 6 231 7 189 8 48 9 395
3 7 1 355 2 235 4 229 5 394 7 331 8 82 9 169
4 3 1 384 3 477 6 457
5 7 1 28 2 150 3 413 7 188 8 37 9 140 10 71
6 8 1 111 3 30 4 214 5 186 7 29 8 417 9 492 10 155
7 9 1 98 2 41 3 228 4 423 5 28 6 92 8 433 9 90 10 459
8 7 1 458 2 448 4 361 6 125 7 325 9 457 10 32
9 7 1 176 2 253 3 205 4 373 5 77 6 319 7 396
10 7 1 146 2 145 3 262 4 315 6 382 7 331 9 195
1
5 2 6 8 10 9 4 1 7 3
10 1 4 7 3 9 8 5 2 6
2
2 3 5 7 4 1 10 6 8 9
4 8 2 9 10 7 1 6 5 3
3
8 5 4 9 7 2 6 10 3 1
6 7 9 10 8 2 5 3 1 4
4
5 7 1 10 2 4 6 9 3 8
6 9 1 5 4 8 10 3 2 7
5
5 7 4 3 2 9 6 8 10 1
9 6 5 3 4 1 8 10 2 7
6
2 4 1 6 9 7 8 10 5 3
10 9 6 1 8 4 2 5 7 3
7
3 2 1 9 10 5 4 6 7 8
7 4 6 1 10 3 2 5 9 8
8
7 3 8 10 5 4 2 1 9 6
3 9 8 1 2 5 10 4 7 6
9
2 1 9 5 4 7 8 3 10 6
2 3 1 7 9 10 8 5 4 6
10
10 9 6 2 7 4 8 5 1 3
8 5 6 2 7 9 3 1 10 4
11
9 4 1 8 3 5 7 10 6 2
4 1 6 10 3 8 2 7 9 5
12
7 8 5 2 9 4 3 6 10 1
2 10 8 1 5 6 3 7 4 9
13
6 5 9 8 1 10 4 7 3 2
4 3 6 10 5 7 2 9 1 8
14
4 9 1 5 10 2 7 6 3 8
9 10 8 6 5 3 2 7 4 1
15
5 2 10 1 4 6 9 7 8 3
8 9 2 3 7 1 10 4 6 5
16
2 9 7 5 4 6 1 3 8 10
4 1 5 9 10 6 8 2 7 3
17
5 3 10 7 9 2 1 6 8 4
1 4 6 5 2 10 7 9 3 8
18
5 10 7 3 4 8 6 1 2 9
1 8 9 2 10 6 4 5 3 7
19
8 4 10 5 3 1 7 9 2 6
4 10 7 1 8 5 3 2 9 6
20
1 7 2 6 3 4 5 10 8 9
10 3 5 9 1 2 6 8 4 7
0
10
1 6 2 195 4 308 6 492 7 285 9 9 10 189
2 6 3 387 5 82 7 295 8 122 9 94 10 493
3 9 1 134 2 482 4 300 5 89 6 36 7 268 8 182 9 12 10 396
4 8 1 201 2 251 5 237 6 282 7 198 8 64 9 495 10 53
5 9 1 85 2 468 3 52 4 132 6 215 7 415 8 168 9 411 10 313
6 6 2 340 3 491 4 161 5 370 9 349 10 206
7 8 1 233 2 375 4 156 5 22 6 118 8 286 9 279 10 215
8 7 1 144 2 198 3 1 4 445 5 16 9 152 10 332
9 9 1 140 2 158 3 16 4 55 5 47 6 386 7 430 8 497 10 76
10 7 1 28 2 451 3 168 4 75 5 60 7 330 9 472
1
3 4 6 5 7 10 2 9 8 1
3 7 2 8 9 10 1 6 5 4
2
2 8 4 3 1 9 10 5 7 6
2 4 5 8 3 9 1 6 10 7
3
6 9 8 1 3 7 5 2 10 4
9 10 2 5 4 6 8 3 7 1
4
2 3 4 5 6 1 8 10 9 7
2 6 7 9 3 1 10 8 4 5
5
5 1 6 3 8 4 7 2 9 10
4 9 10 2 3 5 8 1 6 7
6
9 3 2 8 6 5 7 10 4 1
10 8 5 3 6 9 2 7 4 1
7
1 3 8 9 6 2 10 5 4 7
6 8 5 3 1 7 2 10 4 9
8
9 4 2 5 7 1 3 10 6 8
8 2 3 7 5 4 9 10 6 1
9
9 2 8 4 3 5 6 10 1 7
10 2 6 7 1 9 8 3 5 4
10
7 3 9 1 2 10 8 5 4 6
2 3 10 6 7 1 4 8 5 9
0
10
1 9 2 300 3 103 4 480 5 302 6 144 7 188 8 139 9 128 10 463
2 2 4 231 10 303
3 7 1 176 2 48 5 280 6 148 8 72 9 299 10 63
4 9 1 155 2 497 3 424 5 351 6 277 7 422 8 12 9 213 10 267
5 9 1 491 2 451 3 292 4 119 6 399 7 145 8 433 9 391 10 119
6 7 1 383 2 498 3 145 4 444 7 42 8 470 9 284
7 6 1 66 2 199 3 65 5 324 8 10 10 17
8 8 2 137 3 202 4 445 5 414 6 206 7 296 9 437 10 86
9 5 1 226 2 271 3 385 4 478 7 369
10 9 1 362 2 397 3 388 4 98 5 213 6 204 7 145 8 111 9 160
1
2 10 4 7 5 9 6 3 1 8
4 1 7 6 10 5 9 3 8 2
2
1 7 4 8 2 3 5 9 6 10
3 9 4 1 7 6 10 5 2 8
3
5 1 3 6 8 4 9 7 10 2
1 6 9 10 7 8 5 3 2 4
4
6 3 10 5 7 8 9 1 4 2
6 4 3 9 2 10 1 5 7 8
5
5 8 10 4 9 3 1 6 7 2
3 5 2 6 9 8 1 7 4 10
6
3 6 5 10 2 9 7 4 8 1
10 4 2 5 6 7 8 1 3 9
7
5 10 9 2 3 7 4 6 8 1
6 9 3 2 8 10 7 5 4 1
8
7 6 3 1 2 8 9 10 5 4
1 2 10 6 9 4 8 7 5 3
9
3 1 6 7 2 8 10 5 9 4
1 5 8 3 4 10 9 6 2 7
10
7 9 1 6 3 10 8 4 5 2
3 2 8 7 5 10 6 9 4 1
11
10 7 8 2 5 3 4 6 1 9
9 3 8 5 6 2 1 7 10 4
12
3 9 5 7 10 8 6 2 1 4
1 2 8 6 7 4 10 3 9 5
13
1 2 4 9 3 8 5 7 10 6
6 7 5 1 2 10 8 4 9 3
14
1 3 2 8 5 10 6 4 9 7
9 1 7 4 6 3 8 10 2 5
15
5 6 8 10 2 9 1 7 3 4
4 8 6 7 9 10 5 3 1 2
16
5 3 1 9 8 7 6 10 4 2
3 4 6 1 10 5 2 7 9 8
17
4 8 7 5 10 1 6 9 2 3
2 6 10 5 7 8 9 1 3 4
18
5 6 8 3 10 9 1 7 4 2
3 8 10 7 2 5 1 9 4 6
19
1 2 8 6 7 3 4 10 9 5
5 4 8 1 9 10 6 7 3 2
20
5 7 10 2 6 3 4 1 8 9
5 6 10 1 2 4 3 9 8 7
0
10
1 7 2 138 4 347 6 92 7 216 8 173 9 53 10 495
2 9 1 379 3 406 4 164 5 176 6 369 7 107 8 21 9 22 10 65
3 8 1 368 2 40 4 260 5 451 6 371 8 401 9 131 10 21
4 8 1 439 2 42 3 218 5 236 6 248 8 81 9 484 10 186
5 7 1 324 2 341 3 317 6 143 7 499 8 477 10 186
6 5 2 72 3 11 5 28 9 416 10 390
7 7 1 54 2 256 3 499 4 471 5 497 8 109 10 224
8 7 1 219 2 329 3 228 4 407 5 112 7 142 9 340
9 6 3 266 4 38 5 256 6 71 7 386 10 93
10 7 1 100 2 409 3 397 4 459 6 274 7 398 8 460
1
9 1 10 3 8 4 2 5 6 7
6 8 5 2 7 9 4 10 1 3
2
6 1 10 3 9 2 4 8 7 5
9 3 5 8 2 10 4 1 6 7
3
3 2 6 10 4 7 5 8 1 9
5 8 9 2 3 7 10 6 1 4
4
8 1 10 5 9 3 2 6 4 7
7 10 3 6 4 9 1 8 2 5
5
4 1 7 5 8 2 10 6 3 9
1 4 8 7 3 6 2 9 10 5
6
7 4 8 10 1 6 2 3 9 5
9 3 6 7 8 10 1 5 4 2
7
4 6 8 7 9 2 3 10 1 5
10 4 3 5 8 2 7 1 9 6
8
4 5 1 9 6 2 3 10 8 7
9 4 10 1 2 5 6 7 3 8
9
1 2 10 6 5 7 9 4 8 3
7 1 10 2 8 4 6 9 3 5
10
8 10 2 6 1 5 9 7 4 3
9 6 5 10 3 7 1 4 2 8
11
7 8 2 10 6 5 3 1 9 4
6 7 5 1 9 4 8 10 2 3
12
7 9 6 3 5 8 2 1 4 10
9 8 3 7 2 4 6 5 1 10
13
10 6 8 7 5 3 2 4 9 1
3 4 1 9 5 10 6 7 8 2
14
5 8 9 6 3 4 10 1 7 2
1 9 8 4 2 3 6 5 7 10
15
9 10 8 1 3 4 5 7 6 2
8 4 2 9 5 3 1 10 7 6
16
3 4 7 2 10 9 1 5 6 8
10 3 7 9 6 4 5 2 1 8
17
4 5 2 1 10 9 7 6 8 3
10 8 2 6 3 7 5 4 9 1
18
5 4 10 2 9 6 1 7 3 8
8 9 10 2 7 5 3 6 4 1
19
9 4 6 10 7 5 3 1 2 8
6 5 9 8 10 3 4 2 7 1
20
1 10 8 9 3 5 7 4 6 2
2 1 7 6 5 4 10 9 8 3
0
10
1 8 2 87 3 380 4 243 5 427 6 273 7 275 8 337 9 365
2 6 1 190 3 417 4 49 5 326 8 449 9 386
3 6 1 206 2 58 4 271 5 449 8 196 9 382
4 8 1 11 2 251 5 497 6 274 7 239 8 476 9 338 10 305
5 7 1 360 3 313 6 399 7 47 8 178 9 444 10 404
6 8 1 18 3 143 4 36 5 98 7 434 8 142 9 362 10 274
7 7 1 178 3 299 4 59 5 345 6 52 8 366 9 445
8 6 1 386 2 353 4 211 7 170 9 264 10 49
9 7 1 400 2 207 3 74 5 306 6 312 8 8 10 460
10 8 1 125 2 458 4 376 5 399 6 405 7 122 8 223 9 21
1
6 1 5 2 7 3 4 10 9 8
4 10 9 3 5 2 1 8 7 6
2
9 1 6 3 5 2 8 7 4 10
4 9 3 8 1 5 10 7 2 6
3
10 8 1 4 9 3 7 6 2 5
5 2 6 10 9 8 3 1 4 7
4
10 3 5 1 4 9 6 2 7 8
9 1 5 3 7 8 6 2 10 4
5
10 9 6 8 5 4 1 3 2 7
5 7 3 10 2 9 8 1 4 6
6
1 10 6 5 7 2 9 4 8 3
8 1 3 7 9 10 2 4 6 5
7
1 4 7 9 10 8 2 6 3 5
1 10 9 6 4 2 7 3 5 8
8
7 3 8 6 1 2 5 9 10 4
10 7 6 3 4 9 5 8 2 1
9
10 2 3 4 5 7 8 6 1 9
3 2 10 6 7 1 4 8 9 5
10
6 1 4 3 2 9 7 8 5 10
6 5 9 7 1 4 3 10 8 2
11
1 3 5 7 9 6 8 4 10 2
3 10 5 8 1 7 2 9 4 6
12
8 3 9 6 4 1 2 5 10 7
1 8 7 10 6 5 4 9 2 3
13
7 4 2 5 10 6 1 8 9 3
4 6 5 1 8 10 3 9 2 7
14
10 7 2 1 6 5 8 4 3 9
5 8 6 10 3 9 4 1 2 7
15
9 3 7 10 1 4 6 8 5 2
2 4 8 3 1 7 5 9 10 6
16
6 5 1 7 4 8 3 9 2 10
7 9 8 4 2 10 1 3 5 6
17
1 4 10 2 8 9 7 5 6 3
4 5 9 7 10 6 8 3 1 2
18
4 7 1 6 8 3 10 9 2 5
8 9 1 4 3 2 5 10 7 6
19
6 3 8 5 7 4 10 1 9 2
2 10 9 8 6 3 4 1 7 5
20
3 2 5 4 8 9 1 10 7 6
3 10 2 9 4 7 5 1 8 6
0
0
