5
1 4 2 380 3 93 4 418 5 177
2 3 3 175 4 430 5 29
3 4 1 128 2 313 4 313 5 254
4 3 1 363 2 291 3 96
5 4 1 33 2 129 3 311 4 406
1
2 5 3 4 1
1 3 5 4 2
2
3 2 4 5 1
2 3 1 4 5
3
2 5 3 1 4
3 2 4 1 5
4
4 1 3 2 5
5 4 2 1 3
5
3 5 1 2 4
5 3 1 4 2
6
3 5 2 1 4
4 3 2 5 1
7
3 5 1 2 4
5 3 1 4 2
8
1 4 2 3 5
1 4 3 5 2
9
1 3 2 5 4
3 5 1 2 4
10
4 5 1 3 2
1 5 4 2 3
11
3 5 4 2 1
5 4 3 2 1
12
5 3 4 1 2
4 1 3 2 5
13
2 5 4 1 3
3 5 4 2 1
14
1 4 2 5 3
5 1 4 3 2
15
2 4 1 5 3
4 2 1 5 3
16
3 5 4 2 1
4 5 2 3 1
17
2 5 3 1 4
1 5 3 4 2
18
2 4 5 3 1
5 4 1 3 2
19
3 2 4 5 1
1 3 5 2 4
20
3 4 1 5 2
1 4 5 2 3
0
5
1 3 2 239 4 273 5 268
2 4 1 498 3 96 4 200 5 426
3 4 1 333 2 295 4 487 5 132
4 4 1 417 2 39 3 129 5 174
5 4 1 304 2 455 3 100 4 163
1
3 1 2 5 4
3 5 1 4 2
2
5 1 3 4 2
5 2 3 4 1
0
5
1 4 2 293 3 177 4 128 5 385
2 2 3 87 5 472
3 3 1 278 2 44 4 43
4 4 1 1 2 359 3 345 5 495
5 4 1 186 2 42 3 163 4 223
1
2 4 1 5 3
2 4 3 1 5
2
2 1 3 5 4
3 4 1 5 2
3
5 4 1 3 2
1 2 4 3 5
4
2 5 1 3 4
2 4 1 3 5
5
3 5 2 4 1
3 2 4 1 5
6
5 1 4 2 3
1 4 3 5 2
7
4 5 2 3 1
3 1 5 4 2
8
2 4 5 1 3
1 3 5 2 4
9
2 4 5 1 3
2 4 5 3 1
10
3 4 5 1 2
3 5 1 4 2
11
1 2 5 3 4
4 1 5 2 3
12
5 3 4 1 2
1 5 4 3 2
13
4 3 5 2 1
5 1 3 4 2
14
5 2 1 4 3
4 3 1 2 5
15
2 3 5 4 1
4 5 1 2 3
16
1 4 3 5 2
1 2 4 3 5
17
1 3 4 5 2
4 2 3 5 1
18
2 3 1 4 5
2 3 5 1 4
19
3 2 1 4 5
3 1 5 4 2
20
5 1 3 4 2
3 5 1 2 4
0
0
