24
1 18 3 2 4 9 5 247 6 371 7 95 8 371 9 84 10 128 12 3 13 493 14 61 15 257 16 26 17 110 19 47 20 72 21 85 23 302
2 18 1 208 3 298 4 13 5 269 6 170 7 432 8 105 9 461 12 33 13 112 14 407 15 177 16 18 18 283 19 366 20 430 21 84 22 493
3 18 1 451 2 190 4 125 5 245 6 192 7 50 8 448 10 239 13 292 15 210 17 279 18 41 19 265 20 260 21 426 22 267 23 115 24 29
4 18 2 386 3 186 5 199 6 219 8 393 9 105 10 445 12 41 13 322 14 300 15 180 16 255 17 83 18 128 19 201 22 452 23 385 24 308
5 17 1 63 2 96 4 102 7 402 8 89 9 191 10 310 11 424 12 18 14 164 17 333 18 287 19 301 20 20 21 334 22 96 24 60
6 21 1 16 2 419 3 283 5 246 7 108 8 387 9 394 10 282 11 305 12 245 13 375 14 386 15 229 16 87 17 114 18 313 20 323 21 195 22 362 23 435 24 188
7 19 1 401 2 116 3 300 4 90 6 165 9 165 10 205 11 238 12 487 13 448 14 308 15 39 16 328 17 428 18 430 20 400 21 264 22 13 24 478
8 18 1 175 2 435 4 381 6 103 7 376 10 383 11 499 12 292 13 458 15 315 17 348 18 218 19 37 20 433 21 86 22 299 23 371 24 304
9 13 3 194 5 282 6 491 8 229 13 296 14 383 15 406 16 333 17 274 20 56 21 186 23 421 24 19
10 17 1 65 2 121 4 70 5 93 6 325 7 104 8 101 11 266 12 152 14 231 15 374 16 405 18 271 20 267 21 378 22 87 24 496
11 18 1 441 2 204 3 197 4 361 5 258 7 293 9 51 10 373 12 252 13 354 14 17 15 334 16 176 17 265 18 363 19 380 20 51 24 249
12 14 3 225 5 492 6 36 7 40 8 413 9 163 10 399 11 146 14 85 15 316 16 216 20 160 21 448 24 72
13 16 2 258 3 245 5 160 6 185 7 276 8 438 9 139 10 428 15 29 16 268 18 45 19 24 20 5 21 421 22 208 24 481
14 21 1 70 2 229 3 227 4 217 5 309 7 375 8 204 9 101 10 500 11 292 12 132 13 419 15 446 17 495 18 317 19 276 20 451 21 127 22 452 23 77 24 328
15 17 1 192 2 101 3 428 4 64 5 376 6 108 7 244 8 436 9 385 12 172 13 421 16 21 17 170 19 162 20 11 22 278 24 441
16 21 2 211 3 322 4 53 5 288 6 218 7 67 8 56 9 329 10 346 11 197 12 326 13 67 14 145 15 149 17 312 18 292 19 254 20 419 22 360 23 116 24 140
17 21 1 366 2 315 3 111 4 427 5 352 6 187 7 493 8 459 9 289 10 214 11 372 12 254 13 1 14 16 15 96 16 393 18 210 20 433 21 163 23 307 24 36
18 19 1 370 2 373 3 100 5 72 6 123 7 155 9 378 10 131 11 226 12 133 13 237 14 9 15 134 17 347 20 64 21 30 22 237 23 411 24 419
19 16 1 24 3 278 5 405 6 250 7 122 9 139 11 426 12 173 13 1 14 67 15 498 16 380 17 70 18 265 20 318 24 265
20 16 1 171 2 328 3 208 5 294 6 387 8 122 9 305 10 385 11 307 12 305 13 299 14 484 18 328 19 4 21 447 23 492
21 21 1 116 2 376 3 155 4 371 5 52 6 468 7 429 8 84 9 84 10 254 11 359 12 61 13 162 14 83 16 328 17 287 18 301 19 256 20 127 22 189 23 439
22 18 1 283 2 315 3 311 4 185 5 10 6 313 7 323 8 185 9 108 10 394 11 170 13 39 15 326 18 182 20 122 21 95 23 131 24 456
23 16 1 418 2 183 3 101 4 409 5 41 6 294 7 332 9 173 10 26 11 313 14 230 17 128 19 370 20 252 21 468 22 480
24 18 1 151 2 122 3 321 4 307 5 436 6 279 7 243 8 288 9 330 10 449 11 95 12 318 13 389 17 236 19 91 20 227 22 17 23 254
1
7 3 5 20 10 18 15 17 16 24 22 4 9 13 12 11 19 23 1 6 2 14 21 8
11 21 22 7 6 12 13 23 1 17 18 3 4 5 16 19 8 15 14 24 9 10 20 2
2
7 13 14 20 5 18 1 2 15 24 11 8 22 17 16 12 3 21 4 6 23 9 19 10
19 14 7 8 21 1 5 22 18 12 17 3 2 16 11 13 4 20 24 6 10 23 15 9
3
11 19 16 23 22 6 5 2 10 21 18 8 13 20 17 4 12 1 3 7 24 14 15 9
8 21 1 22 3 19 23 12 10 5 18 15 2 24 13 17 4 14 16 6 9 7 11 20
4
22 23 5 13 16 3 9 4 14 17 1 18 21 20 6 10 11 15 19 7 2 24 8 12
9 11 17 8 12 20 24 4 16 13 19 22 1 5 14 23 2 7 15 3 10 18 6 21
5
16 5 2 11 6 9 3 18 13 23 4 10 15 14 17 20 8 1 19 21 7 24 12 22
3 7 14 23 21 18 6 12 16 1 24 4 5 8 13 22 15 10 20 17 11 9 2 19
6
21 16 11 14 13 6 8 7 19 20 2 24 4 3 23 12 10 18 22 9 15 5 1 17
17 3 11 18 23 22 5 2 16 6 1 9 7 8 21 12 13 14 20 19 4 10 15 24
7
21 12 18 14 19 6 23 9 5 2 22 3 1 13 10 16 20 17 11 24 8 4 7 15
5 8 13 6 1 12 20 14 17 24 18 23 3 19 10 21 22 2 15 11 4 9 16 7
8
21 24 23 12 2 22 3 17 20 15 14 19 9 4 8 10 6 16 13 5 18 11 1 7
20 22 11 6 24 15 3 9 2 14 13 1 16 10 21 23 12 4 7 17 8 19 18 5
9
1 17 22 24 12 3 9 20 2 15 18 23 10 21 11 6 14 4 7 8 19 16 13 5
16 19 13 12 18 11 2 14 10 9 8 5 21 1 4 24 22 3 23 6 15 17 7 20
10
24 2 7 4 17 19 18 5 23 22 8 14 11 21 13 10 9 1 3 16 20 12 15 6
5 3 24 1 21 17 22 11 10 20 13 14 2 15 12 6 4 8 18 19 9 7 16 23
11
21 9 12 14 22 2 6 15 18 7 13 1 10 11 24 3 20 16 5 17 4 23 19 8
17 15 13 20 12 1 6 21 24 8 2 4 23 18 14 11 7 10 19 5 9 3 22 16
12
19 18 6 12 24 15 23 3 2 4 22 16 9 7 17 21 11 8 13 14 5 10 20 1
2 14 3 18 23 22 9 8 19 6 21 20 24 17 7 11 5 12 16 1 15 4 13 10
13
8 4 11 7 3 6 24 15 12 21 18 17 10 22 1 13 23 20 19 5 16 2 9 14
10 16 14 15 20 17 21 1 7 24 8 2 12 6 19 13 11 18 5 23 22 3 4 9
14
9 4 5 21 22 10 11 15 12 20 16 23 14 13 3 8 2 6 24 18 19 17 7 1
5 10 14 20 23 11 8 18 7 15 1 9 3 13 12 2 6 16 24 4 17 22 19 21
15
15 21 8 23 14 11 24 18 19 10 1 20 13 5 16 17 6 7 12 9 3 4 22 2
15 13 1 8 2 21 24 10 20 6 9 23 12 22 4 16 17 18 19 14 11 7 3 5
16
14 5 10 3 20 16 9 21 7 23 6 4 24 18 22 11 1 13 15 12 17 19 8 2
12 3 6 13 5 1 21 23 10 2 19 9 14 18 15 17 20 8 22 4 7 11 24 16
17
4 6 11 10 9 17 16 7 13 23 5 21 19 1 2 15 8 24 20 14 22 18 3 12
18 2 20 21 23 5 11 16 15 12 4 14 24 6 19 22 1 8 10 7 13 9 17 3
18
17 20 2 16 8 1 11 7 19 10 23 14 24 4 9 13 22 12 3 15 18 6 21 5
17 20 3 4 1 14 5 10 13 16 7 9 11 15 23 12 8 24 19 2 21 6 18 22
19
7 5 16 20 19 12 18 15 3 6 14 13 4 22 24 17 11 10 9 1 8 2 21 23
10 16 20 7 17 11 13 23 15 21 3 5 14 18 6 22 8 24 9 2 19 12 1 4
20
19 22 6 14 8 4 12 5 23 7 24 18 9 16 2 21 11 17 13 15 20 10 1 3
21 6 17 16 19 5 11 2 24 4 18 12 20 13 22 9 1 8 14 7 3 23 15 10
0
24
1 18 2 16 3 11 4 53 5 484 6 495 7 102 9 472 10 207 11 59 13 362 15 313 18 236 19 55 20 260 21 74 22 133 23 309 24 23
2 16 1 113 5 458 6 273 8 479 9 123 10 471 11 250 12 173 14 413 16 103 18 205 19 82 20 333 22 10 23 86 24 228
3 20 1 397 2 142 5 156 6 426 7 340 8 464 9 130 11 396 12 423 13 498 14 100 15 43 16 497 17 440 18 83 19 276 20 461 21 495 22 315 24 382
4 16 1 187 2 149 5 150 6 419 7 139 8 224 9 388 10 421 12 463 14 447 15 222 18 361 19 156 22 342 23 2 24 25
5 20 2 72 3 44 6 126 7 215 8 60 9 55 10 447 11 248 12 259 13 412 14 30 15 373 16 5 17 440 18 217 19 427 21 209 22 259 23 196 24 25
6 14 2 191 4 59 5 183 7 415 9 395 10 381 12 422 14 34 15 80 17 429 21 460 22 264 23 404 24 35
7 18 2 4 3 148 4 132 5 206 6 479 9 234 10 62 12 31 13 157 14 260 15 413 16 301 17 146 18 253 19 299 20 336 21 165 23 299
8 21 1 38 2 5 3 81 4 487 6 94 7 413 9 64 11 373 12 389 13 174 14 75 15 21 16 17 17 216 18 336 19 94 20 16 21 56 22 341 23 263 24 180
9 18 1 427 2 21 3 40 4 266 5 139 6 212 7 494 11 272 12 220 14 225 15 269 16 368 17 5 18 319 20 248 22 218 23 354 24 347
10 17 1 83 2 122 3 273 4 166 5 161 6 326 8 375 9 69 11 138 12 333 15 16 18 348 20 100 21 265 22 478 23 186 24 31
11 21 2 236 3 418 4 300 5 175 6 297 7 461 8 83 9 206 10 243 12 255 13 298 14 304 16 76 17 283 18 236 19 360 20 270 21 443 22 316 23 71 24 119
12 18 1 206 2 99 3 4 4 160 5 214 7 265 9 377 10 108 11 291 13 397 14 500 15 118 16 420 17 493 18 46 19 129 20 267 23 298
13 17 2 105 3 17 5 406 6 391 7 271 9 228 10 169 11 253 12 327 14 359 15 228 17 222 19 419 20 216 21 59 23 111 24 292
14 18 1 418 2 104 3 272 4 457 5 352 6 497 7 200 10 326 11 478 12 149 13 488 16 76 17 129 19 232 20 436 21 467 22 316 23 231
15 18 2 498 3 182 4 4 5 38 6 261 8 227 9 97 10 368 11 309 12 66 13 295 14 160 17 15 18 454 20 157 21 25 22 265 24 47
16 16 1 319 2 295 3 246 4 321 5 379 6 186 8 273 12 56 13 158 17 281 18 385 19 414 21 49 22 392 23 444 24 214
17 20 1 69 3 31 4 18 5 65 6 83 7 212 8 398 9 80 10 163 11 426 12 405 13 278 14 172 16 22 18 307 19 184 21 298 22 245 23 475 24 479
18 18 2 57 3 42 4 302 5 470 8 221 9 93 10 164 11 129 13 422 14 70 15 147 16 418 17 241 19 145 20 9 21 404 23 408 24 66
19 19 1 449 2 38 3 312 6 41 7 13 8 128 10 17 11 7 12 59 13 255 14 168 15 229 16 353 18 425 20 430 21 377 22 7 23 241 24 400
20 22 1 498 2 69 3 167 4 349 5 70 6 261 7 53 8 175 9 104 10 483 11 190 12 153 13 195 14 410 15 135 16 63 17 194 18 81 19 404 22 339 23 297 24 167
21 19 1 413 2 403 4 492 5 457 6 359 7 17 9 128 10 398 11 460 12 385 14 435 15 14 16 497 17 360 19 245 20 380 22 180 23 224 24 421
22 17 1 120 2 45 3 337 4 255 7 9 8 354 10 20 11 76 12 360 14 336 15 476 16 458 17 327 18 356 19 453 21 202 24 18
23 19 1 310 2 394 4 454 5 207 6 346 7 355 8 96 9 427 10 156 11 387 14 223 15 392 16 226 18 293 19 364 20 64 21 459 22 27 24 149
24 17 2 2 4 173 5 33 6 377 7 79 9 373 10 208 11 439 12 165 13 71 14 479 15 427 16 371 18 242 20 447 21 200 22 16
1
24 8 19 22 18 7 21 1 15 16 9 13 12 23 5 20 6 11 2 17 14 3 4 10
8 10 17 12 19 11 23 3 7 24 16 13 18 6 4 14 1 15 2 22 5 9 20 21
2
20 13 19 11 21 10 22 24 8 12 15 3 5 23 7 6 18 17 14 1 16 9 2 4
21 11 20 12 14 8 3 23 2 4 6 5 7 9 13 10 24 19 17 22 15 1 18 16
3
20 17 3 10 2 15 24 11 12 23 4 7 21 22 19 16 14 8 6 1 18 13 5 9
19 23 7 5 24 14 15 2 18 9 17 16 13 11 4 20 21 3 22 6 8 10 12 1
4
19 6 21 23 14 13 24 10 20 16 8 1 9 22 2 7 18 5 15 4 17 3 12 11
11 15 8 1 5 2 18 21 4 20 22 3 24 19 17 13 7 14 12 9 16 6 10 23
5
17 20 13 8 14 2 12 11 6 18 1 15 10 19 9 4 7 16 5 21 23 24 22 3
23 7 14 24 21 10 11 19 22 2 5 15 4 6 18 20 12 17 8 1 16 9 3 13
6
1 13 6 19 14 18 9 2 11 16 3 8 23 15 10 24 21 22 4 17 7 5 20 12
14 11 15 6 21 22 10 19 24 16 17 13 7 9 5 3 20 12 18 2 1 4 23 8
7
1 23 19 15 5 6 10 7 8 20 18 16 24 22 14 13 21 11 4 3 9 17 12 2
8 4 6 16 20 7 1 12 21 19 9 15 11 22 3 18 2 13 14 23 5 17 24 10
8
6 10 3 16 12 18 9 21 4 14 15 19 7 5 8 23 20 22 1 17 2 24 13 11
11 24 23 19 6 21 17 12 4 22 14 3 20 15 10 2 9 13 18 7 8 16 5 1
9
3 8 13 1 20 10 21 23 14 17 11 19 2 6 4 18 22 24 9 15 5 12 16 7
23 10 7 16 1 3 8 12 9 4 19 11 15 13 14 18 21 20 24 17 5 6 2 22
10
22 20 4 19 13 1 9 2 7 24 21 16 6 5 10 15 23 11 14 8 17 12 18 3
7 22 4 8 14 9 2 3 12 6 20 18 11 5 15 13 17 21 23 16 19 10 24 1
11
18 9 11 20 12 14 24 6 16 23 22 21 13 5 8 19 15 2 1 17 10 7 4 3
9 3 8 10 1 16 6 22 7 13 21 23 19 15 24 14 12 18 2 20 17 11 5 4
12
15 18 2 13 14 7 3 8 6 1 17 12 10 11 4 5 9 19 22 16 23 21 20 24
7 13 2 3 11 4 14 20 6 12 5 21 17 15 8 1 24 18 10 19 22 9 23 16
13
23 2 3 1 12 10 6 5 9 22 8 20 11 17 24 14 18 4 21 16 19 7 15 13
22 14 2 24 8 12 10 17 19 21 4 15 7 3 9 6 5 1 11 20 13 23 18 16
14
7 8 19 17 5 6 24 10 1 13 2 22 14 16 3 15 20 12 21 18 11 4 9 23
11 14 8 13 16 23 1 17 20 5 18 21 15 2 10 3 4 22 24 12 19 7 6 9
15
20 15 22 11 18 1 4 16 13 21 6 14 23 7 19 5 8 3 2 12 9 24 10 17
4 12 5 18 20 21 9 14 15 3 13 22 17 19 23 1 7 16 11 8 24 6 10 2
16
15 11 5 9 17 24 1 22 3 19 13 8 18 12 21 20 6 2 7 14 23 10 16 4
11 17 14 13 22 9 20 24 2 19 6 23 15 21 7 1 4 8 18 12 5 16 3 10
17
21 16 15 2 24 8 17 14 10 5 11 7 22 9 6 20 13 4 1 18 12 3 19 23
7 17 22 16 12 5 4 1 19 8 2 6 21 24 15 9 11 23 18 13 3 10 14 20
18
1 3 10 23 18 7 11 5 15 22 12 20 9 2 21 8 16 13 14 24 6 17 19 4
11 5 4 7 3 20 21 14 23 1 17 10 16 8 22 9 6 12 18 13 19 15 24 2
19
23 9 10 21 15 22 6 16 24 12 14 4 18 17 20 19 1 3 11 7 8 2 5 13
15 4 19 24 21 22 2 10 9 16 13 5 1 20 11 18 12 14 17 7 3 23 6 8
20
13 14 17 21 3 1 24 11 5 16 15 23 12 4 18 20 19 2 22 7 10 6 8 9
4 23 7 17 8 22 5 20 15 6 2 24 9 21 16 3 12 18 1 11 19 13 10 14
0
24
1 18 3 157 4 112 7 406 8 485 9 405 10 96 11 226 12 483 13 293 14 93 15 268 16 212 18 161 19 452 21 448 22 271 23 205 24 171
2 15 1 70 3 392 4 337 5 378 8 294 9 188 12 359 13 21 14 225 15 459 16 193 17 434 20 380 21 179 22 191
3 16 1 262 4 192 5 62 8 8 9 375 12 472 13 425 14 129 15 425 16 137 18 500 20 328 21 152 22 393 23 169 24 382
4 18 1 242 2 146 3 487 6 277 7 120 8 288 9 181 11 355 12 143 14 237 15 69 16 325 18 109 19 376 21 80 22 413 23 106 24 461
5 15 2 427 3 260 4 318 6 155 7 133 8 76 10 114 12 199 13 371 14 310 15 4 16 448 20 455 21 203 24 179
6 18 1 107 2 429 3 142 4 498 5 376 7 285 8 69 9 298 10 399 12 431 14 426 16 312 17 163 18 102 19 314 20 387 23 192 24 405
7 19 2 381 3 420 4 352 5 306 6 2 8 154 10 458 11 100 12 413 14 500 15 436 16 315 17 317 18 399 19 220 21 37 22 93 23 487 24 114
8 22 1 411 2 298 3 29 4 14 5 281 6 295 7 443 9 85 10 56 11 472 12 116 13 326 14 288 15 173 16 46 17 310 19 432 20 229 21 414 22 27 23 327 24 475
9 19 1 112 2 187 3 413 4 8 5 62 6 72 10 72 11 323 13 486 14 59 15 348 16 467 17 16 18 312 19 203 20 134 21 291 22 152 23 125
10 16 1 149 2 4 3 360 6 241 7 36 8 154 9 154 11 92 12 299 14 336 17 52 18 493 19 212 21 482 23 242 24 461
11 19 1 232 2 107 3 265 5 49 6 296 7 103 8 349 9 37 10 319 12 89 13 219 14 454 15 155 18 9 19 411 20 497 21 389 23 348 24 216
12 17 1 454 2 428 3 139 4 297 6 91 7 224 8 482 9 40 11 468 13 32 14 132 15 255 18 397 19 175 20 311 21 314 23 285
13 21 1 327 3 88 4 326 5 37 6 473 7 157 8 478 9 191 10 158 11 34 12 320 14 430 15 63 16 238 17 143 18 469 20 17 21 456 22 31 23 357 24 482
14 19 2 246 3 96 4 45 5 348 6 51 7 232 8 408 9 119 10 418 11 195 12 130 13 283 16 37 17 386 18 282 19 109 20 264 23 316 24 106
15 16 1 136 2 31 3 396 5 69 6 467 8 223 9 177 10 428 11 21 14 194 17 313 19 264 20 178 21 334 22 2 23 72
16 17 1 110 2 25 3 277 5 329 6 11 7 327 12 59 13 169 14 22 15 195 17 132 18 48 19 25 20 279 22 296 23 338 24 355
17 19 1 428 2 424 3 334 4 483 5 363 6 214 7 18 8 262 10 434 11 106 13 218 14 366 15 28 16 161 18 250 19 376 21 382 23 255 24 50
18 17 2 459 3 381 4 200 5 336 9 118 10 292 11 36 13 229 15 83 16 32 17 494 19 361 20 418 21 38 22 430 23 393 24 470
19 21 1 478 2 500 3 212 5 428 6 304 7 349 8 485 9 246 10 233 12 402 13 94 14 108 15 195 16 307 17 219 18 231 20 289 21 321 22 316 23 353 24 194
20 17 2 48 3 224 4 378 5 300 6 96 7 37 10 316 11 123 12 402 13 204 15 105 16 19 18 40 19 194 21 391 23 345 24 38
21 19 1 339 2 198 3 323 4 448 5 356 6 388 7 159 8 485 10 252 11 378 12 190 14 389 15 184 16 87 17 129 18 166 20 226 22 143 23 288
22 18 2 497 3 166 5 408 6 497 7 434 8 450 10 398 12 190 13 357 14 1 15 296 16 85 17 97 18 476 19 154 21 443 23 3 24 448
23 18 1 365 2 268 3 247 4 416 6 151 8 339 9 168 10 25 11 334 12 243 14 494 15 157 16 458 18 425 19 87 21 370 22 494 24 189
24 17 1 75 2 368 3 160 4 442 5 191 6 336 7 101 8 163 11 270 12 86 13 429 16 402 18 399 19 470 20 432 22 178 23 114
1
23 6 17 13 7 2 1 24 12 20 15 10 14 4 11 21 19 22 5 9 16 18 3 8
23 3 10 16 21 12 20 17 11 15 14 9 22 18 24 4 7 19 1 6 2 8 13 5
2
8 5 22 11 13 6 4 14 9 3 7 17 16 2 20 15 10 24 21 23 12 1 19 18
19 17 20 15 7 4 11 12 5 13 22 10 23 16 9 18 2 24 8 14 3 1 21 6
3
19 5 13 12 21 17 14 6 2 23 4 10 18 20 9 11 3 22 16 7 24 1 15 8
15 17 5 8 4 20 16 7 10 18 6 14 22 1 11 9 23 12 19 24 3 21 2 13
4
9 13 16 7 12 6 10 1 5 23 14 4 20 3 2 15 24 8 22 17 11 21 18 19
19 12 8 21 24 20 1 6 14 22 9 13 18 2 15 11 10 23 3 4 17 7 16 5
5
24 22 23 5 19 6 7 14 15 12 9 10 16 20 8 3 13 18 21 11 1 2 4 17
2 10 19 16 8 15 20 14 17 1 22 4 21 24 9 7 13 23 6 18 5 11 3 12
6
18 19 9 21 20 11 15 23 24 22 2 17 7 16 12 10 5 1 6 4 14 3 13 8
3 12 4 22 8 10 17 5 15 1 24 2 9 16 11 18 21 23 6 14 19 13 20 7
7
1 4 13 7 2 14 12 20 19 24 17 6 21 15 9 11 18 5 23 22 3 10 8 16
21 12 9 1 14 6 4 19 5 22 7 11 18 8 3 20 15 13 17 10 2 23 24 16
8
1 6 5 14 11 4 2 10 19 24 20 7 3 22 8 21 13 12 23 9 15 17 16 18
15 6 9 10 20 19 11 7 24 5 17 12 3 1 22 18 21 4 2 16 14 13 8 23
9
5 14 7 11 2 20 24 1 9 15 4 8 10 3 19 22 21 13 12 17 23 18 6 16
20 21 19 5 3 11 16 12 4 14 13 18 10 6 2 17 8 24 7 9 1 23 22 15
10
6 4 15 9 20 5 12 19 2 18 22 24 11 1 21 8 3 10 7 16 14 13 17 23
23 13 4 14 21 1 5 22 16 18 7 24 17 19 2 10 9 15 20 11 8 3 12 6
11
15 13 8 2 16 1 19 12 14 9 10 5 3 7 6 11 17 23 4 18 21 24 22 20
23 8 21 12 9 3 22 18 13 19 24 5 10 1 14 11 16 17 2 7 15 6 4 20
12
3 17 22 23 5 21 11 20 15 16 12 14 24 7 2 18 9 4 19 1 6 13 10 8
11 23 1 18 21 10 5 24 16 6 14 4 19 3 17 22 9 7 2 13 12 15 20 8
13
13 21 17 4 19 18 16 9 6 2 15 22 24 23 5 8 20 3 7 14 11 12 1 10
7 16 11 23 15 10 9 17 5 22 13 19 2 20 21 3 18 12 6 8 1 4 14 24
14
16 9 12 22 8 7 15 13 3 14 18 4 21 10 19 2 20 23 17 11 5 1 6 24
2 19 11 3 15 7 21 22 6 10 20 12 14 1 24 17 16 18 4 9 23 5 13 8
15
4 19 5 9 18 8 20 24 22 6 13 7 16 21 1 17 10 14 11 3 15 12 23 2
12 17 23 24 8 4 1 21 20 9 6 11 14 13 3 5 18 22 16 19 7 2 10 15
16
20 10 18 13 3 21 23 24 2 14 12 4 11 5 15 17 7 8 16 22 19 1 9 6
22 18 20 17 1 4 10 12 3 6 24 13 9 21 16 19 14 23 5 2 15 7 11 8
17
6 21 18 14 24 3 19 22 23 11 5 9 2 8 13 17 15 4 20 10 12 7 16 1
21 19 23 9 11 13 10 6 18 15 22 2 24 1 3 7 8 5 14 4 16 17 20 12
18
22 11 1 13 4 18 3 19 7 21 10 17 6 14 20 12 16 24 9 8 2 5 15 23
15 12 13 6 17 5 8 14 11 24 7 16 21 22 19 10 2 23 18 9 4 20 1 3
19
11 23 18 17 3 22 12 2 19 21 5 24 14 6 9 8 16 10 20 1 4 7 13 15
15 14 8 4 23 2 21 17 10 1 24 7 9 3 5 11 6 16 12 22 19 13 18 20
20
6 7 2 22 11 16 14 21 19 13 12 15 18 3 17 8 10 1 23 20 5 4 24 9
16 22 19 18 9 4 24 6 23 21 1 8 5 15 2 10 20 7 13 3 12 14 17 11
0
24
1 17 5 141 7 495 8 168 9 109 10 123 11 354 12 250 13 82 14 396 15 280 16 34 17 131 19 167 20 428 21 143 23 149 24 482
2 16 1 481 4 240 5 479 6 43 7 355 8 16 9 279 10 387 11 398 12 101 14 85 15 371 19 245 22 396 23 88 24 251
3 17 2 432 5 447 6 226 7 455 8 264 9 186 10 437 11 400 13 2 15 291 17 296 18 16 20 188 21 359 22 134 23 280 24 315
4 19 2 486 3 260 5 8 6 25 7 218 8 450 9 88 10 29 11 128 12 380 13 98 14 369 15 237 16 378 17 318 19 292 20 203 23 443 24 355
5 18 1 221 3 321 4 122 7 196 10 498 11 477 12 179 13 228 14 88 15 421 16 62 17 60 18 22 20 366 21 127 22 39 23 473 24 226
6 19 1 408 3 67 4 83 5 282 7 487 8 243 10 240 12 164 13 63 15 497 16 300 17 377 18 378 19 86 20 121 21 168 22 141 23 171 24 63
7 16 1 47 2 25 3 92 4 102 5 487 6 226 8 61 10 455 11 254 12 48 15 218 16 199 17 24 18 113 20 139 23 158
8 21 1 459 2 476 3 33 4 23 5 481 6 96 7 213 9 29 10 158 11 220 12 138 13 65 14 294 16 219 17 414 19 121 20 165 21 493 22 312 23 80 24 94
9 14 2 216 3 70 4 329 6 105 7 228 8 228 13 114 14 400 15 315 18 256 19 355 20 310 22 455 23 46
10 19 1 214 2 473 3 86 5 316 6 421 7 362 9 122 11 428 12 181 13 373 14 403 15 20 17 439 18 116 20 449 21 232 22 221 23 290 24 488
11 16 1 379 3 298 5 311 8 178 9 239 10 176 12 235 13 265 14 280 15 372 16 454 17 319 18 157 19 448 22 112 23 451
12 19 1 107 2 285 4 212 5 28 6 252 7 363 8 195 9 318 11 90 13 491 14 386 15 165 16 221 17 52 20 381 21 362 22 195 23 411 24 358
13 18 3 395 4 167 5 219 6 479 7 227 8 47 9 27 10 65 14 10 15 137 16 22 17 187 18 437 19 411 20 312 21 267 23 99 24 238
14 19 1 343 2 328 3 484 4 366 5 310 6 274 8 126 9 487 10 78 11 497 12 338 15 242 18 342 19 6 20 163 21 333 22 188 23 163 24 84
15 16 2 421 3 349 6 135 7 421 9 27 11 99 12 305 13 270 16 369 17 345 18 456 19 1 20 267 21 109 23 155 24 63
16 17 1 343 2 268 3 175 5 34 7 137 8 411 9 384 12 323 14 177 15 65 17 220 19 323 20 187 21 10 22 402 23 117 24 126
17 18 1 329 2 45 3 233 5 476 7 223 9 98 10 153 12 358 13 278 14 341 15 64 16 195 18 331 19 155 20 64 21 177 23 289 24 176
18 20 2 16 3 23 4 166 5 439 6 198 8 127 9 262 11 377 12 481 13 209 14 36 15 220 16 412 17 58 19 124 20 481 21 284 22 90 23 211 24 480
19 18 1 184 2 31 4 496 5 213 7 135 8 242 9 138 10 451 11 197 13 150 15 367 16 2 17 244 20 325 21 409 22 362 23 78 24 255
20 19 1 475 2 479 3 370 4 85 6 165 7 62 9 492 10 223 11 321 12 461 13 464 14 411 15 277 16 391 18 407 19 56 22 329 23 139 24 87
21 20 1 355 2 372 3 149 4 197 5 219 6 440 7 67 8 50 9 142 12 272 13 364 14 143 15 115 16 262 17 364 18 305 19 174 20 60 23 381 24 142
22 17 1 392 2 16 3 94 4 381 5 196 6 261 7 188 8 384 9 153 13 65 15 192 17 3 18 52 20 274 21 125 23 73 24 339
23 19 1 140 2 484 3 148 4 434 6 208 7 264 8 105 9 466 10 179 11 95 12 109 13 100 14 487 15 356 16 385 17 362 19 199 20 434 22 421
24 18 1 471 2 167 3 273 4 444 5 479 7 132 8 305 9 420 11 402 12 385 14 401 15 91 17 473 18 52 19 14 21 460 22 360 23 412
1
2 22 13 10 14 9 11 6 21 18 5 16 4 19 3 12 7 1 23 24 20 17 15 8
14 8 22 3 24 10 15 23 21 9 16 13 6 7 4 17 1 5 12 11 19 18 2 20
2
13 2 1 6 24 9 17 22 3 20 23 8 19 4 14 15 10 5 16 11 7 18 21 12
6 18 1 5 21 2 10 16 24 14 3 8 23 17 4 19 15 13 12 20 22 7 9 11
3
20 14 10 22 15 3 18 7 1 24 16 17 19 9 6 12 13 21 23 4 5 2 11 8
21 18 8 6 1 3 23 13 11 15 19 4 20 17 5 14 2 7 9 10 22 24 16 12
4
1 16 22 8 17 13 6 4 10 2 11 5 23 9 20 15 21 3 12 7 18 19 24 14
22 21 19 10 18 14 15 11 8 1 9 13 5 16 20 12 2 23 3 4 6 24 17 7
5
7 9 10 19 12 22 18 3 1 20 17 2 6 11 14 15 13 23 8 21 24 16 4 5
4 11 17 19 10 21 3 7 14 2 18 12 23 1 8 6 24 5 16 15 20 13 9 22
6
1 2 12 15 23 8 24 16 17 20 21 11 19 7 3 6 10 5 13 18 4 9 22 14
14 9 22 20 8 3 19 21 6 17 16 4 10 2 23 11 13 15 24 12 18 5 1 7
7
18 8 11 6 19 20 4 3 17 21 24 5 13 22 7 2 16 9 15 23 12 14 10 1
15 21 13 7 3 12 16 4 5 8 1 23 2 14 18 17 20 6 19 11 10 22 9 24
8
22 9 4 12 6 5 23 7 2 8 18 13 11 21 14 17 24 20 19 1 15 16 10 3
14 4 11 19 16 5 21 7 1 8 23 18 20 22 6 12 24 10 13 3 15 9 2 17
9
22 2 20 17 4 13 6 14 18 8 21 7 23 24 16 9 10 3 15 5 11 1 12 19
11 12 4 18 8 21 10 16 24 17 7 23 19 14 15 2 3 9 13 1 5 20 22 6
10
3 11 9 23 19 8 13 15 20 16 4 5 12 14 17 21 10 6 22 24 1 18 2 7
24 17 22 5 7 23 14 10 15 20 1 19 16 3 9 13 8 2 12 11 18 6 21 4
11
6 15 21 14 23 20 4 19 24 5 16 3 2 18 13 17 9 7 12 22 1 8 10 11
7 4 10 3 8 22 11 24 17 6 5 20 9 2 16 15 14 23 12 18 19 1 21 13
12
5 23 13 24 10 6 9 12 14 8 19 4 7 3 1 15 20 17 21 11 16 2 18 22
7 14 6 13 19 17 15 16 24 18 12 9 21 8 1 20 10 3 5 2 11 22 4 23
13
18 6 24 19 2 1 15 21 5 12 20 8 3 13 23 11 17 7 9 14 16 22 10 4
6 4 7 19 23 8 12 13 21 15 3 1 16 22 2 9 10 18 17 11 5 14 24 20
14
22 13 17 24 16 23 18 14 10 2 19 7 3 11 1 21 20 15 4 8 12 9 6 5
7 22 10 4 14 1 19 11 18 13 21 23 2 15 12 17 6 3 24 20 5 8 9 16
15
10 7 4 20 13 9 14 8 21 19 1 23 17 22 18 5 2 11 16 12 24 6 3 15
16 1 9 22 6 14 13 24 7 17 12 15 8 2 5 20 4 18 23 3 10 11 19 21
16
6 16 9 11 22 3 1 10 8 13 15 7 23 24 2 14 20 18 4 17 12 19 21 5
14 7 19 13 6 5 18 8 22 20 24 2 15 4 10 21 12 3 16 23 17 1 9 11
17
6 2 1 14 17 23 24 13 5 22 11 8 10 12 9 20 18 19 7 21 15 16 4 3
4 22 3 13 14 2 20 17 8 11 10 15 7 12 24 6 5 23 16 9 21 19 1 18
18
16 3 19 18 13 1 14 9 23 22 12 4 21 11 6 5 15 2 20 24 8 17 7 10
12 4 9 13 20 19 10 22 24 23 3 8 2 11 21 15 7 14 17 18 16 5 6 1
19
9 4 2 22 11 20 15 18 7 16 8 3 21 17 14 24 19 1 5 12 10 6 13 23
4 7 10 2 20 8 21 17 24 12 19 11 22 18 23 14 1 9 3 15 6 5 13 16
20
2 7 8 17 16 14 10 18 11 23 19 9 6 1 4 5 3 12 20 22 15 24 13 21
19 17 10 12 8 7 20 11 24 5 15 22 2 1 14 4 13 6 3 16 21 9 18 23
0
24
1 20 2 372 3 283 4 327 5 131 6 233 7 220 8 328 9 158 10 139 11 119 14 373 15 235 16 465 17 310 18 176 19 390 21 46 22 389 23 163 24 286
2 19 1 324 3 115 4 1 5 244 6 131 7 274 9 203 10 238 12 444 13 318 14 138 15 431 16 110 17 234 18 395 19 418 21 472 22 336 23 395
3 18 1 292 4 312 6 427 7 313 8 407 9 114 10 35 11 438 14 370 15 195 16 355 17 190 18 75 19 239 20 324 22 252 23 28 24 37
4 18 1 151 2 307 3 388 5 288 6 256 7 408 9 393 10 423 12 35 13 195 14 90 15 178 16 65 18 493 19 337 21 33 22 8 24 197
5 18 1 265 2 2 3 471 4 242 7 303 8 310 9 321 10 114 13 249 14 100 16 27 17 6 18 458 19 175 20 176 21 94 23 269 24 473
6 17 1 232 2 189 3 362 4 140 5 431 8 103 9 405 11 95 13 201 14 43 16 430 18 220 20 291 21 112 22 314 23 272 24 65
7 20 1 282 2 289 3 64 4 48 5 454 6 252 8 137 9 40 11 210 12 140 13 25 14 485 15 23 16 49 19 72 20 396 21 189 22 496 23 381 24 396
8 16 1 64 2 305 4 490 5 343 6 133 9 443 11 402 12 292 14 265 16 282 17 378 18 461 19 244 21 409 22 400 24 490
9 20 1 464 2 178 3 60 4 8 5 457 6 424 8 3 10 311 11 380 12 253 13 262 14 452 16 258 17 272 18 130 19 309 20 455 21 250 22 368 23 120
10 21 2 299 3 275 4 49 5 89 6 166 7 190 8 279 9 435 11 281 12 143 13 114 14 134 15 137 17 207 18 229 19 494 20 468 21 221 22 301 23 459 24 304
11 18 2 162 3 348 4 22 5 410 6 138 8 454 10 202 12 455 15 391 16 358 17 23 18 273 19 75 20 347 21 110 22 362 23 175 24 103
12 21 1 71 2 270 3 92 4 235 5 438 7 3 8 78 9 457 10 101 11 72 13 429 14 68 15 426 16 12 17 476 18 272 19 175 21 61 22 323 23 194 24 35
13 19 1 196 3 341 4 257 7 198 8 295 9 451 10 445 11 309 12 185 14 399 16 52 17 41 18 38 19 180 20 25 21 424 22 190 23 175 24 392
14 21 1 69 2 89 3 144 4 44 5 349 7 490 8 139 9 470 10 236 11 45 13 141 15 297 16 234 17 210 18 329 19 25 20 376 21 121 22 246 23 121 24 119
15 16 1 326 2 18 3 473 5 267 6 142 8 90 9 282 12 270 13 169 16 436 17 320 18 445 19 343 20 53 21 243 24 251
16 19 1 343 2 365 4 75 5 248 6 215 7 469 8 152 9 187 10 21 11 47 12 378 14 413 15 362 17 294 18 107 19 238 20 113 21 53 24 244
17 19 1 100 2 113 3 313 5 209 6 128 7 203 8 205 9 296 10 459 11 431 12 55 13 103 15 230 19 135 20 99 21 146 22 284 23 488 24 412
18 21 1 207 2 215 3 278 4 335 5 199 6 109 8 194 9 385 10 418 11 4 12 457 13 207 15 169 16 95 17 108 19 240 20 148 21 15 22 221 23 347 24 52
19 20 1 469 2 85 3 405 4 318 5 54 6 254 8 323 10 99 11 270 12 240 13 43 14 103 15 434 16 386 17 118 18 387 20 8 21 51 22 287 24 243
20 15 1 246 3 147 4 319 5 36 7 409 8 249 9 307 10 161 11 425 12 314 15 322 16 195 17 122 22 477 23 265
21 21 1 487 2 262 3 375 4 324 6 73 7 272 8 212 9 375 10 307 12 124 13 130 14 347 15 315 16 465 17 320 18 484 19 12 20 176 22 393 23 422 24 180
22 19 1 3 2 473 3 306 4 79 5 11 7 498 8 459 9 296 10 446 12 302 13 192 14 456 15 459 16 15 18 84 19 70 20 245 21 474 23 127
23 19 2 416 3 76 4 477 5 148 6 134 7 371 8 225 9 134 10 268 11 138 13 312 14 214 15 108 17 404 19 139 20 370 21 358 22 320 24 159
24 18 1 285 3 376 4 251 5 272 6 49 7 191 8 6 12 473 13 267 14 157 15 436 17 61 18 70 19 278 20 356 21 314 22 161 23 243
1
14 3 7 22 17 24 18 2 16 9 13 23 11 15 8 4 6 21 5 12 10 20 19 1
20 23 7 14 13 15 22 2 18 24 11 12 10 8 16 5 17 3 6 1 19 21 9 4
2
3 15 13 19 8 7 2 24 16 14 10 4 9 5 21 12 20 11 6 22 18 17 1 23
6 4 1 15 13 16 21 10 19 8 24 2 17 3 12 7 14 20 5 18 22 23 9 11
3
1 5 14 19 4 6 10 8 20 12 15 22 21 18 13 2 3 11 23 7 9 24 16 17
21 1 7 2 19 5 14 8 12 6 20 18 22 3 24 4 16 17 15 10 23 13 9 11
4
18 14 4 13 9 21 17 20 11 12 15 5 24 2 1 8 16 3 22 19 6 10 7 23
4 23 2 17 21 3 12 13 18 10 8 22 9 11 7 24 20 6 1 15 5 14 16 19
5
3 17 15 16 22 5 1 19 11 14 20 4 8 24 2 9 12 13 18 10 7 21 23 6
9 11 1 3 17 14 10 8 4 24 12 22 5 15 23 18 13 6 7 19 16 21 2 20
6
8 2 11 14 1 20 24 15 17 10 9 12 3 23 21 7 19 5 13 22 4 16 18 6
23 17 6 14 18 24 9 20 15 16 4 12 10 3 8 19 5 1 2 13 7 21 11 22
7
3 4 18 1 14 2 9 5 12 11 16 21 22 20 15 7 13 24 23 10 17 6 8 19
19 3 10 11 14 4 20 1 18 22 5 7 24 17 15 13 9 6 23 12 8 21 16 2
8
20 11 21 15 2 24 10 14 9 23 6 22 18 3 16 12 1 4 5 19 8 13 7 17
23 16 13 10 3 17 5 21 20 4 22 2 9 7 24 11 18 6 15 12 1 19 8 14
9
10 2 13 4 18 7 9 19 23 24 14 21 16 22 20 12 5 15 11 8 17 6 3 1
7 19 16 1 17 8 14 18 20 23 12 10 9 4 3 21 6 2 11 22 24 13 5 15
10
23 13 14 19 21 22 8 3 6 2 10 4 16 9 17 12 7 24 20 5 1 18 15 11
8 22 19 2 9 10 17 6 21 23 1 4 7 13 15 24 5 3 14 12 20 11 18 16
11
1 20 5 3 15 6 18 23 24 11 13 4 8 2 16 19 21 7 17 12 10 9 22 14
1 7 9 10 6 4 20 3 13 8 24 15 21 11 19 2 18 16 14 23 22 5 17 12
12
18 13 22 8 5 17 10 24 2 21 12 20 14 16 11 1 15 3 4 9 19 6 23 7
14 15 13 7 11 3 16 17 6 23 1 21 24 22 5 10 20 18 8 9 2 19 4 12
13
2 15 16 6 18 24 22 21 12 4 3 19 14 17 20 9 8 1 13 7 5 11 10 23
11 17 14 12 8 21 5 1 19 18 3 4 13 16 15 24 23 10 9 7 20 2 6 22
14
1 11 21 4 9 23 14 5 13 24 15 12 3 16 17 10 7 18 6 22 20 2 8 19
18 15 23 21 14 13 5 8 22 17 2 6 12 10 1 7 11 16 9 3 19 20 4 24
15
23 3 20 24 11 15 17 10 14 22 6 21 13 2 18 12 19 1 4 5 9 8 7 16
4 10 7 12 16 15 22 13 17 20 9 3 14 19 11 5 18 23 6 2 24 8 1 21
16
2 6 22 19 24 4 23 20 5 9 7 17 16 21 18 10 12 14 13 1 15 8 3 11
10 5 16 8 24 12 13 2 22 15 14 23 7 17 11 3 6 1 20 4 18 9 19 21
17
12 6 9 8 14 7 4 1 10 13 5 3 22 15 19 21 20 24 2 18 17 11 23 16
4 7 11 18 8 6 12 5 17 16 3 15 10 14 20 2 24 1 23 19 21 9 13 22
18
14 13 7 23 5 8 9 20 18 3 22 11 16 21 6 24 4 12 17 19 15 1 2 10
8 19 4 20 9 11 22 10 1 21 2 6 16 12 15 23 24 7 17 5 14 3 18 13
19
17 9 24 7 14 4 11 23 22 15 6 13 21 1 20 16 8 10 5 3 18 2 12 19
20 24 14 11 5 6 9 1 10 2 18 13 15 21 7 17 4 16 19 23 22 3 8 12
20
17 18 9 20 4 16 24 11 7 21 2 22 3 15 13 5 6 8 1 10 23 14 19 12
1 11 2 13 4 6 7 9 18 3 22 23 5 21 20 19 24 14 15 10 12 8 17 16
0
24
1 20 3 323 4 109 5 466 6 18 7 233 8 47 9 8 10 334 12 342 13 307 14 129 15 215 16 28 17 268 18 411 19 40 20 254 21 383 22 347 24 296
2 15 3 341 8 296 10 308 12 283 13 334 14 184 15 186 17 496 18 413 19 408 20 245 21 497 22 31 23 488 24 212
3 20 1 62 2 187 4 87 6 217 7 415 8 118 10 231 11 448 12 82 13 104 14 376 15 35 16 321 17 411 18 479 19 193 20 273 21 375 22 176 24 60
4 18 1 214 2 341 3 427 5 278 7 489 8 66 9 413 10 120 12 28 13 115 14 262 15 98 17 213 18 235 19 196 21 389 22 115 24 132
5 19 2 467 3 89 6 381 8 390 9 159 10 423 11 207 12 374 13 399 14 155 15 250 16 412 17 246 18 164 19 303 20 213 21 479 23 171 24 210
6 20 1 160 2 89 3 465 4 212 5 358 7 265 8 217 9 375 10 319 12 410 13 422 14 275 15 115 16 193 17 404 18 261 20 246 21 219 23 235 24 353
7 18 1 375 4 429 5 283 6 334 8 109 9 85 10 264 12 2 14 415 15 286 16 319 17 291 18 217 19 16 20 304 21 435 22 446 24 19
8 19 2 407 3 312 4 377 6 57 7 298 9 6 10 395 11 334 12 422 13 138 14 34 15 354 16 310 17 489 18 316 19 431 21 295 23 28 24 228
9 19 1 341 2 84 3 204 4 357 5 441 7 371 10 252 11 485 13 339 14 79 16 271 17 422 18 74 19 249 20 292 21 499 22 237 23 330 24 46
10 21 2 464 3 310 4 397 5 232 6 232 7 287 8 191 9 369 11 343 12 260 13 423 14 322 15 73 16 431 17 1 18 16 19 377 20 90 21 445 22 403 23 113
11 18 1 410 2 465 3 483 4 316 5 266 7 476 8 195 9 237 10 422 13 252 14 197 15 49 18 86 19 373 20 226 21 62 22 434 23 225
12 17 1 227 4 365 5 283 6 149 7 229 8 145 10 411 11 12 13 72 14 191 17 324 18 69 19 214 20 143 21 307 22 49 23 16
13 20 1 123 2 363 4 363 5 435 6 118 7 158 8 100 9 100 11 104 12 235 14 266 15 388 16 257 17 10 18 114 19 366 20 473 21 403 22 140 24 214
14 16 3 198 4 122 5 4 6 206 8 493 9 202 10 175 11 230 15 398 16 192 18 322 20 324 21 319 22 170 23 302 24 312
15 21 1 448 2 443 3 181 5 412 6 28 7 271 8 336 9 35 10 327 11 112 12 351 13 191 14 345 16 22 17 280 18 6 19 371 20 472 21 411 22 160 24 158
16 19 3 358 4 192 5 390 6 152 7 51 8 100 9 165 11 377 12 181 13 385 15 84 17 209 18 255 19 124 20 275 21 158 22 383 23 231 24 229
17 15 4 324 5 491 6 343 7 366 8 147 11 314 12 364 13 127 16 395 18 168 19 103 20 29 21 408 22 12 24 370
18 19 1 379 2 453 3 263 4 155 5 331 6 354 7 319 8 81 9 45 10 305 14 249 15 230 16 458 17 318 19 400 21 292 22 148 23 419 24 465
19 18 1 98 3 29 4 279 5 33 6 241 7 87 8 43 9 76 10 53 11 44 12 76 13 15 14 366 20 370 21 110 22 210 23 291 24 36
20 13 2 466 5 417 6 296 7 68 8 139 9 369 10 77 11 313 12 364 15 256 17 170 19 90 22 427
21 21 1 31 2 215 3 37 4 410 5 245 6 215 8 277 9 43 10 123 11 309 12 329 13 462 14 169 15 244 16 129 18 43 19 477 20 323 22 387 23 56 24 165
22 22 2 22 3 159 4 466 5 264 6 423 7 415 8 265 9 472 10 364 11 55 12 296 13 256 14 123 15 445 16 347 17 475 18 104 19 244 20 220 21 80 23 310 24 228
23 16 3 27 4 313 5 139 7 445 8 444 10 303 11 91 12 272 13 116 14 78 15 33 16 389 17 80 18 75 22 192 24 304
24 21 2 361 3 223 4 247 5 290 7 346 8 76 9 132 10 343 11 212 12 384 13 130 14 413 15 248 16 269 17 194 18 395 19 154 20 190 21 211 22 134 23 308
1
19 5 2 13 3 9 21 1 14 15 17 24 7 20 12 6 23 11 8 18 10 16 22 4
21 7 23 15 9 16 14 2 24 19 1 20 4 22 5 8 11 3 6 13 10 12 18 17
2
24 2 23 11 12 9 17 22 3 8 15 18 1 13 5 10 7 21 20 6 4 19 14 16
3 12 20 8 14 10 1 4 7 19 11 9 21 13 22 18 5 16 15 2 24 23 17 6
3
17 19 1 16 21 12 11 4 3 2 5 13 6 8 7 24 15 10 9 20 14 23 22 18
9 12 3 19 5 18 21 17 16 7 8 23 20 2 24 15 14 4 13 22 6 11 1 10
4
10 19 11 15 4 9 8 3 22 23 2 13 17 16 6 14 7 5 20 12 1 18 24 21
11 19 10 15 2 14 17 21 23 9 1 4 22 13 7 6 18 8 24 16 3 20 5 12
5
23 8 17 15 13 18 10 14 16 3 19 4 12 1 5 11 21 6 7 2 24 20 22 9
11 12 17 18 20 6 1 10 4 14 5 9 8 24 7 23 16 13 19 2 22 15 21 3
6
3 11 6 8 15 22 10 24 9 12 14 5 18 20 7 1 2 4 21 23 19 13 17 16
24 16 2 3 19 18 4 15 17 7 5 23 9 21 11 22 8 14 10 1 12 6 20 13
7
17 4 10 1 21 5 6 8 7 13 9 14 12 23 11 24 19 16 15 2 3 18 22 20
23 22 19 15 8 11 10 6 24 1 14 7 18 9 12 21 5 4 17 3 20 13 16 2
8
2 11 9 10 15 4 20 21 18 17 13 6 5 16 24 12 22 19 8 7 14 1 23 3
5 9 18 10 24 15 1 20 17 2 7 19 23 6 12 4 14 3 13 8 22 16 21 11
9
23 5 9 3 13 2 19 8 7 17 20 18 6 4 22 16 11 1 21 12 24 14 15 10
6 9 5 20 1 3 18 4 11 21 22 17 19 10 23 8 24 16 7 2 14 15 13 12
10
11 18 15 9 6 22 21 5 23 7 12 24 19 4 16 20 14 2 10 3 1 8 13 17
24 21 11 7 23 15 9 1 4 3 13 20 16 6 19 2 14 10 18 17 5 12 22 8
11
11 15 6 22 13 18 19 21 2 20 1 23 16 14 5 3 17 7 10 4 24 8 9 12
22 24 14 11 20 23 19 21 13 9 6 8 18 4 15 5 17 16 3 1 12 7 2 10
12
13 3 1 20 17 8 4 6 23 9 14 10 11 22 2 18 21 24 12 16 19 15 7 5
18 6 3 1 2 9 20 16 22 15 12 21 17 8 7 5 19 14 4 11 24 13 23 10
13
13 24 6 10 14 2 12 1 16 21 7 23 19 4 5 9 3 17 11 15 8 18 20 22
1 12 23 11 2 13 3 6 14 10 19 16 18 5 8 20 21 4 7 17 15 24 22 9
14
24 1 20 22 15 4 12 16 2 8 3 13 5 17 19 21 11 14 6 7 10 9 23 18
20 11 1 12 24 10 14 8 2 21 5 3 16 13 4 23 19 15 7 9 22 18 6 17
15
8 4 17 14 12 18 2 11 1 9 19 3 22 23 5 15 6 21 7 20 10 24 13 16
14 15 22 19 1 11 23 6 24 13 7 21 12 4 16 20 17 5 9 8 3 10 2 18
16
20 24 18 10 7 8 15 4 21 16 22 9 13 11 5 23 6 12 17 19 1 14 2 3
14 2 7 9 3 10 23 19 5 18 16 12 15 22 21 17 8 20 24 11 13 6 4 1
17
12 6 15 1 8 2 18 19 14 9 3 10 7 22 5 16 23 13 24 11 4 17 20 21
19 17 3 6 7 11 15 10 16 23 21 22 13 12 14 8 9 18 1 24 2 4 20 5
18
21 3 10 20 14 15 7 23 22 17 2 9 24 5 1 18 12 13 11 4 19 16 6 8
11 16 21 10 3 23 18 7 22 19 24 12 9 13 4 17 5 15 6 8 20 1 14 2
19
5 12 16 2 3 6 22 15 10 8 19 7 18 20 9 13 21 17 23 1 11 24 14 4
13 24 11 5 23 18 19 14 2 17 12 20 10 21 7 9 1 4 16 8 22 3 15 6
20
3 22 11 1 4 21 5 16 7 17 18 20 13 12 10 23 2 8 6 24 14 15 19 9
11 14 7 18 12 3 13 5 15 20 10 9 22 24 1 19 4 23 2 17 6 16 21 8
0
24
1 20 2 285 3 111 4 177 6 389 7 471 8 195 9 78 10 144 12 282 13 286 14 16 15 187 16 270 17 407 18 472 19 67 20 144 21 407 23 440 24 218
2 18 1 192 3 394 4 168 6 250 7 68 8 417 10 200 11 290 12 191 13 268 14 493 15 251 17 337 18 120 19 471 20 203 21 234 23 332
3 21 1 434 4 467 5 120 6 431 7 285 8 46 10 466 11 429 12 273 13 489 14 118 15 175 16 373 17 158 18 24 19 219 20 465 21 342 22 425 23 20 24 273
4 17 1 253 3 459 5 123 6 157 7 76 9 408 12 496 13 239 14 376 16 128 17 439 18 324 19 37 20 416 21 88 23 45 24 319
5 20 1 351 2 198 3 75 4 222 6 272 7 461 10 112 11 419 12 369 13 338 14 112 15 43 17 473 18 497 19 266 20 378 21 35 22 275 23 167 24 297
6 20 1 173 2 266 3 137 4 328 5 120 7 5 8 45 9 284 12 390 13 23 15 349 16 140 17 292 18 343 19 183 20 462 21 85 22 300 23 249 24 389
7 16 2 118 4 77 5 70 8 183 9 58 10 176 13 53 15 344 16 307 17 76 18 415 19 203 21 9 22 215 23 413 24 97
8 18 2 296 4 48 5 352 6 198 7 400 9 83 11 422 12 255 13 371 16 55 17 50 18 274 19 148 20 111 21 192 22 219 23 446 24 116
9 17 1 323 5 86 7 322 8 122 11 135 12 430 13 306 14 11 16 481 17 343 18 336 19 321 20 301 21 168 22 242 23 268 24 95
10 17 1 407 2 236 5 228 6 349 9 184 11 369 12 219 13 432 14 258 16 475 17 184 18 393 19 162 21 393 22 412 23 102 24 54
11 22 1 89 2 292 3 4 4 93 5 150 6 24 7 368 8 129 9 93 10 442 12 292 14 339 15 117 16 495 17 206 18 186 19 201 20 373 21 40 22 123 23 114 24 30
12 21 1 439 3 123 4 116 5 184 6 181 7 461 8 285 10 349 11 149 13 414 14 254 15 177 16 135 17 178 18 357 19 68 20 292 21 317 22 315 23 432 24 165
13 17 1 215 2 13 4 341 5 245 6 60 7 396 8 364 9 370 10 460 11 172 12 140 15 421 17 150 18 127 19 486 20 442 23 154
14 18 2 245 3 237 6 84 7 94 8 474 10 386 12 37 13 302 15 205 16 471 17 154 18 426 19 316 20 79 21 301 22 448 23 437 24 90
15 15 2 130 4 399 7 291 9 324 10 43 11 448 13 402 14 41 17 40 18 400 19 29 20 398 22 450 23 125 24 451
16 21 1 374 2 423 4 307 5 364 6 157 7 381 8 331 9 108 10 294 11 300 12 34 13 482 14 206 17 317 18 402 19 340 20 328 21 425 22 453 23 477 24 142
17 21 1 331 2 198 3 234 4 223 5 395 8 81 9 432 10 331 11 360 12 215 13 75 14 412 15 377 16 28 18 228 19 262 20 478 21 405 22 33 23 386 24 479
18 17 1 378 3 419 4 265 5 47 6 49 7 161 8 296 9 193 12 427 13 440 14 315 16 53 17 452 19 221 21 2 22 291 24 3
19 17 1 442 2 208 3 275 4 445 5 232 6 26 7 268 8 282 10 353 11 421 12 69 14 66 17 452 18 222 20 319 21 319 23 177
20 19 1 453 2 37 3 321 4 199 5 142 6 451 10 418 11 79 12 381 13 10 14 363 15 389 16 93 17 291 19 10 21 51 22 415 23 313 24 139
21 17 1 42 3 235 4 1 5 157 6 342 7 186 9 151 10 413 12 498 14 472 15 387 16 233 17 425 18 118 19 32 23 355 24 227
22 13 3 437 5 465 6 139 8 295 9 325 12 451 13 41 17 348 18 423 19 452 20 303 23 350 24 137
23 19 1 321 2 293 3 242 4 397 5 241 6 215 8 232 9 199 10 148 12 119 13 74 15 470 16 83 17 398 18 238 19 477 20 76 22 447 24 377
24 20 1 386 2 256 3 130 4 90 5 425 7 78 8 354 11 55 12 261 13 261 14 219 15 268 16 280 17 383 18 461 19 451 20 437 21 141 22 430 23 113
1
24 8 2 3 17 11 9 21 14 16 19 5 18 23 1 15 7 13 22 10 6 4 20 12
14 1 21 2 23 10 12 8 22 7 17 4 13 9 5 6 18 3 11 20 19 24 15 16
2
8 15 2 10 12 24 21 20 7 3 4 22 16 5 13 14 11 1 19 17 18 23 6 9
18 1 10 6 14 19 24 8 11 4 15 2 3 16 12 20 9 22 17 23 5 7 13 21
3
19 15 21 22 7 12 9 20 4 23 2 18 6 14 13 5 1 11 3 17 10 24 16 8
23 17 12 16 5 20 3 2 13 6 7 22 15 8 1 4 18 19 14 11 24 21 10 9
4
2 3 11 15 8 22 20 14 16 10 17 21 12 19 18 1 5 6 24 13 23 7 9 4
21 20 2 7 10 24 4 18 22 3 12 11 5 15 13 8 14 19 1 17 16 23 9 6
5
1 21 10 11 2 16 9 6 20 19 13 15 7 18 4 17 14 23 8 12 22 5 24 3
23 14 1 3 2 17 8 6 18 19 15 4 20 21 11 16 24 12 22 10 9 13 5 7
6
16 9 13 21 2 22 15 7 3 14 18 23 4 5 11 17 20 12 8 19 6 24 10 1
23 7 11 20 22 15 2 3 24 12 19 6 17 14 9 1 10 4 8 18 16 21 5 13
7
12 23 2 10 21 20 6 16 24 5 19 11 9 8 15 17 22 14 7 1 13 3 18 4
11 13 12 15 14 9 24 19 6 3 22 17 10 16 23 20 4 5 1 2 18 21 8 7
8
8 2 23 1 22 20 18 13 19 7 3 10 6 24 15 11 14 9 17 4 5 12 21 16
19 13 22 1 3 8 7 16 10 9 14 6 5 12 17 21 15 23 2 18 4 11 20 24
9
14 12 10 21 15 8 19 24 4 2 3 20 17 6 1 23 13 16 9 18 7 11 22 5
14 9 18 19 23 3 24 1 4 12 11 15 17 20 5 21 16 13 2 22 6 10 7 8
10
19 16 7 1 14 10 21 3 4 5 2 17 23 9 8 20 15 12 22 18 24 11 6 13
10 6 21 17 19 7 1 24 18 5 13 14 23 11 3 16 9 2 22 15 8 12 4 20
11
12 17 8 7 10 1 4 9 2 20 23 22 13 24 5 14 18 21 19 16 6 11 3 15
20 2 21 9 1 15 14 24 6 12 8 11 17 7 16 10 5 22 18 19 23 4 3 13
12
24 9 21 20 16 15 5 3 23 12 6 2 18 22 17 14 19 4 1 10 8 7 11 13
2 14 22 17 19 15 13 12 9 18 6 20 1 3 5 24 4 8 16 23 21 11 10 7
13
18 6 14 3 1 8 12 16 2 22 19 20 17 23 24 15 10 13 21 4 5 7 9 11
3 13 21 16 2 14 11 19 18 8 12 1 20 24 10 6 22 23 7 15 9 4 5 17
14
21 10 11 22 5 8 1 14 17 20 4 15 19 3 13 7 24 23 12 16 6 2 18 9
10 7 12 14 8 11 23 22 6 18 24 20 9 15 4 21 13 17 5 19 16 3 2 1
15
16 7 9 17 14 23 10 5 6 24 18 3 13 19 2 21 20 15 12 4 8 11 1 22
14 9 8 20 19 18 5 10 23 2 1 15 4 7 6 13 16 21 22 24 12 11 3 17
16
11 7 14 16 9 12 3 15 13 8 2 1 19 22 18 10 17 23 4 5 24 20 6 21
9 21 4 18 10 23 19 12 17 24 8 16 7 6 1 2 15 22 5 14 20 13 11 3
17
13 22 14 11 19 10 1 3 8 12 9 4 15 24 5 6 16 23 7 21 18 17 20 2
10 23 21 4 14 17 15 12 18 6 13 16 11 3 22 7 8 9 19 5 24 2 20 1
18
1 14 17 4 3 16 10 24 9 13 15 12 18 2 11 8 21 6 5 7 19 20 22 23
2 3 17 13 8 22 21 15 5 23 18 19 14 6 12 7 1 9 10 20 4 24 16 11
19
10 15 6 4 3 19 7 2 18 17 22 14 21 16 8 23 1 20 11 13 9 5 24 12
1 11 18 7 9 5 8 16 19 2 24 23 22 6 10 4 14 17 21 15 13 3 12 20
20
18 22 6 14 9 21 20 19 1 15 11 17 12 24 5 3 2 8 4 7 13 16 10 23
24 8 2 15 23 19 22 12 10 18 14 7 11 1 17 5 16 20 9 6 21 13 3 4
0
24
1 15 2 239 3 46 5 273 6 476 7 136 8 422 9 23 12 55 14 358 17 82 18 410 19 362 22 100 23 118 24 358
2 20 1 388 3 353 4 244 5 331 6 429 8 15 9 47 10 331 11 426 12 247 13 469 14 434 15 388 17 366 18 24 19 497 21 16 22 413 23 113 24 199
3 20 1 315 2 305 4 284 5 412 6 40 7 64 8 65 9 209 10 105 11 51 13 10 14 326 15 476 16 495 18 74 20 496 21 138 22 467 23 455 24 217
4 15 1 119 2 243 5 122 6 384 9 265 10 246 12 352 14 211 15 324 18 296 19 244 20 65 21 144 22 16 23 444
5 16 2 40 3 463 4 207 6 479 10 323 11 26 13 227 15 292 16 295 17 240 19 198 20 295 21 20 22 483 23 180 24 53
6 18 1 415 2 342 3 287 4 42 5 393 8 202 9 253 10 82 11 489 13 177 14 138 15 6 18 269 19 135 21 326 22 371 23 360 24 270
7 17 2 223 3 432 4 441 5 468 6 216 9 397 10 103 11 422 12 345 14 171 15 261 16 254 17 88 18 177 19 2 22 110 24 53
8 16 1 103 2 120 5 250 7 235 9 431 10 347 12 211 13 438 14 500 15 106 16 15 19 399 20 73 21 228 22 4 23 80
9 19 1 422 2 334 4 19 5 192 6 151 8 172 10 19 11 191 12 484 13 94 14 308 15 56 16 295 18 397 20 430 21 31 22 348 23 364 24 180
10 18 1 128 2 92 3 441 4 208 5 109 6 381 7 95 8 226 14 251 15 279 16 59 17 126 18 475 19 118 20 473 21 139 22 81 24 361
11 20 1 417 2 468 3 393 4 381 6 19 7 193 8 363 9 205 10 237 13 83 15 182 16 113 17 83 18 116 19 390 20 391 21 214 22 110 23 148 24 242
12 17 1 207 2 167 3 428 5 241 7 345 8 493 9 211 10 32 11 221 13 43 16 188 17 498 18 174 19 252 20 200 21 251 23 247
13 15 1 48 3 13 4 155 5 450 6 208 9 47 12 211 15 181 16 173 17 145 18 132 19 463 22 340 23 131 24 248
14 20 2 3 3 413 4 484 5 237 6 406 7 26 8 13 9 7 10 322 11 67 12 283 13 271 15 8 18 204 19 456 20 213 21 66 22 154 23 345 24 91
15 18 1 136 2 292 3 124 4 47 5 146 6 435 7 464 8 290 9 445 10 109 11 71 12 293 13 337 14 357 16 172 17 245 19 167 20 71
16 16 1 408 4 68 5 262 6 203 7 144 8 221 9 465 11 18 12 472 13 492 17 77 18 172 20 36 22 371 23 413 24 416
17 17 1 148 2 292 3 110 5 73 6 370 9 264 10 42 11 167 12 379 13 47 14 432 18 57 19 160 20 399 21 257 23 351 24 357
18 20 1 457 2 202 3 126 4 224 5 138 6 114 7 456 8 135 9 61 11 138 12 214 13 320 15 235 16 405 17 341 19 146 21 341 22 87 23 142 24 221
19 19 3 445 4 442 5 318 6 382 7 230 8 93 9 51 11 246 12 424 13 103 14 479 16 423 17 322 18 239 20 241 21 234 22 197 23 49 24 380
20 16 1 454 2 429 5 178 7 158 8 336 9 159 12 370 13 452 14 274 15 334 16 90 18 132 19 280 22 478 23 198 24 463
21 18 2 459 3 490 4 299 5 183 6 179 7 334 9 92 10 426 12 46 13 63 14 494 15 131 16 4 17 269 18 73 19 370 23 136 24 277
22 18 1 308 2 409 3 203 4 373 5 37 6 98 7 103 8 52 9 73 10 354 11 116 12 249 13 41 16 229 17 181 19 63 20 265 24 266
23 21 2 236 3 116 4 179 6 139 7 280 8 264 9 363 10 2 11 439 12 117 13 364 14 264 15 201 16 249 17 321 18 196 19 74 20 114 21 13 22 174 24 173
24 19 2 150 3 201 4 241 5 428 6 287 7 43 8 72 11 45 12 354 13 151 14 50 15 353 16 309 17 399 18 170 19 161 20 82 21 317 22 289
1
20 11 4 22 2 12 9 10 19 14 7 21 15 8 6 17 3 1 24 5 18 23 16 13
9 15 8 14 10 20 13 3 2 17 19 4 21 22 6 5 1 24 11 23 7 16 12 18
2
18 12 8 6 24 20 14 2 19 21 13 1 23 16 10 17 11 7 5 22 9 15 4 3
5 10 1 20 7 19 12 15 4 16 11 23 18 8 21 14 9 3 13 17 24 22 6 2
3
9 10 8 18 2 15 3 24 1 11 20 12 23 5 22 19 21 14 7 13 17 16 6 4
16 7 17 12 4 1 15 9 14 11 18 5 3 22 8 13 24 10 19 6 20 21 23 2
4
13 8 1 17 15 14 16 5 4 7 11 23 6 21 24 19 10 9 22 12 3 20 18 2
14 3 22 23 15 13 5 18 20 6 7 11 21 24 4 16 8 19 10 12 1 2 17 9
5
10 15 11 17 4 16 22 13 20 5 2 9 1 6 21 23 19 18 8 7 24 14 3 12
6 15 10 7 3 11 2 14 17 13 23 4 18 16 5 24 22 8 9 19 1 21 12 20
6
1 12 24 17 13 15 11 7 22 5 6 3 9 20 2 23 8 21 18 4 14 19 10 16
2 14 6 12 18 5 10 3 24 4 17 15 8 9 11 7 23 13 1 21 16 22 19 20
7
13 12 10 2 8 16 11 23 1 9 3 17 14 15 19 22 6 7 20 24 21 4 18 5
7 9 15 13 5 1 16 18 20 23 2 12 10 24 22 17 4 11 8 6 21 3 19 14
8
6 21 23 15 4 24 19 9 10 18 7 2 5 17 3 11 8 14 22 13 1 16 12 20
7 9 22 11 3 2 23 15 4 18 16 8 1 13 24 12 6 20 5 17 10 21 19 14
9
13 5 17 9 18 3 16 23 1 15 22 8 10 24 2 6 19 21 11 7 14 4 12 20
16 22 23 8 1 4 14 18 2 7 11 19 13 5 6 3 10 17 15 24 9 21 20 12
10
20 21 6 2 4 17 10 12 11 13 3 8 14 24 7 22 19 23 16 15 9 18 5 1
9 13 5 2 3 12 19 8 4 11 7 15 1 16 24 14 20 17 6 18 10 21 22 23
11
9 15 19 5 7 17 24 20 8 2 10 23 18 13 16 14 21 3 6 1 22 4 11 12
1 19 16 21 11 18 15 9 7 4 13 14 23 2 12 22 20 24 3 10 6 8 5 17
12
3 1 24 5 16 20 4 2 17 9 7 15 10 11 8 13 23 18 12 19 22 14 6 21
6 10 16 3 15 18 2 17 5 19 13 1 8 14 22 11 20 12 9 4 24 7 21 23
13
3 20 2 9 11 8 4 23 7 5 12 19 22 14 21 10 13 17 16 18 1 15 6 24
15 6 3 9 5 17 14 2 16 22 7 20 11 19 18 10 21 1 13 23 4 12 8 24
14
21 10 15 22 24 23 8 19 6 3 17 18 16 2 14 5 13 12 4 20 1 11 7 9
5 24 15 11 6 1 10 12 7 4 23 9 14 21 8 19 16 18 2 22 20 17 3 13
15
21 11 16 12 9 13 2 14 19 8 23 7 3 6 10 4 24 20 18 15 5 1 22 17
14 20 19 17 23 12 22 4 24 11 3 18 5 8 1 9 21 15 16 7 10 13 6 2
16
19 22 7 10 17 21 9 11 15 8 14 13 6 24 5 2 4 3 23 20 1 12 18 16
1 7 18 21 12 9 5 13 11 22 23 8 2 17 3 4 15 14 16 10 24 20 19 6
17
15 14 13 24 5 7 3 11 4 19 2 9 12 17 18 1 8 10 6 20 16 22 21 23
14 15 1 3 9 11 16 8 2 12 13 7 21 24 23 18 6 5 19 4 10 20 17 22
18
9 4 3 21 14 15 5 23 12 17 18 7 16 19 13 11 2 8 1 10 6 20 24 22
18 16 9 3 8 23 14 5 12 2 19 21 17 6 20 11 22 15 13 1 7 10 24 4
19
14 4 3 17 13 21 1 22 11 19 5 18 8 7 20 23 9 2 12 6 15 16 10 24
13 16 8 18 19 20 6 12 24 7 14 15 4 17 22 10 21 1 3 11 23 9 5 2
20
2 4 5 23 24 19 17 8 16 1 14 20 18 11 15 7 13 3 9 22 6 21 10 12
3 13 24 16 22 4 11 23 17 5 15 14 7 20 19 18 6 2 21 12 8 10 9 1
0
24
1 15 3 210 7 459 8 8 9 59 10 83 11 465 12 9 15 392 16 117 17 23 19 26 20 44 21 347 22 253 24 161
2 19 1 452 3 404 4 344 7 148 8 368 9 167 10 161 11 13 12 421 13 287 14 417 16 93 18 421 19 193 20 150 21 344 22 468 23 459 24 470
3 19 1 489 2 154 4 136 5 181 6 401 8 115 9 198 10 409 11 11 12 261 13 31 14 355 15 410 16 305 18 453 21 231 22 349 23 140 24 357
4 22 1 288 2 61 3 492 5 429 6 291 7 448 8 442 10 425 11 449 12 482 13 315 14 265 15 77 16 406 17 161 18 349 19 123 20 294 21 56 22 73 23 329 24 367
5 19 1 358 2 364 3 335 4 397 6 78 7 325 9 67 11 259 13 327 14 459 15 477 16 154 17 294 18 461 19 419 20 328 22 495 23 17 24 414
6 19 1 45 2 65 3 470 4 280 5 206 7 10 8 398 9 325 11 238 14 296 15 411 16 367 18 119 19 372 20 472 21 132 22 43 23 289 24 114
7 20 1 334 2 289 3 411 4 313 6 15 8 310 9 78 10 448 11 15 12 260 13 443 14 353 15 281 16 217 17 481 18 134 20 256 21 229 22 293 23 131
8 19 1 326 2 287 3 226 4 8 5 24 6 38 7 295 9 450 10 337 11 487 12 74 14 203 15 473 16 138 17 276 18 318 20 456 22 362 23 241
9 13 2 414 3 160 4 360 7 412 8 220 11 371 13 497 14 153 15 480 16 75 19 229 22 313 24 201
10 18 1 108 3 14 4 109 5 64 7 29 8 175 11 458 12 367 13 289 14 353 16 281 17 126 19 134 20 122 21 49 22 7 23 11 24 362
11 18 1 497 3 136 4 406 5 127 6 192 7 328 10 368 12 261 14 361 15 202 16 332 17 185 19 212 20 499 21 459 22 135 23 411 24 245
12 20 1 316 2 321 3 188 4 311 5 47 6 462 7 163 9 188 10 391 13 275 14 350 15 479 16 475 17 252 18 398 19 26 20 480 21 44 23 151 24 261
13 19 1 111 2 218 4 114 5 485 6 72 7 129 8 373 10 232 11 3 12 265 15 231 16 229 17 147 18 162 19 331 20 64 22 282 23 173 24 257
14 19 1 488 2 478 4 345 5 373 6 84 7 248 8 33 9 430 11 154 12 395 13 88 15 323 16 138 17 284 19 326 20 335 21 298 23 455 24 167
15 21 1 490 2 311 3 121 4 316 5 83 6 261 7 53 8 350 9 339 11 452 12 213 13 397 14 131 17 322 18 39 19 409 20 77 21 67 22 52 23 144 24 412
16 16 1 249 4 108 5 494 6 385 8 305 10 248 11 351 12 206 13 447 14 451 17 415 18 403 19 301 21 366 22 239 24 330
17 19 1 491 2 175 3 26 4 99 5 267 6 37 7 318 8 234 9 163 11 187 12 227 13 115 14 86 15 301 18 126 19 123 20 331 22 192 23 313
18 11 1 262 2 283 5 491 6 77 9 391 10 53 13 171 14 4 16 211 19 452 21 442
19 18 1 77 2 492 3 250 4 499 5 270 6 28 7 278 9 155 12 425 13 210 14 257 15 38 16 11 17 329 18 309 21 234 22 422 23 430
20 22 1 131 2 260 3 196 4 70 5 382 6 123 7 342 8 87 9 117 10 465 11 284 12 268 13 449 14 75 15 216 16 96 17 121 18 420 19 76 21 381 22 107 23 237
21 21 1 443 2 331 3 35 4 268 5 107 6 335 7 193 8 18 9 413 10 123 11 45 13 98 15 292 16 141 17 173 18 287 19 393 20 176 22 434 23 290 24 204
22 16 1 24 2 27 3 247 4 170 5 201 9 301 11 342 12 71 13 264 14 363 15 281 17 19 18 192 20 107 23 166 24 226
23 15 1 459 3 456 5 350 6 413 7 343 10 165 11 222 12 326 14 382 15 181 16 104 17 351 18 214 20 153 24 346
24 20 1 491 2 66 3 223 4 178 5 199 6 175 8 465 9 86 10 400 11 376 12 33 14 76 15 454 16 16 17 28 18 16 19 189 21 350 22 459 23 89
1
18 22 16 10 19 23 14 20 8 12 24 2 15 17 7 5 6 13 9 1 4 3 21 11
21 1 19 5 3 16 7 17 24 15 13 6 10 18 14 22 20 2 9 8 11 12 4 23
2
23 13 9 24 21 8 20 1 12 19 14 10 17 4 22 5 11 2 6 16 7 18 3 15
12 17 23 2 20 3 14 22 11 6 18 5 8 16 13 24 21 4 7 19 15 1 9 10
3
13 23 2 24 6 4 12 21 10 18 7 9 16 5 14 17 11 1 22 19 15 20 3 8
12 14 1 16 15 6 13 7 22 4 2 18 3 11 5 8 21 19 23 9 10 20 17 24
4
4 11 9 14 6 15 17 2 22 5 3 19 23 10 13 24 16 1 7 21 12 20 8 18
14 18 19 1 3 2 6 16 15 13 7 23 20 10 5 17 4 8 9 24 21 11 22 12
5
9 10 20 7 1 13 16 14 15 17 8 22 2 11 5 19 24 23 12 18 4 3 21 6
9 20 1 24 15 6 4 16 11 17 12 14 5 19 21 22 23 7 2 18 8 13 10 3
6
6 15 11 22 18 12 3 23 16 13 1 19 7 8 4 5 9 24 17 21 10 20 2 14
17 10 12 2 21 23 19 24 15 9 11 3 5 16 7 13 1 22 8 20 14 4 6 18
7
21 20 6 19 18 2 11 17 13 5 10 7 4 22 8 1 9 15 12 23 16 3 24 14
21 4 2 11 24 19 9 18 7 6 10 13 5 16 20 23 1 14 22 8 15 3 12 17
8
1 23 22 17 5 7 16 4 21 13 24 10 14 2 15 11 18 9 20 8 19 12 6 3
9 20 24 4 13 10 8 2 3 21 17 12 7 23 6 5 14 15 1 16 18 11 22 19
9
19 18 7 6 1 15 5 14 11 8 21 16 17 4 23 3 20 9 10 22 2 24 13 12
16 24 14 12 21 4 5 8 20 3 22 9 15 17 2 23 1 11 6 10 13 7 18 19
10
19 17 5 11 6 24 3 15 22 1 8 20 7 12 13 4 2 10 16 14 9 23 21 18
14 16 10 13 4 24 17 2 21 5 9 15 3 22 1 23 8 20 18 12 19 11 7 6
11
21 2 10 12 4 14 1 20 23 13 18 7 16 11 9 24 3 5 17 22 19 8 15 6
1 16 2 8 7 22 18 14 20 9 21 15 24 3 5 17 6 23 13 10 19 11 4 12
12
17 7 16 19 1 9 24 12 5 8 22 23 2 21 20 18 14 4 3 13 11 10 15 6
8 14 13 12 19 20 18 5 2 10 4 17 9 24 16 6 23 1 22 7 21 11 15 3
13
17 16 18 7 6 12 11 9 14 5 4 1 15 24 19 10 23 3 20 2 8 21 22 13
20 9 3 5 19 21 17 15 24 10 14 16 1 13 8 4 6 23 11 7 2 12 18 22
14
15 24 3 18 20 5 11 13 12 21 16 1 14 23 10 9 7 2 22 4 19 8 6 17
4 15 13 23 3 22 20 6 5 7 9 17 1 18 11 24 12 16 8 14 19 2 10 21
15
19 22 2 21 10 16 5 17 20 23 14 11 12 3 9 1 24 4 18 6 15 7 13 8
12 6 2 8 7 1 18 19 13 17 5 22 20 15 10 3 11 24 16 14 23 4 21 9
16
22 10 23 20 14 7 12 6 11 9 2 1 18 4 21 24 19 8 17 5 16 15 13 3
20 4 18 10 12 19 16 11 8 21 24 13 15 23 1 2 22 6 9 14 17 7 3 5
0
24
1 20 2 289 3 147 4 26 5 348 6 157 8 139 9 271 10 345 11 153 12 83 13 392 14 394 15 240 16 145 17 127 18 262 19 460 21 377 23 240 24 351
2 16 1 294 3 235 5 204 7 54 8 392 12 11 13 464 14 209 15 130 16 163 17 222 19 145 20 44 22 440 23 26 24 66
3 20 1 119 2 483 7 173 8 68 9 457 10 190 11 351 12 287 13 294 14 104 15 222 16 418 17 173 18 69 19 263 20 29 21 341 22 335 23 390 24 347
4 19 1 313 5 462 6 476 7 52 8 428 9 159 10 19 11 106 12 368 13 303 14 163 15 216 16 368 17 485 18 400 20 500 21 429 22 181 24 308
5 21 1 300 2 282 3 401 4 486 6 133 7 193 8 107 9 383 10 428 11 463 12 75 13 159 15 306 16 106 18 45 19 116 20 134 21 226 22 46 23 390 24 186
6 17 1 454 2 207 3 144 4 254 8 361 9 372 10 253 12 387 13 477 14 321 15 402 16 317 17 171 20 106 21 197 22 108 24 268
7 21 1 357 2 413 3 142 4 488 5 197 6 267 8 152 9 257 10 475 11 261 12 411 13 128 14 11 16 179 17 267 18 352 19 421 20 343 21 86 22 243 24 378
8 16 2 50 3 137 5 53 7 122 9 293 10 198 11 65 12 73 14 292 15 157 18 28 19 473 20 329 22 219 23 214 24 465
9 21 1 286 2 128 3 204 4 28 6 440 7 379 8 426 10 348 11 129 12 458 13 204 14 118 15 472 16 450 17 16 18 45 19 446 20 418 21 182 23 412 24 197
10 17 2 448 3 49 6 167 7 368 8 142 9 317 13 428 14 60 15 95 16 348 17 1 18 483 19 368 20 491 21 92 23 419 24 245
11 17 1 443 3 275 5 156 6 293 7 254 8 388 9 277 10 258 12 482 13 91 14 161 16 346 17 411 18 327 22 218 23 478 24 234
12 19 1 475 3 302 4 212 5 309 6 360 8 226 9 191 11 79 13 270 14 431 15 481 16 362 17 135 18 143 19 380 20 374 21 9 22 13 23 386
13 17 1 382 2 397 3 331 4 288 5 245 6 14 7 451 8 169 9 68 14 281 16 105 17 144 19 420 21 305 22 438 23 64 24 113
14 22 1 64 2 392 3 191 5 118 6 482 7 252 8 163 9 32 10 261 11 272 12 87 13 75 15 231 16 479 17 263 18 363 19 424 20 228 21 143 22 206 23 142 24 329
15 17 1 158 2 469 3 70 4 413 7 90 9 329 10 326 12 492 13 339 14 58 16 265 17 409 18 286 19 447 21 421 23 72 24 67
16 19 2 233 3 59 4 207 6 432 7 396 8 249 9 409 11 116 12 392 14 328 15 9 17 308 18 457 19 164 20 304 21 247 22 343 23 235 24 479
17 17 1 191 2 447 4 186 5 103 6 493 7 228 8 261 9 61 10 258 14 100 15 380 16 59 19 441 21 345 22 210 23 289 24 38
18 18 1 488 2 487 3 44 4 18 5 207 6 173 8 154 9 184 10 233 12 483 13 188 14 360 16 199 17 298 19 363 20 328 23 294 24 491
19 22 1 190 2 103 3 477 4 119 5 218 6 270 7 23 8 18 9 229 10 229 11 330 12 29 13 146 14 19 15 6 16 387 17 439 18 308 20 395 22 227 23 25 24 13
20 21 2 27 3 476 4 477 5 424 6 324 7 93 8 38 9 83 10 189 11 1 12 291 13 111 14 217 15 177 16 195 17 99 18 407 19 263 21 166 22 270 24 240
21 17 1 227 3 300 4 474 8 329 9 141 10 241 11 307 12 414 13 389 14 158 15 202 16 262 17 163 20 319 22 41 23 422 24 176
22 16 1 223 3 14 6 445 7 29 8 215 9 106 10 239 11 392 12 95 13 83 17 21 18 453 19 76 20 207 23 18 24 44
23 18 1 343 5 178 6 496 8 112 9 494 10 221 11 98 12 278 13 341 14 184 15 220 16 215 17 406 18 243 19 148 21 132 22 86 24 264
24 21 1 54 2 166 3 498 4 12 5 214 6 364 7 273 8 112 9 23 10 119 11 290 12 271 13 186 14 221 15 354 17 23 19 57 20 446 21 159 22 178 23 185
1
12 19 2 22 18 5 8 11 23 7 20 21 4 3 1 13 14 15 6 17 10 24 16 9
10 6 22 12 23 2 11 7 14 8 1 20 21 9 16 15 13 3 5 19 4 17 18 24
2
19 3 17 8 22 5 1 14 11 21 15 16 6 2 10 9 23 13 7 24 18 4 12 20
20 6 10 11 21 12 9 14 3 17 19 18 22 5 23 4 15 16 13 2 7 8 1 24
3
9 22 13 10 14 12 18 1 24 15 11 20 6 2 17 19 8 21 5 3 7 16 4 23
16 17 12 5 3 9 2 23 14 15 10 21 8 13 20 19 7 4 6 1 18 22 24 11
4
5 16 7 6 21 13 4 1 22 2 9 12 14 23 20 18 19 15 3 8 17 10 24 11
17 7 14 8 23 20 5 18 2 21 22 19 11 1 10 9 4 16 6 15 3 13 24 12
5
7 23 15 3 9 18 16 19 1 6 12 22 21 11 13 10 8 20 24 17 2 14 4 5
13 19 18 15 6 17 9 20 16 8 5 7 24 1 3 2 11 22 4 23 21 10 14 12
6
4 7 9 10 16 21 18 20 15 19 24 6 22 8 2 1 14 5 11 3 13 12 23 17
8 12 5 3 14 6 23 16 1 18 9 11 21 7 15 19 22 2 13 4 17 24 10 20
7
14 24 20 11 9 8 17 6 13 22 21 10 5 12 23 2 1 7 4 16 3 15 19 18
16 5 24 17 15 10 18 14 7 8 23 21 12 9 20 4 22 3 6 1 11 19 2 13
8
8 21 23 14 7 9 13 11 20 19 17 12 2 16 15 22 1 24 3 18 6 5 4 10
10 21 9 23 16 1 5 11 17 19 20 6 3 12 24 15 7 8 4 13 18 14 2 22
9
10 1 24 5 4 6 16 18 8 3 19 21 15 9 17 22 14 13 11 20 7 2 23 12
12 13 21 22 4 7 17 9 15 19 24 10 3 2 23 1 14 16 8 11 20 5 18 6
10
19 12 21 15 23 16 7 17 13 8 9 1 3 10 2 18 24 20 22 14 5 4 6 11
3 13 21 5 19 22 18 12 6 17 16 8 23 24 15 1 10 7 20 11 14 4 2 9
11
19 8 10 2 22 18 15 6 12 24 1 23 5 3 20 4 9 16 14 7 21 13 17 11
5 22 19 2 18 16 21 20 6 3 11 9 1 10 8 17 13 24 15 23 4 7 12 14
12
6 18 21 16 11 22 9 19 7 17 5 12 15 23 10 14 20 8 24 13 4 3 1 2
22 8 15 12 3 6 13 23 20 1 7 19 5 11 14 4 17 16 10 21 24 2 9 18
13
10 20 21 22 4 15 9 24 23 14 13 8 6 17 11 7 16 2 1 5 19 18 12 3
6 5 14 13 12 2 7 23 22 19 20 15 18 17 3 1 9 10 24 11 21 4 16 8
14
21 22 7 11 10 15 23 24 14 6 2 9 1 4 17 16 12 18 19 13 3 5 20 8
12 4 2 17 11 21 5 24 14 10 1 15 8 16 20 7 13 23 19 9 6 3 18 22
15
19 10 4 16 8 3 24 14 21 7 9 15 6 17 20 13 11 18 23 2 22 5 12 1
18 6 24 4 12 11 20 1 23 22 3 9 2 15 5 19 21 14 17 13 16 10 8 7
16
1 20 14 22 9 6 13 19 21 15 23 18 3 5 2 24 17 11 8 16 12 4 7 10
3 22 12 2 16 23 7 18 13 5 14 11 17 1 24 10 21 20 4 8 9 15 6 19
17
13 19 18 2 7 22 16 1 4 15 8 11 23 20 3 17 21 24 6 12 10 5 9 14
6 8 2 21 18 13 5 17 19 4 22 10 20 24 7 23 9 14 15 3 11 12 16 1
18
5 23 8 6 11 16 3 20 12 24 13 7 14 19 18 22 17 9 2 1 15 10 4 21
6 20 23 22 16 13 14 18 17 15 5 2 4 3 10 24 12 19 21 11 8 1 7 9
19
9 5 8 13 1 24 14 10 11 19 20 6 3 16 17 21 22 23 18 4 7 15 2 12
11 20 2 6 18 23 5 15 12 17 22 1 3 4 21 8 10 24 13 16 9 7 19 14
20
20 11 12 21 8 5 1 15 14 4 24 18 13 3 17 7 23 6 2 10 16 19 22 9
20 16 1 12 4 11 24 3 23 17 5 14 15 10 6 21 19 2 7 9 22 18 13 8
0
0
