5
1 3 2 220 4 450 5 192
2 3 1 270 3 421 5 234
3 4 1 247 2 49 4 261 5 146
4 3 1 438 2 144 5 178
5 4 1 361 2 398 3 270 4 308
1
4 1 3 2 5
5 4 1 2 3
2
5 3 4 2 1
2 1 4 5 3
3
2 4 3 5 1
2 3 5 1 4
4
4 3 1 2 5
3 1 4 2 5
5
2 4 5 3 1
2 4 5 1 3
6
3 1 4 2 5
1 3 2 4 5
7
3 1 5 4 2
2 3 1 5 4
8
4 2 5 3 1
1 3 2 4 5
9
4 5 1 2 3
2 3 1 4 5
10
4 1 2 3 5
2 1 5 3 4
11
1 5 4 3 2
2 5 3 1 4
12
4 2 3 5 1
4 5 1 3 2
13
4 3 2 5 1
3 2 1 5 4
14
2 4 1 3 5
4 3 1 2 5
15
2 1 4 3 5
2 4 3 5 1
16
2 3 5 1 4
4 5 2 3 1
17
2 4 5 1 3
3 1 4 2 5
18
5 4 3 2 1
3 2 5 1 4
19
3 1 5 2 4
4 5 2 1 3
20
1 2 4 5 3
3 4 5 1 2
0
5
1 3 2 10 4 418 5 145
2 3 1 243 4 182 5 138
3 2 2 175 4 421
4 4 1 114 2 450 3 465 5 18
5 4 1 135 2 49 3 415 4 44
1
3 1 2 5 4
5 2 3 1 4
2
3 2 4 1 5
2 4 5 3 1
3
5 2 1 3 4
4 1 3 5 2
4
3 2 1 4 5
4 2 3 1 5
5
5 3 4 2 1
3 2 5 1 4
6
5 2 3 4 1
5 2 1 4 3
7
2 3 4 5 1
2 5 4 1 3
8
1 3 5 4 2
4 2 1 3 5
9
3 2 1 4 5
4 1 2 5 3
10
2 5 1 4 3
5 3 1 2 4
11
5 1 3 4 2
4 2 5 3 1
12
2 1 5 3 4
1 4 5 2 3
13
3 4 2 1 5
3 4 1 2 5
14
2 5 3 4 1
5 2 1 3 4
15
5 4 1 2 3
5 4 2 3 1
16
1 4 3 5 2
1 5 4 2 3
17
5 1 2 4 3
2 1 5 4 3
18
5 1 2 3 4
3 2 1 4 5
19
4 1 5 2 3
4 2 3 1 5
20
5 2 1 3 4
4 2 5 3 1
0
5
1 3 3 241 4 436 5 381
2 4 1 481 3 411 4 111 5 100
3 3 1 370 2 338 4 150
4 4 1 457 2 148 3 434 5 483
5 4 1 282 2 349 3 258 4 242
1
2 1 4 3 5
1 5 2 3 4
2
4 1 5 2 3
2 1 3 4 5
3
1 5 4 2 3
5 2 1 3 4
4
5 4 3 1 2
5 2 4 3 1
5
1 5 4 3 2
5 2 3 1 4
6
2 5 3 1 4
2 1 3 4 5
7
3 4 1 5 2
1 5 4 3 2
8
3 4 5 1 2
5 4 2 1 3
9
1 2 4 5 3
3 2 1 5 4
10
4 5 3 1 2
2 5 1 4 3
11
2 3 1 5 4
4 2 1 5 3
12
4 2 5 3 1
3 4 1 2 5
13
1 3 4 5 2
3 4 5 2 1
14
4 5 3 2 1
5 1 3 2 4
15
4 1 5 2 3
2 5 3 4 1
16
5 2 4 1 3
2 3 4 1 5
17
3 1 5 4 2
3 2 4 5 1
18
5 3 1 2 4
5 1 4 2 3
19
3 4 1 5 2
3 2 5 4 1
20
2 1 4 3 5
3 1 4 5 2
0
0
