5
1 2 2 102 3 322
2 3 1 392 3 372 4 104
3 2 1 353 4 236
4 4 1 379 2 460 3 421 5 458
5 3 1 143 3 309 4 453
1
1 2 5 3 4
5 3 4 1 2
2
5 4 3 1 2
3 5 4 1 2
3
3 1 4 2 5
5 1 4 2 3
4
4 5 1 2 3
4 1 5 3 2
5
4 3 1 2 5
4 5 3 2 1
6
3 4 5 1 2
5 1 3 2 4
7
3 2 4 1 5
4 2 3 5 1
8
3 4 2 5 1
3 5 4 2 1
9
2 3 5 4 1
2 1 4 3 5
10
5 4 2 3 1
4 5 2 1 3
11
4 1 3 5 2
5 1 2 4 3
12
2 5 4 1 3
4 1 3 5 2
13
2 1 5 4 3
5 4 2 3 1
14
5 3 1 4 2
4 2 5 1 3
15
3 5 2 4 1
5 4 3 1 2
16
4 5 3 2 1
2 3 4 1 5
17
3 2 5 1 4
1 5 4 2 3
18
2 5 4 1 3
4 3 1 5 2
19
3 4 2 5 1
4 3 1 5 2
20
3 1 4 5 2
2 1 3 4 5
0
5
1 3 3 90 4 265 5 368
2 4 1 499 3 343 4 183 5 186
3 3 2 474 4 267 5 121
4 4 1 337 2 467 3 274 5 123
5 4 1 467 2 254 3 212 4 265
1
1 3 5 4 2
4 3 1 5 2
2
3 1 4 2 5
5 1 2 3 4
3
4 3 2 1 5
4 3 1 2 5
4
1 5 2 3 4
1 4 3 5 2
5
3 4 2 1 5
4 5 3 1 2
6
1 2 4 5 3
4 1 3 2 5
7
4 1 5 2 3
5 4 2 3 1
8
1 2 4 5 3
2 1 5 3 4
9
2 4 3 5 1
3 5 4 2 1
10
3 1 2 4 5
3 1 5 2 4
11
3 5 1 2 4
3 4 2 1 5
12
3 2 5 1 4
2 1 5 4 3
13
3 2 5 4 1
4 5 3 1 2
14
4 1 5 2 3
1 4 2 5 3
15
3 5 1 2 4
4 2 5 3 1
16
5 1 4 3 2
5 4 3 1 2
17
3 1 2 4 5
4 5 1 2 3
18
5 3 2 1 4
1 4 3 2 5
19
1 3 2 5 4
3 4 2 5 1
20
1 4 2 3 5
5 4 1 2 3
0
5
1 3 2 218 4 63 5 352
2 3 1 25 3 350 5 57
3 3 1 472 2 69 5 142
4 3 2 493 3 333 5 243
5 2 3 480 4 88
1
5 2 3 1 4
3 4 2 1 5
2
1 4 5 3 2
4 2 3 1 5
0
0
