5
1 2 3 480 5 459
2 3 3 475 4 391 5 31
3 3 1 64 2 391 4 430
4 3 1 59 3 20 5 337
5 3 1 300 3 353 4 426
1
5 2 1 4 3
2 3 4 1 5
2
2 4 3 1 5
5 3 2 1 4
3
3 2 1 5 4
4 3 2 1 5
4
2 1 5 3 4
1 5 3 4 2
5
1 4 3 2 5
3 1 4 5 2
6
5 2 1 3 4
4 5 3 2 1
7
5 2 3 4 1
1 3 4 5 2
8
1 3 2 5 4
2 5 3 4 1
9
5 1 3 4 2
4 1 3 5 2
10
3 2 1 5 4
4 2 3 1 5
11
2 4 3 5 1
5 2 4 3 1
12
4 3 2 1 5
5 1 2 4 3
13
5 4 3 2 1
5 2 1 3 4
14
4 1 5 2 3
1 2 3 4 5
15
4 2 3 1 5
5 3 4 2 1
16
3 4 1 2 5
1 5 2 4 3
17
1 5 4 2 3
1 3 2 5 4
18
3 1 2 5 4
1 3 4 5 2
19
3 4 2 1 5
2 4 3 5 1
20
3 4 5 1 2
5 1 2 4 3
0
5
1 3 2 488 3 371 4 358
2 3 1 17 4 52 5 14
3 4 1 474 2 405 4 405 5 415
4 4 1 28 2 429 3 283 5 36
5 4 1 334 2 219 3 382 4 357
1
5 3 4 1 2
2 3 4 1 5
2
4 2 5 1 3
4 3 2 5 1
3
5 3 4 1 2
1 3 4 5 2
4
4 1 3 5 2
1 5 2 4 3
5
1 3 5 2 4
1 2 3 5 4
6
2 1 3 4 5
4 3 1 2 5
7
5 3 1 4 2
1 5 4 3 2
8
3 5 1 4 2
2 3 5 1 4
9
2 1 3 4 5
5 1 4 2 3
10
3 5 4 1 2
5 3 4 2 1
11
2 4 5 3 1
3 5 4 2 1
12
2 5 1 4 3
1 4 5 3 2
13
1 3 4 2 5
4 3 1 5 2
14
5 4 3 2 1
1 2 3 4 5
15
4 5 1 3 2
3 5 4 2 1
16
5 2 1 3 4
5 3 1 2 4
17
5 3 1 2 4
3 2 1 5 4
18
3 2 5 4 1
2 3 4 5 1
19
3 5 4 2 1
2 1 3 4 5
20
1 2 5 3 4
5 1 2 3 4
0
5
1 2 2 428 5 336
2 3 1 436 3 351 4 210
3 4 1 223 2 60 4 207 5 187
4 4 1 286 2 76 3 203 5 11
5 3 1 308 2 399 3 323
1
5 4 2 3 1
2 5 3 4 1
2
3 5 2 1 4
4 3 1 5 2
3
2 1 3 5 4
2 3 4 5 1
4
1 2 5 4 3
4 1 2 5 3
5
3 2 1 4 5
5 1 4 3 2
6
4 2 1 3 5
5 3 2 4 1
7
2 1 5 3 4
3 2 5 1 4
8
1 5 4 3 2
1 2 4 5 3
9
5 2 3 4 1
1 4 2 3 5
10
5 1 2 4 3
1 2 4 5 3
11
4 2 1 3 5
2 1 4 3 5
12
4 5 3 2 1
3 5 4 2 1
13
1 3 4 5 2
2 4 3 1 5
14
5 2 3 4 1
5 2 1 3 4
15
5 4 3 1 2
3 4 2 5 1
16
1 3 4 2 5
5 2 4 3 1
17
4 3 5 1 2
1 4 2 5 3
18
1 4 2 5 3
5 2 4 1 3
19
1 4 2 5 3
1 2 3 4 5
20
2 1 5 3 4
4 1 3 2 5
0
0
