5
1 4 2 237 3 333 4 298 5 95
2 2 1 462 5 24
3 3 1 288 2 500 5 102
4 2 2 21 3 372
5 4 1 249 2 239 3 161 4 272
1
5 3 1 4 2
3 4 2 5 1
2
1 2 4 3 5
4 5 3 1 2
3
4 3 1 5 2
3 1 4 2 5
4
2 3 5 1 4
4 2 3 5 1
5
5 4 2 3 1
1 5 4 2 3
6
1 4 5 2 3
3 1 2 5 4
7
3 2 5 1 4
2 4 5 3 1
8
2 3 5 1 4
3 1 4 5 2
9
3 2 1 4 5
1 3 2 5 4
10
3 5 2 4 1
5 3 2 1 4
11
5 3 2 1 4
4 1 2 3 5
12
5 2 4 3 1
2 1 5 4 3
13
2 3 1 5 4
1 4 3 2 5
14
5 1 3 2 4
1 3 2 4 5
15
4 3 2 5 1
1 2 5 4 3
16
4 2 5 3 1
2 4 3 1 5
17
3 2 4 1 5
1 5 3 2 4
18
1 2 5 4 3
3 5 4 1 2
19
4 5 2 1 3
4 2 5 3 1
20
4 1 5 3 2
5 4 2 1 3
0
5
1 3 2 252 4 500 5 343
2 3 1 349 3 456 4 353
3 4 1 455 2 21 4 352 5 244
4 3 1 330 2 60 5 387
5 4 1 130 2 423 3 42 4 467
1
5 4 3 2 1
1 4 3 2 5
2
1 5 3 4 2
5 3 2 1 4
3
4 1 3 5 2
1 5 4 3 2
4
2 5 4 1 3
5 1 4 3 2
5
2 5 1 3 4
1 3 4 5 2
6
3 5 1 4 2
5 1 3 4 2
7
3 1 2 5 4
3 5 1 4 2
8
5 1 4 3 2
1 5 3 2 4
9
3 5 1 2 4
3 4 5 1 2
10
1 5 3 2 4
3 4 2 1 5
11
4 5 3 1 2
3 4 5 1 2
12
3 1 2 5 4
5 1 3 2 4
13
4 2 3 5 1
1 4 3 5 2
14
4 5 2 1 3
2 1 4 5 3
15
4 1 2 3 5
2 5 1 4 3
16
5 3 4 1 2
4 3 1 5 2
17
2 3 4 5 1
2 1 3 5 4
18
3 4 2 1 5
5 4 3 1 2
19
5 1 3 4 2
1 4 2 3 5
20
2 3 1 4 5
4 2 5 3 1
0
5
1 3 2 43 3 280 5 162
2 3 1 263 3 72 4 240
3 2 2 284 4 453
4 4 1 85 2 446 3 341 5 143
5 3 1 389 2 173 4 223
1
1 2 3 4 5
3 1 5 4 2
2
1 4 3 2 5
3 5 2 1 4
3
1 3 2 5 4
1 2 5 3 4
4
5 2 3 4 1
3 4 2 5 1
5
3 2 1 4 5
1 2 5 4 3
6
5 3 4 1 2
4 5 1 2 3
7
4 3 5 2 1
2 4 1 3 5
8
2 5 4 1 3
1 2 4 5 3
9
3 4 2 5 1
1 2 4 3 5
10
2 1 3 5 4
4 2 1 5 3
11
2 3 5 4 1
5 4 1 3 2
12
3 2 4 5 1
1 3 4 2 5
13
2 4 1 5 3
5 2 3 4 1
14
4 3 2 5 1
5 1 4 2 3
15
1 2 3 5 4
4 1 3 5 2
16
2 3 4 1 5
1 5 3 4 2
17
4 5 3 2 1
1 5 3 2 4
18
1 4 3 2 5
1 5 4 3 2
19
5 3 1 2 4
1 4 2 5 3
20
3 5 4 1 2
4 3 5 2 1
0
5
1 4 2 101 3 351 4 67 5 11
2 2 1 220 4 258
3 2 1 52 2 173
4 3 1 278 2 230 3 160
5 3 2 411 3 373 4 423
1
4 5 1 3 2
1 3 4 2 5
2
3 4 2 5 1
3 1 4 5 2
3
5 1 3 4 2
2 4 3 1 5
4
5 3 2 1 4
2 1 4 5 3
5
3 1 4 5 2
4 2 3 5 1
6
5 2 3 1 4
5 2 4 3 1
7
1 3 2 5 4
2 5 1 3 4
8
1 3 4 5 2
5 1 4 2 3
9
4 1 3 5 2
3 1 4 2 5
10
2 5 3 1 4
1 3 2 4 5
11
3 4 1 5 2
2 1 3 4 5
12
4 2 3 5 1
4 5 3 2 1
13
5 1 2 4 3
1 5 4 3 2
14
5 3 2 4 1
1 4 2 5 3
15
2 3 5 4 1
4 2 5 1 3
16
3 4 2 1 5
4 1 3 5 2
17
4 5 2 1 3
2 3 5 1 4
18
5 4 1 2 3
4 1 3 2 5
19
2 3 4 1 5
3 2 1 5 4
20
1 4 3 2 5
2 5 4 1 3
0
5
1 4 2 354 3 440 4 342 5 99
2 2 3 407 4 482
3 4 1 249 2 43 4 193 5 145
4 4 1 221 2 45 3 163 5 334
5 3 2 91 3 121 4 497
1
5 3 4 2 1
1 4 2 3 5
2
2 1 3 5 4
2 3 4 5 1
3
1 3 4 5 2
5 2 4 3 1
4
5 2 3 4 1
3 5 4 2 1
5
4 2 5 1 3
4 3 1 2 5
6
2 4 3 1 5
2 4 1 3 5
7
1 5 4 2 3
1 4 5 2 3
8
2 3 1 4 5
2 5 1 3 4
9
3 4 1 5 2
2 3 1 4 5
10
5 1 2 4 3
2 1 5 4 3
0
5
1 2 3 280 4 371
2 3 3 103 4 450 5 328
3 3 1 368 4 186 5 339
4 4 1 448 2 425 3 48 5 442
5 3 1 87 2 148 4 18
1
5 3 2 1 4
2 4 5 3 1
2
1 2 3 4 5
2 1 5 4 3
3
1 5 4 3 2
1 2 3 5 4
4
5 3 2 4 1
5 3 4 2 1
5
5 2 1 3 4
1 2 5 3 4
6
5 3 2 4 1
4 3 5 1 2
7
5 4 2 1 3
1 5 3 4 2
8
3 1 5 4 2
2 1 4 3 5
9
5 1 2 3 4
2 3 5 4 1
10
5 2 3 1 4
1 4 3 5 2
11
2 5 1 3 4
5 1 2 3 4
12
3 1 4 2 5
3 5 1 4 2
13
5 3 4 2 1
2 3 4 5 1
14
2 1 5 3 4
4 1 2 3 5
15
4 1 3 5 2
1 5 3 4 2
16
3 5 2 1 4
1 2 5 4 3
17
2 5 4 3 1
3 2 1 5 4
18
3 5 1 2 4
2 4 3 5 1
19
4 2 5 1 3
2 3 1 4 5
20
3 5 4 1 2
2 3 5 1 4
0
5
1 2 2 247 4 360
2 4 1 268 3 301 4 251 5 361
3 3 1 73 4 252 5 102
4 2 2 229 3 139
5 2 2 151 3 300
1
5 2 1 3 4
2 3 1 4 5
2
3 2 4 5 1
4 2 5 1 3
3
1 5 4 2 3
3 2 4 1 5
4
3 5 1 2 4
2 4 1 5 3
5
1 3 5 4 2
3 1 4 2 5
6
1 3 2 5 4
2 1 5 4 3
7
4 5 3 1 2
5 3 4 2 1
8
4 1 3 5 2
1 3 5 4 2
9
1 4 3 2 5
4 2 3 1 5
10
5 2 4 3 1
5 3 2 1 4
11
3 1 4 2 5
1 5 3 4 2
12
2 1 4 3 5
4 5 2 3 1
13
2 1 5 4 3
5 3 2 1 4
14
5 3 4 2 1
3 1 5 2 4
15
1 3 4 2 5
2 1 5 3 4
16
3 5 1 4 2
3 1 2 4 5
17
2 5 1 4 3
5 2 1 4 3
18
2 5 4 1 3
5 4 2 3 1
19
4 3 1 2 5
4 1 3 5 2
20
2 1 4 3 5
3 5 2 4 1
0
5
1 3 2 317 3 32 5 142
2 2 3 273 4 391
3 4 1 283 2 191 4 191 5 66
4 4 1 172 2 79 3 451 5 149
5 2 3 243 4 112
1
4 2 5 1 3
2 4 5 3 1
2
2 4 1 3 5
5 1 4 2 3
3
1 3 2 5 4
3 2 4 5 1
4
2 1 4 3 5
3 4 2 5 1
5
3 1 2 5 4
5 3 4 2 1
6
1 3 2 4 5
2 1 4 3 5
7
5 4 1 3 2
4 1 2 5 3
8
3 2 4 1 5
3 1 4 5 2
9
1 4 2 5 3
4 3 1 5 2
10
4 5 2 1 3
1 5 4 3 2
11
2 4 1 3 5
3 5 4 2 1
12
5 1 4 3 2
2 4 1 3 5
13
5 1 2 3 4
2 1 3 4 5
14
2 1 4 3 5
1 3 5 2 4
15
3 5 1 2 4
3 4 5 2 1
16
3 5 4 2 1
4 3 1 5 2
17
3 2 4 5 1
1 4 5 2 3
18
2 4 1 5 3
1 2 4 5 3
19
2 3 1 5 4
5 3 1 2 4
20
1 2 5 3 4
5 3 4 1 2
0
5
1 3 2 312 3 289 4 417
2 4 1 448 3 81 4 50 5 367
3 2 2 190 4 355
4 4 1 151 2 361 3 187 5 335
5 4 1 94 2 373 3 145 4 123
1
3 1 5 2 4
1 2 4 3 5
2
5 1 3 4 2
3 5 2 1 4
3
4 1 5 3 2
5 1 2 4 3
4
5 1 2 3 4
4 2 3 5 1
5
5 3 4 1 2
3 1 2 4 5
6
4 1 2 5 3
1 4 5 2 3
7
5 3 2 4 1
3 2 4 1 5
0
5
1 4 2 160 3 20 4 367 5 7
2 4 1 162 3 224 4 126 5 263
3 4 1 416 2 202 4 162 5 215
4 3 1 36 3 473 5 75
5 1 2 24
1
1 3 5 4 2
1 3 2 5 4
2
5 1 2 4 3
2 4 5 1 3
3
3 5 1 2 4
2 1 4 5 3
4
1 3 2 5 4
5 1 3 4 2
5
4 1 3 2 5
3 5 2 4 1
6
2 1 4 5 3
2 4 3 1 5
7
2 1 5 3 4
1 3 2 4 5
8
1 2 4 5 3
3 2 1 5 4
9
3 4 2 1 5
2 4 1 3 5
10
3 4 5 1 2
4 1 2 3 5
11
3 1 4 5 2
3 4 2 1 5
12
5 1 2 4 3
5 1 4 3 2
13
3 1 2 4 5
2 4 3 5 1
14
4 2 3 1 5
5 2 4 1 3
15
4 2 5 1 3
4 1 2 3 5
16
4 5 1 3 2
1 4 5 3 2
17
4 1 5 3 2
2 1 4 5 3
18
2 1 5 3 4
4 1 5 3 2
19
2 1 5 4 3
3 5 2 4 1
20
1 5 2 3 4
4 5 2 1 3
0
0
