10
1 6 2 134 4 221 5 65 7 14 8 58 9 477
2 5 4 281 6 75 7 310 8 213 9 369
3 7 1 430 2 333 4 264 7 130 8 212 9 79 10 269
4 7 1 14 3 282 5 390 6 238 7 197 8 160 10 362
5 8 1 274 3 40 4 372 6 402 7 161 8 183 9 94 10 350
6 9 1 48 2 436 3 24 4 93 5 136 7 392 8 30 9 73 10 424
7 8 1 183 2 283 3 373 4 310 5 269 6 300 8 146 9 13
8 6 1 453 3 104 6 450 7 219 9 132 10 237
9 8 1 395 2 371 4 457 5 96 6 3 7 318 8 118 10 184
10 6 1 42 3 405 4 243 5 160 6 441 9 219
1
3 9 7 1 8 2 4 5 6 10
1 3 10 2 6 5 7 9 4 8
2
9 6 2 8 1 4 5 7 10 3
2 7 1 8 5 9 4 10 6 3
3
4 3 10 8 7 9 5 1 2 6
5 2 6 3 4 1 10 7 8 9
4
6 8 7 9 5 1 2 10 3 4
3 2 6 10 8 7 1 9 5 4
5
10 8 2 4 6 1 5 3 7 9
5 6 9 1 10 8 4 2 7 3
6
6 4 5 9 10 2 8 3 7 1
9 8 10 3 4 7 6 1 2 5
7
3 5 7 10 1 2 9 8 6 4
2 7 3 5 6 4 1 8 9 10
8
8 7 1 10 3 4 5 2 9 6
5 1 4 2 3 7 8 10 9 6
9
7 1 3 6 9 2 10 5 8 4
2 3 10 8 5 6 1 4 7 9
10
5 8 2 9 7 4 6 3 10 1
2 3 4 10 5 8 1 9 7 6
11
7 5 6 4 10 1 3 8 9 2
6 9 2 3 1 5 8 10 4 7
12
2 7 1 3 8 9 5 6 4 10
10 1 7 2 5 6 8 9 3 4
13
10 9 1 7 2 5 3 6 8 4
7 6 9 10 8 5 2 1 3 4
14
2 8 6 4 10 7 1 9 5 3
2 9 6 10 1 7 3 8 4 5
15
4 2 6 5 10 1 7 9 3 8
6 1 8 2 9 10 3 7 4 5
16
1 7 4 5 3 9 2 6 8 10
6 7 9 4 2 5 3 10 1 8
17
7 4 1 9 8 2 6 10 5 3
5 10 9 4 2 3 1 7 6 8
18
6 5 2 4 8 1 3 7 9 10
2 1 4 3 6 7 10 9 8 5
19
4 3 7 10 1 5 9 2 6 8
4 2 3 6 10 7 8 9 5 1
20
4 5 1 2 6 9 3 7 8 10
10 1 4 6 2 8 7 9 5 3
0
10
1 7 4 122 5 178 6 155 7 218 8 134 9 378 10 310
2 8 1 205 3 94 4 160 5 244 6 247 7 367 8 456 9 33
3 7 2 334 4 43 5 473 7 72 8 253 9 482 10 74
4 7 1 113 2 107 3 420 5 477 6 284 7 33 9 122
5 9 1 92 2 116 3 130 4 410 6 322 7 378 8 409 9 332 10 329
6 6 1 124 3 169 5 245 8 48 9 364 10 270
7 7 1 217 2 129 3 373 5 251 6 268 8 72 10 151
8 9 1 299 2 355 3 191 4 109 5 341 6 305 7 148 9 58 10 295
9 6 2 368 4 292 5 359 7 328 8 312 10 203
10 8 1 7 2 263 3 26 4 8 5 164 6 405 8 495 9 303
1
7 8 5 2 10 6 1 3 4 9
4 9 2 5 7 6 8 10 3 1
2
3 6 10 2 1 4 9 5 8 7
4 5 3 9 7 2 8 1 10 6
3
5 7 2 10 6 8 9 1 3 4
1 5 6 8 3 7 10 2 9 4
4
4 1 5 6 10 8 3 7 9 2
10 5 1 4 9 2 8 3 7 6
5
7 4 2 6 1 10 3 8 9 5
10 6 2 7 5 4 1 3 8 9
6
9 5 6 2 8 3 4 7 1 10
1 2 5 9 7 8 3 10 4 6
7
7 10 8 9 4 2 5 6 3 1
9 6 2 3 4 8 7 5 10 1
8
8 7 5 3 4 9 6 1 2 10
9 6 8 7 2 10 1 5 4 3
9
6 1 7 9 10 5 4 2 3 8
8 5 3 10 2 1 7 4 9 6
10
4 9 5 8 10 2 7 1 3 6
8 3 1 7 6 10 2 5 9 4
11
1 7 8 10 2 5 6 4 9 3
8 3 7 5 9 10 4 2 6 1
12
6 1 9 7 4 3 10 8 5 2
4 6 1 7 3 10 9 2 5 8
13
9 1 10 3 8 4 6 5 7 2
10 5 3 1 9 7 6 4 2 8
14
1 7 3 6 8 2 9 4 5 10
6 2 9 8 3 10 5 4 7 1
15
9 10 1 4 5 6 3 8 7 2
10 3 8 6 1 5 2 4 9 7
16
4 6 8 2 10 3 1 5 9 7
1 2 7 6 5 9 10 8 4 3
17
8 7 5 2 6 10 4 1 3 9
9 5 7 3 1 4 10 2 6 8
18
5 6 3 7 9 8 10 2 4 1
10 7 4 8 5 6 2 1 9 3
19
10 7 1 4 2 8 9 3 6 5
7 5 2 8 1 10 4 3 6 9
20
1 3 8 5 10 9 7 6 2 4
3 6 2 7 4 5 8 9 10 1
0
10
1 8 2 353 3 350 5 15 6 17 7 435 8 105 9 48 10 271
2 8 1 19 3 13 4 57 5 175 6 119 7 300 9 264 10 190
3 8 1 290 2 120 4 257 5 90 6 142 7 46 8 300 10 128
4 8 1 419 2 371 5 129 6 60 7 196 8 16 9 400 10 26
5 7 1 18 4 283 6 40 7 287 8 468 9 444 10 365
6 9 1 323 2 385 3 318 4 394 5 485 7 52 8 9 9 346 10 331
7 8 1 24 2 155 3 406 4 358 5 464 6 156 9 403 10 326
8 9 1 109 2 281 3 172 4 324 5 468 6 383 7 446 9 419 10 226
9 8 1 411 2 282 3 116 5 348 6 100 7 434 8 151 10 84
10 8 2 309 3 10 4 86 5 337 6 69 7 324 8 322 9 126
1
6 4 1 10 5 8 7 2 3 9
1 8 9 10 5 7 3 2 4 6
2
7 10 6 5 1 3 4 2 9 8
5 6 7 8 9 2 4 1 10 3
3
8 6 1 4 10 7 3 2 9 5
10 5 8 7 6 9 4 2 3 1
4
4 9 6 3 5 2 8 7 1 10
3 2 5 8 9 4 7 1 10 6
5
9 3 5 2 8 6 10 1 7 4
7 1 5 2 9 6 3 4 10 8
6
9 1 7 2 10 8 6 4 3 5
4 6 5 7 9 8 1 3 10 2
7
9 3 1 2 10 6 8 4 5 7
4 6 5 7 2 10 1 3 8 9
8
7 8 1 5 10 6 2 9 4 3
8 6 3 4 5 2 7 9 1 10
9
3 6 4 5 9 8 10 2 1 7
7 1 5 9 4 8 6 10 2 3
10
2 3 8 9 4 7 1 5 6 10
10 9 1 8 5 2 6 4 3 7
11
6 4 1 2 5 7 9 10 8 3
5 2 7 10 1 4 9 3 8 6
12
2 4 9 7 8 6 3 10 1 5
7 2 9 1 6 8 3 10 5 4
13
2 5 10 8 9 4 6 1 7 3
4 9 1 6 3 2 8 10 7 5
14
5 10 9 2 4 7 1 3 8 6
8 5 4 9 6 3 10 7 1 2
15
6 9 7 10 1 4 2 5 3 8
2 8 3 6 9 10 5 7 1 4
16
5 8 1 10 7 4 3 2 6 9
2 1 7 5 3 9 10 4 8 6
17
7 6 8 5 10 9 2 4 1 3
8 5 7 4 1 6 9 10 3 2
18
3 8 5 7 4 2 1 9 10 6
5 4 9 7 2 1 8 3 6 10
19
3 1 5 8 6 2 9 10 7 4
4 6 5 1 7 8 3 2 9 10
20
9 2 1 7 5 3 8 6 10 4
3 10 6 8 2 5 9 7 4 1
0
10
1 8 2 449 3 282 4 36 6 53 7 103 8 8 9 136 10 220
2 8 1 389 3 457 4 93 5 172 6 185 8 84 9 254 10 393
3 8 1 339 2 51 4 416 5 194 6 430 7 274 9 48 10 433
4 6 1 254 3 61 7 454 8 11 9 420 10 291
5 5 3 249 4 210 8 460 9 274 10 48
6 8 1 42 2 107 4 35 5 313 7 418 8 163 9 327 10 178
7 6 1 137 2 334 3 19 6 147 8 207 10 481
8 7 1 326 2 436 3 50 4 120 6 339 7 159 10 447
9 6 3 145 4 303 5 107 7 490 8 419 10 306
10 8 1 382 3 402 4 372 5 378 6 118 7 325 8 129 9 347
1
9 2 1 6 8 5 10 3 7 4
4 8 6 7 1 10 9 2 3 5
2
4 7 3 2 1 5 10 9 6 8
8 5 2 1 3 10 9 4 7 6
3
9 5 2 6 8 7 10 4 1 3
3 9 7 6 2 1 5 10 8 4
4
5 8 6 1 2 7 10 4 3 9
5 8 3 7 1 9 2 6 4 10
5
7 1 5 8 3 6 4 10 2 9
2 1 4 8 3 10 5 7 9 6
6
4 8 3 9 10 7 6 5 1 2
7 5 1 6 10 4 2 9 3 8
7
7 4 6 10 2 5 3 8 9 1
5 2 8 7 3 10 4 6 9 1
8
7 10 2 9 3 8 6 5 1 4
8 10 1 7 5 4 6 3 9 2
9
3 4 2 1 7 10 6 8 9 5
8 7 5 9 1 3 2 6 4 10
0
10
1 7 2 500 3 1 5 339 6 155 8 488 9 442 10 111
2 7 1 300 3 218 5 90 6 377 7 122 9 275 10 71
3 7 2 151 4 103 5 271 6 492 7 109 8 401 9 474
4 9 1 46 2 486 3 344 5 370 6 70 7 238 8 91 9 432 10 87
5 7 1 205 2 439 3 7 4 460 6 455 9 162 10 356
6 7 1 350 2 56 3 375 4 32 5 356 7 486 9 93
7 5 2 93 4 390 6 122 8 202 9 179
8 8 2 25 3 467 4 349 5 189 6 370 7 419 9 396 10 54
9 7 1 286 2 133 3 260 4 138 6 130 7 205 10 479
10 8 1 132 2 421 3 108 5 293 6 199 7 95 8 170 9 100
1
6 4 7 10 9 1 3 2 8 5
3 8 5 6 9 2 1 7 10 4
2
4 8 9 5 2 10 6 3 1 7
1 7 2 6 8 5 9 3 4 10
3
1 8 6 5 10 9 4 2 7 3
9 7 5 4 2 8 1 3 10 6
4
3 2 6 5 8 1 9 4 7 10
2 6 9 1 4 10 7 5 3 8
5
1 5 7 9 4 3 6 2 8 10
7 4 1 6 8 3 2 5 9 10
6
7 9 5 1 10 6 3 4 8 2
1 3 9 6 4 8 2 7 10 5
7
1 4 3 8 9 7 2 6 10 5
2 6 4 9 1 5 10 7 3 8
8
6 2 10 1 9 7 4 3 5 8
5 7 8 10 6 4 2 9 3 1
9
1 9 4 3 5 8 10 2 7 6
1 2 9 3 4 6 7 10 8 5
10
4 6 2 1 10 8 7 9 5 3
1 10 6 4 7 2 3 9 5 8
11
3 6 5 4 7 10 9 1 2 8
1 8 4 5 10 7 3 6 9 2
12
8 7 6 1 5 2 9 4 10 3
6 8 2 3 10 5 4 7 1 9
13
5 4 9 3 7 2 8 1 10 6
10 2 7 8 1 4 3 6 9 5
14
10 7 4 9 8 3 2 6 5 1
3 1 10 4 7 2 9 5 6 8
15
3 9 4 10 7 5 1 8 2 6
2 8 10 6 9 1 5 7 4 3
16
10 6 2 8 1 3 9 4 7 5
5 1 8 4 6 7 9 10 3 2
17
6 4 3 1 5 7 9 2 10 8
2 1 5 8 9 7 4 6 10 3
18
9 1 7 2 4 5 8 6 10 3
8 6 9 4 10 1 5 3 7 2
19
8 9 6 10 5 3 2 7 1 4
10 4 7 9 6 2 1 8 5 3
20
7 3 8 4 6 1 9 5 10 2
3 4 2 7 8 5 9 10 6 1
0
10
1 7 3 25 4 296 5 387 6 69 7 251 9 61 10 270
2 8 1 369 3 419 4 255 5 184 6 356 8 252 9 460 10 268
3 8 1 213 2 461 5 61 6 239 7 483 8 198 9 455 10 481
4 7 1 277 2 75 3 204 5 384 7 364 9 317 10 152
5 6 2 92 3 163 4 348 6 318 8 334 9 70
6 8 1 218 3 429 4 43 5 411 7 424 8 171 9 414 10 268
7 5 2 247 4 287 5 483 6 281 9 317
8 7 2 352 3 452 4 113 5 239 6 378 9 252 10 165
9 8 1 281 2 473 3 109 4 116 5 433 6 151 7 48 10 329
10 8 1 293 3 418 4 419 5 300 6 326 7 398 8 287 9 109
1
1 3 2 6 5 9 10 7 4 8
2 6 5 10 3 7 1 8 4 9
2
7 1 6 3 5 2 8 4 9 10
3 2 10 9 1 4 7 8 6 5
3
1 6 5 10 7 2 3 9 4 8
4 8 6 1 3 10 7 2 9 5
4
4 2 7 6 10 9 8 5 1 3
8 5 1 7 2 10 4 6 3 9
5
7 4 9 8 6 2 1 5 3 10
6 2 1 5 8 4 3 9 7 10
6
1 8 3 6 9 7 10 4 5 2
6 1 8 3 9 5 2 7 4 10
7
8 6 10 4 3 5 1 2 9 7
5 4 3 8 7 6 2 9 10 1
8
5 1 3 4 9 7 8 2 10 6
3 8 2 1 7 6 4 10 5 9
9
6 9 3 8 7 5 1 4 2 10
4 1 10 6 7 8 5 3 9 2
10
6 9 3 2 4 7 10 1 5 8
8 2 6 9 1 3 5 7 10 4
11
7 5 6 3 2 10 1 4 9 8
9 10 1 3 7 2 4 5 8 6
12
10 3 2 6 8 1 7 9 4 5
9 4 3 10 7 5 8 2 6 1
13
8 6 1 4 3 2 10 9 7 5
10 6 3 8 9 7 5 2 4 1
14
5 10 6 1 8 4 7 2 3 9
5 1 7 10 9 4 8 6 2 3
15
2 10 7 4 1 6 3 9 5 8
4 2 6 8 7 10 9 3 5 1
16
1 2 9 6 5 7 10 8 4 3
3 8 10 2 5 4 7 6 9 1
17
5 9 4 1 6 10 7 8 2 3
1 9 8 4 10 3 6 2 5 7
18
7 5 1 6 3 9 2 10 4 8
10 6 9 1 5 8 3 2 4 7
19
9 5 4 3 7 10 2 8 6 1
9 4 5 6 1 10 7 8 2 3
0
10
1 8 3 335 4 182 5 283 6 302 7 180 8 172 9 458 10 99
2 8 1 88 3 262 4 280 6 217 7 413 8 440 9 293 10 265
3 9 1 101 2 411 4 88 5 285 6 467 7 339 8 76 9 214 10 242
4 5 2 244 3 492 5 53 6 156 7 62
5 6 1 480 2 415 3 439 4 201 8 393 10 162
6 7 1 125 2 34 3 220 4 273 5 136 8 378 10 239
7 9 1 257 2 103 3 308 4 180 5 38 6 340 8 180 9 462 10 327
8 7 1 106 3 233 4 245 5 404 6 357 7 446 9 417
9 8 1 50 2 80 3 279 4 375 6 263 7 368 8 135 10 314
10 7 1 273 2 462 3 354 5 395 6 336 7 197 8 93
1
2 6 9 10 8 3 1 5 7 4
8 9 5 2 10 4 1 7 6 3
2
3 9 10 6 4 2 1 8 5 7
9 6 3 2 7 10 5 1 8 4
3
5 10 6 7 4 3 8 9 1 2
4 2 5 7 9 3 10 8 6 1
4
9 4 2 10 5 8 6 3 1 7
2 3 8 4 7 6 1 5 10 9
5
3 7 5 2 8 1 6 10 4 9
4 9 6 8 2 3 1 10 5 7
6
9 3 6 7 10 4 5 2 8 1
2 1 9 3 5 7 10 4 6 8
7
7 9 3 4 6 5 1 8 2 10
6 1 4 5 2 9 7 10 3 8
8
5 6 1 2 8 7 10 3 4 9
4 10 7 2 3 1 5 6 8 9
9
1 2 7 9 5 10 8 3 6 4
4 1 2 8 10 3 7 6 5 9
10
9 2 10 4 5 6 1 3 8 7
3 7 2 5 4 9 8 10 6 1
11
6 5 9 3 1 8 4 2 7 10
4 7 3 8 6 10 9 2 5 1
12
8 10 4 6 5 7 9 1 2 3
6 4 2 5 1 8 7 9 10 3
13
1 10 6 2 4 5 3 7 9 8
3 6 10 7 8 5 2 9 4 1
14
3 10 4 8 1 7 2 9 6 5
10 7 2 5 6 1 9 8 3 4
15
9 10 1 2 8 6 5 4 7 3
5 3 4 8 10 7 2 6 1 9
16
9 7 2 10 3 8 5 1 6 4
10 4 1 5 6 3 7 9 8 2
17
9 7 5 1 10 8 3 2 4 6
10 9 4 8 7 5 6 2 3 1
18
10 1 4 7 9 8 2 6 3 5
7 5 2 10 6 8 9 3 1 4
19
1 6 9 2 8 10 5 4 3 7
5 1 2 10 4 7 8 6 9 3
20
9 10 7 4 3 5 1 6 2 8
1 3 4 8 9 6 7 10 2 5
0
10
1 6 2 137 3 387 5 173 6 152 8 163 9 495
2 7 1 454 3 307 5 84 6 395 7 314 9 458 10 51
3 7 1 236 2 3 5 301 7 83 8 409 9 422 10 148
4 8 1 109 3 331 5 316 6 385 7 64 8 425 9 27 10 279
5 8 2 24 3 83 4 264 6 476 7 351 8 77 9 448 10 343
6 7 2 346 3 254 5 35 7 423 8 175 9 351 10 448
7 8 1 16 2 451 3 332 5 267 6 353 8 257 9 194 10 481
8 7 1 152 2 53 3 445 4 395 5 28 6 51 9 207
9 7 1 187 2 495 3 3 6 442 7 411 8 14 10 311
10 8 1 255 2 382 3 381 4 437 6 66 7 212 8 452 9 483
1
2 10 7 5 9 1 3 4 6 8
10 3 1 9 7 5 6 8 2 4
2
7 2 1 3 9 6 5 8 10 4
10 9 4 2 5 8 7 3 6 1
3
3 4 7 9 1 5 2 8 10 6
5 6 3 1 7 2 9 10 8 4
4
10 5 1 4 7 9 8 6 2 3
6 5 1 2 4 8 7 10 9 3
5
8 7 3 4 9 10 2 5 6 1
8 9 5 4 3 6 1 10 7 2
6
1 10 5 9 3 8 4 2 6 7
2 5 7 1 6 8 9 10 3 4
7
7 5 2 1 10 8 4 3 6 9
10 5 8 9 3 6 4 1 2 7
8
3 4 9 8 2 5 1 7 6 10
4 9 1 7 5 10 3 8 2 6
9
10 7 2 9 5 6 3 1 4 8
3 6 8 4 10 2 1 9 5 7
10
2 3 10 5 7 6 4 1 8 9
2 1 10 8 4 5 6 7 3 9
11
6 5 10 7 1 8 4 3 2 9
3 4 8 6 10 9 1 7 5 2
12
3 10 7 9 8 4 1 5 2 6
4 2 6 9 1 10 3 7 5 8
13
6 10 5 1 8 7 3 9 4 2
5 3 6 2 8 7 4 9 10 1
14
9 10 5 3 1 2 7 8 4 6
3 1 8 10 6 9 7 4 2 5
15
10 2 6 9 1 4 5 3 8 7
9 3 5 4 10 1 2 6 8 7
16
10 8 6 2 7 4 3 9 5 1
2 9 7 6 1 10 3 8 4 5
17
5 2 1 6 4 9 7 3 10 8
10 1 6 5 8 9 7 2 3 4
18
5 10 4 3 1 6 2 7 9 8
7 1 4 5 10 2 9 6 3 8
19
4 1 6 2 7 5 8 9 10 3
9 4 5 6 1 2 10 7 3 8
20
1 10 7 5 8 6 9 3 2 4
9 4 2 6 5 10 7 1 8 3
0
10
1 9 2 70 3 279 4 56 5 49 6 274 7 11 8 229 9 472 10 332
2 8 1 447 3 8 4 264 6 372 7 10 8 9 9 108 10 224
3 8 2 377 4 307 5 468 6 186 7 482 8 421 9 494 10 34
4 8 1 303 2 227 5 388 6 98 7 256 8 469 9 194 10 53
5 9 1 135 2 215 3 480 4 78 6 418 7 397 8 146 9 293 10 319
6 7 1 126 2 486 3 42 4 83 8 16 9 81 10 369
7 7 1 465 2 1 3 375 4 64 6 431 8 62 9 170
8 8 1 253 2 46 3 250 5 186 6 216 7 97 9 461 10 247
9 6 2 306 3 343 4 368 5 130 6 39 10 311
10 7 1 72 2 388 3 276 4 255 5 105 6 60 7 438
1
5 9 8 2 1 4 10 6 3 7
5 1 10 8 3 9 2 4 7 6
2
6 10 9 7 2 1 8 4 5 3
7 9 1 3 5 8 4 6 10 2
3
5 4 9 10 3 8 1 7 6 2
5 7 4 3 8 2 9 6 10 1
4
5 10 1 6 3 7 2 9 8 4
1 4 7 3 2 6 8 10 9 5
5
6 4 5 3 9 8 10 7 2 1
10 9 7 8 6 2 4 3 1 5
6
6 10 7 3 1 8 4 5 9 2
9 10 7 1 2 5 8 4 3 6
7
3 9 8 6 4 7 2 5 10 1
4 1 9 2 6 8 10 3 7 5
8
6 1 8 9 5 2 10 3 4 7
5 3 8 7 10 2 4 9 1 6
9
10 3 7 4 5 2 1 9 6 8
4 3 7 8 1 2 6 9 10 5
10
9 1 8 2 5 6 10 3 4 7
6 10 7 8 1 5 2 3 4 9
11
5 2 8 9 6 10 7 1 3 4
6 9 7 1 5 2 8 4 3 10
12
8 2 7 1 5 3 9 6 10 4
8 9 7 2 10 3 1 4 5 6
13
8 1 5 3 2 7 6 9 4 10
4 2 10 5 3 7 8 6 9 1
14
3 7 8 4 5 10 6 1 9 2
9 4 6 1 2 7 5 8 3 10
15
1 4 9 10 6 7 5 3 2 8
7 2 4 8 6 9 10 3 5 1
16
7 8 2 10 9 3 1 5 4 6
7 1 5 4 6 9 2 3 10 8
17
8 2 7 10 3 1 4 9 5 6
6 3 1 2 4 8 9 10 5 7
18
2 6 1 4 7 3 9 5 8 10
7 6 1 9 2 10 3 8 4 5
19
9 7 4 5 6 10 1 2 3 8
4 2 8 9 10 6 3 1 5 7
20
3 5 1 4 9 10 7 8 2 6
10 8 1 2 4 7 5 6 9 3
0
10
1 8 2 487 4 118 5 227 6 45 7 154 8 69 9 298 10 390
2 6 1 394 4 274 5 252 6 59 7 57 10 173
3 5 1 299 2 263 4 230 7 30 8 379
4 9 1 250 2 164 3 205 5 208 6 338 7 144 8 237 9 205 10 21
5 9 1 167 2 376 3 387 4 486 6 63 7 344 8 40 9 372 10 361
6 6 2 119 4 245 7 284 8 393 9 122 10 203
7 6 1 216 2 238 3 356 4 293 8 451 9 110
8 8 1 269 2 4 3 42 4 65 5 318 6 286 7 41 9 153
9 8 1 186 2 188 4 173 5 196 6 212 7 165 8 98 10 242
10 8 1 24 3 398 4 272 5 477 6 4 7 23 8 32 9 372
1
3 2 4 1 6 5 7 9 8 10
10 8 7 2 9 3 5 1 4 6
2
6 4 3 8 9 5 1 7 10 2
2 9 8 5 1 3 4 7 6 10
3
10 7 1 5 6 2 8 3 9 4
3 8 2 9 1 10 5 7 4 6
4
3 4 6 10 1 2 8 9 5 7
6 4 1 3 2 5 7 10 8 9
5
5 6 8 3 7 1 2 9 10 4
7 3 8 2 9 1 6 4 10 5
6
6 2 7 8 3 9 10 4 1 5
8 3 1 10 6 2 5 7 4 9
7
9 10 3 1 7 2 4 8 5 6
6 2 5 3 7 10 4 1 9 8
8
9 8 6 5 3 10 2 4 7 1
9 8 1 2 6 3 10 5 7 4
9
9 4 3 1 5 6 7 8 2 10
8 5 6 3 10 1 2 7 4 9
10
2 4 9 8 6 10 7 5 1 3
2 4 9 1 6 5 8 7 3 10
11
9 5 8 6 2 7 10 1 4 3
9 7 1 5 10 4 8 3 2 6
12
3 2 9 10 7 1 5 6 4 8
8 6 10 4 9 7 2 5 3 1
13
8 4 3 2 7 1 9 10 5 6
1 7 9 10 5 3 8 4 2 6
14
5 4 1 6 7 9 8 2 3 10
3 10 1 6 8 7 9 5 4 2
15
1 9 6 10 8 2 4 5 7 3
7 3 5 4 1 6 10 9 2 8
16
9 10 6 5 8 4 2 3 7 1
1 9 7 3 2 8 4 10 6 5
17
3 2 10 6 4 8 5 1 7 9
1 4 2 9 6 5 8 10 3 7
18
8 1 3 4 2 5 9 7 10 6
6 5 4 10 7 1 9 3 2 8
19
4 2 8 7 10 3 6 5 9 1
6 9 3 5 1 2 10 8 7 4
20
6 1 4 9 10 3 8 7 2 5
7 8 1 9 4 3 10 5 6 2
0
0
