10
1 9 2 285 3 231 4 182 5 361 6 298 7 433 8 111 9 301 10 285
2 8 1 223 4 221 5 226 6 20 7 124 8 153 9 407 10 153
3 7 1 254 2 392 4 194 6 32 8 347 9 360 10 254
4 6 1 216 2 178 7 217 8 195 9 185 10 231
5 5 4 445 6 366 7 47 8 375 10 343
6 8 2 376 3 311 4 357 5 370 7 358 8 481 9 305 10 248
7 7 1 289 2 101 3 458 4 144 5 430 8 97 10 484
8 9 1 407 2 166 3 298 4 4 5 25 6 307 7 27 9 213 10 148
9 8 1 173 2 152 3 248 4 119 5 402 6 440 7 380 10 333
10 6 1 375 2 460 4 380 6 181 8 493 9 358
1
1 5 8 4 10 3 7 2 9 6
9 10 5 7 3 6 2 4 8 1
2
6 2 3 1 4 9 8 10 5 7
2 9 10 4 8 5 6 7 1 3
3
8 10 1 6 5 2 4 9 3 7
7 5 6 3 10 8 9 1 4 2
4
9 8 7 2 6 4 5 1 10 3
7 9 5 3 2 8 4 6 1 10
5
9 8 10 6 7 1 4 2 5 3
9 4 5 6 10 7 2 1 8 3
6
6 8 9 7 10 3 4 5 1 2
7 8 5 1 2 6 4 10 3 9
7
6 5 4 8 3 9 10 7 1 2
3 2 10 8 6 4 9 1 5 7
8
4 9 6 8 2 3 1 7 10 5
7 2 8 4 1 6 9 10 3 5
9
7 6 9 1 10 2 8 3 5 4
3 7 8 1 4 9 10 5 6 2
0
10
1 7 2 153 5 340 6 59 7 188 8 281 9 369 10 69
2 7 3 470 4 338 5 56 6 20 7 193 8 429 9 321
3 7 2 288 4 447 5 160 6 349 7 172 8 45 9 192
4 9 1 155 2 427 3 425 5 332 6 22 7 329 8 70 9 191 10 101
5 9 1 137 2 262 3 259 4 426 6 276 7 408 8 44 9 108 10 74
6 7 1 38 2 386 4 251 5 356 8 335 9 481 10 273
7 7 1 122 3 212 4 178 5 370 6 283 8 484 9 318
8 9 1 416 2 352 3 298 4 139 5 394 6 331 7 306 9 37 10 466
9 6 1 52 2 116 3 340 5 247 6 313 7 343
10 8 2 315 3 391 4 368 5 340 6 428 7 390 8 385 9 468
1
9 6 2 3 7 8 10 4 5 1
10 9 1 8 7 5 3 4 2 6
2
2 1 4 6 5 9 10 7 8 3
6 8 10 5 4 3 2 9 1 7
3
3 6 1 9 7 4 10 5 2 8
4 10 7 2 9 8 1 6 5 3
4
8 2 9 1 4 7 5 10 6 3
1 10 2 4 7 6 9 8 3 5
5
2 9 1 6 4 10 8 5 3 7
10 4 9 2 3 6 5 8 7 1
6
5 10 1 2 6 4 9 3 8 7
2 9 1 7 10 4 6 5 3 8
7
10 4 6 7 5 3 9 2 1 8
10 9 2 3 5 6 1 7 4 8
8
9 2 4 3 6 7 5 10 1 8
7 1 2 10 9 4 5 6 8 3
9
7 4 6 5 10 2 9 8 3 1
8 4 7 2 1 3 5 9 6 10
10
3 8 10 7 1 5 4 2 6 9
5 10 6 9 4 2 8 7 3 1
11
8 4 2 5 1 9 10 3 6 7
10 2 6 7 9 1 4 8 5 3
12
4 7 5 8 6 9 3 2 10 1
5 3 1 6 4 2 8 7 9 10
13
2 8 3 6 10 4 1 9 5 7
6 3 8 7 10 2 9 5 4 1
14
8 9 6 5 4 3 1 7 2 10
10 5 1 6 9 2 8 3 4 7
15
2 1 7 4 9 8 10 5 6 3
8 4 5 1 10 7 6 3 2 9
16
4 7 2 3 10 9 5 8 1 6
6 4 10 2 1 3 9 8 5 7
17
4 6 9 2 8 3 7 10 1 5
2 4 7 8 6 5 3 10 1 9
18
10 4 8 9 7 6 1 3 5 2
9 2 1 5 4 7 3 6 8 10
19
2 5 8 1 9 7 6 4 10 3
1 4 8 6 10 2 5 9 3 7
20
9 1 4 6 7 3 5 10 8 2
4 10 7 3 6 8 5 1 2 9
0
10
1 7 2 191 3 3 4 432 5 154 7 179 9 418 10 48
2 9 1 188 3 310 4 45 5 438 6 146 7 169 8 59 9 453 10 296
3 6 1 47 2 251 5 227 6 473 7 284 8 20
4 7 1 461 2 28 3 281 5 229 6 401 7 272 8 301
5 5 2 118 4 128 6 128 8 35 9 189
6 7 1 184 3 73 4 391 5 434 7 86 8 271 9 182
7 3 1 404 3 454 9 273
8 5 2 445 3 113 5 135 7 424 9 315
9 8 1 165 2 134 3 488 4 54 6 478 7 265 8 498 10 455
10 8 1 194 2 391 3 289 4 426 5 413 6 433 8 219 9 104
1
9 3 8 1 10 7 2 6 4 5
9 5 10 3 4 8 7 1 6 2
2
9 10 8 5 3 2 7 6 4 1
7 10 8 3 5 4 6 9 1 2
3
9 4 2 3 7 10 6 8 1 5
9 8 6 3 1 7 10 5 2 4
4
8 9 4 3 7 10 5 2 6 1
10 1 5 9 6 7 3 2 4 8
5
8 3 10 9 5 6 7 2 4 1
6 2 7 5 3 10 1 8 9 4
6
1 2 4 10 5 9 8 7 3 6
5 8 4 10 7 2 1 9 6 3
7
10 6 3 9 7 1 2 4 5 8
9 2 1 5 10 8 6 4 3 7
8
6 2 5 7 8 4 9 1 3 10
9 7 1 10 2 5 8 4 3 6
9
1 5 8 6 10 7 9 3 2 4
10 8 6 1 5 3 4 7 9 2
10
7 2 10 1 6 4 5 9 8 3
6 3 7 5 10 1 9 8 4 2
11
2 6 7 10 1 9 4 8 5 3
8 9 3 5 4 7 1 10 6 2
12
4 7 9 6 3 2 1 10 8 5
10 6 7 2 8 5 1 3 4 9
13
6 2 5 10 3 8 7 4 9 1
3 8 7 2 4 5 6 10 9 1
14
7 2 8 1 10 3 4 9 5 6
3 7 9 8 4 5 1 2 10 6
15
3 10 5 6 2 9 7 4 1 8
8 1 6 4 2 3 5 10 7 9
16
6 10 3 4 2 9 7 5 1 8
6 10 7 5 2 9 1 3 4 8
17
5 7 2 4 1 6 9 10 8 3
3 10 1 7 4 6 8 2 9 5
18
8 5 9 6 4 1 7 10 3 2
5 9 4 3 8 2 7 10 1 6
19
6 3 4 2 1 8 9 5 10 7
1 2 4 10 6 7 9 3 8 5
20
2 8 4 7 3 10 5 9 1 6
3 6 8 5 4 10 1 7 2 9
0
10
1 9 2 180 3 276 4 285 5 70 6 115 7 251 8 242 9 361 10 353
2 5 1 381 4 270 5 385 8 45 9 285
3 8 1 69 2 48 5 152 6 18 7 283 8 291 9 462 10 151
4 9 1 164 2 459 3 224 5 340 6 474 7 423 8 392 9 121 10 371
5 8 1 285 2 9 3 177 4 473 6 141 8 140 9 388 10 490
6 8 1 498 2 356 3 298 4 179 5 500 7 5 9 388 10 234
7 7 1 22 2 306 4 51 6 352 8 438 9 158 10 392
8 7 1 4 2 357 5 299 6 260 7 438 9 156 10 102
9 9 1 438 2 322 3 111 4 99 5 215 6 164 7 204 8 251 10 255
10 7 1 285 2 15 3 467 4 435 6 237 7 353 8 168
1
6 10 8 3 2 4 7 1 9 5
10 8 1 7 6 9 4 3 2 5
2
2 4 5 3 7 1 8 9 6 10
2 10 9 5 3 4 6 7 1 8
3
4 6 9 1 2 7 3 10 8 5
5 2 6 9 8 10 3 7 1 4
4
2 8 6 7 5 1 10 9 3 4
6 10 2 1 7 5 8 4 9 3
5
4 5 10 1 3 9 7 8 2 6
7 4 1 3 2 9 10 5 6 8
6
8 1 2 3 5 9 4 6 7 10
6 7 4 9 2 8 3 10 1 5
7
8 2 7 4 10 1 9 6 3 5
2 3 10 6 9 7 1 8 4 5
8
2 10 9 5 1 7 6 8 3 4
4 1 3 6 10 8 7 2 9 5
9
6 5 3 10 1 9 7 2 4 8
7 3 5 2 1 4 9 8 6 10
10
2 4 6 3 7 1 8 9 10 5
3 10 1 8 2 5 4 9 6 7
11
7 6 1 8 4 10 5 2 3 9
10 8 9 4 3 1 2 7 6 5
12
1 3 6 2 10 9 7 8 5 4
9 1 6 4 10 3 2 7 8 5
13
7 8 10 3 2 6 1 4 9 5
8 6 4 3 9 10 5 7 2 1
0
10
1 6 2 89 4 38 5 353 6 204 8 440 9 63
2 9 1 349 3 109 4 228 5 196 6 479 7 432 8 299 9 240 10 16
3 7 1 7 2 382 4 45 5 83 6 34 7 66 10 107
4 7 1 476 2 285 3 54 5 401 6 377 9 31 10 286
5 7 1 233 2 128 6 228 7 208 8 462 9 74 10 69
6 9 1 230 2 372 3 271 4 156 5 50 7 212 8 195 9 283 10 265
7 7 1 321 3 117 4 260 5 372 6 117 9 313 10 473
8 7 2 1 3 430 4 205 5 125 7 376 9 401 10 130
9 9 1 214 2 125 3 56 4 259 5 166 6 430 7 156 8 386 10 170
10 8 1 122 2 88 3 420 4 361 5 196 6 343 7 311 8 473
1
9 2 4 3 6 10 5 1 8 7
2 1 5 3 7 9 4 6 10 8
2
8 1 3 2 5 6 9 10 4 7
3 1 5 7 2 6 9 10 8 4
3
3 5 4 7 2 10 6 1 8 9
7 3 6 1 8 4 2 10 9 5
4
7 2 4 9 1 6 3 5 8 10
6 8 10 2 3 4 5 9 7 1
5
6 5 10 3 1 9 8 2 7 4
5 2 7 8 4 10 1 3 6 9
6
6 8 4 9 1 2 5 7 10 3
8 3 9 2 10 1 6 7 4 5
7
6 8 3 10 5 7 2 4 1 9
4 5 7 8 2 6 9 10 3 1
8
4 7 8 1 2 6 9 3 10 5
9 1 4 3 8 10 5 6 2 7
9
4 7 6 10 2 9 3 1 8 5
4 7 5 3 6 1 9 10 2 8
10
8 3 1 5 7 9 10 2 6 4
10 5 8 1 4 3 7 9 6 2
11
9 3 7 4 10 2 6 1 5 8
5 1 6 3 2 7 8 4 10 9
12
6 2 9 7 5 4 3 1 8 10
5 6 10 8 1 3 9 4 2 7
13
7 6 3 4 8 2 1 5 9 10
6 3 1 5 4 2 10 9 8 7
14
3 5 2 8 10 4 9 6 1 7
9 3 8 6 4 1 10 5 7 2
15
6 9 10 8 5 1 3 7 2 4
9 7 4 5 2 6 8 10 3 1
16
10 2 9 8 6 3 7 5 4 1
6 3 9 1 4 7 10 8 5 2
17
3 8 2 7 6 9 1 5 4 10
2 3 8 7 4 6 5 1 10 9
18
2 4 10 7 1 3 8 9 5 6
3 1 4 2 7 6 9 5 8 10
0
10
1 6 2 142 4 236 5 206 6 159 8 379 10 211
2 8 1 105 3 55 4 428 5 278 7 167 8 109 9 20 10 73
3 7 1 70 2 48 4 324 5 314 6 385 7 244 10 159
4 9 1 423 2 87 3 76 5 106 6 111 7 118 8 290 9 90 10 166
5 8 1 145 2 285 3 303 4 11 6 10 7 316 8 233 10 63
6 9 1 310 2 219 3 295 4 389 5 105 7 490 8 3 9 21 10 284
7 8 2 454 3 186 4 384 5 52 6 8 8 276 9 321 10 496
8 8 1 231 2 268 3 366 4 5 5 174 7 73 9 106 10 278
9 9 1 72 2 477 3 286 4 233 5 426 6 262 7 99 8 413 10 468
10 8 1 138 2 40 3 44 4 401 5 435 6 403 8 372 9 348
1
2 9 6 10 4 3 5 7 8 1
5 2 1 10 3 9 6 8 7 4
2
7 10 2 3 8 1 6 9 5 4
5 2 9 8 6 10 7 3 4 1
3
9 7 4 8 5 10 2 1 6 3
10 8 2 4 5 1 9 3 7 6
0
10
1 9 2 481 3 112 4 274 5 48 6 224 7 260 8 404 9 89 10 458
2 5 1 314 5 40 6 343 8 312 9 129
3 8 1 39 2 298 4 231 5 92 7 385 8 331 9 447 10 232
4 9 1 411 2 483 3 377 5 459 6 115 7 414 8 328 9 209 10 329
5 6 1 249 2 67 3 443 8 415 9 39 10 33
6 7 1 80 4 281 5 83 7 82 8 454 9 5 10 464
7 8 1 163 2 407 3 384 5 181 6 165 8 382 9 222 10 454
8 7 1 225 3 243 5 388 6 171 7 359 9 283 10 29
9 5 3 149 4 50 5 203 7 98 8 481
10 8 1 390 2 442 3 174 4 149 5 195 7 374 8 336 9 56
1
10 7 2 5 8 3 1 6 9 4
10 4 7 8 3 9 2 1 6 5
2
5 9 4 8 7 1 6 10 2 3
3 2 10 5 9 7 6 8 4 1
3
4 3 10 7 2 5 6 9 1 8
4 1 2 3 5 6 8 10 7 9
4
5 8 2 6 9 3 4 7 10 1
8 9 3 1 7 6 10 4 5 2
5
1 8 6 4 10 9 2 7 3 5
8 4 1 6 3 9 2 7 5 10
6
7 9 3 5 6 1 8 10 4 2
1 10 9 5 6 4 3 2 8 7
7
4 7 6 1 5 10 3 8 2 9
8 4 9 10 5 7 1 6 2 3
8
4 9 10 8 1 6 7 2 3 5
6 1 7 8 3 9 10 5 2 4
9
6 8 9 2 5 4 7 3 10 1
8 4 3 9 6 7 1 2 10 5
10
6 1 5 3 8 9 2 7 4 10
9 2 1 5 8 10 3 4 6 7
11
2 9 8 10 7 6 4 1 5 3
5 2 6 4 3 7 9 1 8 10
12
7 5 6 3 8 9 1 2 4 10
10 9 8 4 1 3 6 2 5 7
13
6 2 10 1 3 8 7 4 5 9
3 9 7 2 10 5 4 6 8 1
14
5 6 8 9 4 7 10 1 3 2
3 9 4 8 1 2 7 6 10 5
15
6 5 2 8 4 9 7 1 3 10
10 8 2 9 3 5 7 6 4 1
16
4 6 2 1 3 10 8 7 9 5
4 10 9 3 7 2 5 1 8 6
17
4 1 8 5 9 2 10 6 7 3
4 9 1 7 5 10 8 3 6 2
18
1 4 3 10 8 9 7 2 5 6
7 5 6 8 4 10 3 9 1 2
19
7 10 6 8 3 2 5 1 4 9
1 4 7 3 2 10 5 6 9 8
20
2 5 9 3 8 7 10 6 4 1
5 3 4 2 6 1 9 10 7 8
0
10
1 8 2 296 3 97 4 356 5 405 6 313 7 317 8 25 9 437
2 7 1 67 5 429 6 329 7 465 8 188 9 156 10 15
3 5 4 283 5 166 7 160 8 113 9 196
4 8 1 173 2 171 3 282 5 471 6 145 7 454 8 282 10 254
5 6 1 479 2 405 4 300 6 128 9 474 10 135
6 7 1 354 2 304 3 116 5 166 7 480 8 297 10 243
7 8 1 469 3 391 4 472 5 271 6 219 8 56 9 274 10 372
8 8 2 34 3 66 4 184 5 364 6 285 7 350 9 236 10 370
9 6 1 153 2 291 4 499 5 255 6 76 7 379
10 7 2 285 3 378 4 178 5 319 6 427 7 461 8 497
1
9 7 10 5 3 8 6 1 4 2
5 4 1 9 3 10 6 7 8 2
2
2 8 1 4 7 5 6 9 3 10
5 9 10 1 3 4 6 8 2 7
3
7 3 9 5 10 2 1 8 6 4
7 9 5 1 6 10 2 3 4 8
4
7 4 1 9 10 8 6 2 5 3
9 8 10 1 5 2 4 3 7 6
5
8 1 9 5 3 2 6 4 7 10
4 3 9 7 10 2 5 6 1 8
6
2 5 4 9 1 3 10 6 7 8
5 4 8 10 9 2 7 3 6 1
7
5 1 6 8 10 9 2 4 3 7
7 1 2 4 3 6 5 8 10 9
8
3 5 8 7 4 9 10 1 6 2
3 7 9 1 4 5 10 8 2 6
9
2 6 9 10 3 8 1 4 5 7
8 7 9 1 2 10 5 4 6 3
10
1 4 10 9 5 2 8 7 6 3
4 7 10 3 8 1 9 2 5 6
11
3 1 8 5 4 6 7 10 9 2
9 10 4 5 1 7 3 2 6 8
12
4 5 7 1 6 8 3 9 2 10
10 9 6 1 4 8 5 2 7 3
13
3 7 6 2 1 10 9 4 5 8
4 5 10 7 2 6 3 8 9 1
14
1 9 2 10 7 5 3 6 8 4
6 7 3 4 8 2 9 10 1 5
15
2 10 8 9 7 4 3 5 6 1
6 10 7 4 1 3 8 9 5 2
16
9 1 2 3 7 4 8 5 6 10
2 9 1 8 4 3 10 5 7 6
17
4 2 9 5 3 6 1 7 8 10
3 4 1 2 7 10 5 8 6 9
18
4 9 7 2 5 6 3 1 8 10
5 8 10 9 6 2 1 7 4 3
19
10 1 8 5 7 9 3 2 6 4
6 5 10 8 2 3 1 9 4 7
20
4 5 9 7 2 6 8 1 10 3
1 10 2 3 9 5 4 6 7 8
0
10
1 7 2 435 3 265 4 203 5 142 6 65 8 431 10 138
2 8 1 401 3 137 4 293 5 1 6 118 7 432 8 404 9 188
3 4 6 144 7 152 8 316 9 141
4 7 1 332 2 244 3 329 5 267 7 161 8 134 10 128
5 8 1 310 3 190 4 117 6 198 7 141 8 28 9 67 10 142
6 7 1 345 2 455 3 25 4 125 5 118 9 216 10 153
7 8 2 323 3 453 4 398 5 351 6 351 8 363 9 233 10 431
8 8 1 79 2 318 3 324 4 491 5 227 6 114 7 226 9 292
9 7 1 486 2 329 3 88 4 17 5 231 6 40 7 451
10 6 3 450 4 489 6 395 7 473 8 250 9 173
1
5 7 1 6 9 8 3 4 10 2
9 5 3 6 10 4 8 2 1 7
2
10 1 5 6 9 8 2 7 4 3
3 7 2 10 5 8 9 6 4 1
3
10 4 1 9 2 5 7 8 6 3
10 8 2 3 4 9 7 6 5 1
4
9 7 4 1 8 3 5 6 2 10
8 10 7 9 2 6 3 1 4 5
5
2 9 6 8 3 10 5 4 7 1
5 6 1 10 7 8 4 9 2 3
6
4 3 5 2 1 10 9 8 6 7
1 9 7 8 2 4 10 5 6 3
7
4 6 3 8 1 2 7 9 5 10
5 1 9 8 10 2 7 3 4 6
8
3 6 2 1 4 8 7 5 9 10
3 8 4 1 2 9 6 5 7 10
9
5 3 9 8 6 1 10 7 4 2
5 9 10 4 8 3 6 1 2 7
10
1 4 10 5 3 9 2 7 8 6
4 9 5 8 2 6 10 7 3 1
11
5 8 2 10 6 4 1 3 9 7
3 2 7 9 5 1 4 6 10 8
12
1 2 4 10 6 3 7 9 5 8
6 7 1 4 10 9 2 8 3 5
13
5 6 1 3 4 10 2 9 7 8
7 8 4 1 9 10 2 3 5 6
14
2 4 6 9 1 10 7 5 8 3
6 1 9 8 5 2 4 7 10 3
15
1 4 3 10 8 6 2 7 5 9
10 3 9 5 4 6 8 7 2 1
16
1 4 7 5 6 2 10 3 9 8
2 6 1 9 5 3 10 8 4 7
0
10
1 8 2 138 3 488 4 429 5 364 6 295 7 236 9 257 10 92
2 7 1 411 5 35 6 104 7 450 8 22 9 498 10 409
3 5 1 422 2 470 4 27 6 10 10 86
4 8 1 310 2 389 3 447 5 443 7 499 8 369 9 78 10 415
5 6 3 200 4 188 6 44 7 39 9 200 10 165
6 7 1 499 2 233 3 226 7 16 8 304 9 412 10 181
7 7 1 475 2 109 3 445 4 382 5 314 8 60 10 404
8 6 1 59 2 14 3 234 4 164 5 34 6 89
9 9 1 160 2 72 3 327 4 178 5 500 6 29 7 295 8 171 10 406
10 6 1 462 2 195 3 434 6 497 7 207 8 445
1
4 9 3 1 5 6 7 10 8 2
9 4 7 1 8 5 6 10 2 3
2
6 1 3 9 4 2 7 5 8 10
3 9 2 1 5 4 8 7 6 10
3
7 2 9 6 4 3 8 5 10 1
4 9 8 7 10 1 2 5 3 6
4
6 9 2 7 3 5 10 8 4 1
4 3 10 5 9 7 1 2 6 8
5
9 10 7 3 1 2 5 8 6 4
2 10 9 4 3 6 5 7 8 1
6
9 7 3 8 4 6 1 5 2 10
3 2 4 8 10 9 7 6 5 1
7
6 5 8 4 7 1 10 3 2 9
4 6 5 10 8 1 7 9 2 3
8
4 7 3 6 5 1 10 9 8 2
10 2 8 7 1 9 5 3 4 6
9
3 2 10 5 4 1 7 8 6 9
5 3 10 1 2 7 4 9 6 8
10
8 4 2 10 7 6 5 3 9 1
5 8 4 2 3 6 1 7 10 9
11
7 5 2 3 1 9 6 4 10 8
7 2 9 8 4 1 6 10 3 5
12
6 4 9 7 2 8 10 5 3 1
10 9 4 2 6 7 8 3 5 1
13
2 6 3 9 4 7 8 1 5 10
7 8 1 2 9 10 3 4 5 6
14
7 8 1 3 9 10 5 4 2 6
5 10 3 6 8 9 1 7 4 2
15
5 6 7 8 9 4 3 2 1 10
2 9 6 1 4 10 7 5 8 3
16
7 2 10 1 9 6 4 3 5 8
9 8 4 10 7 6 2 5 1 3
17
8 5 10 7 2 3 9 4 6 1
1 9 2 3 5 10 8 7 4 6
18
1 4 8 5 10 9 3 7 6 2
6 3 2 10 9 5 4 1 7 8
19
2 1 7 3 4 6 10 5 8 9
5 2 1 4 9 6 7 10 3 8
20
10 4 9 1 7 6 8 5 3 2
9 10 1 8 7 3 2 6 4 5
0
0
