10
1 8 2 467 3 445 4 126 5 403 7 358 8 338 9 6 10 115
2 8 1 43 3 126 4 143 5 66 6 200 8 433 9 461 10 279
3 8 1 496 2 172 4 447 5 458 6 377 7 139 9 99 10 360
4 7 1 389 2 219 3 431 6 221 8 334 9 147 10 225
5 8 1 400 2 178 3 406 4 171 6 25 7 496 8 103 10 65
6 7 2 4 3 414 4 345 7 49 8 363 9 332 10 78
7 6 3 82 5 298 6 203 8 89 9 217 10 121
8 8 1 289 2 368 4 107 5 107 6 293 7 235 9 477 10 355
9 6 3 463 4 212 6 195 7 475 8 171 10 155
10 7 1 215 2 284 3 5 6 64 7 113 8 71 9 389
1
6 1 3 5 4 2 8 10 7 9
2 4 1 3 6 8 5 9 10 7
2
5 6 9 10 1 4 2 7 8 3
9 7 4 3 10 1 6 2 5 8
3
3 10 7 4 2 8 1 5 9 6
10 2 4 3 9 8 6 1 5 7
4
4 10 5 8 9 2 3 1 7 6
5 6 2 3 1 7 9 10 8 4
5
7 10 6 9 3 4 8 1 5 2
4 10 3 2 9 1 8 5 6 7
6
5 4 2 8 6 3 7 1 10 9
5 8 3 2 7 1 4 9 6 10
7
2 5 9 8 1 3 7 10 6 4
9 4 3 10 8 2 7 6 5 1
8
3 4 2 7 8 1 9 6 10 5
8 7 1 4 2 3 10 5 9 6
9
3 10 7 5 8 9 1 4 6 2
2 9 3 7 6 8 10 5 1 4
10
10 9 3 4 6 7 8 5 2 1
1 7 9 3 10 6 8 5 2 4
11
3 8 10 9 7 6 5 2 1 4
8 1 9 2 6 7 3 4 10 5
12
1 8 10 7 9 4 2 3 5 6
3 6 5 9 4 2 1 8 10 7
13
1 8 3 9 6 4 2 7 10 5
8 5 9 10 2 6 7 1 4 3
14
6 1 9 7 2 3 8 10 5 4
8 6 5 9 2 7 1 10 4 3
15
2 8 9 10 5 3 6 4 1 7
1 7 9 10 3 5 2 8 6 4
16
5 1 6 3 10 4 8 9 2 7
9 4 8 10 3 2 6 5 1 7
17
5 2 7 10 3 8 9 1 6 4
10 6 8 4 7 2 9 5 3 1
18
10 3 7 8 6 5 1 4 9 2
8 4 9 10 2 5 3 6 7 1
19
7 2 4 10 6 9 1 8 3 5
10 1 9 4 6 5 7 8 3 2
20
3 6 1 10 5 4 9 8 7 2
6 2 4 5 7 10 1 3 9 8
0
10
1 5 2 139 4 411 7 294 8 241 10 476
2 6 1 155 3 468 4 161 5 488 9 76 10 404
3 6 1 277 4 427 5 164 8 35 9 267 10 258
4 8 1 309 2 147 3 247 5 33 7 344 8 194 9 500 10 41
5 6 1 26 4 316 6 169 7 284 8 398 10 179
6 7 1 55 2 381 3 142 5 217 7 26 9 1 10 79
7 6 1 33 2 220 4 66 6 364 8 131 10 32
8 8 1 322 2 265 4 31 5 90 6 290 7 8 9 364 10 189
9 9 1 200 2 343 3 141 4 198 5 118 6 394 7 283 8 31 10 47
10 8 1 247 2 189 3 129 4 233 5 299 7 222 8 211 9 349
1
1 9 8 2 10 6 4 3 7 5
3 6 4 10 1 9 7 5 8 2
2
9 5 10 4 1 7 2 3 8 6
1 7 6 4 8 10 3 5 2 9
3
7 4 5 2 6 1 8 10 3 9
4 6 7 9 8 10 1 2 5 3
4
1 9 8 2 5 10 7 4 3 6
3 2 10 7 4 1 8 9 5 6
5
10 1 9 8 6 3 4 2 5 7
9 10 3 6 5 7 1 2 8 4
6
4 6 7 9 2 10 5 8 3 1
1 10 9 2 8 7 5 3 4 6
7
1 2 9 7 5 8 10 4 3 6
1 10 9 6 4 3 8 5 2 7
8
7 10 8 6 9 3 4 1 5 2
3 8 6 7 10 5 9 1 2 4
9
3 7 9 4 10 1 5 2 6 8
8 5 1 6 7 10 4 9 2 3
10
3 1 9 8 2 7 4 5 6 10
8 2 5 7 3 10 6 1 9 4
11
10 2 8 6 9 1 7 3 5 4
3 2 1 7 10 5 8 9 4 6
12
9 7 3 5 8 2 1 10 6 4
4 5 1 2 8 9 10 3 6 7
13
1 10 4 2 6 7 8 5 3 9
4 5 8 10 3 6 7 1 2 9
14
3 6 1 7 10 4 5 2 9 8
9 5 10 6 1 2 3 4 8 7
15
7 5 2 6 9 8 1 3 10 4
3 1 6 9 8 2 10 5 4 7
16
6 9 5 1 8 2 3 4 10 7
3 7 6 4 5 10 2 9 8 1
17
10 9 5 2 3 6 4 1 8 7
1 5 9 6 2 3 7 10 4 8
18
2 8 3 10 6 1 9 4 5 7
5 1 8 10 9 2 7 4 6 3
19
6 3 4 10 1 9 5 8 7 2
8 7 9 6 1 2 4 5 3 10
20
5 3 6 2 10 1 9 8 7 4
8 4 7 10 6 9 1 2 3 5
0
10
1 5 2 14 3 26 4 459 8 158 10 462
2 5 1 71 6 322 7 7 9 29 10 407
3 8 2 250 4 274 5 182 6 381 7 167 8 400 9 99 10 239
4 8 1 89 2 85 3 44 5 134 6 469 7 154 8 351 9 400
5 8 1 24 2 105 3 313 4 345 7 376 8 297 9 176 10 221
6 6 1 91 2 362 3 95 4 282 9 236 10 181
7 8 1 349 2 195 3 331 4 478 5 309 6 406 8 416 10 258
8 7 1 274 2 417 3 117 6 232 7 360 9 49 10 82
9 6 1 89 3 176 4 340 6 322 7 339 8 343
10 7 2 225 3 62 4 202 5 209 6 214 8 88 9 313
1
8 3 7 1 2 6 5 4 9 10
7 4 8 1 9 3 10 6 5 2
2
9 3 1 10 8 7 6 4 5 2
4 3 6 1 10 7 8 5 9 2
3
1 5 9 4 3 7 10 2 8 6
1 2 7 4 10 5 6 3 8 9
4
5 2 9 8 10 7 6 1 4 3
6 7 8 10 5 4 1 3 9 2
5
1 10 8 2 9 7 3 5 6 4
5 3 8 9 10 4 2 1 6 7
6
9 5 7 3 6 4 10 2 1 8
7 3 6 9 10 2 8 5 4 1
7
6 8 2 9 5 10 4 3 7 1
1 10 2 9 6 3 4 7 8 5
8
4 10 1 6 3 9 5 8 2 7
8 3 4 1 9 2 5 10 7 6
9
10 6 8 4 2 3 1 9 7 5
6 5 1 3 8 10 2 4 9 7
10
1 4 10 6 7 2 5 9 3 8
1 2 6 4 10 9 3 5 7 8
11
8 6 9 1 4 7 2 10 5 3
1 4 2 6 10 7 5 8 9 3
12
2 7 3 6 4 9 5 8 10 1
7 3 2 4 10 1 9 6 8 5
0
10
1 8 2 464 3 184 4 201 5 382 6 419 7 391 8 358 10 153
2 7 3 100 4 98 5 372 7 34 8 17 9 187 10 55
3 7 1 451 2 229 4 98 7 457 8 280 9 244 10 368
4 6 1 384 5 261 7 462 8 152 9 237 10 141
5 7 2 325 3 81 4 129 6 111 7 156 9 453 10 242
6 8 1 76 2 66 4 268 5 490 7 163 8 461 9 180 10 234
7 8 1 213 2 12 3 300 4 382 6 8 8 371 9 479 10 105
8 4 4 380 5 80 6 270 7 418
9 9 1 446 2 500 3 16 4 224 5 262 6 19 7 92 8 417 10 101
10 5 1 176 2 126 4 417 5 447 6 218
1
8 2 9 4 10 3 1 7 5 6
10 9 6 5 8 2 4 3 1 7
2
8 7 4 1 9 2 5 10 6 3
8 10 6 7 5 4 3 1 9 2
3
10 4 5 7 9 8 3 1 2 6
8 5 9 1 2 10 3 6 4 7
4
4 6 7 3 2 10 5 8 1 9
1 4 9 5 6 10 8 7 2 3
5
3 8 10 5 7 9 2 4 1 6
3 10 4 5 9 6 8 2 1 7
6
6 1 7 10 2 3 5 9 8 4
1 7 5 10 2 3 9 4 6 8
7
6 3 10 7 9 4 1 5 8 2
9 4 1 3 2 8 10 5 6 7
8
5 8 2 7 9 6 10 3 4 1
4 5 7 1 8 3 9 6 10 2
9
4 5 7 2 6 10 9 8 1 3
8 3 5 1 10 7 4 9 2 6
10
4 2 1 6 9 10 3 8 5 7
5 1 10 2 6 8 7 9 3 4
11
10 5 4 1 9 7 6 2 8 3
6 10 3 2 1 8 9 4 5 7
12
6 8 5 10 1 7 4 2 3 9
4 6 10 5 2 7 9 8 1 3
13
6 1 10 7 8 4 9 3 5 2
8 1 3 5 7 10 9 4 6 2
14
10 9 2 4 6 8 3 1 7 5
3 6 1 4 10 5 2 9 8 7
15
6 10 9 7 5 8 3 4 2 1
3 1 5 2 7 8 4 9 10 6
16
2 7 5 6 9 10 3 1 4 8
1 10 5 6 9 4 8 7 3 2
17
7 4 3 10 2 5 1 9 6 8
6 4 8 3 5 9 7 2 10 1
18
9 3 6 8 5 10 7 4 2 1
6 2 7 9 5 3 10 4 1 8
19
3 5 9 8 6 2 10 7 1 4
9 6 3 10 8 7 5 1 2 4
20
1 2 10 9 7 3 6 4 5 8
2 4 5 1 10 9 7 8 3 6
0
10
1 9 2 164 3 332 4 8 5 296 6 137 7 346 8 445 9 158 10 108
2 7 3 465 5 155 6 225 7 196 8 369 9 357 10 370
3 8 1 252 2 323 4 30 5 307 6 266 8 71 9 456 10 268
4 7 1 124 2 480 3 109 5 403 6 332 8 400 9 187
5 7 1 225 2 373 4 15 6 121 7 346 8 169 9 402
6 7 1 126 3 453 4 453 7 12 8 425 9 44 10 95
7 7 1 303 2 309 3 342 6 41 8 471 9 390 10 190
8 7 1 176 2 394 3 150 4 91 5 362 7 146 9 420
9 8 1 325 2 255 3 224 4 499 5 304 7 237 8 273 10 87
10 6 1 267 2 83 3 347 4 5 6 294 9 376
1
3 6 7 5 1 2 10 8 9 4
3 10 7 2 4 1 6 5 9 8
2
1 4 9 7 3 5 6 10 2 8
2 10 9 3 5 1 6 4 7 8
3
10 8 6 9 2 1 7 5 3 4
4 1 3 10 8 6 2 9 5 7
4
6 2 9 10 8 3 7 5 1 4
5 7 4 8 6 10 9 3 1 2
5
10 9 3 8 2 1 6 4 5 7
3 9 6 10 5 2 4 1 8 7
6
10 1 8 5 9 6 2 7 4 3
9 1 2 8 5 3 10 6 4 7
7
9 4 10 6 1 3 2 8 5 7
10 9 7 3 1 2 4 5 8 6
8
7 4 2 6 8 9 10 5 1 3
10 1 7 4 9 6 8 2 5 3
9
2 5 9 4 3 7 6 1 8 10
7 10 6 4 5 3 1 2 8 9
10
10 8 2 5 4 6 3 1 9 7
4 10 6 2 7 3 8 1 5 9
11
1 3 7 2 8 6 5 4 10 9
9 5 4 3 6 2 1 10 7 8
12
9 1 6 8 5 2 10 3 4 7
4 6 9 3 1 8 2 5 10 7
13
1 8 4 10 6 9 3 5 7 2
4 5 10 7 1 8 6 2 9 3
14
6 4 7 1 10 5 2 3 8 9
1 2 3 4 5 8 10 9 7 6
15
4 6 5 1 2 8 7 3 9 10
10 9 1 8 2 6 5 7 3 4
16
8 5 6 10 7 3 1 9 2 4
8 5 6 7 1 2 3 9 4 10
17
5 10 9 8 1 6 4 7 3 2
6 3 9 8 10 1 5 4 7 2
18
1 10 6 7 8 3 5 9 2 4
5 8 10 7 4 3 1 6 2 9
19
9 2 5 6 1 4 3 8 7 10
2 1 8 3 6 5 10 4 7 9
20
2 9 4 8 10 6 3 7 5 1
6 4 3 8 1 2 9 5 7 10
0
10
1 8 2 421 3 141 5 13 6 375 7 283 8 246 9 482 10 197
2 8 1 158 4 255 5 198 6 358 7 214 8 121 9 209 10 98
3 5 2 43 5 419 8 462 9 354 10 203
4 7 1 458 2 443 3 446 5 46 6 106 8 153 10 268
5 6 1 38 3 340 4 430 6 179 7 427 8 22
6 8 1 236 2 249 3 172 4 224 5 359 7 294 9 161 10 72
7 9 1 476 2 289 3 423 4 280 5 450 6 271 8 150 9 331 10 160
8 9 1 355 2 52 3 243 4 288 5 356 6 360 7 308 9 5 10 267
9 9 1 290 2 223 3 462 4 342 5 449 6 395 7 8 8 250 10 21
10 8 2 467 3 217 4 7 5 162 6 276 7 361 8 448 9 210
1
3 10 8 7 1 9 4 5 6 2
10 8 7 6 3 4 2 1 5 9
2
9 7 2 5 10 6 3 1 8 4
5 2 6 4 7 8 9 3 10 1
3
5 6 8 2 3 10 4 7 9 1
3 7 5 9 6 8 1 4 10 2
4
6 4 9 7 5 10 3 2 8 1
7 10 1 2 8 9 5 4 3 6
5
9 10 3 1 8 5 6 2 4 7
9 10 2 6 3 8 7 4 1 5
6
7 3 2 5 1 4 10 9 6 8
4 1 6 3 9 2 10 8 5 7
7
9 6 8 3 7 10 1 2 5 4
1 8 10 2 7 4 3 5 6 9
8
1 7 8 2 6 10 9 5 4 3
3 6 7 9 5 8 4 2 10 1
9
6 3 9 2 8 5 4 1 10 7
9 2 10 3 4 7 6 1 5 8
10
5 6 10 9 7 1 8 3 2 4
8 4 10 3 9 6 7 1 5 2
11
2 5 6 8 3 1 10 7 4 9
4 6 3 2 5 10 8 1 9 7
12
6 3 1 8 4 7 5 2 10 9
9 1 2 7 4 8 10 5 3 6
13
3 2 8 10 6 5 9 7 1 4
5 7 3 1 2 8 6 4 9 10
14
10 2 9 6 7 5 8 1 3 4
8 1 5 9 3 10 2 7 6 4
15
7 8 10 2 1 4 9 5 3 6
9 3 5 1 6 2 7 8 10 4
16
8 10 9 7 6 5 4 3 2 1
9 6 2 3 10 7 5 8 1 4
17
1 7 2 10 5 9 3 4 8 6
2 5 10 6 3 7 1 4 9 8
18
7 4 5 6 10 9 1 8 3 2
5 4 10 7 3 8 1 2 6 9
19
6 10 7 9 5 8 3 4 2 1
3 1 2 9 7 4 6 5 8 10
20
8 6 3 10 5 9 2 4 1 7
6 9 7 4 10 1 8 3 5 2
0
10
1 6 5 119 6 181 7 109 8 197 9 53 10 67
2 7 1 389 3 115 4 359 5 189 6 71 7 236 10 487
3 9 1 454 2 33 4 127 5 36 6 318 7 55 8 423 9 296 10 471
4 6 1 58 2 25 3 406 5 211 6 93 10 314
5 8 2 406 3 217 4 323 6 271 7 405 8 187 9 412 10 7
6 8 1 8 2 189 3 372 4 316 5 452 8 340 9 154 10 179
7 8 1 3 2 479 3 366 5 431 6 17 8 48 9 402 10 188
8 9 1 283 2 239 3 9 4 358 5 389 6 29 7 6 9 175 10 286
9 7 2 113 3 240 4 187 5 138 7 491 8 335 10 410
10 9 1 472 2 249 3 198 4 403 5 493 6 291 7 482 8 396 9 146
1
9 4 7 5 2 8 1 6 3 10
6 2 5 3 9 1 8 7 4 10
2
4 5 2 7 9 3 10 6 1 8
3 9 5 10 1 2 7 4 6 8
3
8 4 7 5 3 9 10 6 1 2
7 3 4 10 2 6 9 5 1 8
4
9 7 3 6 8 1 4 5 2 10
1 4 5 3 7 8 10 2 6 9
5
2 8 3 6 1 5 10 7 9 4
10 7 1 5 8 2 6 9 4 3
6
3 2 10 6 4 9 1 8 7 5
10 1 9 3 6 5 7 4 8 2
7
6 5 4 3 7 9 2 10 8 1
3 1 8 7 2 10 6 9 5 4
8
9 6 5 7 1 4 8 10 3 2
3 10 9 2 5 7 4 1 6 8
9
5 9 4 10 3 8 7 1 6 2
5 8 7 3 9 1 4 2 10 6
10
8 7 6 9 3 10 2 5 4 1
5 3 6 9 8 1 4 10 2 7
11
3 9 7 4 2 10 8 5 1 6
4 1 3 5 10 6 9 7 2 8
12
8 2 4 9 5 3 10 1 6 7
1 2 10 8 4 9 6 7 3 5
13
2 7 10 5 1 3 6 4 8 9
4 10 6 2 3 9 1 8 5 7
14
9 2 4 10 3 7 8 1 5 6
9 1 4 8 6 5 10 7 2 3
15
6 9 5 8 10 7 1 3 2 4
9 1 10 8 6 4 7 2 3 5
16
8 2 1 6 3 7 10 4 9 5
6 10 5 9 3 4 1 8 7 2
17
7 10 9 6 2 5 8 1 3 4
4 9 7 3 2 5 6 8 10 1
18
1 7 6 3 5 10 9 4 8 2
7 6 4 3 1 8 2 9 5 10
19
9 3 10 2 5 8 4 1 6 7
10 8 5 1 4 3 2 7 6 9
20
6 3 10 5 4 7 2 8 9 1
8 9 5 7 4 6 3 2 1 10
0
10
1 8 2 490 3 427 4 417 6 395 7 222 8 351 9 324 10 134
2 6 1 483 3 367 4 80 5 438 8 231 10 390
3 9 1 392 2 190 4 44 5 167 6 323 7 421 8 268 9 36 10 181
4 8 1 368 2 453 3 259 6 258 7 109 8 431 9 185 10 15
5 7 1 410 2 183 3 465 4 446 6 194 7 466 8 270
6 8 1 8 2 90 4 2 5 251 7 42 8 330 9 471 10 438
7 7 1 274 3 116 4 95 5 166 6 461 8 484 9 16
8 9 1 187 2 479 3 248 4 319 5 356 6 120 7 215 9 365 10 418
9 8 1 143 3 285 4 59 5 417 6 422 7 182 8 484 10 264
10 9 1 300 2 275 3 297 4 449 5 411 6 159 7 249 8 96 9 299
1
7 3 5 2 4 10 8 1 6 9
7 6 3 5 9 10 1 2 8 4
2
6 10 8 2 4 3 9 5 7 1
5 4 1 8 9 6 3 7 10 2
3
9 2 8 5 3 4 7 10 1 6
9 7 1 5 2 3 4 10 6 8
4
5 2 8 10 4 3 1 6 9 7
8 1 7 2 4 3 10 5 9 6
5
3 7 5 9 4 8 1 10 2 6
8 4 7 2 9 6 5 10 3 1
6
2 10 3 9 1 4 6 8 5 7
8 4 7 1 9 5 3 10 2 6
7
8 7 1 4 10 3 6 9 5 2
1 9 8 2 5 6 3 4 10 7
8
1 4 3 6 7 5 2 9 10 8
5 3 6 9 10 8 1 4 2 7
9
6 10 3 7 2 4 1 5 8 9
9 7 1 5 8 2 4 10 3 6
10
7 1 4 5 2 3 6 9 8 10
8 7 10 4 1 2 9 6 3 5
11
8 4 6 1 3 10 5 2 9 7
2 3 4 1 6 10 5 7 9 8
12
2 1 5 3 4 8 7 10 9 6
9 3 2 5 6 1 4 10 7 8
13
1 9 2 8 3 10 6 4 7 5
7 8 3 5 9 10 1 4 6 2
14
1 7 10 2 9 4 6 5 8 3
3 2 7 1 8 9 4 10 6 5
15
6 1 9 7 3 4 5 2 8 10
3 10 8 1 4 6 5 7 9 2
16
7 8 4 6 3 10 5 9 2 1
3 2 9 8 7 6 5 1 10 4
17
6 4 3 2 10 1 5 7 8 9
7 10 8 1 2 5 6 3 9 4
18
8 1 10 4 9 2 3 7 6 5
5 3 4 2 9 1 8 6 10 7
19
6 1 4 2 9 7 8 10 3 5
3 9 6 8 2 5 4 7 1 10
20
5 4 10 2 3 9 6 7 1 8
3 10 6 1 5 8 9 7 2 4
0
10
1 7 2 283 4 393 5 97 6 332 7 119 8 266 10 287
2 6 3 420 4 261 5 246 6 75 7 215 9 375
3 9 1 298 2 401 4 18 5 133 6 467 7 111 8 159 9 167 10 427
4 8 1 215 2 414 3 146 5 470 6 202 7 313 8 400 10 308
5 8 1 64 2 103 3 35 6 208 7 215 8 433 9 36 10 185
6 6 1 237 2 131 5 237 7 11 8 399 10 257
7 6 1 51 2 492 3 154 5 200 8 133 9 12
8 6 2 40 3 395 5 190 6 176 7 270 10 245
9 7 2 46 3 262 4 283 5 47 7 496 8 473 10 254
10 8 1 374 2 64 3 436 4 151 5 281 6 325 7 362 8 31
1
9 5 1 6 8 3 4 10 7 2
7 4 2 1 9 5 6 10 3 8
2
3 1 7 5 2 10 8 4 6 9
6 8 3 9 4 7 10 2 5 1
3
2 7 3 10 6 9 1 4 8 5
2 9 5 1 10 3 8 7 6 4
4
10 7 3 9 8 2 1 5 6 4
8 6 3 5 10 2 7 4 1 9
5
6 9 5 2 8 10 7 1 4 3
8 2 4 10 6 5 3 7 1 9
6
6 10 8 9 7 1 5 3 2 4
7 10 6 9 4 2 1 8 5 3
7
7 9 8 10 5 6 3 2 4 1
8 10 9 2 6 7 1 4 5 3
8
3 6 4 2 7 10 8 9 5 1
2 6 8 7 5 10 3 9 4 1
9
7 2 6 8 4 10 9 5 3 1
6 5 1 10 3 8 7 2 4 9
10
7 2 3 5 1 9 8 4 6 10
8 7 10 6 4 9 2 1 3 5
11
3 8 6 5 9 1 7 2 4 10
3 4 9 8 1 7 6 10 2 5
12
10 2 8 1 4 5 7 3 6 9
6 2 7 4 9 10 3 8 1 5
13
5 7 4 9 6 1 8 2 3 10
7 8 3 6 4 2 1 10 5 9
14
6 3 4 8 7 2 5 1 10 9
1 10 9 5 3 6 2 7 8 4
15
2 7 6 3 10 1 9 8 4 5
2 7 3 5 9 1 10 8 4 6
16
9 7 2 8 6 4 3 10 1 5
4 8 6 1 10 2 5 7 3 9
17
4 2 5 1 8 10 9 6 3 7
7 2 1 4 6 10 3 5 8 9
18
5 8 2 9 7 10 1 3 6 4
4 7 2 8 1 3 5 9 6 10
19
5 6 10 2 9 1 3 7 8 4
4 8 9 7 1 2 5 3 6 10
20
10 3 4 2 8 1 6 7 5 9
3 1 10 8 6 2 7 4 5 9
0
10
1 7 2 159 4 66 6 163 7 7 8 83 9 155 10 258
2 9 1 243 3 264 4 263 5 320 6 11 7 426 8 448 9 363 10 40
3 8 1 463 2 29 4 112 5 381 6 192 7 69 8 321 9 295
4 5 1 388 2 314 3 420 5 141 9 443
5 8 1 39 3 484 4 261 6 105 7 288 8 135 9 399 10 350
6 8 1 479 3 319 4 148 5 115 7 73 8 295 9 416 10 350
7 6 1 31 3 5 5 14 6 333 8 252 9 431
8 8 1 56 3 312 4 424 5 89 6 186 7 106 9 420 10 110
9 8 1 137 2 168 3 85 4 128 5 340 6 195 8 158 10 112
10 9 1 12 2 281 3 424 4 489 5 396 6 160 7 70 8 397 9 91
1
2 4 9 10 6 5 3 1 7 8
8 3 10 6 2 9 7 4 5 1
2
10 4 8 2 3 6 7 1 5 9
2 9 3 6 10 5 8 4 7 1
0
0
