92 1000
78 92
42 70
57 84
21 12
93 66
65 32
28 58
29 50
43 14
1 65
30 21
5 44
38 98
8 52
25 85
61 8
3 67
3 59
86 57
73 83
58 93
53 88
89 38
44 4
19 11
88 8
98 44
64 93
6 99
66 11
76 75
27 96
50 99
16 65
96 35
30 38
52 68
98 69
42 35
65 43
36 78
44 88
58 88
43 63
34 72
9 23
40 90
30 5
62 12
31 51
40 53
48 18
27 60
56 35
25 81
70 35
58 57
21 74
76 2
4 78
71 75
85 55
57 95
26 83
94 70
90 51
52 77
67 84
39 97
66 30
1 60
81 11
22 10
79 8
95 44
86 90
66 71
55 41
99 32
71 67
100 25
51 20
81 46
35 66
28 48
2 22
13 92
64 21
74 83
58 39
67 63
56 63
65 88
57 39
2 71
1 23
19 25
56 10
96 27
9 30
50 47
87 44
19 33
60 24
79 22
2 4
32 3
52 33
22 89
52 95
18 34
79 88
10 14
63 77
39 46
43 22
57 63
93 46
53 39
22 76
73 81
79 77
49 20
25 63
91 20
72 56
99 90
43 22
23 56
10 65
51 70
70 100
93 29
51 85
93 50
100 8
24 98
25 100
84 54
30 91
10 36
82 77
93 84
60 73
5 83
67 22
97 38
58 90
10 3
23 5
61 37
51 82
53 43
88 3
56 69
17 76
45 77
28 12
45 62
50 86
7 59
68 99
15 12
51 74
76 26
52 58
19 26
12 53
38 54
32 63
33 10
32 54
38 7
55 3
17 86
89 27
83 24
63 54
58 31
1 82
3 62
94 100
10 76
45 56
16 89
1 21
59 23
25 97
31 57
19 8
58 82
25 17
80 26
2 26
86 50
52 64
75 52
100 75
97 43
96 53
35 90
39 27
90 61
51 37
85 93
73 66
4 24
6 28
38 25
55 75
32 23
64 66
24 42
8 31
26 71
15 95
55 8
98 22
65 80
49 26
45 66
63 36
19 54
72 1
28 73
44 37
54 89
74 54
9 93
89 28
43 16
39 22
20 94
34 71
42 20
77 24
69 8
34 60
47 13
78 94
80 6
35 72
1 11
36 70
80 53
71 94
86 14
41 85
75 94
95 20
76 29
90 75
91 86
42 96
36 66
82 60
49 92
70 39
34 35
7 76
72 71
13 5
33 29
55 46
74 70
21 2
15 72
35 23
77 50
36 90
42 59
23 27
94 71
3 68
83 100
31 90
57 89
69 6
10 5
42 52
74 64
84 90
95 83
54 28
69 43
66 96
5 34
61 67
57 95
96 18
9 69
60 86
71 64
90 31
79 98
43 34
19 18
8 18
83 19
1 34
17 9
85 64
89 49
40 17
89 4
71 49
65 84
42 18
66 45
20 45
82 52
12 66
53 98
49 51
17 36
26 89
74 20
37 37
30 49
8 39
41 58
2 85
97 12
25 24
94 78
98 92
90 10
91 87
33 46
75 22
64 70
88 57
85 7
75 70
100 91
13 70
71 9
35 6
54 76
69 58
7 32
2 24
18 38
42 45
9 8
22 93
44 81
22 74
12 20
41 5
15 17
15 74
18 1
12 52
85 46
15 65
49 31
67 81
40 83
10 3
34 50
38 17
37 14
90 88
85 14
4 16
51 77
61 88
29 86
87 58
48 57
13 10
80 32
25 39
98 73
44 91
56 90
87 31
82 31
43 67
70 33
100 21
56 21
97 58
66 20
10 86
84 84
24 19
40 93
63 18
54 88
2 68
15 14
1 89
21 69
16 39
17 49
78 91
67 14
74 61
68 44
27 91
50 41
80 66
77 59
3 86
46 64
13 90
72 60
48 52
13 80
67 64
72 89
96 69
42 93
44 21
91 12
100 13
92 6
45 81
51 83
12 79
24 49
50 8
73 62
60 53
10 12
54 90
73 11
95 9
38 8
63 94
86 73
67 16
55 21
59 34
6 11
18 70
39 99
43 56
75 90
85 50
68 21
19 77
90 58
35 49
91 1
63 37
95 75
90 36
92 45
82 71
94 96
92 93
46 62
70 93
18 83
99 8
7 55
13 57
68 86
57 55
57 34
8 92
73 78
99 28
61 5
58 26
67 90
80 93
91 86
49 82
54 100
30 48
10 63
87 2
52 54
11 70
92 60
50 20
83 18
60 30
7 75
44 53
80 34
17 34
24 19
57 53
35 83
34 36
15 99
87 44
92 96
54 37
40 24
32 53
63 47
19 17
78 90
82 18
59 94
75 60
99 20
23 65
10 78
63 29
65 8
68 31
38 67
34 22
45 68
4 56
56 21
26 25
23 9
9 55
79 99
93 7
58 31
13 70
37 47
65 60
20 42
77 31
40 27
4 67
75 54
17 71
13 100
35 2
100 70
5 22
80 10
13 47
59 99
57 19
49 28
96 95
20 45
68 84
52 20
2 14
58 24
23 55
4 8
92 4
46 36
6 65
14 77
2 32
41 84
33 50
14 91
92 75
28 77
88 34
24 81
85 22
62 36
66 56
60 13
43 67
18 46
68 42
29 61
4 82
79 30
74 26
76 66
9 45
82 91
92 41
94 84
6 42
27 28
10 14
28 75
42 58
70 66
19 91
81 94
63 73
87 85
25 90
76 11
3 63
41 21
14 49
36 64
15 20
5 65
91 98
74 22
43 27
47 23
31 66
14 33
30 41
47 9
48 96
76 64
18 79
57 32
28 6
75 69
61 6
52 84
57 46
33 6
88 1
6 96
49 21
80 28
59 55
89 42
84 91
17 95
10 47
66 64
60 76
76 63
88 50
12 47
75 99
68 87
35 56
85 99
15 5
27 28
97 49
67 44
86 31
55 42
23 8
28 65
77 91
81 81
49 7
21 88
83 25
17 13
30 40
41 19
98 71
99 82
4 80
39 47
8 55
38 59
9 15
90 99
26 7
52 85
98 20
64 69
36 61
47 32
27 85
23 75
18 57
64 44
11 88
47 19
100 21
11 92
24 22
6 7
49 83
15 22
88 47
63 39
70 77
94 96
64 58
89 45
59 21
54 67
84 37
53 99
4 84
40 99
8 70
23 39
1 53
48 40
63 26
75 51
53 94
5 49
95 97
80 52
41 25
33 95
66 71
92 41
77 83
58 15
9 20
89 44
37 84
85 86
68 15
48 47
29 80
38 43
82 57
37 63
40 95
49 65
9 30
15 4
64 64
17 7
91 2
60 74
3 16
75 6
57 69
34 73
46 87
48 42
67 98
18 24
88 1
34 59
68 86
80 24
15 90
73 13
86 97
79 73
41 97
83 67
87 31
93 91
48 52
66 78
8 60
92 78
34 77
60 2
81 63
29 45
87 13
79 87
62 30
4 9
17 79
39 5
98 47
61 50
2 33
62 7
35 91
83 92
44 85
70 51
3 29
28 47
29 72
77 87
63 67
70 7
74 22
97 80
51 75
86 95
42 83
75 77
14 39
48 4
55 71
6 52
90 29
11 54
91 17
20 47
29 49
45 33
47 70
27 31
92 65
36 72
31 46
60 52
87 55
33 65
19 77
27 58
89 13
32 22
11 11
56 29
28 25
73 44
10 59
59 12
58 60
43 39
5 71
59 56
16 1
7 22
84 65
89 29
50 38
34 95
55 90
37 83
100 45
97 72
2 57
51 74
9 15
63 46
20 16
39 57
31 24
3 33
10 89
20 2
12 40
84 37
56 5
15 47
85 66
79 69
70 12
49 65
2 80
52 42
28 26
35 7
10 56
79 41
37 83
96 31
39 75
24 96
83 22
43 91
55 37
58 3
68 64
3 44
83 97
46 68
81 49
97 46
75 57
80 1
13 9
41 65
82 99
96 11
70 76
59 45
42 96
86 2
42 69
70 49
97 32
9 78
27 37
88 30
4 87
47 59
7 5
27 53
83 52
66 40
82 10
24 67
94 4
15 31
54 83
83 35
96 24
89 38
5 39
44 16
11 89
54 66
49 37
90 45
89 90
64 30
60 90
78 11
83 10
97 36
39 38
16 50
33 28
35 74
85 17
12 34
70 13
26 73
96 42
94 2
64 69
56 29
50 67
81 19
41 64
87 58
56 2
95 46
54 82
89 55
6 100
58 41
39 6
28 30
88 81
71 60
47 25
88 1
2 73
82 53
20 15
19 61
51 27
90 78
8 52
4 18
20 52
13 1
48 28
10 92
93 96
89 76
88 14
6 70
82 83
27 52
72 12
60 85
83 41
39 96
51 76
40 25
75 14
48 50
55 11
9 98
55 33
92 96
38 89
57 20
27 27
65 71
49 97
42 86
83 24
100 31
24 13
29 14
15 48
9 48
10 23
98 6
18 50
12 69
57 4
16 67
90 56
44 56
99 35
37 13
17 96
15 59
89 10
51 35
4 3
35 39
67 4
7 59
31 97
29 56
84 100
89 87
17 29
24 49
74 67
72 16
27 25
30 8
91 13
18 54
82 11
77 67
68 1
89 20
56 20
71 83
65 21
66 8
57 96
