96 10000
14 28
75 24
68 23
12 13
92 53
14 60
14 68
51 94
27 85
26 9
76 69
24 37
69 48
57 3
49 12
35 60
40 82
78 6
11 47
96 29
83 75
33 54
37 64
19 66
26 79
98 7
39 29
16 65
13 3
30 97
69 25
96 17
76 77
87 85
39 8
61 26
47 18
22 9
21 58
36 84
62 51
8 22
11 51
14 87
57 94
91 73
69 59
25 43
76 77
41 12
15 50
59 48
36 18
24 69
14 4
42 86
79 51
82 15
44 73
80 61
54 79
93 86
7 65
71 77
78 33
11 25
81 28
45 39
97 43
83 86
52 35
93 25
33 24
89 24
2 68
47 40
37 100
81 71
17 97
87 85
44 91
19 91
92 88
57 55
84 29
59 16
99 27
41 45
84 30
69 2
29 65
67 61
80 15
9 98
64 97
31 94
24 6
35 42
91 85
50 48
40 36
100 95
94 8
42 6
60 14
74 98
70 26
8 86
28 66
26 93
89 23
45 71
68 26
97 42
32 67
83 65
25 100
57 79
7 30
36 65
21 26
72 58
79 96
87 61
9 15
81 30
38 22
79 58
14 94
64 35
70 78
98 64
79 85
80 24
69 57
67 56
27 11
79 47
5 20
86 40
100 100
28 47
65 33
79 18
29 68
87 68
56 78
50 84
53 35
20 71
36 30
95 28
14 26
71 98
100 56
46 61
31 75
12 82
36 26
3 78
52 91
4 3
24 15
75 73
9 98
5 78
48 3
76 41
38 21
88 69
8 46
11 86
71 94
86 18
76 32
97 8
41 23
77 79
33 29
40 95
86 34
27 94
73 17
46 47
51 49
75 5
81 56
30 61
45 3
100 74
46 18
7 43
34 100
60 44
42 88
79 90
40 75
2 55
59 32
65 87
85 54
98 59
84 19
65 40
35 52
4 16
96 26
99 47
93 85
84 54
85 31
59 6
10 89
90 33
50 88
77 11
24 85
90 89
39 88
49 64
58 91
48 86
84 3
3 59
60 28
12 57
25 100
24 99
50 20
42 64
82 49
30 76
92 100
15 44
27 21
50 86
91 70
73 38
36 100
73 41
93 72
86 16
5 54
17 21
31 20
12 96
27 51
92 26
37 36
13 53
80 68
5 72
64 31
48 26
26 79
67 28
26 65
72 49
83 41
92 16
69 25
47 89
21 50
91 21
31 49
40 90
30 67
64 40
38 52
99 88
100 66
31 87
29 58
4 35
98 21
4 36
44 7
99 87
32 99
83 94
6 96
44 92
65 79
84 76
61 51
3 87
3 35
19 44
44 9
33 22
9 34
100 25
79 90
8 46
87 52
24 15
15 11
65 12
10 49
17 90
86 94
89 62
80 21
73 74
13 65
26 46
62 28
22 51
48 42
30 10
52 42
58 13
20 59
75 4
35 31
99 76
55 27
15 67
89 79
51 16
94 74
5 62
8 55
29 42
86 23
17 27
70 21
37 56
50 88
2 13
65 78
95 48
21 8
26 64
80 63
99 16
45 87
52 28
94 63
73 62
49 57
24 53
85 61
13 84
65 47
15 92
68 23
47 76
41 63
83 83
99 16
67 29
5 46
89 79
74 19
93 59
85 16
89 40
73 94
42 50
21 82
52 91
88 36
4 98
53 74
24 86
95 93
1 11
17 18
79 87
91 49
55 77
45 32
71 21
54 80
52 100
70 38
58 51
69 51
22 80
22 71
10 23
25 44
67 1
43 35
73 80
8 20
90 76
75 70
18 62
92 56
19 95
44 87
1 37
72 26
50 55
88 12
86 37
31 12
99 57
37 64
21 10
59 68
62 96
26 72
78 20
35 76
79 75
7 46
17 95
43 14
26 84
96 35
98 87
71 52
47 22
33 39
73 52
7 49
22 92
58 91
3 23
31 93
76 88
11 97
54 62
31 64
15 5
4 6
99 15
87 10
60 47
97 23
67 24
95 23
12 6
11 71
41 39
36 63
74 91
92 81
84 11
88 18
69 84
65 63
30 71
37 44
99 90
67 52
66 93
81 26
83 5
44 68
43 4
86 30
21 30
18 30
23 72
62 34
24 59
20 64
61 17
71 4
14 94
1 85
25 7
4 18
86 25
91 30
59 82
49 42
61 62
21 17
43 94
93 54
37 88
31 55
26 87
18 29
43 10
45 84
78 14
19 39
75 18
19 9
44 17
68 55
46 23
61 76
92 45
50 43
70 9
35 86
87 43
63 78
48 88
49 72
83 66
80 52
89 44
64 61
42 53
85 6
24 77
94 60
19 58
71 38
44 96
88 11
81 32
32 5
71 83
71 17
90 10
26 87
100 43
85 22
97 46
59 65
46 73
64 29
70 95
21 85
35 71
35 80
69 97
75 53
58 31
45 66
46 100
24 19
35 63
28 56
69 56
42 65
70 49
15 28
98 97
28 49
88 3
38 23
93 96
50 73
71 3
37 73
14 83
4 84
56 56
48 87
14 7
74 54
43 66
99 99
55 21
52 79
33 25
34 18
6 71
6 11
56 25
86 77
16 3
33 26
6 74
85 3
63 71
23 4
97 72
80 99
89 13
45 5
47 99
84 3
61 80
96 17
59 76
47 42
38 32
58 5
37 69
3 28
82 96
13 47
8 11
82 73
48 30
48 1
66 79
26 32
100 77
58 53
38 71
62 4
2 89
17 65
8 93
37 10
10 19
16 31
16 48
81 87
84 1
27 1
43 11
21 51
88 100
50 58
27 96
97 14
67 52
73 74
57 90
49 17
3 2
68 20
57 5
9 74
41 8
23 66
32 33
10 3
54 8
34 87
92 74
94 38
88 56
69 51
43 12
86 85
9 94
29 47
3 67
26 86
83 72
84 29
78 15
59 51
68 44
40 86
79 68
3 11
11 41
59 74
13 11
96 74
88 35
39 78
90 58
84 80
47 62
70 68
21 91
97 41
55 62
22 10
26 24
62 81
78 91
90 82
9 31
31 32
72 93
62 50
70 34
27 98
91 12
13 1
37 23
80 23
96 4
37 98
7 85
41 11
55 18
9 11
94 32
38 3
20 100
29 19
7 52
100 1
68 87
74 94
55 48
65 47
21 40
34 16
56 14
78 47
77 97
74 41
8 54
63 31
86 16
6 37
29 58
61 29
2 32
11 4
33 27
98 55
92 96
51 95
27 61
27 28
11 66
40 100
10 53
65 92
17 77
44 60
100 1
63 35
81 97
53 72
20 2
44 5
47 42
58 10
54 69
34 18
91 80
38 32
38 80
96 98
57 59
87 20
68 29
42 65
25 23
76 52
60 35
16 47
39 21
93 87
15 82
62 60
67 91
34 5
51 69
96 29
70 94
75 86
85 94
62 84
2 75
8 85
6 60
4 31
33 76
1 92
48 59
46 4
1 47
75 67
1 95
16 29
88 34
76 92
91 52
71 24
56 95
5 32
12 43
25 3
43 61
47 63
99 58
32 1
36 88
100 61
27 90
10 42
74 35
22 99
38 48
13 46
35 28
24 31
23 18
59 17
58 26
81 63
6 14
86 99
27 81
67 37
91 14
33 24
78 33
81 47
86 32
36 88
83 31
7 56
99 55
35 27
11 25
29 27
46 78
54 61
12 68
31 54
36 15
29 11
39 93
93 96
79 41
8 15
61 54
11 29
81 80
11 71
56 8
57 17
56 4
74 17
49 96
35 52
13 33
50 79
17 53
10 90
69 55
53 63
27 50
84 15
23 62
36 7
26 13
27 88
82 55
20 30
92 17
29 83
80 36
39 48
64 78
80 85
4 94
47 97
14 64
62 51
66 34
59 77
98 23
69 63
86 62
14 48
80 83
68 99
76 60
54 86
24 12
55 25
32 27
10 55
74 42
21 7
74 66
26 51
6 41
40 28
10 75
26 10
80 37
3 52
45 53
42 49
45 91
90 55
1 92
22 90
67 49
90 17
83 96
94 63
3 45
85 6
8 53
90 86
22 41
76 86
58 79
59 65
78 87
31 45
79 50
19 58
29 22
31 39
62 78
11 67
38 85
74 60
10 52
76 7
64 42
42 53
53 74
48 10
73 32
17 28
98 45
45 100
24 3
85 18
37 50
30 1
65 7
33 32
90 11
14 29
68 84
48 16
77 2
55 16
89 82
12 52
2 25
64 70
88 61
8 11
69 86
89 27
29 53
28 72
98 80
74 11
61 19
48 1
90 99
39 35
70 93
64 73
59 43
16 25
81 33
52 60
18 16
57 3
83 85
4 34
76 2
87 99
22 99
89 79
35 21
40 23
60 9
17 47
9 53
57 2
55 73
57 18
21 98
67 67
73 50
98 73
66 52
12 32
73 71
26 82
58 20
22 32
15 82
31 18
8 100
27 67
51 46
88 38
24 74
73 69
57 99
80 32
26 60
95 66
77 85
97 78
18 48
24 90
83 64
38 27
8 28
94 45
31 76
79 66
96 10
40 71
77 70
88 65
14 77
94 61
85 92
73 99
55 41
4 69
15 99
6 44
41 97
82 12
36 28
83 56
73 35
92 99
82 25
84 23
64 58
51 64
43 48
85 9
32 67
1 25
69 39
87 98
71 56
71 5
10 48
60 54
7 18
2 23
37 18
2 45
38 53
28 13
9 1
95 68
87 65
79 82
80 41
13 57
50 47
89 74
17 89
54 9
47 89
4 89
76 87
100 97
86 13
59 67
17 86
38 95
79 89
74 20
4 47
44 53
26 31
96 76
97 100
13 74
47 30
63 47
52 86
27 14
54 82
94 74
30 77
77 52
51 94
41 63
97 6
35 54
47 52
36 47
2 15
98 3
56 55
16 47
26 70
36 63
88 15
95 77
99 9
58 6
53 16
38 75
99 74
32 4
57 58
66 56
96 11
39 38
18 42
9 39
28 86
73 74
42 62
16 46
66 30
28 85
44 15
12 100
70 91
70 52
24 6
28 37
3 25
1 29
98 17
11 61
23 80
100 5
74 62
91 8
85 100
42 53
60 39
3 2
57 21
29 40
76 34
75 51
92 11
36 41
26 54
59 79
56 6
55 18
14 90
71 31
2 55
50 58
68 40
67 5
98 16
33 17
77 7
63 34
5 14
84 3
67 79
3 39
81 14
83 52
36 72
27 50
76 62
99 48
2 62
51 73
60 100
46 63
79 61
32 51
99 87
1 73
65 65
100 95
43 54
37 50
74 63
77 27
54 63
44 67
21 57
17 70
91 53
20 94
14 60
38 48
18 72
36 4
65 41
82 85
91 76
71 78
82 22
99 1
78 1
39 71
73 85
4 24
35 11
87 70
58 41
37 70
14 38
35 41
29 73
34 67
79 31
39 75
6 99
23 32
6 48
7 11
9 90
68 95
40 10
23 51
39 62
61 77
35 10
51 42
2 7
70 91
68 62
87 88
11 25
19 71
88 20
31 37
79 16
44 39
50 38
44 65
9 72
74 6
29 54
32 57
28 93
55 3
83 23
65 79
34 75
21 64
63 89
41 100
26 15
98 92
40 3
30 85
44 19
32 19
60 23
30 32
63 61
46 57
90 76
23 87
25 83
83 50
98 14
96 44
13 39
77 2
40 89
21 53
64 51
67 53
64 46
1 8
60 5
73 11
39 47
10 75
30 100
59 1
31 21
39 17
82 40
33 41
93 29
72 22
25 21
39 68
85 1
86 50
61 39
13 95
76 10
79 73
15 86
95 44
24 81
32 79
80 62
6 45
67 65
17 32
82 79
100 13
92 29
47 4
23 17
94 71
54 95
80 55
14 80
33 45
3 30
6 82
67 65
63 58
10 74
23 43
85 74
90 30
27 67
9 12
94 100
81 89
14 69
51 59
81 40
47 51
43 20
36 62
78 89
30 44
58 84
30 95
89 54
73 84
35 77
48 24
19 29
8 95
22 75
58 32
74 9
67 10
79 10
52 75
79 94
78 31
78 39
2 44
38 79
97 7
72 8
8 5
56 58
40 47
11 55
42 17
39 42
52 69
73 38
5 76
13 19
51 99
8 7
71 47
84 86
94 64
78 97
25 92
46 45
14 87
46 71
64 92
26 93
33 82
67 71
54 11
32 18
93 80
7 28
93 38
59 33
40 1
21 18
72 39
41 28
92 69
65 73
58 76
73 97
88 4
19 33
45 39
75 42
67 26
15 62
24 82
43 69
67 63
33 4
75 91
6 61
11 39
29 95
82 32
50 21
51 75
56 96
29 88
8 47
7 85
96 53
12 23
80 42
19 3
74 4
3 5
67 90
39 47
83 7
86 14
99 7
72 43
61 8
53 30
70 73
72 13
78 45
93 5
98 4
76 71
96 80
100 27
93 73
1 51
65 52
19 69
62 2
1 71
56 4
75 1
16 76
10 54
25 94
43 88
69 96
58 20
39 65
94 15
24 56
75 93
52 65
34 48
97 62
4 5
15 54
38 53
100 4
73 60
96 60
85 20
25 84
25 94
60 32
73 7
8 92
90 28
61 28
81 97
54 30
15 88
72 85
93 46
53 1
12 91
25 67
89 45
34 1
29 50
5 7
70 60
10 26
11 7
74 59
10 66
83 72
76 76
70 61
90 27
55 31
73 71
71 87
2 20
48 15
27 34
35 51
31 23
68 8
72 72
20 32
63 5
18 19
49 12
80 46
80 38
25 30
99 80
82 61
68 91
99 58
49 91
86 28
13 46
31 92
34 69
56 73
94 69
41 22
96 54
40 64
10 34
41 54
54 50
6 43
31 11
43 99
68 77
18 55
56 75
47 28
50 76
28 48
57 5
78 47
47 49
4 78
26 63
34 59
86 37
99 86
51 32
28 68
20 49
71 14
16 76
81 54
54 11
90 16
97 59
87 29
60 45
10 42
91 73
64 89
42 85
93 26
80 86
22 26
49 41
1 34
45 70
67 40
23 44
96 8
75 90
14 35
82 1
21 87
52 28
74 92
72 58
63 27
62 49
53 21
27 14
60 76
92 30
62 28
69 9
87 74
29 37
9 91
68 59
92 85
47 56
14 20
15 88
43 37
49 49
77 9
82 20
96 86
11 94
18 56
85 76
20 80
9 62
29 64
56 66
53 72
39 29
39 17
47 35
84 100
89 59
50 35
74 100
54 13
39 31
79 90
81 67
33 64
69 7
19 94
16 78
78 3
83 79
4 51
91 55
46 72
42 5
20 41
55 4
92 10
44 66
94 76
38 64
99 88
66 26
29 48
78 46
93 32
5 61
39 50
13 84
69 97
40 56
35 96
73 93
55 27
58 61
21 63
89 97
43 86
41 66
9 56
12 24
65 98
76 41
15 78
60 78
1 23
42 48
43 32
76 7
3 17
37 66
1 96
92 24
27 13
40 78
13 77
44 43
45 65
39 42
72 82
80 89
98 18
6 37
96 97
20 95
76 21
38 39
98 29
88 87
4 28
17 12
75 66
48 67
63 77
40 32
61 16
21 69
19 14
71 79
46 60
33 15
18 97
7 9
45 16
37 40
23 65
38 19
65 65
58 39
93 74
30 55
36 15
34 62
94 63
89 10
41 59
95 20
89 90
89 45
4 99
88 25
22 90
29 42
33 25
28 25
73 23
72 71
44 43
69 24
90 29
16 94
33 47
46 42
37 49
52 93
20 32
83 16
70 45
48 51
21 97
12 60
54 58
100 12
25 48
85 95
51 37
96 72
66 72
26 50
10 32
20 99
45 69
71 43
12 84
48 65
71 35
57 96
87 46
69 38
50 74
18 35
13 61
85 98
100 82
95 86
60 76
53 13
28 56
13 60
74 53
78 55
41 86
14 88
18 23
42 5
53 81
32 96
52 38
19 21
79 26
97 99
44 46
8 92
19 43
51 17
37 7
84 75
85 98
25 82
9 37
49 48
93 5
62 14
4 28
62 89
47 66
96 37
100 88
27 73
67 75
42 72
38 81
24 59
45 22
60 29
90 59
41 29
17 10
70 53
20 59
66 54
68 43
20 57
77 39
75 14
20 9
26 55
27 45
48 69
87 8
45 81
32 19
85 95
63 40
99 53
42 7
71 68
82 9
25 1
35 68
76 68
34 91
64 36
54 33
1 48
37 7
42 90
70 76
19 98
98 43
5 78
33 8
25 83
33 4
75 26
22 9
2 76
58 79
98 57
73 15
32 51
65 70
1 95
62 70
90 82
70 71
32 64
41 22
87 40
93 85
6 73
82 27
93 100
30 11
77 76
29 9
87 28
1 43
76 58
55 53
65 99
22 72
31 71
22 85
7 93
94 14
78 4
75 51
98 78
19 49
62 19
79 1
32 22
23 77
9 18
4 89
70 5
8 2
56 27
8 53
28 95
84 32
39 72
33 51
75 68
65 39
91 64
57 26
93 96
61 27
50 39
47 17
80 40
75 9
46 8
51 86
10 94
27 75
26 5
28 68
65 15
17 27
17 45
40 23
44 88
69 43
53 60
46 91
26 71
79 41
69 62
14 20
85 38
63 11
5 72
96 59
28 72
29 55
100 24
53 58
23 49
93 76
72 31
43 58
62 24
63 46
65 21
39 11
21 83
44 81
25 11
86 62
12 93
50 92
69 39
58 61
79 26
91 53
49 7
1 62
47 66
73 76
89 53
77 3
70 69
22 55
26 87
60 42
45 20
32 75
94 48
100 10
65 89
9 56
39 40
51 71
12 41
80 79
79 94
92 57
68 53
41 50
60 40
55 39
12 7
12 66
24 89
28 39
35 68
96 16
85 73
55 17
27 97
11 6
90 8
12 23
71 93
53 34
83 19
35 98
39 7
60 3
96 24
4 90
43 17
5 93
45 60
67 59
35 98
32 15
86 31
89 38
23 22
26 59
39 78
36 81
87 57
1 40
60 7
57 34
19 91
90 22
61 44
21 43
79 80
74 45
98 27
90 62
88 4
80 77
92 58
14 25
8 27
19 23
73 72
64 2
20 33
85 77
99 89
88 20
25 91
9 52
84 32
53 43
2 75
83 25
66 27
21 99
34 50
30 6
96 77
51 56
11 1
52 89
85 38
95 46
8 91
68 84
91 6
25 21
24 95
82 61
33 18
97 37
33 87
7 47
59 88
75 34
26 38
41 17
97 37
12 57
87 23
17 81
75 97
70 68
100 16
27 38
37 85
6 92
50 80
84 84
23 27
93 94
23 95
6 7
53 41
73 24
4 33
99 15
84 50
24 12
73 78
65 8
26 85
89 21
31 83
22 66
36 52
47 86
48 34
85 2
35 98
44 73
18 96
58 22
61 19
39 17
11 46
52 99
52 58
8 66
29 50
69 54
47 29
91 68
55 86
40 65
69 51
64 75
68 36
53 54
68 61
75 27
50 50
32 92
67 61
92 84
100 18
82 90
10 96
71 75
90 6
9 46
17 66
84 62
16 97
30 55
48 16
71 98
50 59
53 17
11 48
5 16
84 52
95 28
58 95
52 70
98 60
54 88
26 82
50 98
97 55
48 85
45 28
81 70
47 13
79 35
48 60
99 12
37 90
65 14
76 92
63 91
52 78
9 35
51 51
28 31
82 46
35 96
19 61
60 3
97 60
46 78
18 45
18 33
8 90
52 2
70 25
62 88
78 26
48 46
30 24
52 12
97 22
66 24
17 59
52 30
60 52
10 18
69 60
10 24
43 2
84 42
29 48
98 23
34 43
5 79
17 51
77 71
13 27
79 29
85 74
5 25
76 45
11 100
61 59
39 31
95 75
30 84
81 19
32 34
66 76
34 61
70 79
54 87
73 24
21 63
86 62
75 17
93 92
21 62
38 83
33 7
20 46
36 58
79 80
98 79
35 79
69 63
43 56
37 88
19 55
47 70
56 55
2 78
67 23
64 57
56 85
60 5
62 93
47 58
73 73
53 9
78 19
84 31
66 42
72 38
10 59
7 98
51 13
53 48
37 15
12 49
55 19
53 71
57 45
15 86
32 68
62 63
45 15
21 12
5 80
1 81
93 12
44 7
10 100
66 59
81 100
1 78
91 26
86 54
90 51
93 35
73 95
43 7
6 41
26 45
98 28
91 68
18 42
22 33
99 40
84 87
18 22
79 93
8 58
88 11
75 69
27 14
66 12
69 79
91 44
53 100
7 17
73 49
36 1
80 43
61 97
75 72
8 53
14 44
67 84
19 76
81 45
70 5
60 66
77 29
50 55
52 12
70 19
9 71
94 53
76 75
48 31
75 46
7 21
42 84
10 18
31 18
64 29
70 38
99 28
37 15
45 48
65 41
53 65
53 86
42 42
45 84
11 66
44 93
55 94
11 61
90 41
68 70
56 74
80 83
44 16
79 75
21 49
54 30
94 17
47 54
43 15
55 10
92 66
22 41
16 13
73 31
55 93
78 2
5 25
42 62
29 100
61 76
23 40
60 33
56 30
38 6
32 14
37 17
50 95
68 50
30 24
96 27
53 15
17 51
92 48
17 57
15 30
32 53
5 48
44 93
62 44
81 12
67 2
61 53
25 81
28 68
37 84
100 19
48 73
29 66
31 61
45 94
51 40
45 60
17 20
44 73
86 2
30 99
83 23
70 58
81 88
53 31
13 45
45 48
72 12
74 1
99 46
90 39
91 96
46 55
9 22
6 15
74 66
31 35
47 29
11 92
53 56
95 8
86 51
99 66
81 72
85 97
20 44
89 17
72 44
84 76
30 97
96 70
68 91
26 76
1 72
30 95
11 37
90 41
20 46
90 13
23 14
36 27
66 96
96 9
55 30
16 74
33 92
56 81
22 13
82 42
100 4
78 31
82 87
10 75
58 98
82 50
54 80
56 13
81 60
64 45
82 12
76 16
68 57
32 10
98 91
38 16
87 57
19 40
26 58
87 70
42 44
15 27
30 23
97 28
14 77
33 91
10 32
33 32
77 46
86 100
30 75
40 32
24 7
88 74
3 94
84 70
39 38
41 97
75 3
27 100
15 12
68 77
87 32
32 72
14 97
60 6
64 4
50 33
46 85
39 77
52 35
47 23
85 25
20 100
65 57
74 98
25 7
3 69
62 86
15 2
37 81
4 70
70 42
6 87
20 45
27 13
15 49
15 89
48 65
88 92
48 43
2 64
12 4
95 5
85 28
35 64
92 37
60 51
78 32
71 26
84 46
96 22
59 84
56 8
64 90
5 22
60 2
63 51
8 65
96 47
13 8
45 8
20 19
94 89
54 24
76 9
81 32
93 52
24 80
6 32
65 76
15 40
57 86
93 8
73 27
63 33
83 84
3 73
82 62
48 43
36 69
91 2
74 47
80 67
62 85
21 21
39 55
70 95
91 56
49 73
64 59
34 28
49 94
42 30
24 29
72 63
87 23
54 28
17 47
96 99
28 71
49 99
10 75
26 31
10 50
77 23
11 99
54 57
64 92
23 21
96 74
12 88
42 25
27 47
41 84
100 7
64 54
45 50
42 97
23 12
62 21
46 83
79 89
95 6
88 36
88 84
44 36
26 81
63 25
41 7
9 10
26 37
21 10
51 2
75 67
17 79
11 21
80 7
16 99
93 85
50 72
3 77
17 70
60 84
92 90
59 60
75 57
49 52
63 91
26 3
61 30
52 86
81 7
47 56
66 62
85 88
20 46
94 58
80 30
68 56
83 52
31 65
78 100
93 84
10 29
14 22
59 46
84 70
56 9
95 71
89 35
49 17
27 12
34 61
67 62
96 32
78 63
7 64
77 69
29 93
41 84
59 89
3 55
65 3
56 100
60 10
29 76
14 66
40 20
64 65
36 8
90 74
43 82
29 100
22 35
95 27
94 8
21 65
60 9
39 13
33 5
6 10
35 18
44 49
97 20
30 81
41 31
4 21
16 59
60 37
56 26
38 38
24 41
55 6
62 68
54 73
64 98
77 36
61 22
76 48
55 54
77 95
20 78
88 45
51 29
43 7
26 2
18 66
79 43
95 44
73 65
70 13
71 24
25 30
44 38
64 88
62 88
78 29
27 3
96 69
90 60
16 86
98 15
86 79
98 66
100 35
45 62
35 94
15 23
95 41
56 12
57 22
71 60
63 41
11 37
73 67
3 95
49 93
3 5
84 9
47 46
22 43
10 12
89 64
44 48
45 22
25 98
19 16
24 20
77 89
29 47
68 66
13 76
80 2
4 44
59 24
69 43
5 92
44 51
92 71
14 53
28 23
19 37
78 8
74 18
89 23
27 83
39 37
99 66
72 56
51 55
70 56
16 9
5 58
67 43
96 60
65 87
80 89
79 90
7 44
70 12
41 78
55 92
28 18
87 1
52 95
79 12
63 61
40 96
74 77
55 20
25 85
53 94
57 73
55 3
36 86
70 48
82 25
63 13
81 56
39 56
94 91
67 38
89 99
84 40
47 9
56 50
71 11
26 39
19 25
100 18
22 76
23 68
61 6
100 20
68 10
97 45
25 75
37 13
4 6
90 1
90 94
94 82
53 62
36 60
98 98
62 1
17 68
65 38
28 59
15 39
11 30
19 51
24 1
52 65
51 46
29 35
42 84
52 54
21 98
35 2
62 45
85 85
74 12
61 92
36 50
62 28
84 63
55 6
17 24
59 50
76 55
41 70
67 31
52 31
54 84
71 29
55 8
33 35
35 54
53 76
30 13
95 46
29 49
47 53
58 88
4 28
34 89
78 86
5 80
61 53
76 54
84 78
21 44
43 89
61 40
98 68
64 14
48 32
88 59
57 74
5 45
42 31
73 100
91 11
4 89
27 68
43 61
42 11
9 90
77 8
88 35
37 94
92 88
79 40
15 27
19 88
5 47
24 23
52 35
22 97
20 7
94 28
99 45
81 73
73 12
84 41
65 76
28 12
60 2
50 17
68 8
95 51
1 37
100 47
9 44
34 16
96 78
22 93
4 78
61 8
70 47
84 26
62 17
16 72
9 2
94 22
85 49
35 22
59 85
13 57
3 78
63 80
82 54
51 3
2 1
22 73
44 52
69 21
16 8
50 24
100 22
68 97
32 4
89 47
13 22
30 4
77 85
65 65
37 91
29 7
49 60
20 10
35 69
71 80
71 3
88 6
79 32
22 97
47 28
100 69
9 4
81 36
85 25
91 23
1 25
24 55
93 96
3 92
15 71
35 48
91 44
71 92
3 70
6 61
84 56
23 52
22 75
21 97
70 34
95 94
38 24
68 4
78 81
31 39
16 82
19 70
13 81
51 16
5 86
70 63
81 50
4 39
83 87
9 43
100 72
16 30
92 32
13 98
64 51
40 16
94 63
72 4
95 76
77 32
59 39
63 17
12 49
97 72
42 95
87 22
2 83
14 83
99 89
11 93
99 59
70 77
1 64
42 96
86 67
7 78
94 68
46 1
7 24
48 10
49 49
6 90
42 19
33 93
22 55
21 33
19 43
97 59
78 38
77 100
38 15
82 28
71 35
49 62
20 5
19 1
62 100
21 95
67 32
36 28
15 74
89 66
84 84
69 26
87 22
21 61
96 53
63 8
36 78
30 43
1 51
44 100
32 92
74 84
17 62
49 32
21 6
54 57
50 2
18 19
69 82
47 36
10 47
84 84
42 55
43 94
12 2
81 45
94 73
24 99
55 77
43 41
88 91
80 36
57 49
8 88
84 51
85 63
33 39
10 98
42 8
38 66
83 25
80 3
14 2
18 7
23 13
58 23
76 86
99 68
65 94
84 82
68 98
92 3
13 83
81 4
66 99
53 6
79 58
91 10
34 29
98 48
76 26
49 14
13 37
87 85
14 83
88 58
85 61
20 97
3 21
50 56
99 63
57 76
49 52
60 14
4 93
23 70
61 60
66 82
79 85
80 59
68 49
81 66
79 93
97 19
45 23
67 93
54 71
95 11
35 54
38 78
79 50
40 21
32 75
48 59
5 98
14 22
51 60
23 47
98 47
7 87
100 11
85 62
9 49
5 74
91 26
84 44
98 56
95 69
36 7
59 1
37 20
57 38
43 52
30 57
94 65
79 59
12 51
49 29
90 63
49 7
71 11
48 63
31 59
47 46
17 24
43 60
42 83
57 59
72 85
86 41
11 12
71 100
33 100
13 40
79 63
73 64
17 56
60 83
12 94
43 7
38 58
51 84
64 67
66 10
94 8
35 61
6 17
32 47
16 87
26 49
89 91
26 83
87 11
82 59
87 39
21 6
37 72
25 21
47 100
32 69
73 63
1 58
33 38
6 54
99 86
36 90
97 89
53 35
27 35
72 41
23 9
60 86
73 8
36 27
47 46
86 77
37 11
68 80
33 40
49 75
47 23
4 17
45 36
24 55
91 68
68 68
51 88
79 3
90 17
12 50
4 45
10 70
54 92
64 84
62 52
9 52
92 72
56 96
86 51
57 1
21 61
24 4
37 8
36 97
35 59
13 38
73 49
39 20
68 62
41 16
68 32
35 34
3 67
61 57
61 8
30 20
71 72
98 92
23 16
94 36
74 66
86 43
20 10
17 63
19 70
67 25
91 33
85 74
22 62
72 66
20 37
77 51
87 40
36 86
63 70
96 56
34 6
85 1
72 80
4 55
67 62
70 55
3 8
92 34
98 3
23 57
28 4
64 60
27 24
72 33
4 25
76 5
87 19
57 100
85 99
44 41
68 99
6 75
36 95
28 52
79 48
75 96
18 55
20 94
45 70
76 73
93 13
9 47
72 53
58 44
15 36
81 83
54 13
43 23
46 55
25 70
21 42
73 21
52 28
6 92
79 25
94 77
92 2
30 13
31 72
24 5
6 21
83 10
89 72
5 40
85 33
31 49
65 38
75 86
71 90
80 20
75 48
65 79
35 28
97 69
23 8
18 43
17 7
86 90
17 25
60 86
2 79
19 46
77 78
26 45
36 76
84 16
7 77
56 42
76 50
57 62
7 17
82 86
94 66
42 71
98 6
40 14
43 42
15 99
86 28
70 44
77 48
64 26
89 75
1 98
78 26
69 40
17 63
67 98
84 22
7 89
72 76
9 70
53 71
84 57
64 14
68 37
67 52
69 21
11 86
66 14
76 79
59 51
12 66
29 27
27 31
28 8
91 83
19 7
8 28
62 77
44 18
54 70
51 34
64 36
99 53
77 28
32 97
94 43
44 10
19 21
99 41
51 77
3 83
18 65
24 50
17 9
84 54
97 89
63 52
79 21
99 38
12 3
80 92
21 72
60 23
83 32
24 20
27 46
60 13
42 9
69 89
81 3
29 4
42 48
69 52
72 27
77 88
97 75
82 32
86 82
98 61
64 16
74 8
8 52
14 35
63 73
95 98
15 1
35 94
31 97
19 69
1 1
67 46
6 95
89 72
56 33
25 76
22 97
84 45
38 63
13 94
13 22
42 31
69 60
47 89
13 90
50 86
11 97
34 66
69 29
52 54
54 64
85 16
5 55
4 83
85 19
9 38
49 97
74 21
92 25
19 38
56 73
19 25
51 73
23 3
44 16
9 29
54 33
25 29
60 30
85 86
77 68
50 27
25 56
28 41
28 54
4 83
89 4
84 48
67 67
84 100
81 4
14 45
95 87
7 70
29 70
91 94
90 66
96 94
90 40
62 21
29 89
34 74
70 13
90 1
17 38
55 7
22 37
29 54
24 66
58 81
83 27
58 56
44 61
67 5
80 93
13 30
55 92
77 73
56 66
78 34
47 25
2 79
29 78
97 19
99 38
57 21
62 41
34 22
3 6
43 1
63 84
49 1
35 96
86 14
88 17
6 97
3 78
75 64
53 81
65 66
71 47
30 38
6 80
83 45
23 47
71 38
91 51
14 96
51 58
91 63
16 12
27 45
39 68
8 5
37 77
83 66
75 33
44 80
74 80
40 77
40 33
77 64
88 47
52 56
20 36
57 58
89 81
86 25
4 18
71 72
23 30
97 47
69 56
27 91
24 97
63 70
17 16
52 24
30 16
15 30
10 71
36 53
67 2
29 91
51 94
2 96
73 83
69 81
16 67
54 27
91 83
99 68
96 44
12 72
53 15
59 80
69 16
65 2
95 13
17 81
22 47
51 24
37 94
46 8
55 4
63 44
35 78
92 19
28 73
5 49
17 98
24 47
45 17
6 47
15 60
95 49
87 16
64 22
61 2
67 75
32 34
93 82
4 46
6 75
69 43
7 23
66 6
66 84
87 28
8 41
88 9
13 53
68 55
3 37
99 71
98 40
98 97
24 1
41 23
81 84
63 15
54 34
56 91
38 33
45 7
11 37
55 90
12 43
30 18
14 8
97 40
69 50
16 41
75 37
12 69
73 2
66 35
94 35
19 2
90 67
72 87
80 85
70 61
57 62
30 51
47 93
1 63
54 49
20 22
12 54
44 36
29 81
14 52
75 68
27 93
63 3
20 29
53 31
90 80
86 57
6 13
52 39
69 91
92 1
61 84
82 96
1 64
3 61
79 10
57 94
24 13
9 15
25 79
83 25
56 73
57 86
12 43
75 1
47 68
14 38
98 83
36 11
39 97
38 6
89 77
84 53
50 14
92 44
59 91
22 21
18 18
24 3
98 91
70 25
90 49
6 19
77 67
24 47
93 20
86 52
12 81
4 1
61 41
44 39
51 7
22 69
33 53
24 42
14 20
79 58
37 80
83 90
53 87
93 68
17 35
3 56
80 82
73 87
13 48
21 58
67 88
24 15
45 32
14 61
10 61
64 60
58 20
32 14
69 89
99 6
74 27
21 64
53 40
35 57
46 84
83 46
52 79
86 13
11 97
44 18
27 84
75 70
79 9
67 31
79 24
77 21
8 36
20 25
94 84
38 72
28 89
62 52
46 22
57 16
61 2
59 52
26 24
46 46
70 2
58 89
26 52
97 61
58 98
27 99
33 80
46 68
83 32
30 22
13 82
85 57
72 1
16 26
65 40
35 31
57 53
51 39
73 5
98 77
82 89
100 26
17 65
99 9
75 55
16 13
93 96
27 2
73 44
57 74
74 66
100 80
14 97
89 39
66 47
40 19
35 41
82 50
18 11
37 32
60 95
78 78
47 22
17 1
38 73
43 54
23 76
86 39
79 10
39 28
36 18
58 34
53 14
25 47
68 42
28 91
78 20
65 59
13 10
20 100
80 46
19 20
49 100
42 63
18 11
43 58
54 78
2 74
4 48
97 41
23 22
12 39
77 67
33 1
48 6
84 45
83 5
27 6
1 1
22 99
45 74
39 85
66 71
35 91
23 3
18 96
43 7
45 28
18 98
26 73
96 59
53 90
88 8
36 82
29 26
68 97
54 38
89 57
23 52
4 33
64 15
59 56
56 30
71 98
43 62
100 13
21 22
76 89
29 1
75 87
95 17
34 12
67 55
48 25
68 71
55 48
78 44
66 69
26 53
38 10
97 96
95 70
51 53
15 92
79 30
6 72
37 25
70 88
34 77
47 35
55 67
35 88
13 50
78 91
1 21
2 10
52 66
75 96
59 86
3 40
79 57
75 99
5 13
26 72
18 51
56 38
35 92
100 9
29 53
67 66
29 90
19 55
40 1
72 44
79 79
4 82
63 25
36 94
57 27
64 26
70 23
9 86
63 2
89 47
65 33
65 54
70 4
29 73
1 77
47 56
64 77
63 84
8 81
34 23
42 6
10 81
28 56
72 23
77 61
76 62
79 30
28 96
55 19
80 36
11 31
50 81
70 41
18 80
50 75
18 36
1 9
22 8
42 90
80 8
36 93
88 10
10 96
96 38
50 71
32 85
2 9
34 76
41 13
46 28
38 61
50 79
88 82
62 41
66 76
96 83
79 70
85 23
18 67
40 45
2 28
13 78
26 72
43 99
37 42
79 74
26 85
59 7
61 83
72 51
54 64
58 7
80 23
18 61
55 11
90 53
55 31
15 48
43 52
21 91
91 85
66 76
63 5
18 59
66 50
98 57
60 1
28 28
58 10
25 84
56 72
5 22
65 26
46 59
89 10
36 93
69 80
65 76
98 63
57 1
48 46
6 29
18 51
48 82
88 86
69 28
83 86
45 88
84 70
70 55
24 8
20 75
12 85
25 24
77 17
41 75
52 10
26 22
90 49
57 37
8 91
97 41
83 29
34 27
52 23
47 1
100 75
37 70
68 62
82 73
61 9
15 23
48 96
24 76
22 53
30 40
65 85
59 87
12 29
48 51
21 9
21 23
57 71
31 31
93 36
12 76
94 85
25 99
66 47
26 30
68 10
5 29
26 8
2 98
6 50
23 48
51 96
40 82
47 45
46 16
39 76
40 75
25 11
32 65
64 30
14 54
71 68
28 59
17 16
74 45
24 44
14 42
82 36
44 30
26 51
43 58
47 24
24 16
4 21
61 60
96 79
18 95
90 78
57 90
5 69
42 62
24 43
59 1
74 58
97 31
46 34
60 26
79 30
17 69
76 77
98 35
4 49
92 4
71 90
35 66
37 95
36 8
37 11
33 61
67 40
55 2
43 42
58 70
72 48
71 68
6 21
64 48
37 3
78 15
60 63
9 27
59 61
3 23
35 92
64 74
16 11
50 9
81 32
85 27
82 27
31 67
32 7
20 37
60 67
46 87
3 33
49 48
26 5
19 63
49 42
20 4
67 35
50 13
8 50
81 54
65 8
43 16
99 77
20 60
15 3
30 75
62 63
77 43
81 94
7 80
41 1
25 80
71 56
87 54
60 41
10 1
61 49
80 65
68 97
6 55
44 61
80 29
83 91
63 95
78 64
33 26
58 37
43 64
84 14
13 80
13 65
16 13
31 7
54 64
81 5
32 88
93 100
58 92
20 72
42 40
72 67
40 41
44 78
37 5
54 81
100 40
95 67
43 47
9 23
49 67
3 55
39 2
39 51
9 15
11 50
89 22
14 55
83 85
51 96
33 51
17 90
76 96
54 1
55 49
60 43
98 11
70 93
96 44
99 80
74 52
18 92
26 100
38 68
4 10
38 23
2 58
53 99
89 85
63 12
88 68
32 21
55 61
35 73
33 80
47 26
7 62
83 36
19 28
7 78
54 52
47 19
84 70
78 53
3 59
60 44
99 57
57 11
69 59
48 37
23 32
25 48
66 69
60 29
10 41
72 13
89 71
25 24
27 39
64 4
74 70
78 58
38 62
7 66
100 63
58 47
95 70
87 92
93 44
95 27
54 7
71 48
68 11
28 98
87 13
59 96
21 74
89 12
50 44
27 31
77 15
18 49
3 48
71 8
38 29
43 74
94 58
67 97
21 32
8 89
8 44
3 89
22 16
37 27
91 40
63 48
70 61
74 93
96 96
35 46
59 95
51 29
100 54
7 47
7 74
12 45
49 76
56 31
24 34
70 72
1 8
68 75
20 63
87 21
35 77
32 49
98 49
77 38
94 50
33 26
82 97
82 18
44 73
57 66
63 5
48 97
52 89
86 66
75 67
89 99
58 42
15 84
5 81
59 44
50 84
8 82
81 37
81 56
64 71
68 59
7 53
3 55
72 44
73 70
88 15
49 61
30 41
18 85
34 18
51 11
3 19
79 87
66 62
53 11
41 26
32 40
92 50
91 86
17 11
77 32
5 72
97 65
88 20
99 11
31 27
3 74
100 95
84 69
84 8
54 23
35 94
1 70
62 17
68 51
39 55
51 90
83 63
98 65
78 25
16 5
58 38
69 99
11 60
78 84
87 22
23 64
94 8
27 97
85 40
82 96
91 8
41 17
70 70
1 3
65 14
14 21
45 10
99 17
66 78
24 84
22 70
14 66
62 34
58 69
9 44
85 58
19 39
100 54
18 15
48 25
82 37
38 14
58 99
35 96
31 80
52 16
39 87
74 77
2 17
38 38
74 85
21 5
72 82
76 55
72 76
96 1
99 37
38 23
39 56
31 79
33 40
29 38
85 33
75 65
52 1
27 56
36 7
42 82
6 98
13 58
82 67
85 57
46 73
76 10
42 19
41 12
55 73
98 89
23 60
36 54
67 42
69 72
43 75
100 35
57 36
71 21
1 74
84 59
89 91
90 17
13 51
7 46
19 59
5 29
87 100
19 24
99 92
20 36
43 27
51 21
89 38
99 89
73 27
27 49
65 37
30 94
10 91
91 33
83 50
17 98
44 21
83 3
96 99
20 93
92 20
27 80
54 61
43 27
59 76
67 77
39 65
62 96
71 93
32 28
97 69
61 60
22 67
64 47
98 19
29 95
30 94
92 65
92 54
52 77
5 78
49 97
45 25
15 66
54 8
93 77
16 94
95 47
92 86
22 8
72 84
94 2
21 5
94 34
55 59
82 73
56 78
43 55
44 67
46 62
1 87
100 19
83 52
78 31
88 30
8 38
56 62
57 46
97 14
85 28
95 37
69 89
64 30
78 9
77 38
9 31
78 80
27 26
68 3
45 47
65 51
56 73
97 93
81 95
34 55
5 95
65 37
85 54
78 84
19 1
2 89
50 20
31 30
16 25
81 11
62 29
79 97
33 77
67 29
2 85
52 85
18 96
15 1
59 37
48 82
100 85
72 78
27 83
93 97
5 86
16 4
72 64
77 20
87 10
94 22
84 73
23 52
68 77
78 90
61 88
35 86
78 19
24 47
73 59
25 28
68 52
88 33
14 76
9 64
62 96
38 32
79 13
83 8
95 87
30 41
28 36
75 38
9 33
16 42
61 11
85 69
39 63
68 76
54 25
14 85
9 3
43 84
15 46
96 94
72 74
3 12
8 42
24 92
46 81
93 21
25 89
7 75
72 86
2 52
47 63
71 31
78 75
60 52
64 28
2 76
21 83
53 60
61 64
31 94
19 33
20 30
11 43
49 85
5 59
33 21
28 30
94 54
24 60
47 61
58 3
49 91
11 76
28 18
27 40
42 93
93 23
23 24
89 15
73 61
12 29
24 35
47 82
50 94
99 10
47 91
69 27
1 95
94 90
84 48
55 32
14 46
21 1
83 46
85 56
9 62
28 56
97 37
55 67
99 19
39 81
12 74
37 48
86 36
2 94
61 99
7 77
95 3
49 25
21 50
65 13
23 11
4 96
42 93
7 44
76 64
7 13
82 62
94 23
80 67
3 18
19 12
24 32
30 2
18 33
95 90
82 48
41 74
86 72
77 38
49 47
43 91
45 62
25 7
15 86
11 26
33 23
3 45
62 47
77 5
88 87
63 8
69 12
41 6
36 62
69 28
40 35
27 35
16 76
77 61
38 98
39 86
60 57
63 51
65 72
81 58
8 30
67 54
96 40
61 54
92 97
61 11
15 60
12 60
52 7
1 68
18 11
12 79
16 69
52 75
81 57
94 15
24 9
64 82
93 90
59 56
12 45
3 35
40 66
13 6
5 7
39 84
7 61
78 61
57 5
14 71
71 59
64 14
85 82
99 43
26 9
61 71
38 41
45 59
58 9
4 25
46 24
30 49
37 20
93 73
35 34
5 84
69 7
36 17
56 99
26 88
32 56
45 51
32 43
49 21
16 41
32 69
1 2
42 31
88 24
1 81
2 76
69 59
48 75
72 66
67 2
86 67
72 81
45 47
32 98
46 80
60 2
40 2
29 81
23 66
84 13
54 30
98 100
62 62
40 4
9 27
79 37
40 18
96 14
15 1
96 50
3 84
53 48
82 48
82 49
13 3
89 64
8 60
87 48
36 30
85 31
15 25
44 74
22 7
46 33
9 64
70 62
50 73
34 30
1 71
15 22
68 100
43 3
3 15
17 77
31 15
67 26
15 29
95 55
5 76
80 57
69 91
8 80
53 19
57 94
61 19
66 60
35 98
10 91
99 76
24 39
4 66
7 27
87 81
6 22
26 67
32 65
53 44
48 47
66 53
77 99
97 40
90 23
72 61
26 76
32 73
68 79
1 37
59 88
68 39
6 29
35 51
76 99
7 46
53 19
24 29
37 81
71 86
39 39
18 25
47 14
58 51
97 43
83 85
88 58
94 37
72 34
85 59
37 98
81 64
70 39
78 6
91 100
26 5
65 80
25 46
32 41
41 66
71 84
86 55
26 86
34 45
18 71
17 65
88 17
25 40
57 61
82 16
82 8
18 53
11 82
45 76
7 13
9 70
18 54
66 81
33 26
38 97
17 2
97 83
67 10
85 33
48 44
2 23
69 37
86 74
31 5
38 59
47 91
30 16
10 2
75 36
69 24
39 63
21 69
58 91
28 28
22 95
97 28
68 78
6 63
88 28
76 89
48 51
92 5
48 50
87 82
57 53
63 34
1 57
71 34
65 27
9 10
77 57
58 60
31 31
28 21
71 51
94 94
10 100
78 32
99 9
93 43
72 90
73 1
80 68
13 39
60 41
79 26
12 85
77 98
46 17
82 65
90 99
29 60
94 54
85 92
59 73
100 21
52 92
48 74
1 13
12 38
89 96
83 6
41 38
12 97
67 4
46 34
91 19
40 39
39 61
33 53
56 62
32 89
69 16
48 15
42 78
1 61
18 23
55 16
62 43
13 89
36 32
43 100
29 65
77 91
97 69
98 59
50 45
42 81
60 12
13 61
40 73
46 90
80 96
57 83
1 62
22 37
15 49
28 95
52 92
91 52
28 50
20 62
88 60
100 50
79 29
91 65
43 84
88 63
32 37
51 82
12 38
85 95
35 18
63 71
99 40
26 82
60 25
35 19
36 76
47 44
75 12
43 85
4 33
80 10
8 16
63 51
33 34
57 98
63 73
91 88
36 65
34 21
57 64
11 64
9 13
23 24
92 11
7 63
77 94
64 9
93 67
63 41
34 96
1 2
37 81
67 82
98 11
66 33
78 4
92 62
87 47
88 28
90 83
40 49
99 93
97 94
12 60
88 11
49 63
51 67
15 82
25 13
53 34
68 62
61 5
25 53
14 11
86 9
13 69
86 92
34 8
39 23
15 22
95 95
40 87
65 32
51 20
32 32
36 86
91 64
57 7
68 93
22 75
65 20
9 31
9 45
31 56
19 38
67 28
26 48
49 35
85 47
80 55
19 89
1 7
95 67
22 62
64 34
95 72
93 7
38 98
37 58
32 18
7 1
1 8
39 25
30 45
73 75
65 38
56 27
99 57
24 39
96 34
61 24
49 50
6 19
44 43
43 77
94 16
36 54
75 24
92 84
29 68
63 48
48 7
86 94
81 84
17 28
35 55
11 95
52 65
48 16
76 8
61 60
53 28
71 47
38 18
14 51
100 47
21 25
87 29
56 46
93 36
44 82
82 89
70 28
52 78
75 43
76 38
52 52
77 76
42 22
39 41
70 4
89 40
85 56
32 32
20 39
90 53
40 53
99 72
86 53
97 19
47 46
13 90
48 98
19 38
18 45
32 48
2 62
58 98
17 92
14 88
25 17
28 7
57 89
25 64
7 23
39 49
96 70
23 14
21 64
97 36
51 58
62 89
72 4
29 72
55 73
12 48
26 20
38 30
54 46
24 13
73 90
22 20
82 87
58 55
15 79
100 48
70 15
86 6
10 64
84 4
53 62
48 30
65 20
86 78
69 60
28 67
52 10
98 84
57 18
74 62
67 8
56 100
45 62
42 65
78 1
57 45
61 13
96 21
93 48
11 3
61 95
1 74
92 23
31 74
65 29
11 89
43 1
22 57
13 49
88 96
42 54
98 51
30 61
98 45
69 54
77 53
74 95
87 95
25 77
49 56
62 81
25 81
80 100
48 60
31 18
74 61
23 77
61 73
15 62
89 70
43 5
15 80
64 12
33 68
18 37
24 79
100 98
76 99
38 55
75 75
45 39
53 3
86 28
100 61
58 63
48 40
50 37
91 35
74 98
1 50
13 41
84 87
11 45
92 77
61 23
67 24
16 50
66 77
77 49
60 50
21 22
93 98
45 98
60 56
58 81
30 89
61 38
85 32
63 68
38 88
1 49
60 85
80 97
75 41
54 95
82 11
34 78
2 6
94 48
53 6
63 49
80 21
18 92
95 63
8 28
56 56
15 87
15 88
94 38
17 25
59 5
20 82
59 95
9 7
36 31
32 33
45 31
87 26
36 31
38 38
82 61
11 38
41 79
74 99
4 23
57 3
37 45
36 14
46 8
65 45
14 3
36 81
52 73
3 36
51 23
86 94
41 24
39 4
32 87
94 56
67 78
21 5
49 50
72 58
41 83
29 92
82 7
29 10
27 32
92 91
23 8
75 91
45 67
96 79
44 52
27 13
24 93
86 85
41 83
74 68
6 55
31 63
95 93
54 60
32 64
93 63
92 50
57 69
23 31
26 28
17 19
6 16
33 94
85 6
63 90
4 91
87 80
45 44
4 20
57 83
2 97
60 88
26 82
96 97
49 80
81 93
23 50
97 27
39 39
80 3
65 14
4 74
10 5
13 58
51 24
5 35
5 99
32 14
65 58
16 1
60 51
9 23
83 98
53 79
95 74
8 26
96 14
20 63
53 92
74 65
87 61
26 64
81 34
73 9
45 39
89 46
92 6
70 79
63 100
10 37
47 49
26 33
5 32
6 25
58 84
95 33
75 95
87 14
77 18
35 93
41 57
55 84
25 94
8 99
16 10
29 43
44 14
84 74
46 18
16 4
76 17
10 78
45 50
22 37
47 23
58 50
95 84
70 55
91 47
76 40
66 82
56 55
50 15
32 95
61 30
92 35
50 59
77 67
68 90
94 89
38 89
94 9
50 48
74 15
34 34
12 51
5 62
36 11
98 18
16 54
20 15
96 84
38 53
54 58
79 79
54 14
6 76
86 20
62 13
23 9
30 1
77 78
57 7
25 69
42 53
89 86
49 20
58 86
86 53
80 90
32 40
40 68
94 28
4 36
75 24
73 99
95 97
31 74
75 58
75 75
39 78
8 54
6 3
48 12
48 2
6 19
70 39
15 95
56 97
79 13
41 35
68 22
1 67
94 96
5 69
27 87
30 56
7 4
52 99
12 96
66 60
78 85
64 19
15 47
47 27
71 95
16 91
56 22
4 65
46 74
8 82
47 39
73 2
55 74
20 75
92 89
98 66
59 40
40 40
3 76
7 70
28 34
44 44
89 71
32 48
15 81
24 63
68 4
17 6
77 42
68 65
42 50
90 82
92 59
53 42
21 22
96 90
94 74
77 42
23 10
49 52
69 54
9 49
46 7
6 2
51 34
50 36
16 21
100 43
23 56
74 69
20 52
49 15
29 75
63 33
98 81
99 38
44 43
11 93
34 18
93 36
10 4
8 23
56 57
58 13
14 6
25 93
64 100
36 13
80 85
62 77
66 41
38 56
93 5
87 53
78 75
32 50
19 7
91 84
20 2
34 35
91 37
73 46
84 29
88 32
89 48
6 15
87 38
18 43
74 81
71 66
31 32
72 18
4 90
60 61
46 15
71 59
25 13
65 92
34 79
61 8
15 20
58 9
93 20
79 63
32 29
32 89
45 43
46 66
30 15
65 20
12 34
20 44
67 97
47 66
65 14
15 93
10 45
60 92
56 44
73 61
15 2
6 80
65 50
36 60
46 8
44 100
31 22
27 22
59 15
69 22
37 62
93 51
14 75
71 24
4 56
60 91
75 37
37 69
45 7
67 42
2 39
47 48
72 26
50 52
51 30
89 11
85 87
37 26
83 66
43 45
1 5
80 90
64 88
97 18
30 72
99 70
47 50
36 22
81 84
31 92
93 86
46 93
71 41
10 66
65 63
12 23
99 43
81 30
26 16
19 84
80 82
73 86
26 87
53 57
20 55
24 77
36 39
95 8
38 68
60 27
7 16
38 94
34 10
23 40
13 54
61 16
27 82
51 48
5 9
51 28
19 90
75 79
35 37
90 100
29 24
31 41
75 74
69 14
62 71
50 78
81 68
68 44
40 46
74 90
10 67
79 57
52 43
34 21
36 27
70 33
18 49
70 84
100 85
53 36
50 72
14 97
74 95
96 34
53 8
3 82
19 99
87 19
45 49
63 73
89 55
10 39
32 3
35 80
42 9
46 90
28 58
68 41
45 96
89 40
31 14
72 62
53 75
21 41
64 68
96 82
40 88
28 97
31 30
77 1
49 82
96 53
43 77
50 67
40 5
3 99
18 22
42 88
89 25
31 97
47 55
99 84
40 50
87 25
62 82
48 91
65 64
43 61
59 89
17 13
12 99
79 68
59 86
62 98
57 3
78 21
56 60
6 38
48 21
46 94
79 15
88 86
45 7
43 66
24 43
25 44
9 6
75 97
100 48
78 46
14 63
11 67
29 22
75 6
2 25
39 52
25 65
44 50
47 51
55 20
78 77
22 4
91 79
32 39
10 58
43 90
13 56
64 86
36 96
53 23
68 33
29 39
56 96
78 31
6 56
21 63
77 52
52 42
94 76
14 35
21 61
9 72
100 25
3 25
99 32
95 45
72 79
63 15
15 48
33 77
78 66
92 60
77 16
71 12
74 30
65 43
97 26
25 42
28 36
70 38
88 77
47 19
89 18
87 20
56 73
65 48
19 29
16 49
14 13
19 47
79 10
21 9
79 83
33 58
34 15
15 76
45 94
63 91
46 98
52 6
30 30
17 76
69 1
37 95
64 100
56 20
61 58
59 87
13 94
98 66
96 48
88 78
24 21
85 20
13 83
13 29
100 57
51 13
88 26
27 22
43 23
26 69
76 31
5 22
64 1
53 12
35 37
38 6
79 97
71 58
32 100
20 44
92 13
2 31
19 61
18 10
15 39
89 51
61 70
28 71
72 66
68 46
20 72
26 11
56 97
67 37
49 19
8 89
69 42
22 50
16 52
58 91
48 84
81 6
70 21
56 76
82 23
72 22
89 84
86 32
89 63
19 24
19 79
52 15
79 96
75 38
22 52
7 9
66 18
66 95
64 49
57 95
52 38
25 86
7 24
80 23
52 42
89 69
85 36
70 82
73 27
4 51
97 5
1 40
29 90
92 56
83 99
75 70
31 45
76 100
3 50
62 38
79 74
27 19
13 26
41 26
97 83
51 17
85 67
20 5
89 62
87 42
75 9
59 54
63 10
79 2
35 4
61 23
36 22
63 14
37 13
12 7
2 8
67 8
34 74
80 82
94 55
27 13
100 44
63 96
9 67
87 38
69 52
46 33
53 36
68 13
15 52
9 73
52 66
16 64
4 98
48 92
96 37
60 10
94 29
36 46
11 81
29 70
35 20
59 15
99 67
77 78
98 77
7 84
70 93
30 33
34 79
70 3
43 68
14 87
13 54
18 61
18 85
79 44
90 66
50 23
11 46
52 32
25 55
53 64
34 49
72 75
78 57
89 59
91 85
65 89
13 48
73 78
90 49
74 2
91 45
73 96
47 47
35 43
58 14
81 84
67 78
76 30
91 100
69 16
76 30
49 72
39 52
45 59
63 11
70 6
72 12
74 89
45 9
84 58
47 26
54 90
44 36
17 38
9 52
62 18
50 68
14 81
45 28
83 50
90 21
12 2
86 1
11 60
71 91
41 23
26 30
23 25
3 63
31 71
4 53
4 10
85 39
24 70
76 25
41 93
37 33
50 40
2 78
17 55
71 23
56 97
66 80
26 49
87 19
70 73
4 67
51 62
5 11
19 88
80 88
64 61
37 93
37 62
58 85
61 24
91 72
83 24
2 23
26 10
60 52
73 88
69 30
47 7
78 1
43 75
13 71
4 83
42 55
38 30
99 80
85 2
69 90
76 51
96 7
70 56
65 2
2 68
50 7
52 93
48 95
64 4
23 15
13 5
9 69
67 86
82 97
39 64
79 20
73 24
82 84
8 31
56 37
12 57
89 40
18 84
51 22
7 5
62 85
39 93
84 84
5 88
53 99
65 40
55 4
44 14
26 10
87 91
72 93
39 23
49 66
77 24
59 42
46 35
74 27
31 93
12 41
88 74
65 25
28 93
47 97
11 49
71 28
58 95
77 25
43 98
74 61
97 45
12 87
18 42
19 82
39 50
53 98
73 94
59 45
69 66
17 62
44 92
68 92
71 69
18 75
67 46
12 53
21 27
58 26
79 79
25 11
20 17
56 17
98 10
93 85
38 17
3 45
86 89
67 41
73 84
37 6
61 3
7 14
3 7
45 1
69 92
73 64
10 48
51 24
40 76
20 23
89 77
67 81
100 87
18 43
23 80
85 62
84 25
23 76
86 19
37 69
52 38
89 74
69 84
15 89
12 30
89 73
68 21
39 29
12 38
67 30
59 17
21 95
80 68
3 95
18 48
66 62
72 57
38 6
57 74
88 50
88 18
38 17
25 75
89 47
100 85
77 66
40 31
91 49
8 76
93 19
67 10
92 52
65 6
60 10
99 84
14 73
13 6
33 86
18 17
67 78
78 94
83 98
9 90
42 88
94 93
52 100
65 73
71 84
7 31
11 27
57 44
54 80
40 28
28 39
88 65
99 62
36 100
35 76
24 26
26 40
9 87
20 82
72 77
35 100
34 89
39 13
96 16
46 48
11 38
44 22
92 94
63 58
92 63
95 39
36 91
94 65
5 86
53 29
28 90
56 45
86 17
92 21
40 45
51 2
83 90
50 81
72 43
93 28
12 31
1 55
92 52
92 27
18 50
7 69
89 45
62 83
43 85
18 1
57 92
5 20
4 43
4 82
78 62
47 7
42 55
20 60
30 39
79 58
7 43
21 79
11 96
13 62
21 26
77 2
95 95
77 28
23 32
47 63
72 6
59 46
40 77
79 5
21 23
91 14
18 85
45 93
26 92
65 35
88 92
9 65
95 100
1 96
86 11
24 66
83 26
7 99
52 52
52 52
96 32
87 47
6 56
38 60
10 89
62 32
96 40
67 52
7 73
38 54
50 18
85 58
84 64
20 9
12 32
62 32
13 18
21 5
15 88
48 36
90 31
60 22
89 8
5 100
92 47
32 76
68 27
99 78
5 71
51 43
90 60
80 21
27 53
36 36
93 33
27 73
28 62
91 45
11 61
68 74
94 95
31 80
74 80
95 84
16 2
50 31
25 2
52 47
81 57
83 92
99 47
7 7
71 54
23 61
26 47
12 12
61 47
88 48
37 19
23 14
55 3
79 32
76 89
28 58
21 10
16 25
75 74
52 94
63 36
4 15
74 3
73 71
45 60
45 5
89 2
56 34
72 36
72 89
89 77
46 21
14 44
74 83
80 70
17 94
64 66
70 53
11 91
23 100
7 67
71 28
11 75
19 74
25 27
87 80
14 25
73 78
99 14
17 14
58 79
44 55
14 93
89 36
77 64
94 45
73 46
2 35
9 80
70 8
47 47
70 16
89 75
52 84
22 58
100 69
53 57
84 13
77 61
4 4
36 54
42 59
12 35
95 8
72 83
62 67
3 35
79 65
88 78
25 75
38 47
65 6
32 48
89 36
97 34
57 5
28 22
11 3
72 84
92 61
13 26
44 6
39 41
56 86
41 78
58 7
94 17
59 64
25 4
11 60
18 56
19 92
5 26
62 99
89 38
46 84
22 59
62 79
9 36
47 9
6 38
89 44
44 24
34 91
95 81
90 49
92 71
18 23
24 3
33 24
35 54
9 87
24 40
70 32
55 43
10 1
29 4
73 21
35 16
45 51
90 15
94 31
71 31
14 39
23 13
89 15
43 74
30 56
71 3
26 19
26 24
3 1
76 15
53 92
18 33
34 88
57 70
54 71
3 89
55 96
59 97
66 26
67 60
63 17
24 2
59 86
83 14
64 75
69 31
95 4
43 39
68 46
50 90
28 31
47 95
97 30
84 9
24 6
60 58
45 40
13 3
38 79
68 96
35 50
87 3
29 1
69 77
74 77
12 31
67 36
37 98
72 9
38 98
7 4
62 5
44 51
7 48
97 61
35 88
82 89
45 81
21 63
31 9
18 33
99 25
23 46
44 46
48 74
85 16
67 62
37 70
96 19
59 75
9 67
30 56
51 46
33 12
14 1
87 70
39 66
63 52
44 13
88 95
73 83
73 16
52 49
37 95
50 73
95 46
3 63
7 42
92 68
73 40
55 89
84 16
1 24
51 32
74 89
49 85
87 73
30 48
18 6
90 25
72 95
88 3
33 83
8 1
55 91
35 20
2 74
65 95
35 59
1 29
69 26
67 76
58 100
36 45
5 79
77 13
99 3
79 4
68 93
98 88
82 82
41 10
97 100
4 59
15 19
88 95
80 64
82 17
14 20
27 83
66 21
20 17
83 75
14 95
21 27
14 37
35 83
69 49
98 27
24 60
72 56
40 70
57 59
54 50
11 78
51 91
59 85
80 79
69 33
50 26
78 47
98 19
48 57
57 89
48 87
88 46
66 10
17 22
47 63
31 36
17 12
68 35
33 9
13 41
19 55
31 47
60 88
20 65
87 35
59 90
2 39
46 61
36 45
70 83
98 16
65 11
64 91
6 48
28 62
59 80
78 71
18 20
44 17
34 37
6 75
13 91
98 45
41 68
40 1
41 13
70 78
4 27
8 59
41 95
100 76
78 17
98 35
45 59
60 76
61 78
39 28
85 46
10 40
40 97
25 34
93 52
3 1
92 52
81 68
17 18
1 16
11 10
20 100
77 58
69 27
70 47
36 49
17 98
68 84
77 27
51 96
66 68
53 25
92 22
67 51
66 70
75 20
12 17
98 15
55 39
20 100
19 78
58 76
59 7
23 13
3 78
57 30
16 85
63 11
38 89
94 90
64 99
82 37
26 88
89 30
29 72
59 53
46 37
50 68
58 24
30 86
69 18
85 94
86 79
83 5
93 2
18 10
43 58
62 36
5 60
41 99
64 91
32 44
89 62
62 69
77 91
43 61
33 91
10 27
34 86
72 48
9 19
83 63
55 97
71 51
13 94
94 64
84 42
85 4
22 20
52 42
54 63
8 73
34 53
59 85
99 50
74 100
30 69
45 1
56 61
46 27
82 44
5 79
54 95
95 4
91 46
58 21
43 84
75 86
31 48
98 20
37 43
41 9
100 28
52 81
86 2
57 29
61 43
28 94
28 80
87 86
29 90
34 61
90 5
91 36
70 24
66 80
4 97
21 23
71 28
60 45
9 69
45 99
24 64
4 59
43 63
23 96
97 15
22 9
49 92
7 83
98 40
19 9
43 68
66 94
99 21
5 54
65 24
54 78
88 37
89 28
72 86
44 92
53 52
88 39
66 72
73 74
74 38
8 75
4 4
27 70
40 67
51 48
14 100
48 35
25 24
40 46
29 95
7 20
35 63
70 70
91 5
47 55
44 69
75 10
38 57
50 11
22 11
38 75
96 57
67 8
87 59
91 58
95 48
50 22
93 94
30 61
86 42
71 81
47 77
67 70
97 67
86 45
17 3
22 100
56 44
55 54
2 15
3 30
14 91
34 57
80 3
10 58
89 33
96 8
42 38
56 3
32 99
87 44
69 88
59 53
60 7
80 18
47 25
24 92
23 74
24 80
53 29
56 36
54 29
73 68
87 76
65 65
81 3
1 48
21 18
77 91
45 99
78 46
52 47
98 10
88 47
34 25
62 31
22 11
28 74
52 29
21 43
76 100
11 12
84 5
35 49
56 70
71 64
94 3
78 31
82 26
42 68
41 58
33 59
58 58
62 31
83 38
95 95
4 64
62 90
79 71
46 29
16 46
86 63
98 18
65 19
26 90
58 71
90 21
44 48
18 11
6 42
16 29
67 83
24 97
90 81
40 95
14 94
37 52
22 38
19 57
73 68
75 60
58 18
23 72
41 65
52 33
14 46
98 73
80 53
70 59
38 45
10 23
87 21
43 38
59 42
21 65
50 27
81 78
19 51
90 41
54 52
98 63
40 7
80 10
85 64
97 94
64 22
45 8
17 36
90 73
29 23
52 83
41 46
97 89
61 28
49 99
48 56
10 59
18 68
24 92
28 60
61 58
11 72
1 94
52 4
42 89
84 30
60 77
8 70
69 62
73 95
53 89
84 44
54 60
6 87
56 62
64 77
1 95
31 27
14 49
36 65
39 50
76 17
89 96
88 60
50 35
69 6
47 53
92 50
68 29
58 11
50 74
48 95
91 60
76 39
48 97
29 67
25 89
49 33
3 73
25 54
88 46
22 11
81 57
26 20
94 16
24 84
33 87
18 34
50 87
93 84
38 6
79 78
60 80
63 31
38 78
91 10
40 65
65 52
96 35
44 20
2 60
46 62
80 37
29 66
46 55
36 86
46 24
30 30
88 48
66 49
50 52
22 82
48 34
68 79
61 49
3 89
18 12
74 92
25 92
40 35
22 92
48 9
23 95
30 75
61 49
94 60
92 44
63 7
57 3
60 55
2 45
28 82
15 34
78 32
22 80
85 80
36 50
81 93
5 79
42 70
39 43
15 84
6 100
84 42
31 22
6 15
92 70
81 45
22 69
88 9
17 64
27 63
27 85
99 98
48 16
20 65
58 83
69 94
45 69
14 29
10 33
44 17
68 79
24 29
9 65
51 3
69 94
17 31
54 49
33 68
24 54
87 9
62 95
16 24
65 12
13 38
47 6
35 15
88 18
91 85
10 61
34 45
21 13
93 36
67 82
37 47
41 53
7 46
15 56
92 43
10 79
33 3
100 75
27 55
85 33
36 71
91 39
75 93
23 85
10 22
9 48
74 99
86 61
40 36
76 98
57 87
36 7
14 69
98 93
61 75
32 90
9 22
74 22
24 94
33 42
23 37
36 87
80 64
93 15
22 15
71 81
59 5
83 64
13 5
5 9
99 45
63 23
67 89
37 65
43 96
85 48
78 45
95 47
7 98
13 85
17 43
71 54
38 55
7 91
80 45
78 77
78 3
35 86
55 42
22 26
58 58
46 50
18 86
32 84
6 37
98 8
61 69
4 59
66 78
68 26
64 50
51 43
67 99
93 34
15 7
79 44
51 14
51 90
10 12
6 46
35 49
100 40
14 39
34 57
75 34
94 34
25 57
85 65
100 91
95 10
13 50
58 78
40 27
66 31
88 70
65 81
33 78
63 25
16 10
17 92
17 72
50 60
91 32
32 81
30 17
87 72
95 6
5 70
95 41
26 5
7 14
64 45
60 80
39 19
27 22
93 12
49 30
82 54
26 5
29 53
1 31
11 58
2 38
74 83
62 15
94 84
26 95
25 86
55 83
83 66
91 39
14 62
21 69
39 65
79 46
34 23
86 95
36 26
83 96
7 45
99 83
12 95
83 53
35 48
76 55
33 22
63 97
28 16
70 33
73 50
4 100
100 41
11 51
87 34
4 27
66 31
32 12
26 4
25 56
21 87
70 48
56 35
85 56
99 99
60 83
40 55
46 4
79 60
33 41
34 12
95 70
97 75
35 38
98 62
27 40
41 47
81 98
92 57
8 60
47 63
31 53
80 25
45 24
11 29
5 23
14 31
14 95
42 44
43 20
67 17
3 49
54 87
77 73
93 24
92 58
48 72
47 12
49 13
73 98
45 98
77 51
96 26
19 33
55 53
15 8
92 5
28 47
88 49
89 13
7 12
85 8
50 75
48 92
91 77
66 84
51 17
94 59
6 51
56 55
98 96
97 45
15 98
49 81
10 92
83 70
82 49
31 55
85 2
78 50
62 54
69 35
54 40
24 13
9 64
66 91
5 88
51 87
90 27
8 1
66 60
90 84
69 87
74 43
33 22
93 40
7 97
52 88
22 9
84 63
50 7
10 99
34 100
3 89
71 54
64 58
95 89
78 27
26 87
74 32
18 79
49 7
84 68
40 1
96 78
48 51
83 26
42 29
43 66
19 81
97 18
60 100
65 55
87 23
96 99
87 70
96 29
94 99
26 4
97 23
14 1
61 27
49 79
92 36
62 49
45 34
31 79
46 67
19 94
68 40
27 60
45 1
15 13
72 69
1 50
79 7
53 16
80 49
5 9
30 67
49 97
35 88
15 93
73 23
7 58
71 22
79 22
16 82
43 85
35 71
57 76
22 3
49 92
39 51
9 79
85 60
61 57
35 99
95 87
96 16
76 95
55 17
92 49
39 59
8 94
35 46
34 15
87 53
50 58
99 3
94 27
30 74
39 79
95 6
37 39
61 98
77 61
56 81
10 81
60 81
62 92
12 59
88 32
12 11
13 76
5 47
21 3
7 68
45 10
69 71
76 76
19 1
60 4
34 62
8 74
38 4
65 27
38 44
71 49
58 38
88 100
11 29
36 65
50 80
13 9
100 37
63 50
13 100
76 64
32 12
12 64
29 76
69 48
45 54
31 51
73 67
12 72
70 99
93 55
37 61
9 22
43 60
56 29
1 29
73 1
8 71
77 19
65 37
18 5
85 41
20 67
1 64
45 38
22 11
38 23
97 70
75 96
48 87
97 45
38 43
10 67
1 99
63 79
10 47
64 55
14 62
83 55
2 67
44 60
28 11
24 36
87 49
57 74
65 64
44 53
71 90
25 6
75 36
2 88
12 58
47 38
88 59
74 60
17 22
39 80
26 53
96 13
65 52
9 22
44 46
40 23
38 22
73 66
69 42
62 6
19 15
27 10
35 85
34 31
4 90
3 52
77 87
8 40
65 25
85 87
31 73
40 70
98 95
6 15
33 73
90 81
83 68
64 24
15 92
27 18
4 16
72 25
26 67
5 31
45 15
35 12
80 16
90 70
2 41
67 77
26 57
32 58
44 70
82 22
92 25
93 82
65 58
91 44
19 35
40 60
55 85
97 39
41 1
40 55
96 28
10 16
92 66
27 3
62 61
53 53
98 38
92 64
51 49
22 67
13 37
75 69
45 69
33 39
60 95
44 77
35 4
98 79
75 36
51 49
85 5
17 77
98 72
64 6
10 62
10 36
60 39
43 16
68 38
93 52
95 46
45 11
58 12
62 20
38 23
32 52
68 42
30 38
30 91
61 77
75 27
11 5
97 75
1 36
65 19
19 21
88 93
2 79
27 94
60 86
27 71
34 60
53 40
36 85
43 36
39 9
12 98
69 32
90 7
99 88
98 74
61 8
93 98
61 48
93 17
27 25
81 48
89 17
87 24
87 72
1 65
42 67
58 37
29 55
84 69
86 22
1 50
77 56
56 4
68 58
7 33
43 89
68 74
64 91
30 52
31 48
44 11
23 89
85 81
53 24
20 35
11 100
44 98
17 20
36 63
81 53
99 70
39 30
24 25
1 18
26 77
20 53
16 42
28 32
25 83
86 93
56 35
20 44
68 76
31 46
72 26
43 4
40 4
61 96
100 41
55 50
35 55
14 55
81 99
10 37
30 97
68 15
33 31
74 24
18 10
57 73
18 43
13 41
73 71
76 35
54 70
66 43
85 22
49 90
75 40
13 74
57 73
72 39
31 61
14 86
48 78
53 76
32 65
21 23
48 11
24 3
29 72
98 37
60 42
65 15
58 2
1 68
44 57
24 11
51 87
98 77
8 7
77 85
56 40
37 98
16 87
52 44
81 83
91 88
72 59
46 80
78 41
14 88
52 2
81 77
91 55
72 48
44 76
71 59
36 15
11 18
24 53
6 6
54 63
97 48
93 22
16 22
83 14
8 80
21 45
7 3
60 3
86 53
10 99
77 50
26 40
78 39
26 64
45 49
95 52
79 65
75 85
31 9
25 63
23 77
19 64
35 31
43 93
73 38
56 51
60 97
80 74
5 100
69 44
21 13
70 14
67 84
50 85
39 85
56 41
15 64
74 84
15 99
70 83
14 61
35 79
57 54
44 49
30 51
16 61
81 54
14 89
12 63
85 94
100 91
24 4
33 51
55 62
8 69
94 11
43 61
96 29
26 80
72 45
7 43
89 63
75 24
83 29
82 47
30 48
42 93
69 81
31 15
100 56
62 91
63 23
9 93
77 47
21 22
6 85
86 32
63 98
46 63
21 90
9 88
28 95
41 36
59 42
58 89
62 100
13 15
42 85
65 7
44 87
84 22
1 31
18 66
77 26
57 31
91 8
53 34
27 87
33 60
26 40
50 39
81 56
30 87
57 40
61 45
43 100
65 27
16 34
46 93
77 83
42 76
27 47
62 33
79 88
65 17
34 12
79 10
33 77
59 64
77 23
50 73
23 29
18 8
77 30
28 68
26 28
64 42
88 51
83 45
44 23
99 64
35 100
77 47
46 4
37 83
43 8
65 21
25 40
93 91
66 86
14 33
67 95
75 84
22 76
66 10
62 58
82 63
57 77
8 8
77 91
32 6
5 25
80 63
19 68
40 47
5 44
54 43
50 59
10 52
88 54
74 84
77 42
54 31
76 79
16 30
80 84
81 79
28 40
36 42
35 72
1 100
64 59
83 46
22 56
31 93
12 57
39 7
53 23
75 44
32 63
45 78
96 41
34 56
33 91
70 85
27 90
38 25
73 75
80 94
42 30
77 63
69 21
17 47
30 49
81 42
65 75
55 90
73 7
52 75
98 36
56 66
49 85
93 64
2 43
67 34
64 45
24 98
99 6
64 36
68 76
40 82
39 56
91 23
71 35
75 98
56 17
23 31
59 4
24 68
81 9
10 20
11 45
91 70
50 60
20 30
7 48
100 2
6 74
7 14
42 71
55 79
67 92
36 22
90 89
61 76
76 40
55 99
50 74
48 11
77 15
44 85
98 14
97 63
99 66
44 33
23 64
37 52
76 11
21 97
7 98
86 50
33 68
49 23
39 92
26 77
26 51
78 46
99 24
95 13
80 86
54 29
76 59
87 74
33 24
64 2
56 77
17 41
10 40
47 36
21 46
4 20
56 96
69 63
45 43
34 12
6 95
93 35
46 30
38 94
79 65
91 100
75 81
28 100
37 30
99 98
35 86
4 88
7 6
89 89
12 99
74 77
5 17
21 5
77 99
54 70
87 4
55 18
30 53
53 57
77 57
47 52
55 55
81 29
27 29
66 68
24 56
55 90
45 29
66 12
25 28
76 44
87 79
9 18
66 55
50 79
81 97
49 52
8 9
3 99
63 25
60 48
41 54
29 92
74 65
84 72
54 70
50 70
36 44
99 46
36 22
69 18
95 97
60 41
53 100
97 42
85 34
15 89
19 49
60 35
32 78
35 50
89 70
37 90
86 53
82 64
70 21
60 21
69 99
15 75
52 76
33 6
28 4
82 39
90 97
72 55
83 20
63 4
100 82
77 70
82 60
3 2
42 86
69 30
53 42
76 6
32 81
54 55
44 99
19 46
26 43
37 17
71 44
13 67
24 52
31 40
74 99
16 30
2 72
50 4
1 94
74 81
52 75
100 21
73 51
69 58
67 33
95 71
40 92
43 12
5 22
41 70
23 36
66 95
88 26
52 94
59 6
96 46
74 1
34 64
90 24
84 23
49 24
98 66
42 13
98 69
15 65
60 89
58 1
6 32
46 10
16 50
77 12
52 64
25 9
98 32
25 58
4 93
48 60
94 38
41 71
30 95
90 18
36 66
53 72
78 3
37 62
12 11
1 79
20 67
80 62
47 73
33 13
97 32
99 89
43 51
65 3
91 43
83 27
17 39
45 71
55 58
14 32
74 36
93 43
30 11
73 92
28 46
70 25
2 60
56 67
89 54
82 63
21 55
44 41
56 66
82 72
50 39
15 79
56 75
95 63
45 56
59 51
91 89
76 66
69 57
70 46
68 97
36 4
88 92
18 17
7 89
17 5
49 100
90 46
8 83
62 85
20 37
93 7
91 57
6 68
61 56
85 67
48 13
75 75
28 95
61 1
11 66
100 32
81 95
9 87
84 95
33 60
85 24
9 92
64 2
2 75
2 11
49 88
77 78
47 14
93 10
21 47
24 39
92 99
11 79
97 45
26 61
74 44
14 48
70 54
77 72
31 67
76 75
26 54
3 36
4 90
36 2
46 1
3 66
22 56
69 83
23 83
84 60
15 61
41 61
27 57
72 15
33 56
99 88
64 17
66 32
94 47
7 12
93 20
82 89
52 53
25 73
17 35
28 16
18 2
13 27
22 56
100 87
55 22
39 14
99 25
34 100
81 26
51 86
4 37
18 65
27 48
13 95
49 64
80 80
41 93
93 78
14 69
9 32
47 97
43 93
79 34
39 17
1 85
28 81
36 22
63 39
8 79
98 95
57 9
2 2
30 85
27 81
46 75
58 94
72 45
61 77
76 88
45 19
98 73
70 50
37 17
70 69
33 88
13 35
99 36
44 41
7 30
53 74
72 14
81 37
66 2
44 26
26 39
92 62
36 42
45 35
47 72
81 89
59 53
24 45
21 79
60 48
66 79
33 8
35 46
41 9
85 36
44 72
81 40
40 83
67 33
1 85
30 32
53 69
30 8
76 96
80 96
100 61
25 78
18 47
98 7
85 58
76 71
5 79
88 33
21 52
24 4
78 53
27 46
34 43
7 99
6 19
1 30
2 39
46 82
55 15
3 45
63 28
93 71
75 95
97 75
15 2
73 8
36 1
100 80
68 73
24 80
88 76
66 40
32 25
75 43
90 83
93 32
14 71
79 4
14 64
67 6
38 93
63 77
11 58
78 75
12 97
42 5
51 21
1 72
32 81
82 4
81 97
31 88
14 39
90 90
65 38
42 2
66 69
26 92
76 85
29 76
8 77
6 20
60 96
80 73
48 42
86 19
74 4
59 96
82 84
78 89
90 73
70 83
43 87
30 75
61 36
97 33
21 51
74 75
45 43
24 2
34 76
46 35
20 56
28 74
96 54
86 61
24 2
7 9
1 89
27 83
23 48
34 100
87 77
91 28
83 32
2 1
48 14
28 8
58 93
93 89
83 97
68 47
15 3
93 41
24 36
49 80
14 86
77 27
67 8
1 13
11 98
60 17
28 18
70 77
54 83
100 89
7 69
71 97
23 1
84 9
32 64
68 95
78 92
8 67
91 81
65 92
67 96
48 5
28 35
14 8
58 73
92 26
19 13
51 72
4 60
28 82
77 21
16 90
63 11
44 61
40 58
21 15
20 72
16 23
85 16
34 44
4 93
40 48
53 91
60 4
86 24
81 8
31 84
41 22
37 4
49 67
34 85
34 20
3 84
18 5
80 11
56 21
51 18
70 99
76 34
33 45
44 37
83 19
26 71
23 23
32 9
75 35
37 12
37 65
86 78
96 13
39 59
34 10
54 80
37 43
31 2
36 63
12 67
98 79
10 55
82 62
4 91
54 3
10 89
96 16
99 100
99 94
24 27
30 49
63 31
12 16
68 51
8 90
37 50
69 40
47 68
70 65
97 86
67 48
83 62
52 95
12 100
88 91
69 49
82 89
20 35
13 73
30 17
9 86
87 34
38 43
77 70
51 5
80 51
36 91
9 93
53 68
54 37
1 66
48 96
56 90
75 31
15 60
85 68
82 3
98 79
64 50
51 10
69 22
83 44
30 86
48 24
56 77
90 54
100 62
87 100
82 87
79 65
61 48
76 36
69 81
18 33
91 98
27 38
68 65
59 94
89 98
49 100
3 76
66 97
27 30
52 16
18 42
99 8
89 53
41 81
41 72
15 40
79 43
48 7
12 96
68 62
65 76
46 78
55 23
27 32
35 20
81 94
15 94
53 80
70 47
47 55
30 32
8 56
72 33
50 61
29 40
50 10
6 58
16 8
53 60
34 85
69 78
40 89
32 7
23 53
47 82
34 2
96 1
79 21
18 36
5 56
91 70
53 75
61 98
83 32
43 33
21 38
83 62
67 40
99 17
35 58
54 94
45 74
82 43
55 4
65 72
69 33
38 36
41 2
92 50
8 12
90 4
53 5
31 23
4 5
78 83
52 69
62 47
50 19
46 6
100 39
69 1
58 46
18 71
50 49
44 63
45 86
31 12
75 61
59 100
17 35
27 63
21 21
6 80
84 89
35 18
62 79
78 84
56 56
83 31
44 65
45 78
43 20
24 8
33 49
13 43
52 81
84 84
96 62
48 47
6 36
89 59
85 72
44 63
95 99
85 73
60 3
79 61
42 44
18 46
80 15
51 23
55 85
95 2
11 64
31 99
50 8
72 61
21 74
11 87
27 27
84 43
48 5
78 50
2 24
53 76
69 13
14 55
88 98
26 84
40 39
2 88
87 57
35 84
13 25
34 8
12 89
1 94
69 28
87 99
80 97
86 48
42 97
59 25
81 79
11 64
14 62
19 62
45 31
8 64
35 93
59 82
86 47
14 70
67 25
76 57
98 32
71 12
65 1
28 60
100 74
8 93
96 91
25 69
99 82
58 69
18 14
45 45
5 46
68 28
86 38
66 73
33 55
61 10
72 99
83 19
87 30
67 39
28 53
79 53
83 49
37 27
10 44
36 53
17 22
95 10
86 20
37 97
21 36
89 4
12 30
70 52
92 95
43 25
52 12
19 82
48 98
89 6
67 27
80 75
86 35
67 73
11 20
17 86
23 9
21 40
50 29
30 1
77 24
75 21
38 16
8 96
42 72
61 62
33 19
21 25
48 41
32 65
13 92
70 81
77 48
98 60
20 70
24 28
76 75
13 70
17 5
85 34
24 19
7 19
71 68
27 88
39 85
18 35
44 77
37 36
40 71
80 30
83 83
2 76
39 75
19 24
60 54
8 66
36 91
78 49
23 14
34 88
39 17
93 25
48 28
68 1
72 60
8 84
84 34
10 96
27 95
35 26
93 85
20 31
25 44
26 88
40 30
98 77
84 82
17 4
74 3
24 30
2 29
32 84
77 65
86 30
85 69
11 34
78 65
72 77
54 14
95 8
66 38
63 27
26 44
14 4
92 43
45 68
84 63
97 64
3 26
100 45
63 72
97 3
73 34
14 60
69 57
32 29
57 11
81 70
1 39
52 86
27 9
79 56
83 87
76 90
19 80
90 76
19 23
47 61
13 52
5 20
9 29
3 19
69 93
12 58
85 20
67 100
35 43
86 56
43 75
91 4
79 50
13 89
91 96
7 83
61 58
92 25
42 82
39 30
38 32
91 44
10 29
27 83
76 94
99 18
4 45
15 64
24 6
14 19
33 22
23 3
55 14
9 11
99 56
4 98
27 68
84 78
32 43
80 99
90 15
96 92
23 83
80 20
11 98
51 17
91 65
57 72
45 63
31 30
42 7
37 87
74 65
14 9
99 86
54 89
25 52
2 23
54 3
51 6
90 60
58 41
27 76
51 46
1 53
85 33
18 75
100 45
38 67
61 85
59 14
21 15
49 62
69 64
38 95
66 84
2 62
1 33
79 89
63 80
46 44
33 74
87 24
28 16
67 26
61 62
60 80
21 18
94 78
65 57
35 65
74 16
4 38
25 47
97 71
20 16
55 68
26 100
76 98
81 48
5 94
70 84
62 46
14 43
12 70
22 71
90 3
40 20
46 63
75 34
39 65
93 1
62 92
15 55
43 45
15 5
16 19
36 3
9 33
44 60
64 87
93 39
41 27
90 74
78 60
9 45
51 21
32 87
10 54
42 3
59 21
69 19
32 49
87 68
53 17
51 90
88 73
40 15
65 11
9 28
50 83
65 26
91 98
75 34
74 13
58 76
48 74
93 50
16 32
7 29
42 34
91 1
41 73
96 53
94 88
9 4
3 86
9 36
85 23
84 77
84 21
26 34
69 44
42 54
14 24
36 35
20 45
28 46
71 45
21 3
72 19
75 76
10 27
79 6
19 74
5 82
94 22
80 37
76 90
72 71
77 78
10 42
55 92
98 67
26 30
71 10
60 42
21 98
97 48
29 10
19 74
92 84
54 63
75 16
20 66
19 49
49 32
97 90
83 20
49 13
58 89
78 27
16 31
28 4
25 95
8 75
31 99
75 39
19 98
62 25
40 15
42 44
94 35
36 39
48 85
41 40
15 64
11 4
65 8
33 52
43 31
65 72
13 80
32 94
40 74
99 23
98 89
83 4
52 55
77 37
14 47
19 93
49 8
4 87
91 43
78 96
97 95
50 35
23 75
93 7
51 51
13 62
29 44
1 77
67 28
75 33
21 43
37 30
12 74
14 26
11 70
32 62
44 41
21 22
3 31
24 25
18 65
79 74
97 20
44 31
6 10
82 73
29 27
36 92
53 8
97 86
87 55
32 40
25 19
28 83
99 3
56 100
95 72
39 31
57 65
56 86
99 41
34 6
78 52
72 27
14 63
89 100
84 32
24 48
6 75
4 61
61 33
56 71
9 31
40 69
43 43
96 6
9 81
99 4
32 50
89 96
60 80
62 22
30 66
69 52
16 63
14 11
55 80
58 92
39 84
29 40
14 86
6 51
92 86
21 83
15 97
43 41
31 17
45 5
78 94
3 94
16 29
100 91
11 87
28 22
7 74
76 96
14 66
45 53
80 96
36 11
11 30
94 15
79 35
100 98
90 82
3 24
52 40
16 36
87 12
4 97
91 65
96 84
2 19
57 80
33 51
20 36
44 3
70 66
48 55
60 47
15 60
91 100
85 19
16 97
40 90
52 88
17 89
68 62
20 89
85 68
3 23
89 6
66 61
35 51
94 51
89 10
93 90
32 60
60 36
38 44
11 88
2 25
48 14
26 73
23 40
95 69
29 40
31 74
41 56
33 12
69 72
43 29
80 18
67 62
11 29
48 4
54 48
16 67
35 83
29 65
58 16
18 35
81 74
74 94
17 36
28 98
25 43
62 53
25 2
46 64
20 60
87 36
11 13
40 62
16 38
28 98
75 65
22 26
94 66
69 11
26 58
48 61
98 50
99 47
74 92
34 100
97 67
4 86
44 51
28 61
49 50
61 4
17 47
51 70
16 54
70 65
35 68
57 54
53 26
8 53
92 22
63 28
27 8
53 16
95 93
18 10
88 55
95 55
60 90
56 35
7 11
28 28
86 11
99 27
36 12
22 9
15 49
98 94
35 26
80 72
10 1
80 68
76 89
69 87
19 66
75 73
7 61
83 32
38 47
26 25
96 78
13 73
88 34
73 52
95 84
35 85
59 26
48 75
64 31
37 52
76 15
75 16
75 76
3 29
39 20
6 100
81 53
17 2
69 11
57 48
36 16
67 34
72 11
77 86
6 11
42 97
54 96
96 32
57 92
20 80
29 75
55 5
39 98
90 37
15 50
83 48
19 84
37 49
7 10
14 47
52 92
43 88
25 47
86 57
100 57
98 27
68 74
41 98
30 67
81 36
62 77
9 74
90 30
83 85
6 62
21 17
48 6
86 60
16 23
12 59
64 47
73 19
100 58
20 8
94 93
36 40
71 62
84 96
2 4
59 93
31 34
32 40
41 17
18 57
93 76
100 62
89 86
5 12
81 79
28 100
87 49
16 6
84 43
60 56
4 68
11 31
24 72
1 60
94 77
90 51
11 50
17 42
27 26
50 46
51 89
29 12
57 69
57 76
54 82
78 8
34 57
100 34
39 19
86 40
37 25
68 74
5 1
7 35
26 31
44 73
70 33
67 9
48 10
15 16
37 5
96 94
69 30
59 57
26 31
37 26
52 27
75 78
37 81
18 85
45 37
38 53
82 73
82 39
21 25
38 60
77 93
59 81
34 29
58 54
35 51
96 49
53 10
82 19
50 26
1 68
26 96
90 34
39 42
38 43
18 56
87 53
27 79
32 12
95 16
35 75
12 29
9 89
3 38
27 52
100 8
14 4
20 72
51 53
1 4
88 79
96 52
96 72
33 13
45 25
89 37
40 62
99 32
30 81
61 67
61 11
22 59
96 57
79 94
65 80
100 95
54 88
95 65
22 51
48 41
55 78
77 30
19 82
70 91
25 71
69 33
47 55
82 35
7 79
55 24
84 44
96 84
21 26
75 60
13 24
16 21
19 29
93 57
38 62
55 64
28 22
89 99
15 36
23 84
79 14
92 15
56 13
33 9
21 42
84 59
25 65
94 7
75 20
11 73
22 72
16 98
93 66
47 11
28 98
1 62
87 10
42 11
29 23
79 15
6 86
62 31
10 19
36 41
92 97
61 13
48 55
91 48
63 74
10 12
37 1
67 13
61 35
64 64
67 34
54 62
36 11
65 17
5 27
79 77
90 18
8 35
54 50
38 60
1 76
25 58
88 81
59 97
64 17
88 18
2 90
30 98
39 57
57 79
76 47
83 61
50 29
85 85
86 27
10 77
33 39
38 89
28 2
28 50
40 20
81 29
90 44
59 72
83 89
67 58
48 32
96 43
2 76
58 21
94 24
48 63
45 95
11 72
20 4
41 28
40 84
91 49
91 42
73 30
12 45
49 7
1 15
55 77
11 17
72 93
39 95
10 65
63 15
82 53
94 38
28 79
10 61
66 30
37 41
44 29
78 86
72 80
71 62
38 16
10 2
64 43
70 79
38 21
45 37
98 71
9 62
56 63
1 11
54 16
95 85
100 21
33 44
64 14
98 19
66 93
61 69
100 22
13 39
90 94
25 8
30 86
28 19
61 15
69 74
99 51
11 26
97 38
21 92
81 70
51 40
15 82
5 92
21 81
46 21
8 31
77 84
4 46
77 57
6 89
62 2
64 95
24 20
99 45
94 60
79 94
68 58
10 13
10 93
96 74
11 84
46 82
43 12
78 95
23 28
25 44
31 39
95 100
90 99
46 4
4 5
98 39
2 46
13 52
5 30
47 47
50 55
66 94
53 42
10 96
9 92
81 20
14 53
35 14
65 31
90 40
7 91
98 46
13 42
85 33
48 65
43 58
21 8
98 18
89 21
39 83
85 81
18 69
78 80
48 74
97 57
67 9
39 47
23 77
25 96
62 22
92 48
29 37
73 74
96 4
90 13
28 15
10 67
91 55
67 64
66 42
34 35
49 75
52 27
17 69
18 62
89 53
82 13
43 62
55 12
18 99
99 53
3 48
27 78
50 6
29 73
45 71
24 10
84 75
2 92
53 91
17 89
36 96
72 22
58 64
9 88
18 63
58 7
38 6
82 73
34 82
7 47
49 5
15 22
4 55
45 78
53 81
96 26
36 80
11 21
11 90
1 16
22 39
37 98
79 80
30 2
6 35
67 30
13 92
67 43
73 80
21 50
86 88
84 11
29 62
47 60
52 98
73 82
16 69
74 2
65 92
26 16
8 17
44 86
91 92
24 97
35 98
82 42
96 57
37 13
3 100
33 85
31 42
78 9
18 20
27 55
55 89
8 71
95 72
98 55
34 41
22 72
38 37
84 19
35 58
15 77
75 32
19 58
98 72
53 60
94 35
