50
14 8 14 18 18 18 19 2 10 12 16 11 2 12 12
8 2 17 16 2 13 1 18 9
1 7
19 15 13 16 8 9 18 13 9 16 13 12 2 10 12 3 16 5 16 9
14 10 10 15 7 7 14 13 1 16 3 15 2 12 14
17 19 12 10 4 2 5 6 12 13 9 4 6 18 2 2 18 6
10 16 16 5 14 2 8 2 17 6 18
15 5 15 15 11 15 10 5 19 5 8 16 18 8 3 15
8 19 11 6 8 10 8 19 17
10 12 16 15 12 15 2 7 6 19 10
17 12 10 10 9 1 7 5 19 6 3 9 1 5 19 2 2 19
19 15 13 19 3 12 3 9 6 16 2 6 3 13 7 3 8 16 15 15
20 4 2 1 18 2 4 6 19 15 10 12 12 5 15 4 6 17 5 4 8
5 1 18 19 11 17
18 19 6 17 9 11 18 16 10 12 18 17 15 5 1 8 10 5 8
7 11 4 19 6 4 16 11
11 5 6 2 7 15 7 4 12 19 18 13
9 10 15 17 16 17 1 18 10 10
20 12 19 16 1 6 12 6 16 18 13 7 3 17 9 3 11 18 3 19 12
12 5 6 6 7 4 5 9 6 4 15 19 17
1 17
19 8 15 10 12 18 19 6 19 15 18 6 11 18 5 3 4 7 10 3
9 9 14 6 14 13 7 10 13 3
18 7 6 8 15 3 12 18 16 17 2 17 3 10 17 16 18 9 9
5 19 16 8 3 7
5 14 18 6 18 3
1 16
9 19 17 7 5 11 19 12 4 19
11 4 5 11 3 8 17 10 18 1 2 19
5 6 17 6 15 3
8 7 13 11 8 10 8 12 18
7 9 12 13 14 1 14 5
1 19
14 19 5 6 2 8 9 5 19 14 1 14 9 10 11
0
8 17 6 4 9 16 7 12 13
5 10 9 13 17 9
2 10 16
3 11 19 18
7 6 13 14 14 4 1 12
9 12 8 2 17 7 3 4 10 15
9 17 8 13 3 16 18 2 19 9
5 3 11 9 15 10
1 9
18 19 12 3 3 15 17 1 13 5 12 17 2 19 13 9 5 11 1
16 15 4 10 11 9 13 11 10 12 3 13 11 11 15 4 8
7 7 6 10 10 15 11 12
7 14 13 15 14 13 9 5
11 17 1 19 19 18 5 9 19 14 8 19
7 3 14 11 16 9 4 1
50
15 5 3 3 19 2 12 16 4 15 16 15 5 7 11 8
17 18 4 18 6 8 4 5 8 11 7 4 2 6 5 18 9 6
20 12 14 2 10 12 11 8 11 17 14 12 19 14 11 6 6 12 6 19 15
20 6 16 1 12 16 13 5 2 19 15 5 19 13 19 12 11 13 18 6 13
16 15 4 16 6 12 11 18 7 6 6 2 4 9 4 13 6
8 1 1 10 11 14 12 3 13
4 4 8 2 10
9 15 4 3 19 13 18 13 15 8
6 18 19 4 6 4 14
3 7 14 4
13 16 18 8 8 14 6 4 1 10 14 7 9 13
12 1 11 7 5 4 4 7 18 2 9 19 12
3 9 11 6
5 3 1 12 19 12
20 3 6 6 10 6 16 3 1 12 6 5 13 17 15 16 5 18 13 9 17
2 18 7
9 8 4 16 1 18 10 13 17 13
13 17 1 17 8 3 16 17 6 13 2 18 7 2
17 3 14 9 2 12 13 3 10 18 12 5 15 12 10 18 13 9
6 11 10 8 14 15 16
5 17 16 6 12 10
11 2 5 10 9 1 1 15 8 13 12 12
2 6 10
16 5 15 16 18 3 16 5 9 14 11 14 8 13 6 2 14
5 15 18 12 9 11
5 2 17 18 3 15
18 4 15 5 15 10 5 10 15 6 10 10 9 11 10 14 10 10 5
4 19 1 7 15
7 17 13 12 17 1 16 11
19 3 8 19 15 11 13 9 9 4 1 9 1 7 6 8 18 9 15 17
17 14 15 10 19 16 18 6 11 16 15 15 19 12 19 11 6 1
15 17 9 16 11 3 2 16 8 12 16 14 16 9 8 5
18 12 4 10 13 5 7 12 1 19 12 18 12 2 8 9 19 7 14
18 15 7 10 16 3 15 19 11 16 3 17 2 2 7 3 18 11 19
4 12 10 10 10
11 6 12 12 5 14 3 7 16 13 15 12
11 14 18 9 18 12 11 5 12 3 11 5
7 4 15 5 19 12 18 14
0
13 3 3 18 11 19 16 2 2 10 16 3 13 1
0
1 8
16 6 17 19 13 16 6 15 12 16 7 9 4 8 15 2 14
13 2 19 13 11 4 10 16 12 18 10 16 2 1
17 1 4 13 9 15 17 10 3 2 11 18 17 17 7 18 19 4
7 2 15 4 12 6 4 14
5 15 18 14 8 11
19 14 10 12 8 19 19 15 11 17 17 6 16 2 2 17 1 18 5 12
15 3 1 18 1 5 15 17 16 4 2 19 8 10 11 1
8 19 4 17 4 2 18 11 19
50
20 18 12 8 17 10 12 18 10 2 5 5 8 3 11 14 2 1 9 10 17
0
11 2 7 11 1 19 2 5 4 12 5 19
4 13 18 10 10
8 4 6 12 15 11 16 3 8
3 11 16 7
15 7 9 8 7 2 1 16 11 8 15 2 18 4 15 11
9 17 9 7 17 8 12 3 2 17
4 15 4 12 13
9 6 6 5 8 19 7 18 7 4
11 2 14 18 13 17 4 4 10 9 7 8
14 5 8 9 18 16 14 19 2 3 2 13 19 11 9
17 8 13 7 3 10 13 6 8 6 11 10 10 3 2 1 5 4
12 2 3 8 9 17 13 13 14 9 18 4 12
4 12 8 4 5
0
6 15 6 18 4 9 17
13 18 16 1 5 13 2 5 17 6 12 12 9 5
8 15 4 13 6 16 18 2 12
5 10 9 11 9 10
12 16 11 9 10 11 9 12 9 11 9 11 9
19 13 19 12 17 11 16 6 14 8 2 2 10 5 3 13 9 16 13 16
3 19 19 12
7 7 14 13 17 4 16 12
13 9 5 11 12 5 1 13 13 15 18 6 4 6
13 6 14 9 5 7 9 5 4 3 3 17 9 15
13 2 12 11 19 13 18 3 7 15 17 10 3 14
9 9 6 2 13 11 9 6 17 11
15 14 15 1 16 3 7 10 12 3 3 13 6 10 10 4
11 14 15 7 15 13 1 11 8 16 9 13
5 3 16 18 16 16
6 9 18 12 13 4 10
7 18 17 15 4 7 6 11
5 14 12 12 11 17
18 15 2 6 4 7 12 14 8 15 15 11 1 19 12 8 2 1 3
8 5 11 17 13 12 14 15 6
2 12 1
8 13 18 18 10 10 5 6 7
1 2
2 18 19
8 10 14 13 12 4 12 15 10
17 8 1 10 10 9 19 8 7 18 6 14 19 4 6 5 4 19
2 18 2
19 5 11 1 18 6 18 19 14 11 4 8 14 19 16 9 14 1 12 2
0
19 6 1 9 13 5 13 11 4 1 12 12 12 9 14 17 17 7 14 13
8 11 6 7 5 4 7 3 19
6 1 19 6 14 10 5
16 7 1 1 13 9 4 4 11 15 10 18 17 3 7 1 17
0
50
18 13 13 7 6 19 4 11 16 7 16 15 12 4 15 8 3 19 9
4 17 8 11 8
0
11 19 10 10 17 19 14 19 16 19 15 8
6 9 15 12 13 12 3
16 14 2 3 17 15 9 11 11 16 19 11 11 12 6 7 14
0
20 5 14 7 17 6 12 18 17 14 12 14 16 10 12 18 12 18 12 18 6
9 3 10 17 18 15 14 17 3 11
0
13 8 5 8 2 11 15 6 12 2 11 16 17 10
20 17 19 13 14 2 2 1 8 5 15 11 6 10 18 16 14 17 3 1 6
16 4 19 15 16 12 6 14 6 5 14 15 7 8 5 9 16
5 16 8 11 3 2
2 7 3
1 10
9 11 5 6 11 17 5 9 11 1
4 15 4 17 11
17 11 6 5 8 15 3 18 13 6 5 15 15 14 17 14 3 9
9 6 12 2 7 7 13 16 7 13
20 5 7 9 1 7 13 2 13 18 5 3 8 15 16 10 18 4 12 13 15
12 15 1 11 12 6 19 5 6 14 5 14 12
20 1 6 18 3 17 7 6 9 8 18 13 14 12 17 5 19 18 5 3 16
13 8 11 3 13 14 15 12 11 4 12 11 14 18
19 1 2 3 18 10 1 3 17 18 14 19 14 3 11 10 11 19 16 19
0
20 9 11 8 10 6 10 15 15 17 18 1 16 11 9 14 12 17 19 14 6
10 12 18 2 4 3 19 12 15 13 15
5 14 13 18 14 4
2 8 6
15 15 2 11 18 8 3 10 6 1 3 2 1 19 9 7
4 3 1 1 1
20 14 10 8 10 10 15 3 6 6 9 7 10 12 16 12 8 5 18 11 10
10 7 9 11 15 19 3 7 13 9 4
4 17 6 3 12
17 11 7 7 10 2 14 1 12 9 5 12 2 17 19 13 14 17
10 16 13 11 6 14 19 3 4 1 14
11 2 5 8 16 12 3 1 15 16 17 18
11 12 2 7 8 11 1 10 18 10 2 11
7 10 2 18 5 2 1 4
8 11 17 12 16 14 11 13 2
0
15 12 12 12 10 16 11 14 2 17 8 10 1 12 6 13
13 19 5 9 11 13 14 6 3 4 2 7 19 13
17 18 17 16 1 17 10 2 7 9 18 1 15 15 18 12 15 16
15 5 14 13 18 9 7 4 18 3 9 2 17 6 12 4
16 7 3 6 9 9 11 1 7 5 8 17 11 13 9 6 17
6 3 16 17 19 18 1
15 12 18 19 17 16 9 7 17 19 10 16 4 5 8 17
18 8 1 16 12 17 17 2 5 14 1 11 8 2 3 12 13 7 2
50
19 6 11 8 9 4 16 2 9 17 11 16 18 10 17 13 13 1 8 4
12 14 5 17 2 6 16 13 18 14 3 10 2
10 13 2 12 4 12 2 10 8 11 12
16 3 9 19 10 8 4 10 9 15 16 18 1 14 4 1 10
2 7 4
10 4 3 18 18 7 8 14 16 5 18
15 5 14 1 8 14 2 12 6 5 7 10 3 7 19 13
7 15 17 11 17 1 15 19
10 5 16 5 19 19 17 9 2 6 18
5 16 12 13 1 6
0
4 17 11 13 9
15 4 5 1 12 5 3 9 1 11 17 1 14 2 17 8
13 18 14 18 3 11 9 14 18 4 5 19 12 3
1 14
18 11 5 1 19 9 12 10 12 18 10 19 14 6 1 3 8 5 17
7 19 5 17 6 18 9 8
2 2 17
0
16 2 18 11 18 17 10 5 17 12 6 12 4 18 14 15 14
19 5 18 5 18 9 15 12 14 3 18 4 19 16 6 2 7 14 12 3
7 15 8 17 12 2 4 13
15 12 19 13 8 15 7 1 1 14 5 8 8 14 15 3
17 4 15 14 8 7 7 1 5 7 8 11 18 15 9 6 16 6
14 1 2 9 17 5 12 3 10 6 19 19 9 10 11
6 11 13 11 9 3 11
18 19 16 6 1 3 13 3 18 16 7 17 7 3 18 10 5 14 16
16 9 15 1 5 5 10 4 1 15 6 17 5 11 10 17 6
13 10 18 3 17 2 11 8 19 11 17 7 1 19
20 5 15 9 11 19 2 3 14 8 1 8 12 10 15 16 17 1 16 11 7
19 17 14 7 13 4 11 18 6 1 4 6 15 9 3 8 16 17 1 16
8 6 6 1 7 17 8 6 17
18 14 19 13 9 3 19 14 7 10 17 10 19 11 8 8 2 10 2
1 9
2 10 12
5 10 5 14 11 3
17 3 9 1 10 15 10 17 9 7 1 8 6 6 7 7 18 9
5 1 11 12 9 12
11 6 3 5 11 12 9 16 13 18 5 8
17 2 10 16 10 7 7 10 13 13 10 4 13 10 10 13 4 16
4 9 16 11 14
13 11 17 6 3 13 19 8 1 16 9 19 17 17
16 3 15 18 2 13 19 13 12 13 10 18 12 16 10 6 4
11 8 10 10 10 10 15 5 10 10 15 5
8 7 2 2 2 6 2 12 6
19 12 6 8 6 15 10 8 5 19 15 19 18 18 5 15 14 7 1 6
14 2 14 4 16 11 4 4 6 7 17 2 12 8 18
10 2 11 12 18 3 1 12 3 10 3
15 4 12 7 10 1 14 12 11 13 19 15 10 12 8 6
0
50
16 18 15 6 15 3 6 4 7 9 17 15 14 10 8 14 14
9 15 8 18 4 11 7 1 12 18
3 11 5 18
19 13 1 6 12 8 15 8 11 7 1 16 17 13 13 11 5 1 7 1
9 13 8 10 14 8 17 19 13 14
14 9 9 10 9 11 11 10 9 10 10 10 9 10 10
5 7 7 3 16 2
11 10 14 2 5 9 8 19 9 7 13 14
9 4 2 14 16 3 8 4 9 10
5 17 13 3 19 11
20 18 4 12 4 7 15 12 14 3 4 14 12 10 12 1 10 2 11 13 14
9 19 5 18 16 18 12 1 14 7
3 18 1 11
16 12 12 1 16 3 11 2 17 5 9 15 11 10 16 8 11
4 8 12 16 6
3 18 5 16
19 10 6 13 11 6 2 10 19 1 9 13 9 18 15 11 8 3 14 11
18 13 18 19 9 3 3 15 2 13 14 16 14 19 8 11 3 9 8
13 4 11 4 12 15 2 16 11 15 7 15 16 7
2 9 18
14 10 13 17 1 11 13 8 6 2 15 8 15 7 2
6 19 13 15 3 14 13
4 6 13 6 13
17 14 13 5 2 6 11 17 1 1 11 15 6 12 15 18 8 10
3 17 12 5
15 12 12 5 16 9 15 18 15 5 17 15 3 15 16 17
4 18 19 14 16
8 18 5 3 5 3 7 14 2
12 4 9 6 3 12 4 4 7 8 10 4 19
0
10 4 3 6 5 4 19 2 8 19 14
8 14 19 17 5 19 10 10 1
17 17 2 14 10 8 9 7 3 5 9 18 4 11 15 18 5 15
1 10
12 11 8 8 2 19 1 19 19 4 8 18 9
2 12 15
5 19 8 4 1 9
12 15 12 11 8 19 17 6 17 11 16 12 6
17 15 13 3 10 4 3 8 2 15 10 18 16 4 10 5 17 16
4 9 8 4 1
9 13 12 2 9 18 10 3 19 9
8 15 17 2 5 18 3 12 7
17 1 16 18 10 18 18 8 3 8 2 19 18 6 14 18 5 15
17 4 18 4 8 2 4 11 11 1 3 14 14 1 15 3 1 13
20 10 16 10 17 9 11 11 19 10 4 1 12 2 16 14 1 1 1 11 10
8 7 2 6 10 19 14 5 17
16 17 1 11 6 7 3 16 5 19 2 15 17 8 19 10 11
9 16 7 11 12 8 12 10 8 10
17 19 6 17 16 11 5 3 11 14 3 14 3 13 3 4 8 15
3 11 6 1
50
13 14 5 3 15 11 1 17 14 2 10 13 5 8
0
17 13 4 15 11 9 11 10 4 16 9 10 10 5 16 4 10 10
18 17 2 12 5 16 15 7 13 19 10 8 19 19 10 1 7 4 15
2 11 13
15 11 17 2 6 15 18 17 19 19 10 17 6 13 17 10
11 17 2 3 8 6 3 5 14 1 5 2
3 8 6 2
3 3 10 17
5 4 16 2 4 2
8 14 15 7 4 18 16 19 2
8 2 9 17 14 17 6 13 13
0
9 12 6 18 10 1 17 3 17 16
16 8 19 17 10 8 10 5 9 7 18 6 7 1 11 5 19
4 19 5 18 19
7 14 6 5 14 2 14 9
15 16 14 8 19 14 19 3 13 12 12 4 14 19 12 1
2 10 1
11 9 19 14 6 15 12 18 10 6 16 4
8 5 6 19 19 15 2 11 8
18 8 14 14 4 1 18 12 19 15 2 16 12 15 1 17 12 5 5
13 6 11 13 2 18 4 11 10 12 12 17 6 13
5 11 18 11 2 12
2 9 4
9 13 7 17 15 2 12 15 17 1
0
11 15 8 2 13 3 16 6 5 14 14 5
10 6 9 13 4 17 9 15 14 4 5
3 13 1 11
0
13 1 9 7 19 9 11 7 16 13 15 5 13 6
15 1 10 13 1 16 16 2 17 6 12 8 13 19 12 11
5 5 9 12 7 19
19 4 13 7 10 10 13 7 10 10 10 10 13 10 7 10 13 7 10 13
12 14 11 13 4 16 1 15 14 6 10 5 18
13 17 15 19 9 8 9 11 2 4 5 2 10 14
20 7 6 13 13 5 2 4 12 16 6 8 9 15 14 12 14 13 2 17 17
13 9 3 15 1 5 6 11 16 9 14 5 17 4
4 15 10 10 13
13 14 4 1 12 17 12 16 8 4 2 9 2 18
0
1 17
13 12 15 5 9 10 11 9 10 11 9 16 10 10
12 8 11 11 14 13 4 18 7 11 16 8 13
6 19 10 16 19 10 8
10 14 10 4 19 19 18 1 9 2 10
2 13 10
14 15 2 14 13 16 15 2 7 18 9 9 18 14 17
18 13 13 4 19 17 3 18 5 8 17 8 5 3 8 6 6 2 3
50
13 14 9 3 11 1 14 11 15 15 13 2 9 19
13 17 8 11 19 13 12 10 3 11 2 1 14 18
4 11 18 17 1
5 7 14 5 11 10
9 1 6 8 12 14 10 8 6 1
6 11 6 16 11 8 8
0
8 13 19 14 11 10 3 7 15
6 8 6 12 2 4 6
17 9 8 16 9 4 11 5 12 3 18 8 8 3 16 8 6 19
0
6 14 9 8 19 18 4
10 7 5 11 6 17 17 13 6 16 2
12 18 9 4 5 5 11 1 17 9 6 19 6
19 4 17 3 17 3 10 17 5 10 10 8 12 8 17 5 8 17 3 12
12 12 17 8 18 8 9 8 9 14 8 2 7
4 5 10 2 6
16 13 17 6 15 10 5 12 6 16 9 9 6 14 5 14 2
16 8 5 17 7 5 16 12 13 12 14 16 15 13 1 15 9
10 17 8 16 17 1 1 1 8 3 12
15 14 14 18 7 14 13 16 7 17 15 11 19 4 13 13
6 10 11 1 5 14 1
12 1 18 4 12 13 17 7 13 1 6 3 4
12 5 4 3 5 9 14 19 7 7 3 16 3
1 18
9 15 3 11 9 4 7 15 17 13
5 3 2 11 16 8
17 16 11 2 1 7 14 6 12 12 11 19 15 16 16 10 2 5
13 8 17 14 2 9 13 6 12 12 8 16 15 13
14 12 2 2 2 12 16 12 6 13 10 14 10 2 14
0
10 8 18 14 12 8 15 18 17 15 12
2 10 14
6 17 17 15 9 10 4
20 10 10 18 17 17 19 2 15 10 1 6 2 10 2 7 4 4 15 9 10
10 9 17 11 13 1 2 7 4 11 13
14 11 1 7 1 12 6 11 9 1 5 1 14 17 8
2 12 1
19 3 11 3 2 4 16 6 19 3 11 17 13 7 11 14 12 11 3 9
14 1 14 10 7 14 15 16 19 8 14 13 19 16 2
14 8 11 16 1 5 10 17 12 12 13 8 10 10 7
8 14 16 17 3 19 5 15 10
1 12
0
14 11 9 19 19 5 9 4 4 17 11 11 9 10 18
5 9 6 4 19 17
0
1 19
18 2 4 10 17 16 17 5 18 6 6 15 2 19 16 15 19 4 4
20 6 8 18 9 1 11 11 8 14 1 1 7 13 19 12 17 5 11 8 19
50
9 19 16 3 2 16 14 12 8 14
3 16 15 14
15 19 19 15 18 10 15 12 11 9 6 15 9 19 1 18
9 3 1 8 14 16 19 3 19 13
13 6 19 10 6 16 8 18 15 7 7 10 12 17
19 17 18 18 17 9 4 5 3 19 3 8 14 4 4 15 7 14 19 9
20 9 11 13 6 14 6 11 13 6 11 13 7 13 7 10 9 11 9 11 9
6 1 4 14 1 16 3
11 1 5 11 11 7 15 8 6 15 4 6
3 7 13 10
19 8 4 11 12 6 16 17 9 16 3 4 11 11 6 10 10 19 2 15
13 6 19 17 16 1 7 17 19 5 9 11 14 18
17 16 15 9 15 8 12 12 15 7 13 6 11 17 13 4 5 11
9 11 13 16 4 6 14 1 5 11
20 9 19 16 1 16 17 2 4 13 15 7 9 19 7 4 10 17 17 3 8
19 17 11 11 17 9 11 1 4 6 12 14 12 4 1 14 5 15 1 17
16 11 4 10 7 17 16 16 13 14 16 2 4 12 11 8 15
12 17 7 12 2 18 7 16 13 10 19 12 15
5 18 5 2 7 4
16 6 14 18 17 10 2 4 8 8 2 4 10 1 9 19 11
6 17 18 3 9 3 16
2 18 3
3 8 16 11
3 1 6 8
7 14 17 9 2 9 7 9
19 4 7 8 2 8 7 14 9 13 13 19 9 17 12 3 13 16 15 11
15 2 19 17 15 12 8 13 18 3 4 19 8 1 14 14
11 3 19 7 1 11 6 2 11 16 12 18
16 10 10 11 3 8 6 10 4 11 7 4 3 15 3 1 3
10 2 8 1 13 11 12 6 13 6 9
15 14 18 7 12 10 17 18 11 16 2 19 18 7 13 12
13 2 7 19 16 10 17 12 13 19 1 13 15 10
19 14 4 18 10 6 10 8 6 17 10 13 10 19 14 19 8 2 2 5
14 7 10 10 10 10 10 10 10 10 10 10 10 10 10
6 14 3 7 4 10 16
9 9 10 8 12 10 10 10 8 10
14 12 3 13 5 14 12 17 13 7 15 12 15 17 6
9 19 17 13 15 8 6 2 19 5
17 5 1 17 8 5 3 10 16 13 17 7 16 6 10 17 3 15
3 8 10 8
8 14 17 3 9 5 19 13 10
4 16 3 12 11
19 9 6 1 7 19 14 19 7 7 14 9 6 18 11 11 15 4 17 2
6 2 16 6 12 4 16
13 19 17 16 11 5 6 9 2 16 6 2 8 7
12 11 4 16 10 10 5 10 9 16 10 5 15
2 16 2
4 15 1 16 14
5 15 7 13 1 6
20 6 1 1 15 8 6 10 11 4 7 11 7 12 11 2 17 12 9 1 3
50
3 7 19 16
9 16 10 4 15 8 16 6 13 9
14 7 1 10 10 15 4 2 7 14 13 13 4 1 14
12 2 13 12 18 14 16 14 16 18 17 18 7
10 5 8 9 8 19 18 8 12 12 11
13 14 3 17 11 7 2 7 14 12 15 10 2 7
1 6
4 10 18 18 18
12 2 1 9 4 12 1 10 3 16 18 16 15
4 19 17 12 2
19 1 16 16 5 19 3 13 17 9 14 1 1 5 2 12 5 9 2 6
16 8 11 5 2 14 4 14 7 7 10 17 3 17 11 13 17
10 4 11 10 12 18 17 17 19 7 2
5 1 12 15 7 8
18 16 10 9 2 17 4 5 19 7 8 6 15 1 18 11 6 5 18
19 15 9 14 7 15 7 4 11 8 2 11 3 7 9 10 18 8 14 15
5 6 4 2 9 8
18 18 11 6 17 3 3 6 16 15 6 18 2 9 11 4 15 14 4
12 13 7 19 1 9 11 10 4 12 6 18 15
20 3 8 12 10 9 10 10 9 11 11 10 8 11 10 9 10 10 12 10 9
13 14 6 13 14 12 18 6 15 8 18 7 15 3
0
12 15 10 15 15 13 7 10 10 4 13 6 13
6 17 10 7 13 10 6
13 12 18 4 13 2 12 9 8 6 2 9 13 7
7 1 9 19 19 11 6 7
4 19 18 9 6
4 5 11 17 7
2 13 3
11 16 10 11 6 1 2 11 4 8 9 14
13 10 16 18 13 16 14 18 8 17 17 16 15 9
7 4 13 4 9 8 8 10
11 2 19 7 8 5 18 15 16 14 16 11
10 11 8 13 9 17 10 14 4 2 8
12 12 1 17 18 3 6 13 8 6 13 8 8
17 16 18 10 11 14 14 14 10 6 3 5 1 12 5 7 16 3
16 14 17 7 3 5 17 15 14 7 18 16 1 2 15 17 3
12 19 3 11 19 7 7 8 14 13 11 12 19
16 5 8 1 15 15 13 10 12 10 1 14 9 5 14 9 16
20 19 5 3 6 9 7 9 17 5 3 19 12 9 11 7 9 7 19 8 17
20 9 9 17 6 12 18 8 16 9 15 13 18 14 7 7 19 12 9 3 14
9 11 6 6 19 15 11 17 16 4
5 16 14 7 14 1
14 18 10 8 5 6 17 10 15 10 3 19 8 12 9
6 3 11 15 9 3 2
3 4 19 8
19 6 3 2 12 15 3 3 3 19 18 19 9 5 9 1 7 17 8 8
13 7 4 16 17 11 2 7 8 16 19 19 16 4
2 4 15
8 19 6 16 15 16 16 8 14
0
