50
13 19 13 2 10 12 5 2 16 16 13 11 6 4
14 3 3 7 15 12 4 9 5 1 14 13 12 16 12
20 16 14 1 19 12 2 19 3 10 16 8 3 9 1 3 5 10 3 19 14
11 9 11 17 6 11 16 4 6 18 19 19
19 12 6 5 17 13 5 10 1 19 18 14 8 1 7 7 8 12 15 12
0
19 18 6 1 2 19 7 16 13 9 7 14 10 9 2 18 17 12 18 10
3 8 18 2
8 11 4 16 3 15 15 14 15
4 5 3 17 10
1 2
17 1 4 10 3 6 18 10 14 7 18 12 18 18 10 3 17 16
9 17 10 10 18 12 4 2 9 6
11 18 8 9 14 19 3 11 5 8 1 11
10 11 2 15 7 3 17 5 4 18 11
8 4 3 3 10 3 8 12 11
11 4 9 8 8 8 9 7 4 17 17 14
7 3 9 13 9 7 2 15
9 13 10 10 14 10 6 12 8 10
16 3 12 14 2 19 14 6 18 19 6 16 16 7 19 9 19
1 18
11 1 7 11 19 15 14 8 2 16 12 12
10 10 8 7 4 7 19 9 19 19 5
14 4 9 10 17 3 10 9 7 6 4 8 17 19 5
2 6 6
6 19 12 16 11 18 8
12 14 7 1 12 4 4 11 2 12 12 19 3
1 15
13 4 19 15 17 6 11 5 17 19 9 5 18 5
4 6 2 7 16
10 2 2 12 5 17 1 5 3 3 18
2 18 19
15 1 19 3 10 1 8 6 2 18 9 11 3 18 11 2
8 13 9 15 17 8 11 19 1
8 1 15 4 8 3 18 12 4
6 12 11 1 5 13 9
20 17 14 1 4 4 13 11 3 1 14 2 11 13 3 4 13 7 18 3 9
10 19 9 17 5 15 9 18 1 5 16
17 2 10 12 9 18 19 1 9 11 3 17 18 7 17 16 5 16
7 14 11 8 10 8 4 13
17 12 4 19 18 6 14 13 8 7 4 13 17 3 14 14 4 13
8 6 17 15 17 14 12 4 5
5 16 1 6 18 2
14 8 2 4 19 8 18 17 12 2 9 6 10 6 18
13 12 4 5 13 6 4 19 14 16 7 7 4 13
9 1 19 4 13 8 12 8 1 16
7 8 6 16 14 3 12 1
8 1 8 13 11 9 18 6 19
9 9 3 19 16 14 8 14 19 9
19 1 11 17 6 19 12 10 1 18 13 1 2 3 19 6 3 14 10 5
50
1 11
10 18 8 7 3 19 3 12 8 13 10
11 7 8 17 4 11 10 19 4 2 1 15
13 8 1 16 3 14 16 6 8 13 11 19 16 5
14 7 17 8 17 3 3 11 6 1 17 16 15 6 15
3 13 10 19
0
7 12 9 9 4 14 10 4
4 10 5 15 3
16 15 17 15 16 12 14 15 8 17 15 13 16 12 10 7 17
14 12 13 10 7 13 10 7 10 13 7 10 13 7 13
8 19 10 2 5 6 10 13 5
16 3 16 14 1 15 8 14 9 1 3 8 1 8 15 15 9
0
16 14 19 10 5 3 17 5 15 1 9 18 3 11 9 4 2
11 9 10 10 16 14 5 13 11 15 13 13
10 15 17 8 16 15 6 16 2 16 12
8 10 16 13 2 5 10 7 10
0
3 6 15 7
10 16 6 2 18 7 6 7 12 17 17
15 15 13 9 9 3 16 7 1 8 11 12 7 15 17 12
14 11 3 19 19 17 19 14 1 5 8 5 3 2 10
6 17 17 13 3 10 7
17 8 4 15 2 3 2 6 5 7 11 6 6 17 11 13 5 19
5 3 3 5 15 1
1 3
3 13 12 12
16 11 10 11 15 3 19 16 10 12 17 1 10 15 10 10 9
0
13 2 15 8 6 5 18 7 2 10 4 9 8 9
8 16 4 10 10 16 4 11 9
13 15 15 4 8 17 19 7 15 12 12 7 6 13
2 9 3
14 5 1 18 1 12 7 8 16 14 4 7 4 18 16
3 6 4 12
12 4 13 19 18 18 7 10 9 16 18 4 10
20 1 19 19 12 5 14 6 17 5 3 3 3 4 4 6 10 14 1 6 8
20 10 18 13 13 3 17 2 4 3 2 1 11 8 18 11 15 19 18 8 17
20 8 5 15 1 11 19 1 7 12 11 3 11 3 6 5 7 8 18 4 19
9 19 3 6 5 3 14 2 3 6
11 7 15 4 8 3 13 16 15 17 18 18
7 18 9 6 7 19 11 1
12 18 18 14 15 1 15 19 11 11 14 5 15
6 18 5 8 5 18 13
8 8 10 16 4 10 14 12 10
2 5 9
0
7 13 11 8 17 14 1 15
1 5
50
11 19 7 18 11 14 5 6 4 2 1 11
16 18 6 16 8 8 6 11 9 14 8 17 3 11 8 6 5
2 18 5
14 6 16 18 18 6 11 18 2 5 16 14 7 8 10
2 14 18
20 17 6 13 5 10 13 13 4 1 8 8 5 14 19 19 12 19 18 17 9
20 13 12 18 17 8 13 5 3 7 2 4 13 12 16 18 15 11 4 11 1
12 14 19 6 7 9 8 8 12 18 4 19 9
4 11 13 18 2
9 4 1 12 7 13 16 8 15 4
2 2 15
5 14 7 5 5 4
5 8 17 14 5 1
3 10 10 14
7 16 17 12 5 14 13 3
7 17 18 13 12 17 14 14
1 19
17 8 18 11 3 3 5 19 7 2 17 5 4 13 2 13 7 3
12 17 18 19 6 16 12 14 3 14 14 1 9
14 2 4 18 9 1 17 3 15 11 5 7 7 18 6
6 16 9 10 11 9 7
14 3 5 16 3 3 11 12 6 5 8 3 16 1 15
13 12 3 15 10 12 7 4 5 13 9 7 12 12
16 17 17 17 12 9 9 10 5 19 17 3 3 16 3 14 1
17 2 6 6 8 14 6 8 6 15 4 12 14 2 19 2 3 16
0
1 3
5 12 19 10 8 17
3 7 2 10
12 18 6 19 8 8 7 10 17 2 1 14 4
16 15 9 10 13 7 11 9 11 12 7 13 7 13 10 10 7
8 2 8 13 16 2 15 12 1
6 8 1 11 6 5 13
4 16 10 15 15
9 8 3 13 11 12 9 6 16 4
8 14 19 14 8 16 17 14 18
5 7 6 11 10 17
16 14 1 4 9 9 6 11 19 17 16 10 12 13 6 18 14
16 19 10 10 10 5 15 10 5 10 15 10 10 5 15 10 5
5 1 14 12 9 9
18 18 2 4 11 19 18 17 8 9 6 5 5 3 10 2 14 9 12
20 12 8 14 13 14 11 14 9 13 5 17 19 17 13 19 11 10 7 6 15
13 12 4 15 7 16 8 7 14 18 16 11 10 8
12 18 10 10 2 11 16 18 1 9 7 13 11
6 16 5 14 13 4 9
8 5 17 18 1 3 2 18 1
20 18 4 16 10 13 12 10 17 13 19 18 18 9 14 7 2 10 4 11 13
2 15 18
9 7 5 1 3 17 7 17 2 18
9 10 11 6 12 16 9 18 6 19
50
17 14 19 4 17 18 19 1 10 19 8 17 1 4 17 5 1 18
10 19 9 6 6 14 7 2 14 3 18
10 8 11 17 16 8 12 19 17 18 2
9 2 3 1 4 13 13 2 17 15
15 17 1 1 9 10 4 10 18 1 15 6 10 15 16 16
10 14 16 19 12 13 9 14 1 13 12
14 16 15 10 2 16 8 7 8 6 11 19 12 13 13
5 16 1 17 14 19
4 14 10 9 10
19 1 13 3 18 5 11 12 6 16 11 6 9 18 2 1 11 7 7 4
12 17 4 9 11 6 8 17 19 16 7 11 14
10 3 15 5 14 17 8 2 8 6 15
13 10 16 12 8 7 13 3 1 19 3 16 12 6
6 4 14 7 6 13 2
11 16 4 14 6 15 3 1 18 12 17 1
19 15 12 12 19 4 7 18 17 18 8 10 2 16 10 4 12 7 15 9
10 18 7 6 3 15 7 14 11 9 18
14 11 7 5 8 10 10 19 19 4 13 2 19 8 17
17 18 8 19 7 13 7 14 9 7 16 1 2 8 13 1 8 6
12 1 7 8 19 7 3 4 13 5 19 7 16
1 10
18 19 7 14 14 18 18 19 12 13 11 3 14 6 15 2 5 18 5
16 13 17 2 17 5 16 16 18 2 7 14 15 17 17 16 7
12 9 10 9 14 14 2 19 11 19 10 15 14
2 7 3
15 5 15 4 17 6 8 8 10 19 2 12 1 16 6 10
18 1 19 4 15 18 17 15 8 18 7 5 5 10 13 11 5 4 1
10 14 18 12 5 12 10 5 11 12 17
0
19 3 9 3 4 1 11 7 17 17 13 5 4 19 16 6 16 4 15 17
3 7 9 5
2 13 17
10 1 13 1 13 12 6 8 1 16 13
14 7 11 9 12 18 12 6 1 8 4 11 16 2 15
18 11 8 13 8 9 3 8 2 16 19 4 10 7 7 15 13 4 9
18 16 3 15 8 8 18 14 11 17 10 19 15 12 6 3 8 1 13
16 12 19 14 2 15 9 1 16 18 2 1 9 16 2 3 16
11 15 16 9 15 17 5 8 19 2 9 3
15 12 17 12 15 4 1 13 11 16 6 13 6 5 15 11
9 8 5 9 2 18 4 4 5 1
8 19 16 17 8 12 11 13 2
13 7 3 16 19 8 1 1 2 3 18 18 6 7
2 3 15
9 9 8 11 17 6 1 15 7 2
2 2 3
0
18 5 6 2 14 4 9 10 4 15 7 7 7 15 15 17 14 1 3
5 1 3 9 15 5
11 17 9 8 1 12 18 12 8 16 14 12
10 13 5 12 1 7 15 16 3 5 3
50
9 14 8 9 5 16 1 9 10 15
4 1 13 3 16
13 5 18 12 6 3 15 7 4 16 19 5 4 7
17 4 18 4 19 10 2 13 14 12 3 18 12 12 11 15 9 13
3 4 9 19
15 2 1 6 16 16 15 8 5 14 6 18 11 1 15 9
12 4 8 18 3 2 1 8 1 6 8 7 19
15 4 6 16 13 4 17 12 12 7 1 6 2 2 2 2
13 17 15 19 10 1 12 5 10 8 10 4 9 11
12 9 10 7 10 5 11 18 8 5 7 9 10
12 3 19 13 15 16 2 2 14 3 3 9 14
3 11 9 2
14 7 4 8 1 19 8 1 11 18 18 18 3 6 15
20 17 6 2 1 16 18 9 15 8 14 16 11 12 16 15 14 17 14 15 14
3 7 4 19
14 7 15 8 18 5 12 2 19 16 4 3 8 12 2
8 12 4 8 10 1 17 16 1
15 11 8 13 10 2 1 16 3 1 17 5 12 11 3 13
8 13 18 2 10 17 2 3 19
5 2 13 6 6 4
18 7 12 9 16 3 13 12 15 5 11 11 9 15 1 15 11 19 4
16 17 12 12 12 18 11 2 14 8 7 13 3 10 5 5 18
5 6 13 16 8 15
6 7 14 9 11 9 10
5 13 12 17 19 16
2 13 1
14 3 10 12 10 8 9 11 9 10 13 7 11 10 10
11 11 9 4 17 18 1 5 5 3 14 15
17 16 3 18 12 11 9 12 13 11 12 7 17 16 13 14 2 15
13 7 11 16 15 12 16 4 2 7 16 15 11 13
2 4 9
5 13 13 17 9 19
17 3 6 9 7 11 14 18 7 9 10 14 11 11 5 3 13 5
5 7 17 8 5 12
7 3 11 9 9 1 2 8
3 19 5 5
16 3 16 8 14 10 3 1 18 12 10 18 10 11 8 6 10
19 19 19 5 2 18 3 13 3 1 5 7 10 17 9 3 7 19 1 18
19 16 6 17 14 3 5 10 4 9 15 2 6 13 9 3 9 4 15 3
2 10 19
18 18 10 10 10 10 9 11 10 10 10 10 9 11 10 7 13 7 10
5 7 2 3 5 19
19 17 10 4 16 10 10 4 10 16 4 10 16 10 10 4 16 8 10 6
15 13 10 19 15 12 15 14 5 13 5 18 12 1 13 12
3 4 2 5
5 11 16 10 4 11
14 19 18 1 13 18 4 14 18 19 19 2 16 3 11
19 6 18 7 19 18 17 1 6 12 12 1 17 5 4 8 2 8 2 10
5 3 5 1 10 13
15 14 9 8 4 10 13 5 18 19 15 12 13 13 13 12
50
7 11 19 9 18 15 15 4
8 13 7 6 11 3 5 8 9
17 18 18 19 15 12 12 12 5 8 9 10 14 7 7 14 10 15
14 9 4 19 8 15 17 15 4 1 7 2 2 9 2
4 14 10 11 14
10 9 17 12 1 1 12 7 14 19 8
11 4 3 14 3 18 2 18 6 12 16 9
11 12 1 7 15 12 2 16 6 3 15 17
8 17 18 19 1 4 7 12 16
17 18 12 1 7 1 14 6 18 3 2 8 14 11 18 14 3 6
7 19 14 7 7 3 5 16
19 14 13 19 11 10 1 14 9 7 14 5 10 7 9 8 12 4 5 18
20 3 6 8 4 2 3 3 9 12 18 12 2 3 18 12 1 1 19 13 8
10 16 16 12 13 11 7 18 15 16 9
4 3 9 9 4
2 18 5
6 10 17 13 15 17 12
13 18 17 9 10 4 11 17 10 11 18 14 10 4
16 8 1 8 1 15 19 6 15 7 10 8 3 2 12 1 4
6 7 14 17 8 13 8
5 6 1 7 18 10
1 4
19 19 10 13 2 19 8 13 18 7 15 10 7 6 16 1 17 1 2 12
0
9 9 5 3 15 13 8 14 8 16
2 12 10
19 2 9 17 12 5 16 6 16 17 7 1 5 11 12 4 10 2 6 11
17 4 11 17 13 18 15 13 6 17 2 2 18 13 10 6 13 17
10 1 14 19 5 18 12 8 18 17 16
20 14 19 10 4 18 17 4 16 18 13 13 14 1 11 16 17 2 19 15 1
5 8 19 18 4 10
16 14 6 17 8 2 2 18 16 19 10 9 10 7 2 18 2
6 6 7 3 19 2 10
19 17 11 9 17 18 13 4 14 8 10 17 5 10 18 16 18 9 15 19
9 16 19 4 17 12 15 1 18 19
11 8 1 3 2 15 7 3 14 18 13 19
16 8 11 9 19 3 8 8 12 2 19 2 19 3 2 1 3
12 1 13 4 1 3 15 8 9 4 4 5 15
17 12 17 15 16 3 5 18 2 18 12 9 3 5 17 6 15 4
2 1 8
13 2 18 15 19 18 1 15 17 18 17 17 12 17
7 19 11 8 14 1 15 19
10 16 9 14 11 17 18 17 7 8 17
14 8 5 16 2 12 12 14 10 4 1 4 14 15 8
3 18 2 15
18 9 10 14 7 9 10 14 6 10 11 9 14 6 11 9 10 14 10
16 13 5 18 13 8 6 11 5 13 15 10 12 15 17 6 8
18 13 12 4 3 7 18 2 6 13 16 7 18 7 15 10 6 15 2
8 7 5 2 10 19 9 3 9
4 4 16 10 4
50
15 7 7 15 5 10 13 12 5 13 12 10 5 10 15 10
1 9
14 16 10 7 2 7 1 7 18 11 14 14 17 18 17
1 8
12 16 12 14 2 3 16 17 15 18 8 11 6
12 18 9 9 11 9 10 10 12 8 12 10 10
10 9 16 12 6 17 3 11 6 8 6
0
0
2 17 5
14 14 12 6 12 15 6 1 11 17 17 2 15 9 11
16 17 7 9 17 9 6 4 18 14 9 12 16 10 3 12 16
8 15 7 12 10 14 15 10 15
0
7 4 1 2 11 6 19 2
1 8
4 8 14 10 8
20 2 2 7 17 1 15 14 14 15 15 1 13 19 11 18 10 1 10 7 1
1 19
3 14 5 1
6 3 6 14 8 11 15
2 6 2
17 10 5 10 10 1 4 2 14 13 9 11 4 16 9 10 14 6
4 5 17 8 12
19 19 12 12 16 13 7 19 18 9 6 15 16 13 7 14 3 1 11 11
5 15 4 12 4 2
12 6 17 2 12 12 5 15 11 12 11 3 4
10 19 15 10 2 17 5 5 14 5 14
6 8 6 1 3 9 10
2 3 5
9 18 10 7 7 18 12 11 3 7
9 5 17 1 18 3 15 7 6 17
7 15 13 16 1 3 3 16
1 11
13 8 13 12 16 10 6 5 12 4 10 12 12 6
7 7 19 13 6 8 1 5
3 2 10 9
1 9
14 3 8 7 3 5 6 13 16 16 11 1 11 9 1
3 10 8 10
12 19 17 15 15 7 17 9 13 4 12 11 1
9 10 9 4 5 3 6 13 15 15
0
16 7 16 17 5 9 18 19 11 3 8 17 12 4 16 12 11
9 19 18 16 16 10 6 14 12 17
5 8 12 3 10 15
14 5 10 4 5 5 13 15 1 13 4 3 7 2 2
10 15 9 12 3 15 19 5 10 13 15
6 12 7 1 1 15 2
19 13 4 4 6 7 8 7 6 1 6 9 16 16 18 7 3 18 4 10
50
12 17 1 12 13 6 6 4 10 3 13 13 8
17 14 13 9 10 8 2 1 1 12 5 5 1 19 9 11 1 2
3 14 4 7
4 9 19 3 2
11 19 18 15 13 11 15 11 19 11 2 7
2 18 10
15 14 17 16 19 16 16 12 15 3 10 8 4 12 16 13
13 1 7 11 5 2 1 18 3 4 19 16 8 15
14 13 12 4 10 14 1 4 7 15 4 6 2 13 5
16 17 3 3 3 8 17 12 8 19 19 8 19 7 9 15 9
13 15 13 3 12 14 1 5 1 12 11 4 6 12
20 19 19 4 4 11 11 10 19 2 8 11 11 10 4 6 11 3 16 12 1
15 6 19 7 17 12 4 9 19 13 2 4 1 6 9 6
11 10 18 7 2 3 12 1 2 12 16 15
18 11 1 13 5 19 10 14 7 5 18 3 7 10 7 4 7 12 6
12 12 13 5 9 17 9 7 5 7 11 14 5
9 18 12 10 3 4 6 7 16 19
3 5 13 5
5 4 3 18 4 3
6 3 3 14 13 16 16
17 10 9 9 1 14 11 3 18 9 15 5 18 5 6 17 19 12
14 7 17 2 19 15 13 16 11 4 13 12 14 8 7
20 16 19 19 17 13 5 14 12 18 18 14 17 11 5 10 14 11 19 8 3
6 18 8 18 15 3 3
11 3 9 5 11 19 2 7 7 2 1 11
18 11 4 1 14 10 19 18 2 15 9 9 1 18 4 8 11 11 13
0
14 12 15 8 18 2 1 16 1 2 5 11 4 8 11
5 19 12 5 12 15
18 17 8 9 3 12 18 4 7 12 15 5 1 1 9 12 3 13 7
20 12 13 2 15 10 10 10 5 10 10 15 5 18 7 5 10 10 10 18 2
0
19 10 5 4 2 19 2 9 6 13 9 18 19 5 12 12 3 6 13 4
10 15 15 3 6 4 4 2 2 12 12
18 18 5 12 3 15 16 19 5 15 14 16 12 10 14 14 13 7 2
6 15 18 16 18 7 6
2 2 5
18 19 4 9 12 8 4 8 12 9 9 3 3 14 13 3 9 2 13
18 11 17 4 14 2 8 8 6 3 2 18 5 12 6 19 17 13 2
13 4 15 19 9 9 8 15 16 12 12 14 4 16
12 3 18 4 8 19 9 16 18 9 11 2 5
12 2 2 10 7 10 15 14 19 10 19 1 12
11 11 1 9 8 5 7 9 12 12 19 19
7 16 16 10 17 1 10 2
12 4 16 4 16 4 10 10 10 10 16 2 18
0
12 9 14 16 12 7 6 8 18 13 4 14 3
9 8 15 11 11 16 2 13 10 16
1 11
13 12 10 10 10 10 10 11 10 10 9 11 10 9
50
18 6 16 1 12 15 18 19 17 14 1 9 4 8 9 6 1 10 15
11 2 9 3 2 3 19 2 19 7 17 1
4 19 14 9 8
20 19 18 18 12 14 1 14 17 1 15 18 1 17 13 19 19 10 1 5 14
3 2 4 12
7 7 12 15 10 6 1 19
9 18 19 6 7 7 13 15 1 7
17 18 8 8 7 10 14 14 14 4 18 12 14 14 6 12 14 16
18 17 17 12 17 12 1 14 15 14 9 12 3 7 18 13 7 5 7
14 5 10 12 7 11 6 15 7 5 15 4 16 8 4
13 10 15 6 14 11 16 9 13 11 17 4 1 19
20 4 7 9 11 6 8 19 15 15 7 13 6 14 18 8 1 17 12 19 3
17 7 10 10 13 7 13 7 10 10 10 13 7 10 10 13 7 10
14 17 11 9 2 1 5 1 18 14 16 4 7 18 4
0
10 1 19 14 1 12 15 5 4 6 19
13 10 4 15 9 4 15 19 11 6 16 10 3 16
10 1 14 3 15 5 2 16 9 19 11
20 8 1 6 6 14 2 6 2 19 11 13 12 17 8 17 6 18 12 18 9
14 5 10 6 15 14 3 6 14 8 12 9 17 2 6
3 4 16 8
8 9 13 11 14 9 14 16 13
3 3 19 11
2 5 15
18 10 18 9 18 14 1 1 4 2 9 7 13 9 5 15 3 1 6
11 6 6 16 13 11 7 15 13 10 5 10
12 6 19 10 13 5 3 8 19 12 11 13 19
14 3 13 15 14 7 9 12 16 8 17 16 11 6 8
7 3 18 13 10 2 17 5
18 10 19 3 13 11 14 5 16 7 8 14 5 9 6 17 11 11 7
5 16 18 19 14 7
17 13 5 5 9 2 10 17 19 5 6 4 11 2 14 17 14 6
2 1 16
14 3 1 19 10 1 18 18 16 2 16 3 17 1 17
2 4 13
1 14
12 13 11 7 6 5 8 11 1 5 13 7 19
2 15 17
3 12 19 4
10 12 7 17 1 15 17 8 13 12 14
17 15 5 13 12 6 3 3 16 16 5 11 5 16 13 9 1 11
2 12 11
20 13 12 8 12 8 13 7 10 10 10 13 7 10 12 8 12 10 8 12 10
11 15 19 13 18 16 8 12 13 15 8 5
20 7 8 11 2 13 3 16 18 10 14 17 12 10 18 13 8 16 9 3 12
7 8 15 2 7 11 7 5
0
19 3 2 4 14 10 16 18 13 14 3 13 6 13 3 1 1 10 2 4
2 1 7
13 9 2 19 8 9 19 9 19 3 19 3 10 6
50
3 13 7 14
0
6 16 13 17 5 19 9
3 1 8 5
10 13 4 1 17 13 7 10 10 17 14
10 8 2 18 1 16 6 15 9 11 13
14 11 9 3 13 6 3 1 13 2 17 13 6 6 2
14 9 9 7 12 12 10 14 12 9 8 11 2 7 8
8 18 10 9 9 16 3 7 5
4 18 11 12 1
1 13
5 12 18 4 4 1
20 14 12 16 17 11 16 13 1 13 3 7 17 14 6 6 7 8 13 17 10
5 17 9 17 15 1
17 10 14 14 9 16 1 9 16 11 5 14 1 5 13 16 16 1
3 4 5 14
10 3 11 13 6 19 2 19 13 15 18
17 1 13 19 13 16 10 18 5 5 1 1 12 6 2 12 12 10
14 5 14 7 12 6 17 16 10 14 3 10 1 5 2
12 10 6 19 12 10 19 3 3 16 14 14 10
10 16 9 16 19 19 17 19 16 18 10
11 19 18 3 8 8 19 5 2 5 18 12
13 1 19 3 1 8 3 3 11 15 1 19 2 16
8 3 6 16 3 6 7 1 1
10 5 10 12 8 17 10 10 3 12 10
6 18 13 14 9 4 14
5 9 6 12 8 8
18 2 11 10 10 12 13 12 14 16 12 11 2 18 2 7 13 19 17
19 7 14 15 6 2 13 7 13 14 12 1 17 16 7 13 4 9 17 11
10 17 16 13 13 9 18 7 1 15 15
16 5 9 12 4 11 16 7 13 5 17 11 5 2 10 5 14
6 13 17 2 14 5 4
17 13 1 4 16 16 1 1 15 17 17 9 14 3 2 8 12 11
20 10 14 6 8 4 2 18 12 12 7 3 4 4 6 7 9 13 1 14 2
6 17 6 18 2 18 19
20 19 15 13 4 15 3 17 10 11 15 8 3 14 4 1 4 2 16 9 19
1 2
17 8 10 10 10 13 7 10 10 10 10 10 10 10 10 10 10 10
19 15 9 14 10 17 14 13 15 18 12 9 15 5 1 11 9 6 15 8
20 3 7 16 6 1 9 14 11 12 4 11 13 5 7 14 5 16 9 9 6
2 12 17
10 3 14 2 15 10 1 6 5 12 17
3 15 16 5
20 7 6 15 5 1 13 3 7 8 14 7 17 6 16 14 5 14 1 1 19
1 11
17 11 17 18 6 2 12 14 13 11 10 2 18 18 7 12 5 18
7 19 1 16 8 10 1 17
3 14 17 18
19 4 8 6 16 1 19 3 8 2 8 5 19 5 1 10 5 14 6 11
7 10 12 15 16 4 15 1
0
