50
2 1 17
2 8 1
14 9 12 18 12 18 9 3 3 4 17 11 14 6 8
18 18 16 15 5 9 19 2 10 18 17 11 11 2 13 4 9 5 1
7 11 13 7 18 14 2 17
0
7 19 13 18 5 19 4 15
14 18 8 15 17 7 4 11 19 8 11 1 4 6 10
19 6 17 19 14 8 18 9 13 6 8 12 7 1 13 4 14 19 8 17
3 7 2 6
15 4 4 1 7 8 6 13 6 10 13 11 19 15 12 2
3 7 15 4
19 11 11 17 3 11 8 13 16 4 12 19 2 4 14 16 11 17 7 4
7 17 10 18 8 13 5 8
11 3 12 12 8 1 3 18 8 10 13 3
1 4
3 9 14 1
19 13 6 4 13 12 12 5 4 2 18 18 8 8 3 12 10 5 9 11
6 12 10 6 10 10 10
5 4 1 7 19 4
4 15 16 9 16
14 11 2 3 7 15 19 5 1 12 4 2 11 14 4
9 16 14 6 13 7 19 2 19 12
11 3 11 7 8 12 14 19 2 18 15 13
5 2 12 16 13 17
10 19 8 3 9 9 5 4 4 6 13
10 19 8 19 15 11 9 15 9 15 6
5 3 19 12 11 4
0
15 10 19 12 15 4 10 18 14 17 8 4 14 13 9 18
16 4 14 2 1 3 1 18 5 6 1 16 10 16 9 11 13
13 12 6 12 18 6 19 8 8 8 4 18 11 14
6 16 16 1 14 6 10
3 14 10 11
6 4 15 12 1 5 14
16 12 14 19 12 6 11 12 7 18 16 1 19 13 5 19 11
17 19 12 11 1 4 13 10 8 16 13 16 2 2 10 12 16 12
13 5 13 18 2 2 9 2 3 19 19 13 9 6
16 16 15 3 18 16 14 19 11 1 17 3 10 7 9 14 13
17 5 12 5 6 9 11 18 11 11 9 18 15 2 7 1 9 16
10 16 9 6 14 7 12 12 15 3 14
10 13 6 5 2 8 5 13 14 18 2
1 6
10 17 9 4 9 4 18 14 16 11 12
3 11 6 14
1 8
7 15 17 6 15 5 6 1
1 5
15 7 9 1 10 9 14 4 11 3 18 1 5 8 5 6
7 6 1 7 9 13 13 19
50
20 11 6 9 14 16 5 6 12 16 19 5 2 3 12 10 13 2 7 5 12
17 4 18 11 18 8 17 10 2 4 13 16 17 18 14 1 14 5
11 18 9 19 16 1 8 13 10 2 10 19
12 5 4 6 13 12 1 1 17 15 2 4 3
17 11 10 13 4 16 4 13 7 16 7 10 13 4 10 10 16 4
0
8 12 4 11 11 16 8 14 11
6 1 4 10 17 2 10
0
10 4 19 17 4 14 13 3 15 15 7
0
4 1 1 7 17
16 17 10 8 10 2 6 19 9 4 1 9 6 13 5 17 2
10 6 8 10 10 10 12 8 10 10 12
17 17 12 7 4 10 15 4 2 15 6 11 3 13 8 7 9 17
20 1 19 10 10 12 18 7 3 7 12 12 4 5 16 1 9 4 7 17 7
7 19 4 4 1 5 18 16
17 4 1 4 18 6 7 17 12 9 1 15 12 1 2 17 7 2
20 1 4 19 15 1 16 7 17 17 3 8 5 5 11 8 9 7 2 1 9
14 18 16 11 14 6 2 11 7 10 14 7 4 10 8
17 3 3 11 4 11 1 9 1 1 7 12 1 15 7 4 12 12
12 14 9 9 18 17 6 8 10 18 12 10 15
2 16 19
17 13 18 5 6 19 11 1 18 1 14 19 11 1 12 19 9 13
0
19 9 12 8 4 16 4 4 10 16 13 17 13 7 5 2 4 9 14 3
19 12 9 16 1 11 15 18 7 1 15 17 7 18 16 3 19 13 14 2
0
18 11 12 1 14 9 4 5 2 1 5 19 18 1 4 10 4 9 6
17 4 3 7 3 1 13 10 15 16 15 1 4 11 7 15 6 9
20 14 13 11 13 12 5 17 15 13 14 1 3 8 6 13 4 3 18 10 5
14 10 6 11 13 10 10 10 10 7 9 11 13 7 10
2 2 14
1 14
12 6 11 10 18 13 15 15 5 17 9 13 12
2 9 7
19 6 11 8 19 19 6 17 3 18 9 12 1 4 12 11 7 4 7 19
10 16 8 12 15 1 18 7 8 9 13
11 11 7 5 17 3 11 19 12 14 3 16
10 1 18 8 11 2 15 15 1 9 8
20 2 1 5 8 15 17 19 9 13 13 13 7 2 10 19 10 14 18 5 3
4 5 6 11 11
1 15
8 11 6 14 6 14 6 10 14
13 10 3 7 7 1 12 2 4 15 16 12 17 19
13 3 6 8 9 4 8 13 11 6 4 10 12 19
20 13 12 16 3 9 15 10 7 3 9 8 14 1 3 1 2 7 19 9 13
10 10 13 2 9 15 1 4 2 1 19
2 5 9
18 8 3 17 5 9 1 3 11 2 18 16 10 14 14 16 14 17 3
50
0
19 18 8 10 1 7 16 3 11 9 13 1 13 15 10 6 17 7 13 9
16 16 16 7 14 18 16 16 7 17 3 19 9 10 2 11 5
4 7 14 10 10
17 17 9 3 13 19 19 18 2 10 19 8 7 4 2 2 3 6
10 1 8 17 1 7 2 19 15 3 8
19 2 8 1 2 19 5 9 15 13 5 19 4 9 10 8 7 3 15 12
0
17 15 12 3 3 9 18 11 13 4 10 11 14 19 9 9 6 11
15 8 7 2 3 12 11 5 1 3 5 17 11 8 16 6
1 10
14 6 1 7 19 10 13 5 6 18 5 15 14 9 11
13 19 2 8 15 15 6 17 12 1 17 18 12 19
6 16 10 7 7 8 10
9 8 4 12 17 1 14 15 16 6
9 8 6 5 9 9 6 2 12 1
6 8 16 4 14 6 10
0
20 16 14 4 11 18 2 19 9 14 18 18 18 10 15 7 6 18 2 2 17
15 2 16 11 6 4 1 8 8 18 17 10 5 2 2 13
17 10 15 2 16 3 14 19 14 6 13 4 8 3 4 12 15 19
18 17 12 19 17 5 1 6 16 13 19 5 13 6 11 3 16 14 4
3 4 12 3
7 16 8 17 4 16 3 4
9 5 8 2 16 18 18 11 9 8
10 16 17 19 5 6 12 5 11 7 9
11 9 18 5 6 17 10 10 11 11 12 19
16 3 6 7 10 1 6 17 16 9 17 14 12 16 6 14 6
2 5 3
4 9 18 17 6
4 14 1 7 5
2 17 17
5 12 15 11 2 13
5 3 12 17 6 3
6 4 6 12 11 17 1
14 17 10 14 2 4 10 16 5 16 12 6 11 7 16
2 9 12
0
17 14 2 19 5 13 19 11 13 1 16 8 9 7 1 4 3 5
5 5 1 1 11 13
4 4 15 3 12
3 19 12 18
2 14 3
7 18 15 7 13 9 3 13
5 6 3 13 18 18
6 10 7 3 5 16 15
2 14 10
14 14 14 4 19 14 10 14 18 15 10 7 4 14 4
10 15 12 18 10 7 14 4 4 8 19
17 6 19 18 7 10 11 8 1 12 8 5 5 15 8 16 8 15
50
20 19 11 8 8 4 7 3 18 5 12 6 3 14 17 7 7 14 18 14 6
11 16 13 1 15 7 15 2 6 10 1 2
13 11 16 13 2 16 13 15 5 2 11 19 6 15
5 2 19 8 17 7
19 16 19 3 1 8 4 7 9 4 7 10 11 10 18 10 11 9 19 6
14 6 14 16 9 13 16 6 16 10 10 11 18 1 9
6 9 15 15 2 4 14
2 14 13
2 9 9
6 14 4 12 9 9 15
15 7 17 18 8 2 7 8 10 2 5 10 10 11 17 11
1 19
2 14 13
1 18
8 7 8 5 15 6 9 5 3
15 7 16 16 6 18 2 16 9 13 6 11 19 9 10 6
14 16 17 2 3 7 18 8 11 13 18 13 18 16 17
1 10
15 15 2 18 18 10 3 16 17 7 7 18 18 6 17 7
0
20 18 16 19 1 9 3 19 7 12 1 12 18 7 5 2 16 10 13 6 4
4 17 8 11 15
6 8 18 6 11 1 18
18 14 11 7 7 9 8 6 13 12 17 8 9 13 3 13 7 5 3
9 18 5 7 3 1 4 18 18 10
1 8
13 13 10 1 3 19 14 13 3 9 2 7 17 16
10 4 13 9 2 9 18 16 3 18 14
5 7 17 4 16 14
16 19 9 16 16 3 10 6 16 19 11 17 7 6 5 6 12
17 6 16 13 5 3 11 9 16 18 19 14 17 9 3 17 13 8
13 1 5 14 9 19 10 2 18 11 1 12 11 11
0
9 4 2 11 18 11 7 6 14 10
3 11 7 13
12 14 2 13 16 11 8 3 11 9 13 9 11
19 4 17 7 14 7 11 17 18 14 19 12 17 19 16 7 15 1 14 15
19 4 19 14 17 2 8 14 15 17 1 1 8 6 14 5 9 16 12 18
14 12 17 5 11 10 7 1 12 16 6 19 19 17 11
17 6 10 6 19 19 14 2 12 6 14 16 2 3 1 8 14 14
2 6 19
8 5 10 7 12 15 1 5 13
1 5
15 4 9 2 2 11 2 7 6 8 10 16 15 7 10 16
17 9 1 1 15 16 15 10 11 16 19 5 17 14 11 5 9 16
4 14 8 15 8
3 9 6 12
12 13 8 19 16 9 14 9 3 10 9 15 1
10 8 10 5 18 13 7 3 19 8 6
3 7 4 15
50
10 19 4 14 11 9 18 3 1 5 16
4 10 3 16 19
4 8 2 10 6
11 5 5 17 16 12 16 6 9 1 18 16
6 15 18 4 18 9 15
1 1
9 13 19 10 4 10 3 13 12 6
0
19 10 19 17 11 2 7 19 9 14 9 12 17 11 14 12 15 9 1 13
16 13 3 8 11 5 2 2 16 2 15 15 9 1 2 16 12
16 2 4 19 7 2 16 4 19 3 10 8 16 4 8 10 18
1 11
3 14 1 6
1 1
6 13 5 7 10 12 19
4 5 8 16 8
2 14 3
1 13
13 12 4 6 4 5 5 7 19 13 7 14 8 16
12 5 2 4 12 10 2 2 2 3 12 3 19
17 5 4 2 18 19 17 3 14 6 19 14 19 12 7 7 12 18
15 11 5 19 11 4 5 6 18 13 11 4 17 14 10 18
4 19 8 7 16
6 10 3 6 2 4 14
18 19 10 19 11 1 7 12 13 19 12 2 2 7 3 19 11 1 8
4 11 9 19 16
17 19 7 11 5 6 10 1 9 6 2 11 17 19 2 16 12 16
5 11 15 7 4 3
14 6 10 1 2 12 7 9 8 14 9 4 4 16 8
14 14 17 4 6 19 9 4 9 5 1 14 18 1 19
15 4 10 1 8 11 7 4 14 3 13 6 15 15 14 6
17 11 6 19 13 13 4 3 3 7 2 2 6 5 18 3 19 4
18 18 18 7 12 16 17 19 7 17 19 13 1 15 1 11 1 1 1
20 14 9 10 12 7 5 14 15 14 6 5 17 11 17 1 14 4 17 4 11
8 6 10 16 12 12 11 15 14
4 9 12 3 19
8 6 5 2 13 16 5 2 2
13 16 3 13 14 19 9 1 2 4 13 13 19 8
20 7 17 4 3 2 15 3 4 8 14 15 14 3 2 1 11 5 9 4 10
16 17 18 4 9 4 6 9 6 8 16 19 10 11 15 6 15
0
11 12 18 17 11 8 17 6 1 8 3 5
20 16 11 2 14 6 11 11 1 10 17 14 11 16 18 18 6 15 1 1 8
9 10 11 11 6 10 13 18 3 5
10 15 9 14 6 6 15 15 9 16 19
2 4 10
20 6 11 19 10 9 1 3 6 5 14 2 18 9 16 6 4 19 7 16 13
20 2 3 17 1 13 14 2 15 13 1 11 15 2 1 2 3 15 16 4 6
2 15 10
5 16 11 13 14 18
50
10 8 10 9 11 10 10 10 9 10 10
12 12 8 3 1 19 3 10 2 2 6 8 12
12 4 5 2 3 7 5 12 6 8 18 1 4
5 7 17 17 10 13
8 10 8 7 15 10 5 15 10
14 6 14 15 14 13 3 3 6 18 19 11 4 17 9
14 5 12 3 17 4 16 4 1 4 13 13 10 3 18
14 18 18 14 19 18 9 19 11 13 5 16 14 15 15
5 10 17 12 17 11
9 4 19 2 3 16 1 7 14 13
14 13 11 14 9 1 12 11 15 16 4 15 12 8 11
2 8 3
20 13 17 8 3 4 19 6 4 13 17 18 12 1 13 16 6 9 2 3 19
8 12 10 6 10 10 10 10 14
16 4 4 8 1 3 8 14 18 3 7 4 2 2 18 2 19
2 5 3
16 9 15 14 13 6 14 3 17 13 7 4 19 16 17 19 3
15 1 10 15 6 14 9 12 3 6 14 5 9 5 19 14
19 8 9 10 10 10 11 9 10 11 9 10 10 10 11 10 10 9 10 11
18 8 14 11 9 7 15 17 8 12 16 9 11 18 4 17 14 5 6
14 3 7 2 18 9 7 11 1 2 11 3 11 15 16
2 7 18
2 12 17
5 17 9 9 3 12
3 4 8 17
20 16 14 11 6 12 3 18 9 11 17 8 10 5 17 13 5 10 1 4 9
3 18 18 13
0
14 4 4 9 7 19 15 7 3 19 10 11 17 12 18
17 15 15 16 11 19 7 5 7 3 4 14 6 14 2 19 11 7
12 2 3 13 18 17 3 16 15 3 14 1 5
2 17 10
15 12 19 8 6 15 3 7 5 16 4 1 16 12 5 19
18 15 5 1 15 10 9 14 17 10 8 4 2 7 13 9 14 18 13
7 11 3 5 6 15 7 5
20 9 9 19 10 13 9 2 11 14 18 11 1 5 15 11 2 12 9 3 18
13 18 8 2 2 1 6 14 2 18 8 12 4 1
18 8 18 12 8 7 16 18 6 10 14 19 19 4 9 6 10 14 13
0
8 9 18 9 15 2 12 9 16
12 13 5 10 14 16 13 18 19 1 9 2 9
14 19 14 17 10 6 5 12 9 1 12 10 17 9 6
16 1 4 18 19 2 2 3 11 1 4 13 4 7 5 5 3
3 11 8 5
0
4 11 10 6 6
19 9 13 9 1 9 19 19 2 1 5 18 3 4 4 5 12 10 2 7
15 13 5 1 9 5 1 18 19 9 8 5 18 5 7 9
15 15 2 2 1 3 14 1 14 15 17 5 9 2 15 13
5 8 16 11 5 11
50
16 6 8 11 5 14 13 1 13 18 12 2 15 7 2 12 10
20 18 18 11 10 11 10 18 19 4 16 1 4 16 2 15 13 10 12 5 10
11 12 15 3 18 1 15 7 7 18 10 1
18 9 5 11 4 11 12 2 8 18 19 16 7 17 1 2 9 11 4
0
5 3 8 1 19 4
6 17 17 8 9 11 1
20 12 11 19 10 18 11 14 18 4 18 4 8 9 5 1 19 1 4 7 9
13 16 5 10 13 10 10 12 8 12 8 10 10 7
4 15 10 6 19
5 2 7 5 1 5
16 5 12 18 4 8 17 3 1 13 13 8 18 15 6 2 5
6 19 18 1 1 11 3
10 10 2 8 18 13 2 13 18 12 13
13 17 7 19 11 5 6 7 19 18 12 15 19 6
1 16
1 15
3 5 6 6
4 6 6 3 8
5 18 6 5 15 16
9 4 5 13 16 5 1 14 3 15
3 15 14 5
14 5 16 11 9 10 1 12 17 9 1 3 9 16 8
6 7 1 2 10 16 17
3 16 11 1
9 15 15 11 3 3 3 10 5 1
15 2 8 13 6 16 10 14 1 18 17 15 13 17 2 19
3 19 1 2
15 4 16 9 12 3 4 12 3 7 11 5 3 1 19 12
3 10 6 5
8 14 3 4 7 9 5 9 13
18 6 11 13 12 5 17 5 9 15 1 1 4 18 10 9 2 9 14
12 10 16 12 16 4 14 5 19 15 3 16 19
2 2 15
19 9 5 12 7 15 13 18 3 1 19 3 2 11 11 7 3 19 2 4
11 4 11 16 5 8 13 5 8 9 14 11
18 18 11 17 17 19 5 9 3 6 14 11 6 18 7 8 2 16 14
13 17 2 11 4 6 7 8 1 18 19 7 19 8
14 4 17 3 19 13 8 10 3 14 18 9 10 11 19
7 16 4 16 18 6 10 1
12 14 8 10 6 13 7 17 6 11 10 9 11
19 16 16 8 10 4 5 11 11 13 7 19 16 6 1 1 13 17 11 5
2 14 19
8 13 9 12 7 6 8 16 6
2 13 8
8 13 2 1 19 13 1 16 6
0
12 19 12 13 8 5 10 18 10 17 9 17 5
1 11
0
50
20 9 7 6 19 4 6 14 9 2 15 11 16 15 1 18 15 8 14 17 11
17 12 1 2 18 3 11 5 4 10 11 16 6 2 17 15 12 7
18 1 11 7 15 10 6 5 2 8 19 18 13 3 4 15 13 14 5
5 10 1 11 8 11
7 11 17 7 13 16 12 4
18 6 3 16 8 1 9 10 12 11 5 1 1 16 17 7 9 1 4
4 17 10 18 14
7 2 2 18 14 7 16 14
0
7 4 11 9 5 12 2 14
16 3 7 2 15 16 1 9 4 10 17 4 9 16 5 1 12
16 16 4 16 4 2 13 1 3 9 3 13 5 7 11 13 11
16 3 6 12 13 19 12 15 6 17 3 8 7 13 17 7 18
10 15 1 7 15 8 8 19 11 11 18
0
8 7 9 11 2 14 2 1 19
1 17
9 1 10 13 3 5 1 14 9 4
20 3 2 4 16 17 15 13 18 4 2 2 17 8 15 5 17 3 1 3 1
8 4 7 3 1 11 6 10 19
2 2 6
14 10 7 11 16 5 2 5 10 14 2 7 17 10 16
17 7 10 10 9 11 10 9 11 10 10 10 9 10 11 9 11 10
20 7 9 18 14 6 6 19 15 13 6 12 13 18 15 18 11 11 12 7 7
15 15 12 10 10 3 12 3 9 13 11 12 13 3 16 7
6 7 11 5 8 18 3
5 1 15 17 16 4
4 17 19 10 15
5 18 7 18 11 9
20 9 13 6 4 8 10 17 13 10 1 3 5 13 2 6 13 11 18 11 14
7 3 8 6 13 4 1 5
0
11 8 5 10 1 12 13 12 2 18 8 9
12 14 19 4 7 5 16 8 4 11 1 11 1
19 1 10 5 19 4 16 12 4 19 9 3 16 16 14 1 16 10 12 19
2 2 10
20 17 7 19 3 13 2 17 8 5 8 3 17 7 1 18 5 14 10 3 16
7 8 9 13 8 9 13 10
3 15 13 14
11 6 6 7 2 9 6 17 12 1 1 11
0
1 2
1 14
11 5 7 7 7 19 5 8 14 3 5 14
17 7 11 1 3 9 15 1 5 18 10 7 16 10 10 17 9 17
8 12 10 10 10 10 10 10 10
18 13 18 11 14 19 9 19 13 9 2 10 13 6 4 17 1 19 13
1 19
5 1 14 13 19 2
10 3 10 3 19 14 2 8 3 9 16
50
12 11 10 1 13 13 5 16 12 11 8 2 19
10 4 10 10 14 6 10 12 10 12 10
10 15 15 4 11 16 9 17 7 10 16
11 2 8 1 9 13 10 19 6 7 16 11
0
0
12 4 13 12 1 1 1 14 5 16 11 12 6
1 12
14 18 3 19 13 19 1 5 10 11 16 13 2 14 10
13 14 11 6 18 8 15 9 11 10 3 13 11 9
3 6 6 9
16 13 1 9 19 15 14 12 16 16 17 6 10 10 18 14 12
16 4 17 5 5 14 1 13 10 12 18 7 10 7 8 17 7
1 4
16 10 7 9 4 19 13 18 7 4 19 3 15 10 13 18 14
15 8 5 4 17 14 4 3 15 7 13 17 7 18 11 19
0
8 6 9 6 15 15 8 12 13
4 11 7 14 14
3 17 6 6
20 14 13 5 7 6 18 4 5 19 19 14 4 10 17 2 17 16 18 12 13
7 2 19 9 19 1 9 12
6 11 18 9 4 17 7
10 17 17 7 19 2 6 8 4 17 5
19 15 15 5 5 10 8 16 12 12 12 6 3 9 4 7 11 15 4 1
5 12 5 15 12 11
8 17 19 11 13 4 15 13 10
15 17 16 11 13 11 11 13 18 19 10 10 14 4 19 7
19 12 10 6 14 5 18 4 17 4 5 5 18 19 9 12 6 12 6 3
20 14 5 12 7 15 18 13 5 3 2 7 16 12 17 11 10 19 9 10 18
7 14 4 11 4 18 11 4
4 16 15 7 1
1 7
3 1 14 4
20 11 18 18 5 16 14 17 13 4 7 5 17 18 14 5 14 9 14 6 10
10 14 8 8 19 1 7 8 3 1 6
8 3 1 19 12 15 3 13 3
20 2 9 4 2 19 2 14 4 11 8 11 19 15 6 4 14 19 1 8 4
10 6 7 17 12 2 16 4 12 19 9
6 14 11 10 10 9 11
16 8 7 7 12 1 16 1 4 10 19 15 11 11 4 8 18
4 8 4 6 14
9 8 4 7 11 3 5 17 17 12
16 12 6 4 15 11 15 15 12 11 5 10 18 17 11 12 6
20 6 1 10 8 11 9 4 6 15 12 9 11 12 10 18 11 19 17 17 3
12 15 5 9 11 4 4 4 16 13 5 3 1
2 3 3
7 8 15 16 5 3 15 1
3 9 6 7
4 19 18 10 19
50
10 15 14 10 5 15 5 11 10 10 14
9 17 12 10 13 7 8 12 6 11
18 5 14 5 1 1 18 5 8 1 15 4 9 8 12 5 4 1 2
20 19 15 13 8 15 13 14 4 1 16 15 11 17 7 6 15 18 15 7 8
3 2 12 1
6 8 10 10 10 10 10
7 5 15 1 3 5 4 5
2 18 18
2 5 19
3 13 13 4
13 10 3 1 2 10 11 7 13 11 17 5 18 19
9 14 1 17 19 19 6 12 12 12
16 14 12 8 8 10 10 10 12 12 6 10 14 8 8 14 10
16 10 19 1 13 1 5 14 11 4 8 8 17 11 5 6 6
14 13 7 13 17 11 2 7 6 14 6 8 4 15 5
6 5 17 1 12 18 9
13 4 16 3 15 1 2 7 13 5 12 9 16 8
17 12 12 1 11 13 5 1 19 13 9 9 16 15 8 18 18 7
0
4 8 10 10 10
4 16 7 13 6
9 4 1 19 1 2 17 8 19 16
18 8 9 9 5 2 11 9 18 2 4 7 11 12 11 4 10 12 15
9 2 5 19 4 1 4 14 9 7
0
1 16
14 15 18 6 5 7 6 9 19 19 4 1 11 19 8
0
0
17 16 5 7 2 13 16 8 5 7 11 2 1 9 14 10 16 11
16 19 2 2 10 4 8 1 15 18 9 9 6 15 11 16 7
3 12 1 7
16 6 9 8 9 10 3 5 14 8 12 16 3 8 6 17 11
18 5 3 10 15 14 4 6 8 5 2 2 14 19 1 15 19 2 18
0
9 2 12 8 3 19 1 5 4 15
9 11 6 14 2 19 2 18 13 13
16 14 5 18 11 16 10 11 10 18 11 17 3 17 1 2 18
2 1 14
7 19 10 13 19 1 15 1
13 7 18 17 2 11 5 15 4 1 19 12 19 9
15 15 10 2 18 4 8 12 10 16 2 12 10 16 4 10
19 1 13 17 16 15 9 19 17 2 15 1 1 17 15 2 7 3 17 8
3 6 3 17
12 3 18 5 15 6 19 4 9 5 18 8 6
0
2 13 2
18 16 8 8 11 2 9 14 9 13 2 8 15 7 18 2 5 18 1
7 2 17 4 16 18 17 9
7 8 2 10 16 14 4 6
0
