50
5 12 15 6 10 5
7 10 13 18 10 10 6 19
13 11 1 8 10 18 12 6 19 16 19 14 10 15
5 10 2 4 15 12
12 10 1 8 10 10 2 15 14 10 16 3 9
20 3 4 10 8 5 11 10 14 16 13 11 11 9 18 8 2 6 1 8 13
1 5
2 6 7
11 19 10 12 4 15 18 14 7 15 11 3
17 2 9 15 14 6 18 6 6 18 10 2 8 4 14 16 14 4
5 7 15 13 3 18
5 6 19 13 5 9
3 17 19 19
0
16 19 12 16 15 18 16 8 18 15 15 16 19 5 11 5 1
3 3 10 5
19 7 6 1 9 17 12 5 8 15 10 17 9 8 16 18 11 15 1 1
9 9 14 10 16 18 17 5 18 19
15 3 10 10 16 4 10 16 10 4 16 4 10 16 4 16
3 4 1 11
4 8 15 6 11
8 14 3 6 4 10 2 19 16
11 8 3 2 1 19 1 3 7 4 2 13
12 19 18 5 19 6 14 19 7 10 3 12 3
0
20 1 2 17 18 12 8 10 8 11 17 6 15 12 7 11 6 19 9 16 19
10 11 9 14 17 1 16 10 16 10 2
12 10 10 10 16 10 6 14 6 8 16 4 16
6 9 10 10 14 10 6
9 18 8 4 9 17 12 15 8 1
8 14 9 18 17 18 7 18 16
4 2 7 10 10
9 13 13 13 11 1 1 8 10 3
14 4 16 2 8 12 2 3 16 7 13 1 3 19 11
12 1 19 11 12 13 7 1 2 19 15 8 1
4 14 3 12 2
19 8 5 14 1 17 18 8 17 19 1 15 12 13 19 14 5 18 18 12
18 8 19 11 5 11 10 8 4 7 1 9 11 16 6 15 9 3 6
5 8 7 7 19 10
7 4 16 10 9 7 15 8
14 15 16 2 18 6 4 16 18 11 1 18 14 4 8
20 11 17 3 6 2 14 1 3 10 6 6 8 1 5 3 6 4 5 2 8
7 7 12 17 8 12 6 1
16 9 13 6 5 6 10 9 17 4 16 12 19 19 14 2 12
18 6 7 5 10 18 8 7 12 10 6 9 19 4 5 2 4 13 17
13 8 10 12 16 5 2 5 9 4 11 19 5 8
11 7 5 6 19 12 1 7 16 11 5 15
5 5 15 5 16 18
19 2 12 13 9 18 2 15 10 1 15 1 13 10 2 11 17 10 2 2
5 9 19 3 11 16
50
12 1 14 14 14 6 9 12 18 4 19 19 13
19 1 1 3 18 13 8 14 12 5 2 7 11 3 6 1 9 13 1 2
2 7 14
1 18
4 14 15 12 1
19 3 13 15 19 5 9 18 19 3 10 6 11 2 6 14 8 1 5 11
1 10
16 2 6 3 7 12 3 11 7 15 12 11 17 12 15 19 6
16 10 9 15 8 9 7 17 18 1 1 4 8 18 19 5 19
13 2 10 14 1 5 7 17 15 1 19 14 8 19
18 6 7 14 19 7 13 2 8 10 3 7 19 4 2 4 15 3 16
5 14 15 13 6 7
10 3 9 18 18 11 15 1 15 14 14
3 18 13 8
0
13 14 3 11 13 4 14 11 19 4 6 16 6 19
12 18 13 12 18 15 9 14 2 8 1 10 6
0
13 19 4 13 11 3 10 10 12 10 2 7 15 12
11 17 5 18 6 3 6 3 6 8 9 16
2 12 11
18 12 14 3 4 7 16 16 12 3 7 8 4 14 17 3 7 2 3
16 8 2 14 18 18 15 5 1 7 13 15 5 6 6 19 3
4 18 3 6 18
19 3 3 10 9 12 18 9 5 15 12 18 12 3 13 5 1 10 1 15
7 15 10 10 10 10 10 10
6 19 16 4 13 11 3
7 19 7 6 17 4 2 11
7 19 17 17 2 10 11 19
15 16 6 15 4 6 10 8 17 13 18 7 13 12 6 8
5 13 14 5 15 1
4 7 16 18 12
4 14 17 14 11
10 8 5 14 3 10 14 19 11 14 12
0
13 8 16 9 12 4 3 1 14 9 19 16 4 19
6 15 6 3 16 13 2
17 11 13 7 19 15 1 16 1 5 15 19 6 14 15 11 5 15
12 14 19 15 8 3 15 8 16 9 9 16 10
12 2 6 2 4 9 18 12 4 3 1 15 6
8 3 11 4 13 11 19 17 18
15 2 13 9 14 9 8 12 9 16 5 2 14 13 12 15
0
18 10 4 12 19 13 14 10 4 19 6 9 6 7 4 2 15 5 1
8 1 6 2 1 4 16 12 13
13 15 1 19 12 16 4 10 13 16 2 15 4 18
7 7 15 17 11 5 14 14
8 19 15 1 6 19 13 9 9
3 9 2 7
2 3 14
50
11 2 5 6 6 6 9 7 11 5 12 13
12 14 15 6 3 10 19 16 8 14 8 6 6
9 12 8 11 13 17 5 19 8 18
16 15 2 4 15 11 18 16 2 16 2 16 17 18 14 2 9
2 5 15
9 14 8 1 1 6 9 13 14 8
12 10 2 12 17 13 14 17 15 16 3 15 15
4 7 18 3 3
17 7 9 16 15 11 19 19 19 8 12 18 5 8 16 15 18 14
13 3 16 16 3 4 5 12 15 4 14 6 6 9
13 13 11 17 16 8 18 16 19 8 12 1 11 4
0
2 19 14
5 10 16 12 14 16
8 19 1 19 13 8 3 18 16
17 18 2 19 1 14 6 1 11 10 10 1 5 17 3 16 7 3
18 6 11 14 17 16 17 8 15 13 9 7 4 3 3 8 12 8 18
15 18 12 14 10 1 19 19 12 7 9 7 16 5 11 5
6 1 6 18 18 19 1
3 3 13 3
1 19
8 11 16 13 4 17 15 14 12
18 12 4 13 9 15 4 7 13 17 7 9 4 13 18 18 1 11 12
13 18 8 10 18 10 7 5 12 14 18 1 9 16
8 13 5 9 4 19 8 16 10
17 15 15 10 10 13 2 7 17 14 11 2 17 13 18 12 16 4
12 19 8 14 18 14 12 10 4 4 8 13 3
18 13 19 12 14 5 15 14 6 16 15 17 5 16 12 11 8 13 19
3 14 1 19
9 2 18 13 3 5 10 16 3 11
18 3 11 1 16 2 17 5 1 9 12 7 14 8 9 10 7 13 3
9 6 12 11 7 9 13 1 3 18
9 8 15 18 17 5 3 15 6 13
4 3 2 10 11
15 19 11 17 3 12 6 16 2 7 19 15 3 8 1 11
13 15 8 14 5 7 6 18 18 5 11 9 19 12
0
10 11 16 18 1 10 16 16 18 6 1
10 12 8 19 2 15 17 17 14 2 8
11 5 9 17 2 17 4 7 3 14 15 12
7 19 16 14 13 1 9 3
0
17 14 1 11 17 15 17 12 3 12 16 10 15 17 2 8 11 18
0
1 6
15 16 14 11 6 6 15 18 4 16 14 8 15 6 17 14
20 13 3 6 15 7 2 8 8 1 7 16 12 4 8 15 13 10 14 15 16
8 15 2 13 14 1 15 6 12
15 6 19 4 4 17 10 14 6 5 7 8 8 11 13 17
2 10 2
50
8 8 1 1 19 12 15 14 2
19 3 8 6 17 8 4 9 3 3 7 16 19 5 16 19 11 16 13 2
17 2 4 3 19 6 19 13 12 6 4 16 16 7 13 12 6 16
10 16 6 5 12 6 17 19 17 8 7
0
12 10 3 3 3 12 18 5 4 9 17 18 5
20 9 14 7 2 8 6 17 17 5 9 9 7 14 11 18 15 19 12 19 10
6 15 12 10 7 7 19
3 11 5 10
17 14 13 7 1 11 8 15 3 10 8 15 5 3 17 9 14 18
14 8 10 14 5 4 17 2 5 6 17 16 4 18 15
17 7 14 16 17 12 7 5 10 14 5 18 16 6 12 6 16 17
17 9 15 9 13 18 5 18 14 12 3 8 2 2 7 15 11 14
10 6 13 2 12 15 11 4 19 10 2
2 2 6
5 5 13 7 1 13
20 11 13 8 2 7 16 11 15 17 10 11 6 14 16 13 3 15 17 16 3
11 3 12 12 17 9 1 6 1 10 15 3
15 12 8 19 6 8 7 11 5 1 4 6 13 2 3 19
14 9 17 2 16 17 17 17 8 16 6 19 9 11 3
14 14 10 19 8 13 2 9 4 19 17 3 5 13 15
9 12 12 7 18 14 13 14 7 3
18 18 11 13 9 18 12 8 4 6 6 19 9 16 5 3 13 17 6
20 15 10 3 1 12 16 13 7 4 9 16 1 17 11 15 8 7 14 17 1
8 6 6 18 11 8 17 11 7
13 18 10 4 19 6 4 9 7 14 8 1 18 1
16 11 19 4 9 13 16 11 9 1 1 18 10 13 14 5 8
7 15 19 18 12 5 1 5
5 10 3 5 14 7
4 3 6 3 16
13 1 2 10 2 7 1 16 6 5 9 1 15 10
19 7 18 10 2 11 9 11 17 10 2 11 9 11 10 17 3 17 10 3
14 9 13 19 15 15 6 9 1 1 3 12 17 3 1
18 13 4 11 14 14 10 17 12 9 13 14 15 19 1 14 3 6 7
14 13 12 10 7 2 15 10 18 8 3 2 12 13 3
8 4 8 5 14 5 5 2 12
11 19 13 17 15 17 6 7 3 10 15 4
7 17 5 11 19 8 3 9
6 10 13 2 13 4 1
4 13 11 9 14
17 19 16 11 16 19 6 8 13 15 5 8 15 9 12 12 8 4
4 15 11 9 10
6 6 7 7 16 11 13
1 6
15 6 13 10 16 4 12 6 13 8 11 6 14 17 7 7
11 19 9 12 14 1 1 18 13 14 5 2
4 10 11 2 15
5 19 1 10 16 3
13 12 14 13 13 12 13 16 16 4 10 19 7 16
10 10 15 8 17 10 7 16 19 9 16
50
2 4 14
1 14
8 18 14 2 16 16 16 12 17
5 9 9 1 2 17
10 14 2 12 6 16 3 9 2 8 17
6 18 17 11 3 2 16
9 13 6 10 16 6 8 14 15 19
13 16 6 19 2 12 3 8 16 12 3 3 2 12
9 13 16 8 2 16 11 14 3 7
3 3 15 11
20 5 3 8 9 13 9 9 4 8 7 10 5 1 1 17 9 10 3 8 16
9 12 13 18 11 10 2 9 6 11
11 16 14 11 19 10 14 10 19 14 11 8
12 15 4 11 16 18 14 14 10 10 16 7 11
20 13 5 6 8 1 18 16 16 4 11 13 5 1 1 1 16 2 14 14 5
3 18 18 17
11 17 3 15 12 18 19 14 11 18 12 13
15 18 17 19 8 4 8 3 8 1 12 5 4 11 11 3
3 9 14 14
14 8 8 9 2 5 4 17 15 6 8 3 13 4 15
6 7 16 16 13 18 1
13 13 1 13 10 9 10 10 14 17 12 1 9 4
4 5 2 19 3
1 8
8 13 13 11 19 3 5 4 10
13 16 2 6 10 11 19 6 8 3 19 17 10 5
3 15 10 8
8 5 10 11 17 1 19 17 15
0
5 4 11 13 3 8
12 4 2 10 16 16 6 4 19 7 19 8 13
10 16 16 15 13 18 12 6 12 14 18
15 5 3 17 7 15 6 1 16 16 5 3 10 19 19 13
15 15 10 2 11 17 2 12 15 9 9 13 1 14 13 4
5 6 12 10 10 10
7 18 8 16 5 10 1 5
15 4 3 16 11 17 2 14 2 4 13 10 2 12 1 8
17 19 2 9 11 4 8 13 14 6 10 9 13 9 9 9 16 10
8 16 2 10 13 5 14 9 16
19 16 6 17 5 9 14 5 9 15 3 19 3 4 14 8 6 1 12 8
20 14 15 5 15 4 1 19 18 7 3 13 16 2 1 18 2 19 16 4 19
4 2 14 4 11
7 16 13 7 12 11 8 1
6 3 19 9 11 7 11
8 18 4 7 3 5 11 4 14
18 8 1 2 13 15 8 4 8 10 15 18 19 16 3 7 7 11 3
2 6 6
17 1 3 19 16 17 1 18 13 9 9 6 6 18 7 14 17 10
9 9 13 12 17 3 7 2 8 3
8 3 8 13 14 6 19 9 17
50
11 5 11 19 10 5 3 17 4 13 8 7
3 6 3 9
5 1 13 7 5 14
17 5 17 3 6 3 19 17 7 13 3 14 3 18 19 4 4 16
5 12 4 18 14 9
20 15 19 12 5 1 3 6 19 1 5 4 19 7 18 6 12 12 3 5 18
11 7 1 6 1 15 19 17 8 16 19 17
17 9 17 2 18 17 10 11 7 15 2 11 5 12 14 4 14 5
18 3 6 11 13 17 15 11 14 16 13 8 14 10 1 17 16 12 3
2 4 11
11 16 12 1 9 13 17 1 15 7 3 2
7 12 3 17 2 12 14 19
8 2 18 2 18 10 2 18 2
20 3 1 1 16 13 19 10 19 5 12 5 15 7 11 12 19 10 18 10 17
3 13 19 13
7 12 8 2 17 4 8 17
20 9 10 5 3 4 13 14 18 17 13 4 15 5 12 9 9 17 7 13 11
8 16 8 4 9 13 19 9 12
14 1 14 9 13 6 4 4 3 2 7 8 19 12 8
18 10 10 10 10 10 10 10 4 16 4 10 16 4 16 10 4 16 4
13 14 19 9 2 17 19 8 13 15 7 16 7 18
10 8 3 13 6 3 14 16 18 1 16
10 10 18 15 13 10 19 7 3 10 11
18 8 2 15 11 3 19 12 16 13 8 11 11 5 13 16 9 11 8
17 15 12 1 8 5 8 8 4 14 15 10 17 11 8 11 17 16
16 1 9 15 13 17 13 3 10 6 4 16 7 15 18 8 3
4 19 10 1 16
10 14 3 3 17 12 13 11 4 2 8
4 8 19 4 16
13 2 15 6 13 2 13 2 15 15 7 17 15 3
13 8 3 7 11 8 6 6 9 9 5 4 3 18
5 3 1 19 5 13
18 3 16 6 5 16 14 4 7 18 7 14 13 16 11 13 14 18 10
20 10 18 15 19 6 6 6 7 6 17 18 12 7 13 5 15 19 10 4 12
18 7 12 10 11 14 8 13 9 6 1 18 5 19 15 3 9 19 10
13 10 10 10 6 10 12 12 6 12 10 10 10 10
4 4 3 16 7
3 14 19 4
6 4 3 4 18 2 2
12 1 12 13 14 3 15 7 7 4 4 13 10
20 9 2 13 3 1 5 15 2 12 5 16 7 19 15 11 18 17 12 3 6
1 3
0
6 1 6 16 12 5 18
7 1 2 13 4 16 10 19
14 8 3 5 1 11 14 8 10 19 8 2 15 7 3
17 13 12 11 19 3 12 8 17 4 16 15 18 19 3 2 5 11
8 19 3 8 8 12 11 19 18
5 8 17 14 19 2
20 16 12 17 12 17 9 14 11 3 16 19 3 10 13 15 11 10 9 5 14
50
9 18 1 10 16 18 8 1 2 10
4 7 5 7 2
3 18 19 13
12 8 1 19 14 17 9 15 10 18 18 17 13
12 19 14 7 9 5 10 17 5 12 4 4 3
0
18 10 10 10 10 10 10 10 10 10 8 12 10 10 8 10 10 12 10
11 10 7 15 10 2 6 2 9 16 2 18
19 11 13 19 14 5 15 10 6 17 19 13 11 11 15 10 14 5 16 11
17 12 8 14 15 1 6 10 12 6 19 17 1 15 2 2 9 11
2 19 19
1 3
19 14 15 16 2 7 1 16 13 17 3 8 2 18 18 19 6 8 8 15
4 13 3 5 14
19 18 13 16 12 6 17 15 19 18 8 6 16 10 12 14 12 14 12 7
14 4 7 12 8 1 9 1 1 18 6 14 13 7 17
3 9 6 9
15 12 8 4 14 5 10 12 11 19 8 18 3 14 17 11
9 1 2 5 8 5 17 16 14 11
16 11 8 16 9 11 9 2 18 18 13 16 12 17 12 7 10
3 12 16 10
19 12 2 13 17 3 19 5 15 3 18 18 5 17 19 9 2 14 10 12
1 9
4 17 3 12 17
5 4 13 18 7 1
20 6 9 4 8 16 19 16 13 19 11 18 14 11 8 14 3 1 3 5 1
5 7 9 13 3 3
9 19 12 15 19 14 17 10 3 7
17 8 8 19 2 4 13 15 8 8 11 8 6 14 6 12 2 7
0
2 8 1
2 15 6
0
10 11 15 18 9 8 5 4 2 9 13
3 13 15 2
12 8 13 17 6 18 12 18 15 2 7 9 13
14 7 6 4 16 10 8 19 15 3 6 14 9 5 6
4 8 12 6 12
16 8 1 8 18 2 16 3 9 6 1 9 7 18 2 15 4
12 18 9 1 7 7 2 11 2 16 2 6 6
19 5 1 15 16 9 14 4 19 3 1 12 5 9 5 5 5 10 15 2
13 8 13 16 5 17 7 8 7 5 16 11 9 19
1 1
2 7 16
8 7 15 10 5 10 15 10 5
16 18 4 1 4 11 15 3 13 4 12 3 1 19 10 9 17
4 19 18 16 1
6 7 4 7 6 18 2
6 7 15 11 10 18 13
4 2 10 10 15
50
6 4 14 7 15 5 15
12 8 12 15 14 19 1 4 16 8 17 5 10
11 5 14 7 2 1 17 3 11 4 9 8
15 10 9 9 1 3 10 6 3 3 6 1 5 9 17 2
17 10 10 10 10 9 11 9 10 6 14 6 10 15 10 10 9 11
11 5 2 5 16 18 4 16 13 18 4 10
17 12 5 6 7 4 19 1 14 18 7 19 10 16 16 18 4 10
2 9 10
16 3 8 3 13 7 5 7 10 19 9 7 11 13 3 11 12
19 3 5 3 10 8 6 14 12 5 13 10 16 9 2 3 8 12 11 11
7 19 14 17 9 9 14 12
4 5 18 9 17
5 8 10 17 4 4
17 7 11 10 7 12 8 12 11 10 10 10 9 8 13 7 10 10
3 18 18 12
8 15 15 7 17 7 14 10 19
0
13 17 4 15 11 2 11 6 2 8 3 18 11 3
7 17 10 10 17 18 7 10
0
12 9 16 16 12 13 10 4 7 14 4 11 15
12 8 18 18 17 7 8 18 3 18 12 10 9
17 1 16 4 16 10 4 18 2 10 18 10 8 10 10 10 4 18
11 13 1 1 16 1 4 11 17 17 12 13
2 13 12
0
14 9 8 16 19 9 6 2 4 5 9 4 11 2 8
10 18 1 8 3 9 18 19 6 12 8
7 19 19 13 14 1 1 4
8 16 7 15 17 8 19 16 9
16 12 3 19 6 14 17 9 10 6 11 9 8 8 1 9 16
19 13 5 13 18 10 11 8 9 6 5 12 11 18 13 14 3 3 12 5
17 9 1 11 1 5 4 16 19 17 8 2 16 6 18 18 15 19
14 15 12 8 6 10 5 9 15 19 17 13 4 2 8
17 11 8 3 13 16 7 15 15 1 13 1 8 9 19 12 7 3
15 12 9 3 11 16 10 9 9 17 10 17 19 11 1 7
11 8 6 16 2 14 2 1 5 3 15 2
3 17 10 10
6 8 1 7 14 13 2
10 12 10 10 10 8 11 9 10 12 8
2 3 3
0
17 16 12 13 10 19 2 13 7 4 17 19 9 10 4 14 7 1
5 19 3 9 1 14
8 12 2 1 17 9 19 17 4
14 1 12 14 12 13 1 14 8 1 14 9 8 12 15
0
1 3
9 19 5 5 10 5 4 8 6 19
1 7
50
3 1 17 17
14 14 4 17 2 16 2 17 15 14 13 17 10 19 16
12 10 1 9 16 2 11 5 1 1 8 3 7
10 6 7 10 15 9 2 18 4 7 8
16 19 5 10 9 14 12 16 4 8 13 2 3 13 17 13 13
3 18 3 10
14 14 14 13 16 2 14 17 15 4 13 3 2 19 13
0
5 3 15 4 6 18
2 12 5
1 5
13 11 19 9 8 9 9 3 12 18 3 7 6 16
16 2 1 3 3 4 4 8 6 19 3 17 17 6 13 2 10
7 5 5 8 7 4 9 12
9 13 18 12 3 17 2 18 7 10
14 4 5 7 3 4 6 13 2 17 14 1 5 16 19
10 13 19 7 15 18 16 14 1 10 8
3 6 4 10
9 18 18 6 12 5 3 6 16 14
0
1 12
6 16 11 15 9 9 18
12 16 19 5 8 7 18 18 18 4 1 12 2
20 19 19 1 1 9 10 7 14 15 2 17 16 14 14 7 15 3 11 9 1
0
8 11 2 16 10 19 12 15 11
16 15 17 9 19 18 15 3 3 11 3 4 19 10 12 15 15
5 2 11 6 6 10
0
3 4 16 14
5 13 4 13 7 3
9 17 19 16 19 17 9 15 3 17
16 3 9 6 17 10 19 11 15 10 15 5 6 2 1 17 10
0
9 15 19 11 13 13 4 12 10 6
16 1 7 15 1 19 7 7 17 8 4 6 4 18 2 16 9
9 6 12 5 8 7 7 2 1 10
5 7 9 18 9 15
3 8 15 19
6 11 4 4 1 1 12
5 5 4 7 5 10
11 7 16 16 9 1 11 14 13 13 16 3
10 17 18 12 3 10 16 13 19 1 13
20 11 10 13 10 7 5 14 8 10 3 2 2 2 12 1 4 16 18 18 13
12 15 2 6 9 7 19 3 5 1 10 8 6
17 17 2 5 4 9 12 10 15 9 12 5 3 12 13 1 14 5
11 2 19 3 9 17 10 12 19 12 7 12
20 15 4 9 3 15 2 3 7 14 8 13 17 8 3 19 14 3 11 10 16
0
11 14 17 18 4 2 11 11 3 3 6 16
50
12 1 1 5 2 3 16 11 18 17 6 18 4
11 18 4 18 11 14 4 8 11 3 9 17
19 13 19 7 4 11 16 18 19 5 1 4 9 2 3 15 1 4 2 9
15 8 1 3 18 1 8 12 6 17 11 5 9 8 12 6
10 16 16 13 9 2 14 17 19 3 13
3 1 7 2
19 19 12 14 2 7 3 2 15 8 9 4 4 4 15 7 9 10 6 6
10 4 14 15 7 2 10 6 7 18 16
2 8 7
7 4 5 19 3 8 7 10
0
15 15 1 7 4 12 19 10 10 5 10 15 15 12 2 11
6 14 13 1 17 16 7
13 4 6 18 7 18 6 15 14 19 14 7 15 7
13 4 10 16 19 8 5 2 14 10 14 1 19 5
8 11 1 5 4 16 5 16 3
20 2 10 15 5 10 10 16 9 5 16 4 15 10 5 10 15 5 15 5 16
19 15 8 19 17 11 11 17 1 3 12 6 5 12 19 6 18 3 19 2
6 17 4 6 19 2 13
3 4 14 6
1 9
1 13
11 17 18 3 7 17 18 3 1 14 1 6
15 3 13 1 5 17 13 5 18 16 7 3 15 2 6 6
1 1
8 6 12 7 9 4 4 17 17
1 10
12 18 8 7 12 15 4 7 15 16 1 12 8
8 2 12 2 15 12 3 16 15
17 3 15 6 11 9 5 4 7 18 6 8 6 5 16 7 5 17
13 4 11 18 14 3 14 16 14 6 12 17 12 11
5 8 1 15 13 6
19 12 2 12 3 13 8 19 14 9 17 8 17 6 13 6 17 5 12 13
18 6 19 9 9 11 1 14 12 15 8 1 9 3 13 2 6 9 13
2 13 10
3 4 4 1
13 4 18 16 17 19 8 4 15 11 11 15 3 13
11 10 17 8 2 6 13 6 17 3 18 14
3 15 13 9
14 12 10 12 6 8 5 7 4 18 15 15 6 6 11
10 19 11 5 11 5 15 3 3 19 6
19 17 6 7 11 6 13 17 3 6 2 12 6 17 5 9 1 7 11 15
18 5 17 16 16 2 14 15 2 8 14 11 17 17 13 12 6 10 17
17 11 17 1 11 9 10 3 10 14 13 1 19 7 5 3 11 19
16 4 18 6 17 13 9 17 5 18 7 14 11 15 12 13 11
17 8 2 1 15 13 5 16 6 17 10 14 6 3 2 4 2 12
1 5
3 10 16 16
2 13 17
7 2 9 1 9 8 7 7
0
