200 5000
132 753
113 750
286 975
281 716
258 719
290 242
211 532
160 71
241 156
145 760
198 250
131 393
273 519
104 565
251 300
272 27
232 659
245 153
145 559
141 165
152 161
227 17
203 220
287 55
156 844
151 733
168 658
110 43
127 131
108 379
244 994
159 128
190 906
168 650
253 81
281 736
208 769
221 400
175 801
112 771
101 764
257 412
224 776
157 434
116 914
167 740
253 16
268 845
148 142
107 65
147 893
245 214
204 609
265 990
287 450
244 724
138 214
119 901
246 260
105 57
288 660
286 609
134 766
280 772
290 616
213 709
115 563
122 23
114 504
214 644
290 559
170 825
101 625
152 487
266 55
296 270
219 529
171 738
294 396
154 138
202 406
103 687
269 108
110 458
123 182
285 9
218 736
154 164
260 724
268 322
204 551
188 305
228 514
117 134
230 738
162 122
202 425
216 358
168 758
124 992
247 899
157 990
293 805
140 930
119 377
139 279
163 53
213 875
132 437
285 366
223 304
185 2
252 954
256 643
230 962
249 736
142 279
102 746
188 38
185 29
192 743
166 254
105 386
218 492
124 724
193 489
239 894
118 698
110 799
255 181
189 617
223 443
263 778
288 534
199 156
184 933
253 814
180 934
140 284
123 147
193 93
292 120
166 452
265 75
240 138
174 709
134 833
221 505
139 684
212 794
174 397
186 593
288 950
269 32
133 237
232 169
270 402
291 594
214 906
211 101
244 745
100 146
273 708
204 257
235 885
265 293
144 378
110 298
247 808
122 283
268 411
289 597
186 801
296 576
142 401
283 919
225 462
249 510
134 248
138 907
149 333
232 56
167 235
292 512
219 178
282 912
152 728
255 808
276 812
138 218
229 295
121 82
222 960
165 70
164 983
137 768
217 812
191 898
113 321
108 338
