200 5000
231 969
260 137
106 377
289 529
102 140
197 248
124 137
194 193
289 671
277 516
164 10
175 564
257 43
187 905
177 476
273 481
157 603
170 690
200 166
133 700
197 193
121 997
250 764
180 564
251 865
268 690
218 468
236 22
253 556
225 40
256 625
213 96
133 910
236 872
137 544
230 23
233 535
116 888
124 702
293 146
203 254
115 473
294 672
202 85
145 922
297 209
264 216
229 910
166 191
282 713
172 791
107 419
175 671
156 968
227 910
141 891
263 807
274 887
121 451
257 88
132 158
124 371
103 451
263 676
128 81
124 231
105 290
261 409
257 969
106 39
150 220
100 815
185 747
217 942
275 512
281 969
111 607
279 864
255 328
229 672
116 930
225 889
184 602
260 343
238 748
118 580
197 409
186 998
281 859
167 324
106 501
225 31
169 638
157 311
112 559
141 548
289 882
107 598
234 158
176 943
239 889
159 519
216 357
182 888
189 414
141 171
144 938
283 874
226 106
237 248
176 729
287 782
135 106
240 256
190 103
249 455
275 527
255 536
200 351
177 997
247 941
236 602
132 753
277 930
194 964
286 195
233 365
221 688
271 794
153 206
100 148
223 265
122 823
148 991
220 88
259 437
182 295
137 721
222 279
136 0
250 580
257 120
106 564
101 409
239 929
222 8
157 950
177 820
220 728
167 692
261 671
156 152
155 821
151 544
247 958
292 946
193 953
190 208
204 902
225 688
114 216
215 670
295 573
296 167
202 451
296 967
145 77
132 918
149 887
237 71
182 942
280 465
256 36
109 857
174 290
255 335
293 686
179 184
101 184
132 420
163 224
102 289
250 690
218 576
180 652
170 518
116 487
238 622
197 340
261 684
144 585
160 525
106 860
123 758
196 128
141 522
192 70
211 648
224 301
120 868
