100 5000
224 15
292 911
181 177
285 198
297 652
135 901
261 650
143 146
276 369
185 2
114 18
296 146
125 815
183 729
114 882
295 941
251 974
250 851
184 712
248 115
219 981
279 587
273 235
248 107
166 256
279 672
264 320
188 325
143 733
120 287
195 327
218 584
158 495
299 78
171 718
246 557
176 891
148 746
176 757
150 953
148 62
189 794
235 617
151 239
111 389
170 770
122 273
206 308
137 834
246 209
152 268
272 554
223 126
101 299
107 25
130 270
103 746
120 15
252 877
106 450
190 76
213 282
298 273
180 3
157 657
269 226
263 689
173 356
296 837
171 764
161 103
252 89
286 140
187 351
266 325
156 661
187 805
297 759
248 902
180 308
233 730
278 179
166 870
183 425
275 353
127 262
298 78
164 122
137 21
237 418
253 977
199 327
223 918
110 969
230 529
166 79
157 765
290 714
191 187
220 675
