100 5000
109 629
211 39
142 237
246 515
109 871
216 862
210 222
272 736
210 880
143 729
146 445
121 886
223 662
220 272
250 15
275 63
146 568
237 770
147 976
194 2
269 907
165 296
144 31
152 804
263 649
293 968
106 525
297 540
136 61
294 899
108 137
217 334
112 536
200 103
263 54
216 1
184 887
150 638
272 708
181 89
246 739
296 861
269 283
248 565
142 640
208 70
204 651
255 354
252 182
165 558
276 695
170 590
267 539
132 0
242 501
271 206
106 311
297 536
141 416
262 73
273 486
178 889
291 358
150 923
208 178
221 567
146 530
278 915
296 310
220 174
247 67
165 837
144 548
192 569
202 259
267 776
154 944
212 140
199 233
102 673
115 219
270 850
175 136
206 951
110 441
249 704
222 933
216 797
130 427
197 520
115 557
159 915
103 382
133 823
138 661
110 532
205 562
240 40
149 192
248 274
