100 5000
263 678
113 858
107 884
272 665
224 169
277 644
261 858
200 171
244 934
133 422
184 838
268 732
265 330
211 988
146 838
246 541
117 925
138 577
157 45
127 151
116 467
261 257
118 784
200 211
133 853
262 830
135 362
247 43
285 517
111 651
229 993
113 799
162 757
236 28
170 671
250 625
241 152
270 228
221 986
118 457
241 312
178 228
181 884
124 234
158 414
256 763
234 676
238 579
247 453
293 489
116 827
202 423
288 504
161 387
218 623
163 357
248 247
130 498
212 315
177 360
284 110
247 908
249 742
101 344
250 909
285 441
138 272
214 160
271 577
246 375
205 784
183 550
138 674
157 22
267 496
262 439
231 700
243 941
178 743
151 72
221 726
149 404
164 926
263 645
176 45
260 263
158 716
265 958
119 154
124 458
129 962
173 765
199 592
293 223
141 159
115 465
271 887
109 633
273 405
196 270
