1000
1 2
2 3
1 4
1 5
3 6
1 7
6 8
5 9
4 10
8 11
11 12
9 13
2 14
9 15
6 16
3 17
12 18
1 19
17 20
3 21
1 22
6 23
22 24
22 25
18 26
15 27
14 28
10 29
26 30
15 31
26 32
27 33
18 34
32 35
10 36
3 37
17 38
9 39
17 40
10 41
41 42
33 43
32 44
5 45
10 46
7 47
27 48
30 49
49 50
12 51
34 52
1 53
29 54
18 55
3 56
35 57
46 58
16 59
32 60
34 61
15 62
1 63
49 64
46 65
62 66
18 67
20 68
13 69
51 70
62 71
12 72
59 73
45 74
2 75
25 76
66 77
14 78
52 79
79 80
10 81
30 82
39 83
54 84
68 85
38 86
4 87
41 88
29 89
1 90
29 91
28 92
15 93
77 94
47 95
73 96
55 97
37 98
51 99
27 100
13 101
35 102
18 103
52 104
46 105
35 106
43 107
92 108
11 109
93 110
110 111
27 112
30 113
67 114
52 115
47 116
48 117
49 118
8 119
39 120
24 121
49 122
87 123
119 124
54 125
96 126
38 127
9 128
52 129
4 130
117 131
39 132
73 133
36 134
15 135
86 136
133 137
126 138
5 139
85 140
18 141
11 142
30 143
76 144
4 145
95 146
130 147
69 148
29 149
63 150
96 151
48 152
40 153
46 154
13 155
100 156
121 157
22 158
86 159
144 160
130 161
44 162
26 163
69 164
46 165
101 166
91 167
31 168
38 169
134 170
82 171
162 172
2 173
32 174
88 175
68 176
171 177
108 178
66 179
73 180
162 181
57 182
14 183
45 184
37 185
175 186
55 187
108 188
109 189
12 190
134 191
154 192
130 193
142 194
74 195
77 196
41 197
191 198
116 199
2 200
159 201
201 202
186 203
41 204
50 205
97 206
47 207
101 208
187 209
82 210
94 211
165 212
25 213
73 214
80 215
8 216
43 217
82 218
103 219
118 220
154 221
3 222
98 223
142 224
90 225
210 226
112 227
20 228
136 229
23 230
194 231
105 232
26 233
218 234
23 235
233 236
220 237
204 238
91 239
112 240
75 241
25 242
59 243
196 244
77 245
40 246
152 247
109 248
214 249
217 250
177 251
125 252
20 253
131 254
77 255
205 256
167 257
150 258
250 259
1 260
117 261
174 262
191 263
72 264
137 265
198 266
255 267
128 268
267 269
183 270
170 271
67 272
145 273
215 274
42 275
269 276
202 277
261 278
136 279
125 280
35 281
120 282
82 283
274 284
15 285
140 286
270 287
279 288
5 289
258 290
145 291
201 292
282 293
130 294
9 295
191 296
246 297
144 298
188 299
73 300
130 301
32 302
173 303
127 304
44 305
86 306
169 307
303 308
232 309
11 310
100 311
292 312
212 313
156 314
167 315
143 316
179 317
60 318
57 319
43 320
25 321
167 322
267 323
294 324
96 325
26 326
324 327
313 328
95 329
77 330
306 331
96 332
83 333
23 334
230 335
125 336
136 337
1 338
257 339
301 340
187 341
335 342
92 343
5 344
298 345
95 346
2 347
90 348
81 349
126 350
319 351
309 352
97 353
187 354
122 355
233 356
288 357
222 358
4 359
185 360
150 361
140 362
327 363
247 364
145 365
85 366
24 367
135 368
300 369
233 370
315 371
306 372
335 373
76 374
188 375
18 376
97 377
103 378
243 379
377 380
103 381
342 382
355 383
334 384
222 385
109 386
72 387
19 388
332 389
143 390
47 391
92 392
381 393
355 394
161 395
140 396
231 397
374 398
135 399
380 400
126 401
397 402
375 403
392 404
4 405
230 406
11 407
232 408
45 409
255 410
40 411
334 412
302 413
391 414
303 415
96 416
109 417
190 418
294 419
145 420
278 421
209 422
71 423
76 424
10 425
256 426
271 427
287 428
195 429
116 430
349 431
175 432
201 433
209 434
192 435
38 436
130 437
128 438
242 439
96 440
66 441
305 442
407 443
17 444
386 445
183 446
400 447
311 448
436 449
344 450
142 451
169 452
396 453
442 454
170 455
410 456
308 457
315 458
53 459
87 460
167 461
220 462
195 463
44 464
53 465
97 466
387 467
109 468
421 469
49 470
329 471
4 472
464 473
67 474
170 475
307 476
251 477
110 478
16 479
171 480
172 481
215 482
237 483
77 484
183 485
177 486
225 487
134 488
318 489
334 490
348 491
443 492
377 493
65 494
327 495
412 496
22 497
364 498
426 499
403 500
176 501
125 502
452 503
238 504
111 505
2 506
408 507
189 508
381 509
421 510
432 511
437 512
341 513
325 514
71 515
293 516
444 517
270 518
90 519
292 520
158 521
493 522
374 523
499 524
128 525
332 526
506 527
256 528
159 529
19 530
530 531
503 532
97 533
239 534
359 535
462 536
7 537
131 538
92 539
238 540
436 541
50 542
250 543
150 544
276 545
265 546
56 547
495 548
461 549
93 550
410 551
531 552
322 553
53 554
293 555
430 556
327 557
101 558
176 559
492 560
134 561
343 562
212 563
548 564
511 565
371 566
530 567
293 568
360 569
506 570
316 571
546 572
501 573
89 574
109 575
179 576
519 577
262 578
4 579
499 580
248 581
474 582
475 583
16 584
480 585
437 586
5 587
168 588
540 589
346 590
506 591
30 592
406 593
266 594
210 595
348 596
570 597
88 598
239 599
432 600
594 601
107 602
324 603
415 604
130 605
248 606
242 607
545 608
399 609
438 610
462 611
55 612
611 613
257 614
195 615
170 616
610 617
207 618
542 619
75 620
342 621
166 622
342 623
153 624
199 625
86 626
51 627
473 628
462 629
539 630
142 631
50 632
381 633
450 634
352 635
439 636
420 637
406 638
61 639
343 640
524 641
619 642
36 643
609 644
83 645
30 646
464 647
515 648
602 649
400 650
606 651
327 652
180 653
196 654
243 655
208 656
640 657
173 658
168 659
560 660
31 661
117 662
625 663
214 664
185 665
367 666
241 667
155 668
327 669
394 670
339 671
525 672
187 673
464 674
353 675
308 676
533 677
468 678
458 679
424 680
510 681
34 682
271 683
177 684
72 685
102 686
85 687
98 688
551 689
583 690
393 691
5 692
281 693
101 694
202 695
391 696
306 697
64 698
494 699
660 700
611 701
453 702
170 703
184 704
350 705
242 706
167 707
264 708
3 709
653 710
331 711
196 712
296 713
687 714
221 715
443 716
173 717
530 718
562 719
98 720
163 721
199 722
587 723
158 724
676 725
507 726
541 727
122 728
620 729
686 730
503 731
134 732
44 733
7 734
49 735
71 736
566 737
53 738
372 739
347 740
715 741
323 742
541 743
541 744
698 745
430 746
470 747
248 748
666 749
180 750
451 751
479 752
152 753
277 754
167 755
416 756
488 757
741 758
532 759
339 760
315 761
668 762
350 763
669 764
143 765
4 766
590 767
468 768
4 769
648 770
372 771
59 772
771 773
638 774
196 775
171 776
270 777
636 778
273 779
74 780
65 781
461 782
726 783
250 784
394 785
774 786
493 787
552 788
581 789
362 790
9 791
109 792
15 793
591 794
97 795
467 796
334 797
258 798
724 799
245 800
66 801
315 802
600 803
51 804
756 805
797 806
506 807
149 808
418 809
416 810
482 811
369 812
361 813
57 814
70 815
51 816
440 817
326 818
72 819
165 820
150 821
697 822
283 823
65 824
380 825
40 826
679 827
513 828
738 829
43 830
716 831
412 832
629 833
266 834
100 835
129 836
607 837
628 838
421 839
175 840
68 841
787 842
162 843
602 844
389 845
356 846
239 847
463 848
308 849
507 850
543 851
822 852
113 853
487 854
663 855
663 856
414 857
694 858
571 859
376 860
419 861
702 862
138 863
216 864
381 865
791 866
617 867
370 303
148 868
47 869
337 870
470 871
219 872
537 873
41 874
355 875
806 876
789 877
430 878
821 879
850 880
830 881
626 882
461 883
654 884
203 885
660 886
873 887
801 888
267 889
654 890
73 891
807 892
293 893
732 894
241 895
770 896
239 897
177 898
461 899
538 900
214 901
350 902
560 903
851 904
187 905
57 906
780 907
102 908
491 909
372 910
155 911
271 912
302 913
98 914
888 915
302 916
483 917
298 918
325 919
196 920
193 921
573 922
246 923
471 924
63 925
219 926
173 927
345 928
216 929
513 930
546 931
682 932
278 933
462 934
470 935
12 936
558 937
776 938
161 939
675 940
9 941
690 942
373 943
433 944
624 945
731 946
252 947
142 948
731 949
343 950
176 951
352 952
417 953
870 954
36 955
892 956
565 957
954 958
440 959
532 960
882 961
364 962
450 963
569 964
659 965
749 966
868 967
720 968
134 969
203 970
58 971
526 972
228 973
109 974
501 975
260 976
914 977
797 978
307 979
788 980
169 981
818 982
326 983
340 984
625 985
899 986
88 987
680 988
249 989
462 990
606 991
754 992
449 993
488 994
738 995
756 996
689 997
207 998
26 999
811 1000
