1000
1 2
2 3
1 4
2 5
4 6
1 7
2 8
5 9
3 10
3 11
6 12
5 13
2 14
12 15
5 16
1 17
5 18
15 19
9 20
1 21
7 22
8 23
2 24
17 25
23 26
6 27
1 28
28 29
22 30
5 31
22 32
5 33
30 34
9 35
9 36
3 37
6 38
32 39
5 40
33 41
37 42
36 43
41 44
21 45
18 46
43 47
39 48
32 49
44 50
19 51
9 52
44 53
8 54
38 55
3 56
20 57
25 58
56 59
1 60
46 61
2 62
6 63
16 64
55 65
29 66
64 67
29 68
48 69
2 70
16 71
55 72
50 73
68 74
10 75
44 76
22 77
54 78
14 79
61 80
65 81
49 82
30 83
69 84
44 85
58 86
48 87
53 88
31 89
15 90
14 91
45 92
53 93
40 94
72 95
70 96
42 97
87 98
74 99
66 100
31 101
88 102
40 103
50 104
36 105
75 106
17 107
2 108
100 109
7 110
85 111
59 112
86 113
19 114
42 115
34 116
89 117
35 118
72 119
76 120
104 121
27 122
95 123
114 124
13 125
20 126
119 127
16 128
98 129
6 130
84 131
92 132
22 133
25 134
80 135
29 136
91 137
10 138
3 139
61 140
46 141
47 142
7 143
36 144
17 145
50 146
94 147
27 148
139 149
6 150
145 151
65 152
74 153
56 154
62 155
101 156
99 157
44 158
83 159
115 160
31 161
71 162
122 163
113 164
163 165
86 166
77 167
154 168
135 169
137 170
118 171
32 172
2 173
17 174
165 175
96 176
128 177
155 178
114 179
28 180
18 181
11 182
75 183
66 184
24 185
113 186
55 187
37 188
1 189
149 190
62 191
189 192
93 193
121 194
9 195
140 196
4 197
73 198
44 199
40 200
9 201
99 202
178 203
63 204
99 205
73 206
105 207
63 208
132 209
153 210
199 211
72 212
110 213
24 214
12 215
58 216
76 217
145 218
98 219
146 220
12 221
101 222
190 223
185 224
163 225
114 226
218 227
14 228
191 229
146 230
29 231
174 232
199 233
229 234
103 235
211 236
137 237
216 238
203 239
106 240
102 241
110 242
105 243
185 244
95 245
90 246
233 247
206 248
153 249
171 250
41 251
7 252
80 253
230 254
33 255
202 256
239 257
66 258
127 259
20 260
170 261
161 262
19 263
31 264
118 265
44 266
123 267
79 268
75 269
246 270
243 271
237 272
20 273
232 274
172 275
175 276
113 277
216 278
206 279
35 280
30 281
96 282
104 283
100 284
58 285
24 286
91 287
277 288
92 289
57 290
95 291
166 292
159 293
121 294
175 295
280 296
250 297
66 298
98 299
216 300
223 301
167 302
109 303
123 304
143 305
293 306
37 307
61 308
264 309
299 310
106 311
25 312
101 313
284 314
45 315
227 316
68 317
229 318
219 319
280 320
10 321
274 322
189 323
18 324
152 325
262 326
183 327
269 328
143 329
17 330
86 331
310 332
144 333
90 334
87 335
268 336
36 337
160 338
38 339
218 340
152 341
228 342
53 343
10 344
32 345
207 346
100 347
114 348
327 349
142 350
317 351
215 352
285 353
291 354
293 355
59 356
47 357
174 358
40 359
352 360
241 361
134 362
55 363
295 364
182 365
171 366
68 367
188 368
297 369
155 370
246 371
291 372
89 373
140 374
239 375
272 376
365 377
361 378
95 379
98 380
159 381
106 382
302 383
291 384
53 385
76 386
258 387
197 388
250 389
369 390
176 391
106 392
332 393
67 394
69 395
375 396
72 397
106 398
103 399
47 400
196 401
314 402
225 403
121 404
227 405
261 406
364 407
45 408
315 409
288 410
35 411
250 412
373 413
56 414
142 415
318 416
370 417
300 418
338 419
168 420
75 421
73 422
292 423
371 424
228 425
167 426
196 427
341 428
212 429
23 430
86 431
262 432
275 433
167 434
69 435
427 436
130 437
8 438
391 439
218 440
129 441
254 442
33 443
187 444
83 445
44 446
329 447
16 448
244 449
426 450
28 451
152 452
244 453
106 454
176 455
24 456
266 457
268 458
423 459
59 460
269 461
432 462
145 463
409 464
275 465
319 466
132 467
428 468
294 469
296 470
402 471
71 472
377 473
150 474
271 475
235 476
254 477
333 478
103 479
225 480
118 481
149 482
270 483
2 484
103 485
441 486
129 487
395 488
88 489
454 490
270 491
205 492
55 493
349 494
86 495
45 496
441 497
297 498
479 499
253 500
95 501
95 502
224 503
375 504
242 505
411 506
461 507
312 508
366 509
150 510
216 511
498 512
190 513
49 514
65 515
494 516
130 517
69 518
344 519
431 520
227 521
19 522
50 523
105 524
449 525
279 526
329 527
29 528
67 529
288 530
4 531
43 532
441 533
523 534
13 535
303 536
55 537
55 538
65 539
190 540
216 541
19 542
524 543
230 544
299 545
511 546
330 547
306 548
423 549
166 550
483 551
333 552
551 553
399 554
261 555
436 556
269 557
509 558
350 559
233 560
322 561
182 562
418 563
168 564
384 565
523 566
231 567
319 568
70 569
8 570
109 571
516 572
386 573
268 574
17 575
142 576
409 577
436 578
115 579
405 580
316 581
45 582
401 583
131 584
96 585
199 586
449 587
470 588
474 589
136 590
89 591
28 592
323 593
245 594
63 595
23 596
192 597
159 598
7 599
3 600
401 601
215 602
235 603
584 604
245 605
159 606
539 607
449 608
432 609
290 610
39 611
255 612
563 613
596 614
305 615
573 616
74 617
219 618
476 619
323 620
540 621
3 622
422 623
522 624
524 625
448 626
161 627
392 628
213 629
221 630
387 631
112 632
278 633
129 634
4 635
542 636
173 637
513 638
68 639
275 640
8 641
460 642
299 643
10 644
390 645
557 646
261 647
454 648
597 649
341 650
194 651
535 652
406 653
420 654
442 655
137 656
99 657
933 446
626 658
641 659
211 660
4 661
433 662
44 663
495 664
309 665
255 666
541 667
230 668
388 669
387 670
613 671
287 672
647 673
576 674
89 675
551 676
274 677
76 678
351 679
183 680
227 681
175 682
484 683
107 684
402 685
480 686
242 687
33 688
113 689
585 690
542 691
629 692
536 693
337 694
520 695
680 696
212 697
578 698
67 699
660 700
115 701
357 702
87 703
146 704
446 705
57 706
634 707
110 708
457 709
682 710
675 711
104 712
509 713
303 714
637 715
113 716
228 717
370 718
298 719
704 720
554 721
103 722
712 723
249 724
181 725
538 726
176 727
234 728
625 729
566 730
4 731
375 732
287 733
580 734
81 735
206 736
309 737
643 738
209 739
90 740
248 741
283 742
415 743
430 744
56 745
644 746
685 747
311 748
26 749
310 750
44 751
614 752
532 753
43 754
735 755
241 756
82 757
650 758
523 759
240 760
710 761
72 762
144 763
659 764
336 765
598 766
479 767
19 768
50 769
179 770
580 771
506 772
412 773
136 774
630 775
218 776
152 777
593 778
619 779
64 780
274 781
687 782
552 783
613 784
131 785
464 786
639 787
52 788
745 789
704 790
226 791
486 792
773 793
467 794
432 795
349 796
759 797
252 798
16 799
797 800
468 801
746 802
471 803
510 804
682 805
676 806
340 807
736 808
557 809
172 810
693 811
42 812
406 813
238 814
469 815
15 816
36 817
168 818
460 819
277 820
413 821
754 822
91 823
715 824
260 825
694 826
178 827
266 828
794 829
467 830
234 831
562 832
247 833
209 834
38 835
156 836
664 837
115 838
225 839
627 840
691 841
311 842
772 843
817 844
172 845
98 846
412 847
47 848
729 849
217 850
460 851
191 852
462 853
687 854
730 855
131 856
245 857
435 858
219 859
318 860
758 861
91 862
581 863
754 864
638 865
16 866
807 867
261 868
799 869
160 870
179 871
231 872
190 873
570 874
266 875
499 876
411 877
528 878
775 879
66 880
135 881
776 882
433 883
206 884
648 885
252 886
43 887
318 888
362 889
544 890
425 891
706 892
467 893
776 894
1 895
825 896
331 897
294 898
60 899
100 900
392 901
167 902
760 903
420 904
218 905
93 906
202 907
803 908
898 909
343 910
590 911
607 912
546 913
301 914
767 915
500 916
567 917
438 918
839 919
841 920
908 921
730 922
741 923
512 924
785 925
367 926
190 927
694 928
441 929
189 930
239 931
719 932
97 933
346 934
734 935
520 936
35 937
40 938
378 939
228 940
351 941
248 942
395 943
642 944
870 945
308 946
180 947
577 948
886 949
818 950
437 951
871 952
744 953
145 954
563 955
865 956
48 957
848 958
848 959
509 960
623 961
615 962
16 963
105 964
599 965
518 966
10 967
492 968
212 969
813 970
537 971
254 972
620 973
268 974
735 975
583 976
971 977
349 978
818 979
356 980
215 981
187 982
969 983
688 984
928 985
152 986
698 987
224 988
32 989
850 990
862 991
711 992
331 993
824 994
867 995
360 996
354 997
167 998
282 999
220 1000
