92
71 57
22 45 12 21 83 7 37 36 88 83 79 81 88 53 98 41 51 65 22 57 38 50 25 71 60 7 91 29 19 57 30 1 94 77 62 5 7 97 88 45 65 43 67 96 24 8 84 73 73 77 29 46 45 5 90 91 34 29 57 69 61 28 78 48 21 81 74 1 70 41 19 20 4 9 61 71 1 43 57 51 64 28 60 21 64 33 69 87 55 16 94 29 18 77 1 98 56 11 73 57 90 66 90 93 32 80 50 13 12 33 28 75 56 21 67 41 42 25 56 20 46 18 82 1 63 9 88 85 89 68 16 77 1 51 35 38 1 70 91 59 62 1 3 17 91 41 71 71 78 71 80 69 55 41 85 91 45 46 76 43 10 65 70 77 10 49 25 45 76 29 63 20 68 50 35 57 28 95 32 3 64 25 10
1912 2061 2800 616 113 4121 5993 735 3796 2182 0
61
21 57
33 16 48 49 86 41 99 75 56 24 46 41 31 1 35 45 83 51 29 27 57 29 97 85 4 81 24 81 34 49 99 51 16 49 7 51 24 40 53 81 38 6 69 56 30 41 82 75 55 31 49 86 94 1 67 17 49 10 10 61 64 95 91 81 52 25 67 29 11 86 4 1 73 54 65 22 55 66 95 64 25 73 31 65 38 11 6 92 95 57 71 63 91 83 73 17 68 95 19 54 98 61 4 27 15 41 53 95 13 21 9 81 73 26 11 33 44 5 78 81 12
5517 8792 2126 2048 2523 2548 927 4022 413 2704 0
73
1 56
34 44 18 53 19 31 6 41 42 16 3 8 67 21 97 86 63 81 1 69 91 49 19 68 71 28 26 23 68 33 12 5 61 83 59 41 70 99 34 97 73 6 34 41 64 20 88 71 31 61 55 54 67 36 82 88 12 65 55 61 86 17 66 26 33 8 44 69 5 41 74 95 1 3 91 84 46 76 5 75 22 10 78 13 74 14 37 21 13 78 12 54 6 91 33 13 18 96 28 55 34 25 19 53 46 11 38 71 1 39 47 81 1 71 62 1 94 41 10 61 69 71 4 32 42 75 37 69 52 17 82 19 67 66 46 93 92 1 28 1 67 40 20 92 73
1974 132 162 2625 1244 135 4091 8700 9100 664 0
80
65 45
39 29 82 11 1 23 91 91 89 21 50 18 67 29 73 58 82 93 13 7 25 1 2 26 52 49 46 26 36 33 16 93 55 27 1 5 80 19 1 53 91 51 65 15 70 95 23 45 1 95 82 1 58 94 61 92 85 27 3 53 22 93 14 51 81 53 91 73 70 44 16 36 19 65 4 81 34 28 44 85 57 55 91 49 36 11 73 21 62 71 96 71 13 53 99 82 58 1 23 1 1 93 83 29 73 1 91 19 19 21 63 6 94 61 84 27 94 39 20 99 60 59 45 41 58 46 63 84 50 57 1 5 75 76 55 23 40 87 4 23 45 93 34 67 64 1 46 11 12 42 38 68 84 3 11 10 88 45 46
3777 4765 6300 900 130 931 10667 6000 7100 151 0
66
67 93
37 1 31 46 14 33 24 27 92 15 41 15 23 50 48 29 7 64 73 66 69 21 96 10 51 65 1 77 12 1 60 62 25 58 88 6 97 1 55 26 29 7 82 85 9 17 2 45 75 47 49 1 49 29 82 53 67 41 46 64 8 71 95 95 52 77 71 85 40 28 43 73 35 31 64 77 46 33 63 73 4 91 88 89 51 61 94 55 91 9 36 73 82 1 22 11 67 45 44 3 5 36 17 11 89 25 28 25 61 81 89 41 38 86 29 45 55 66 25 42 88 92 34 8 37 81 15 49 46 71 73
7923 114 114 1702 3543 2601 4167 5100 6700 2539 0
90
69 53
86 37 22 78 67 66 6 46 82 51 68 1 92 1 63 67 41 29 99 7 16 50 46 29 1 37 31 61 58 1 14 30 1 92 25 16 11 88 48 63 75 3 64 1 80 8 74 11 1 81 13 19 13 73 98 31 41 13 55 23 78 31 97 7 54 11 62 85 76 91 1 35 58 45 69 5 67 21 97 93 73 1 98 71 70 64 82 29 72 43 67 1 62 21 53 51 70 1 91 75 73 25 30 64 95 37 85 33 66 58 43 46 79 41 58 29 64 45 64 81 88 61 82 81 73 29 62 26 23 36 92 8 52 80 77 56 72 65 40 65 70 85 59 81 7 83 91 1 95 1 43 73 93 13 61 11 99 45 75 73 65 17 70 85 1 49 92 93 20 53 37 39 97 1 46 34 28 71 33
7331 173 1511 3891 6300 3601 6100 3105 9345 9400 0
56
71 31
80 17 77 5 73 73 1 37 1 73 74 71 55 85 74 41 53 56 39 59 23 23 73 51 7 13 24 33 79 35 29 90 42 91 42 5 3 87 32 21 82 69 49 5 96 5 94 45 85 20 93 57 67 51 55 21 62 69 37 52 46 65 8 85 68 91 67 43 82 35 55 16 80 15 29 93 60 9 63 52 68 1 58 21 19 21 2 56 44 73 48 79 82 85 40 71 55 26 97 65 50 31 32 11 70 21 79 81 15 23 84
2558 7887 1040 4900 511 3118 311 1729 2141 152 0
92
77 77
99 49 89 77 42 77 13 69 7 67 49 35 39 36 94 53 64 61 1 69 48 51 40 73 79 74 67 1 97 5 51 41 78 53 63 31 64 21 88 8 2 97 7 91 73 36 91 13 55 91 91 26 40 29 56 70 95 89 28 6 31 58 59 8 25 35 73 89 54 97 10 41 7 32 67 76 31 47 46 41 40 21 40 1 10 41 34 1 34 41 13 21 57 85 85 87 84 45 98 61 59 11 22 99 91 5 19 80 45 61 53 1 53 9 37 61 34 7 1 61 47 97 76 30 1 66 41 9 28 65 30 17 97 81 14 87 25 39 11 25 16 70 48 53 61 49 52 51 28 51 66 51 6 76 40 1 13 1 68 100 7 45 19 67 1 45 37 11 40 63 34 65 10 25 55 21 8 61 25 48 52 1 44
6788 300 3085 3516 833 7600 1168 1169 9137 681 0
62
86 53
56 51 69 14 78 85 23 1 67 37 49 58 34 45 19 85 64 8 78 15 87 7 42 61 75 39 33 43 10 49 56 69 92 9 77 79 37 15 30 16 17 7 94 43 62 51 61 76 95 20 1 57 22 41 79 84 93 65 61 18 94 98 41 99 1 29 76 29 37 64 5 18 23 77 1 41 1 94 97 89 64 17 1 39 91 51 49 19 40 1 13 61 60 39 82 25 1 23 67 91 96 11 52 49 55 26 78 1 78 27 91 81 40 23 50 96 85 32 85 71 60 88 55
1107 5064 7611 7678 138 2556 4001 133 1827 101 0
70
100 31
21 67 73 41 28 26 78 78 26 61 37 12 60 95 64 84 52 5 73 58 59 76 79 19 66 51 91 26 55 55 1 81 1 13 58 82 22 93 79 95 23 11 14 35 1 96 1 21 28 92 70 57 12 87 66 39 67 7 1 43 25 61 40 69 34 7 53 49 66 81 55 64 1 95 49 26 25 66 1 86 82 51 97 77 1 5 59 100 1 69 76 97 12 89 37 37 66 78 29 47 42 57 22 3 66 51 82 14 20 81 67 22 94 11 79 82 19 31 33 33 22 36 8 21 58 27 12 98 1 79 55 62 56 57 51 61 2 9 39
7300 831 5600 4929 1181 1629 143 747 4700 4554 0
0
