68
89 1
91 11 1 83 12 79 34 95 41 29 91 35 89 26 42 41 63 95 31 5 96 41 25 40 68 2 18 81 45 30 28 65 33 42 25 36 5 15 4 81 75 53 84 69 52 25 14 1 86 27 39 57 37 13 73 7 67 5 62 45 67 17 26 67 55 81 27 91 16 33 10 49 60 29 8 71 19 69 76 70 46 96 1 49 38 81 62 15 67 96 7 61 32 11 85 98 70 97 26 13 1 77 37 75 45 68 73 45 28 21 7 2 10 85 43 41 37 37 39 47 61 95 85 1 81 44 1 90 90 2 58 1 77 47 21
737 1941 102 4735 1510 335 5925 6700 1939 4233 0
50
21 21
27 87 8 69 19 48 66 17 34 52 82 96 64 31 8 69 43 13 24 93 12 76 16 87 94 11 24 16 68 53 73 90 70 21 58 64 11 95 34 12 85 17 49 81 94 73 4 86 23 68 48 56 10 63 25 21 29 89 95 53 26 6 45 76 89 41 89 41 84 9 26 62 92 29 81 38 13 69 21 21 67 61 17 61 53 59 7 57 57 81 16 36 23 16 59 96 46 55 84
727 1441 8809 2532 8221 1139 727 140 3800 107 0
90
53 75
30 76 35 93 46 41 25 1 92 5 28 64 45 7 75 76 6 63 62 43 10 14 4 17 97 81 45 75 66 96 55 11 70 81 45 71 1 21 73 26 12 90 84 36 73 84 89 13 57 49 44 91 62 73 26 41 37 66 37 26 50 68 55 41 42 78 97 83 78 90 46 71 44 11 47 1 81 85 37 11 62 22 67 40 1 13 87 97 74 17 58 16 71 41 82 7 91 79 12 45 27 13 42 73 10 53 61 7 6 41 40 51 11 64 10 55 58 54 3 61 36 83 29 53 78 59 45 17 41 88 27 55 1 81 94 23 45 63 83 97 46 61 73 15 16 9 55 11 70 1 94 8 18 43 54 2 66 47 8 11 87 28 5 26 41 1 62 96 11 89 1 85 38 61 48 28 1 13 52
101 853 2988 7900 7394 7500 7594 153 3400 1939 0
65
37 28
1 2 43 26 42 72 34 20 59 41 8 54 46 25 22 79 52 35 67 73 38 51 4 61 13 29 53 57 37 25 37 21 56 45 20 58 27 4 82 29 84 11 91 56 19 86 50 69 91 80 63 81 86 21 1 39 76 75 28 96 7 31 76 57 38 13 67 45 73 82 40 37 62 18 43 18 85 99 82 100 68 68 9 13 12 61 68 81 87 17 67 1 36 43 51 46 74 66 1 90 55 1 17 1 46 81 19 86 40 91 43 1 55 9 40 91 73 61 34 47 43 62 16 21 66 81 31 97 19
9936 7288 6700 1159 4145 536 7300 129 153 752 0
70
92 97
82 41 6 91 34 21 73 93 12 1 10 45 40 63 91 98 6 57 34 54 88 53 25 13 99 99 62 27 16 89 3 1 34 21 41 73 12 31 94 5 81 30 91 76 7 7 12 63 97 83 83 5 75 55 6 97 88 71 41 65 17 61 10 93 84 69 23 94 3 28 40 33 91 44 11 42 37 51 84 59 9 33 3 27 39 48 2 26 48 35 57 16 41 9 69 71 79 41 75 46 78 66 23 13 6 50 82 85 1 89 42 97 64 35 10 51 52 65 34 48 5 90 35 73 67 11 1 51 70 1 73 41 99 69 34 33 61 1 66
7000 125 136 5586 100 10557 5500 6101 4510 641 0
68
21 61
61 91 12 70 15 1 16 84 7 51 39 69 19 61 73 25 26 46 21 89 64 16 78 43 44 33 76 51 76 41 45 86 4 81 41 71 49 51 94 69 88 27 90 76 33 97 82 85 85 51 58 96 1 74 27 35 14 96 59 5 59 96 72 91 61 5 37 83 96 71 18 40 82 47 4 43 33 17 49 51 21 100 73 7 55 22 47 31 88 41 54 17 31 57 73 1 26 93 31 95 46 13 43 1 51 73 64 23 3 9 34 39 9 61 74 27 13 48 8 29 67 79 1 66 19 61 88 57 87 91 1 9 70 81 24
7335 100 3252 4237 2025 6121 1909 4553 135 2109 0
74
92 35
79 16 11 73 26 1 44 31 57 48 67 21 60 81 90 31 97 46 58 5 67 1 84 90 16 45 59 61 76 69 7 25 35 71 82 9 73 76 15 59 44 23 81 35 49 21 71 99 75 1 7 31 1 93 67 69 76 81 4 78 1 57 54 24 28 61 13 1 17 16 34 55 12 23 92 18 58 1 19 86 26 57 33 1 97 51 94 29 76 73 43 3 79 57 23 11 67 42 12 65 39 65 46 65 58 6 75 17 28 77 91 81 50 94 71 46 10 48 27 22 55 83 64 25 62 81 85 21 2 37 1 79 58 23 1 3 45 82 73 8 53 61 16 81 45 48 37
7800 1535 7900 3721 3663 1429 137 1013 1071 120 0
82
61 1
14 77 23 85 79 29 64 61 23 80 40 11 41 66 38 21 35 65 25 28 82 90 19 51 64 9 47 91 91 89 44 57 55 13 58 76 83 91 37 93 13 21 70 57 10 33 40 81 31 96 43 59 18 81 49 21 4 29 46 11 84 91 94 39 12 1 55 65 51 12 24 62 54 39 64 57 72 1 29 11 22 6 77 1 77 1 37 98 19 69 16 44 43 94 59 1 56 81 13 62 15 33 19 53 50 41 24 81 37 91 25 29 1 61 10 27 70 31 52 85 73 50 46 81 90 37 37 2 88 51 25 85 67 25 79 21 46 37 59 81 38 99 88 61 61 57 1 61 24 26 70 65 90 78 73 6 5 93 97 51 91 10 12
5319 111 5867 480 1175 9100 651 1935 6572 1151 0
59
51 36
91 80 46 61 34 13 94 41 87 85 52 21 69 31 88 69 80 81 73 57 13 49 16 86 65 65 37 19 18 81 55 91 79 92 34 7 99 9 45 21 32 76 41 98 86 61 33 37 17 51 34 80 49 79 16 94 38 89 10 97 43 41 43 61 76 41 44 59 28 53 1 85 44 6 98 61 60 49 28 74 25 32 41 22 50 33 78 7 32 93 45 15 22 40 15 23 14 35 3 73 91 31 16 66 15 39 11 15 45 37 43 65 48 68 98 24 41
1321 1000 547 1126 954 2945 2720 5500 138 4758 0
80
7 87
10 78 7 83 67 73 1 17 34 27 25 85 91 91 93 52 50 39 12 51 77 11 37 95 36 26 46 76 1 10 12 51 82 81 1 11 91 49 3 1 31 13 76 10 66 89 54 74 1 93 10 37 69 26 37 99 85 9 97 47 57 27 34 13 23 52 16 69 10 67 12 69 53 82 85 56 79 65 80 37 82 5 14 51 73 39 61 79 12 89 69 59 35 57 67 7 10 49 23 13 55 47 64 5 1 76 52 53 37 1 43 40 33 66 1 25 60 63 22 38 1 37 94 85 69 71 64 11 70 20 65 99 15 25 34 29 35 77 59 59 31 97 17 8 55 80 77 12 23 25 89 92 14 49 35 95 61 1 1
121 5579 200 3530 2719 8831 4164 5057 435 117 0
0
