97
25 53
78 21 92 5 76 33 24 1 78 27 73 63 52 4 18 41 69 33 64 13 14 21 8 11 47 12 63 15 61 67 22 61 1 65 36 93 38 41 43 77 10 69 30 29 19 47 23 41 87 29 40 41 70 88 88 64 66 89 64 30 1 71 28 65 23 96 19 1 58 13 17 76 34 9 97 81 69 46 13 39 91 51 88 88 85 43 55 1 22 97 67 31 94 41 91 85 34 3 88 99 55 5 35 86 33 43 6 63 19 33 10 53 1 56 40 13 79 23 13 11 88 57 40 97 67 1 98 96 1 11 94 58 85 81 86 69 46 11 74 51 55 33 79 39 78 25 37 61 91 44 95 95 16 37 81 1 23 38 39 82 83 56 76 96 8 53 94 73 55 45 62 85 51 1 45 84 10 17 70 5 4 49 10 67 96 81 70 95 61 29 90 83 38
1732 10847 4598 6303 3186 689 2772 1316 171 2269 0
97
26 65
82 51 5 97 28 21 82 100 6 77 77 53 64 51 11 44 46 85 23 65 2 3 79 97 34 99 43 77 67 65 81 17 45 37 16 40 72 28 84 73 28 77 85 81 46 76 44 1 19 61 43 1 33 67 89 96 43 55 66 97 56 97 47 37 94 11 55 1 86 1 17 11 28 49 85 59 1 61 10 21 64 61 85 38 64 10 26 97 77 29 40 57 82 41 82 68 23 49 37 33 30 62 28 15 30 76 55 37 67 93 67 1 39 10 1 1 54 67 37 18 6 21 76 63 4 1 16 33 56 61 23 83 46 65 41 61 20 3 52 95 84 51 64 69 27 51 73 85 5 61 4 11 34 41 43 1 94 89 13 67 2 81 10 56 1 1 43 87 70 37 58 68 55 5 93 59 83 49 34 40 46 85 49 25 23 12 31 1 76 95 59 81 1
3755 6562 1025 3907 4020 1444 2086 1118 771 2078 0
69
72 13
1 95 33 5 40 26 48 56 55 89 80 81 7 13 31 34 91 17 69 73 72 36 64 57 88 9 28 71 64 23 88 87 82 93 12 96 21 1 25 81 45 60 22 21 71 83 7 31 93 45 85 77 10 45 14 77 50 5 60 2 67 38 61 44 38 79 25 69 7 25 81 51 73 46 36 81 76 13 98 61 67 79 77 31 28 1 92 1 74 59 50 98 10 84 12 23 76 79 34 35 98 91 58 35 47 41 37 35 40 84 15 73 67 71 64 72 40 41 61 24 28 97 34 1 42 29 12 5 56 99 92 88 19 35 27 99 82
180 4765 1322 104 767 207 2400 4358 5000 707 0
92
55 93
13 88 10 37 6 35 8 77 31 8 82 61 3 49 37 93 37 57 8 41 79 73 76 71 51 67 45 48 82 50 1 1 82 61 23 73 98 89 17 3 78 3 41 79 40 89 24 17 1 59 45 87 45 85 22 1 23 52 52 65 16 25 38 90 78 73 67 7 16 58 98 96 31 59 82 85 22 14 23 51 82 23 86 51 8 37 14 51 13 2 72 75 10 10 52 29 55 17 96 55 30 10 28 25 64 97 28 7 60 97 71 56 89 85 76 61 82 49 62 59 76 33 22 29 1 11 74 95 53 99 72 49 1 94 94 39 76 61 7 61 18 56 89 11 58 1 88 65 97 27 10 90 29 76 50 13 26 91 1 1 32 63 41 69 10 55 58 11 19 86 91 71 40 26 28 59 18 29 58 63 51 53 26
8200 541 6957 4997 1727 125 9700 909 4400 629 0
74
5 73
99 17 55 59 53 45 91 49 28 82 89 21 97 25 47 51 73 93 55 91 55 1 78 91 19 85 1 76 52 61 12 95 6 10 94 81 45 27 65 81 54 61 82 21 73 7 21 83 67 32 55 41 28 64 91 21 64 26 78 75 67 63 45 69 74 25 73 98 57 14 49 41 19 15 1 47 69 64 97 81 72 21 46 25 27 65 7 5 80 75 37 81 10 67 58 5 1 93 46 48 61 65 19 91 46 65 91 33 28 14 91 25 6 20 87 23 4 81 1 100 19 29 46 59 93 91 28 80 1 21 39 81 17 58 12 71 34 10 57 6 94 93 31 33 47 81 25
3829 3439 4209 5400 2500 147 165 752 6718 4600 0
50
61 86
82 13 46 17 19 43 49 91 8 37 23 81 89 41 55 1 56 49 96 37 58 1 21 45 5 89 71 29 14 52 1 45 68 21 35 91 55 81 46 71 64 1 1 85 65 46 12 43 10 81 1 41 77 25 61 11 71 36 1 1 66 61 67 46 24 35 55 33 28 5 77 45 24 41 37 76 57 31 31 9 60 69 76 49 10 89 82 29 52 51 97 49 69 25 56 78 57 79 27
2440 629 131 2137 1123 1239 1903 8573 6700 135 0
50
17 1
64 29 77 42 97 61 67 97 26 81 13 86 75 1 1 36 44 69 5 81 37 43 16 89 36 66 40 89 87 81 43 36 9 37 43 48 36 75 34 44 22 9 64 81 19 49 74 39 67 87 96 81 12 41 56 69 23 3 13 3 86 71 1 85 99 95 59 21 42 28 84 43 13 71 98 49 90 38 89 91 63 96 85 9 72 81 48 16 96 37 19 52 37 95 96 45 45 51 49
4507 7900 2109 1702 711 5502 735 3700 1714 1401 0
88
87 91
71 23 15 91 94 50 51 96 34 94 19 83 82 36 17 49 49 88 30 97 17 26 28 5 31 97 74 13 91 45 57 45 67 77 91 1 97 61 23 74 74 31 79 44 40 34 20 43 76 51 2 82 88 27 55 76 34 13 46 65 38 96 55 64 43 61 71 53 89 30 84 68 89 47 16 92 95 71 78 57 8 85 73 81 48 61 12 33 81 11 73 79 86 91 58 35 32 78 4 35 37 71 17 51 11 51 46 72 17 1 27 53 1 74 67 97 82 85 42 47 17 1 41 9 57 5 11 1 23 61 57 77 3 51 36 77 74 1 6 5 1 56 12 41 28 42 27 51 45 37 31 45 61 51 82 48 94 37 35 17 43 33 83 76 34 26 56 38 67 92 25 87 79 6 43
2222 755 157 2951 7575 5309 9113 8400 2700 171 0
65
45 97
23 61 16 88 55 17 70 85 49 81 83 11 64 72 75 99 91 45 2 17 46 84 64 17 70 96 14 76 70 41 22 24 88 31 48 7 61 49 67 53 2 21 37 83 19 85 5 41 74 1 46 2 91 51 67 64 37 79 91 76 61 43 88 61 85 51 79 11 52 66 67 26 49 48 7 77 46 41 9 25 50 89 1 29 78 61 15 53 38 77 99 51 21 25 1 5 27 91 71 89 46 87 52 33 52 76 97 81 69 6 26 73 41 96 67 16 22 13 46 85 15 85 12 77 64 42 37 49 34
3246 148 4753 4600 7846 722 1115 4946 1701 340 0
75
60 77
41 9 32 61 1 9 89 59 41 89 67 77 67 42 1 1 62 55 19 13 45 90 58 93 23 71 34 41 15 60 64 85 78 51 16 75 59 87 34 81 9 70 94 5 99 33 62 37 96 20 54 70 96 17 74 72 37 67 25 12 21 76 7 27 19 48 29 73 83 1 91 81 10 1 35 21 1 21 45 33 31 89 25 17 29 36 78 85 37 49 52 53 53 37 73 77 58 51 24 51 10 16 90 1 2 74 67 88 62 94 67 45 52 69 35 35 1 21 84 49 82 45 12 57 9 61 87 97 94 23 16 49 86 71 97 1 75 75 46 55 87 21 26 33 1 53 47 71 15
966 7966 2182 3100 3100 1600 1634 232 2029 8600 0
0
