74
57 11
85 31 84 61 97 37 34 74 28 67 79 85 6 61 33 40 19 89 80 1 96 60 4 43 10 19 38 25 91 32 1 63 15 49 88 39 25 65 56 15 19 20 71 97 68 69 32 8 61 95 52 76 28 45 26 75 1 27 86 63 43 3 3 63 19 25 64 83 91 1 64 17 55 99 70 7 91 81 19 1 25 36 87 29 1 65 91 81 61 23 28 12 7 54 68 95 82 5 10 41 28 81 89 67 50 41 28 86 34 76 78 81 94 41 7 1 44 21 91 41 62 25 10 87 51 85 16 21 56 43 46 65 22 33 58 73 74 11 59 57 19 1 55 89 82 81 29
1105 1821 347 4860 133 1000 3661 2565 5800 1127 0
50
21 41
72 91 61 97 37 91 4 1 82 18 78 82 32 53 95 51 14 83 58 21 67 1 17 57 17 73 43 1 52 45 28 1 36 61 1 52 1 61 10 81 75 33 53 5 52 43 97 61 73 79 34 31 44 70 58 1 58 23 36 85 5 79 16 93 43 77 10 61 97 1 49 93 83 88 96 31 85 6 70 76 43 33 76 36 34 49 1 77 12 33 73 29 61 42 88 61 57 93 99
104 3143 2300 2926 231 4123 6746 8800 1021 3688 0
60
77 41
54 72 31 27 86 51 10 51 34 81 26 51 73 33 1 37 87 1 69 16 55 76 74 21 25 21 43 12 7 10 34 37 19 61 51 86 50 45 68 87 67 81 4 28 59 29 10 81 46 99 10 25 99 57 63 73 10 47 54 2 51 67 66 5 57 93 22 81 45 85 38 11 80 36 22 94 78 13 34 36 56 71 40 38 8 41 59 21 46 33 16 69 20 31 24 67 75 36 55 53 10 16 12 98 16 61 80 49 64 91 84 17 77 98 40 59 43 86 73
1309 1417 3742 134 101 101 4601 151 6621 8270 0
82
2 85
91 85 67 97 1 1 16 5 15 39 91 66 19 3 16 45 39 35 65 33 25 41 14 77 61 81 52 99 6 53 64 55 18 61 28 22 1 53 34 42 84 100 37 26 52 37 10 81 64 9 68 89 50 51 83 69 85 22 12 5 50 81 97 57 76 21 65 61 61 90 52 67 43 67 70 67 67 33 46 67 44 1 21 97 61 2 60 37 37 21 45 36 79 3 8 97 19 38 43 81 37 10 12 26 12 93 6 81 96 25 41 65 16 95 38 33 68 68 67 89 39 1 50 56 91 59 10 83 48 67 22 98 54 95 24 34 88 89 1 20 31 35 29 59 64 1 24 39 64 79 85 17 1 21 22 97 31 65 88 89 19 59 72
1307 2535 4697 157 5355 3580 2784 119 5169 7000 0
57
61 81
40 1 1 33 72 27 22 29 87 49 7 64 73 41 5 66 28 55 30 1 58 61 40 14 30 57 40 51 5 41 18 71 22 81 47 8 52 5 45 41 28 41 85 7 80 1 89 2 46 31 70 7 81 99 97 15 31 89 10 39 34 31 7 26 49 61 69 91 54 21 18 100 30 5 74 78 12 2 31 9 11 68 84 8 77 61 41 69 12 4 43 49 62 65 10 17 58 1 1 37 58 5 16 81 75 15 34 26 32 81 5 40 36
1626 1647 2955 541 2418 6458 6043 2839 5149 5943 0
50
42 81
64 13 99 26 14 79 1 8 58 26 82 41 7 3 70 54 12 61 56 9 74 7 94 81 59 11 85 57 25 40 73 37 22 30 78 63 73 1 55 7 28 11 17 41 27 76 94 85 1 83 8 9 94 1 46 13 92 81 67 100 30 37 85 41 38 40 1 5 45 54 97 41 34 26 34 86 66 85 22 1 16 93 81 93 37 85 61 21 37 37 66 31 61 61 60 11 80 37 87
829 2201 2400 1147 507 921 341 2631 321 3700 0
56
4 61
33 20 90 17 37 61 41 67 64 4 46 3 10 22 19 51 19 22 28 81 42 33 88 66 22 17 53 52 9 96 68 37 19 41 7 33 11 7 72 31 11 61 8 51 61 66 1 20 18 41 56 51 69 65 1 48 35 87 25 19 68 71 57 94 28 71 49 41 22 11 31 61 43 51 46 96 61 96 63 91 10 53 24 78 96 51 80 39 7 39 22 89 50 41 1 35 85 37 55 25 64 2 10 67 46 77 39 82 14 41 1
4505 530 815 615 5449 988 2526 209 6040 1954 0
70
46 89
56 59 4 46 17 80 36 1 68 83 34 61 32 13 64 25 28 97 28 77 32 53 90 9 79 81 82 91 78 85 55 95 3 23 69 26 55 15 34 35 49 76 17 45 13 51 10 65 53 36 16 39 26 8 67 4 31 87 44 21 52 41 30 53 99 73 64 1 99 14 33 76 9 12 50 81 26 18 55 41 10 20 4 36 34 63 37 82 61 90 29 62 80 14 1 17 1 32 17 37 16 51 26 89 84 25 37 3 69 21 54 77 21 77 16 83 34 9 35 1 37 25 86 84 44 86 88 46 23 61 82 59 82 11 87 81 42 49 70
400 2900 3931 751 2040 2629 3815 3045 759 896 0
92
17 4
12 9 49 21 27 75 11 71 74 58 34 71 11 91 56 95 64 41 23 26 12 25 1 49 32 76 98 85 25 29 17 17 8 47 68 16 22 51 70 7 48 14 92 23 70 93 40 21 30 89 37 59 12 29 37 51 73 42 21 63 66 62 7 11 27 13 81 42 71 63 1 43 37 46 16 41 64 31 88 90 90 1 98 34 11 21 69 1 7 1 80 31 59 9 13 89 37 91 11 7 64 34 71 51 21 88 38 47 35 86 22 55 86 89 64 83 31 69 10 25 52 3 1 38 91 17 76 53 39 81 52 27 1 27 37 1 13 81 85 32 27 32 22 80 81 73 37 69 37 79 25 6 31 18 76 29 86 23 28 39 69 5 61 91 1 90 19 97 34 86 42 65 26 1 85 76 35 81 16 69 11 45 6
791 1700 2461 5705 4658 1149 269 1671 183 9400 0
53
95 46
26 47 78 49 82 1 10 81 20 95 43 61 56 91 10 58 25 32 89 45 58 21 82 41 16 93 33 75 93 11 25 66 33 58 92 57 19 47 12 48 81 1 47 64 84 55 85 21 52 92 10 86 82 16 50 51 96 21 1 77 61 61 1 43 58 91 19 41 58 100 74 9 49 11 36 26 17 9 72 61 97 10 91 71 4 1 28 39 72 1 33 81 39 29 38 26 77 27 43 41 10 2 64 41 88
145 1748 744 4600 7341 6825 8200 3423 2549 8618 0
0
