65
83 41
76 91 80 5 16 77 67 21 98 29 10 12 79 21 7 37 49 1 19 37 24 67 88 51 14 9 22 68 11 58 76 45 55 81 37 70 37 57 88 21 82 51 31 1 90 69 86 17 79 66 28 93 67 99 10 33 63 86 93 22 76 25 57 84 21 3 1 21 79 69 1 23 46 27 1 36 54 5 27 66 41 87 55 37 74 13 31 97 57 61 31 30 52 65 43 70 7 90 88 41 23 71 69 51 98 39 73 47 82 89 91 21 11 73 76 80 61 41 7 25 30 18 97 48 35 69 76 99 7
357 4305 3641 747 5953 1500 2537 3924 10931 553 0
92
4 6
88 21 63 33 60 25 1 21 82 41 5 67 79 55 55 15 67 87 98 81 19 54 10 42 23 90 67 6 58 71 46 1 1 81 22 77 49 21 19 1 82 26 68 73 4 76 35 42 51 12 1 32 37 29 66 71 64 5 28 69 12 97 46 83 34 73 33 82 3 42 86 20 48 89 96 61 19 15 34 22 6 51 52 48 27 43 39 71 88 56 67 21 14 89 76 47 73 73 7 63 2 23 20 51 55 85 67 89 34 85 58 61 78 1 42 31 1 83 78 76 55 2 32 69 37 21 32 77 43 1 14 64 47 20 43 57 58 25 37 14 52 88 78 10 94 37 54 42 12 84 35 1 1 11 46 36 62 17 57 89 19 63 64 37 70 41 51 93 55 65 19 81 43 21 12 85 91 95 85 81 81 86 10
4065 1902 643 2522 7398 247 2305 3132 4309 575 0
64
62 25
42 21 64 12 31 86 73 96 34 51 34 31 64 11 49 81 3 33 82 31 96 25 64 1 19 97 20 65 8 71 67 55 6 65 67 81 12 91 60 57 64 43 25 1 18 81 54 59 34 79 1 14 13 33 92 89 34 33 28 74 7 3 55 54 75 76 4 21 61 17 34 93 64 1 75 88 39 31 45 61 62 91 53 19 52 97 78 82 36 41 97 5 55 89 64 61 45 80 19 69 67 25 4 1 37 59 75 47 26 97 19 61 64 10 25 89 68 54 82 71 25 39 37 71 23 82 86
1939 2721 1239 1900 7300 5037 650 9972 2753 213 0
52
95 49
46 34 44 92 61 58 14 74 4 67 37 4 78 39 1 41 28 26 67 71 7 97 31 82 59 47 28 9 24 97 28 73 73 89 17 61 64 89 82 32 10 5 80 73 39 53 49 31 61 41 96 51 96 51 63 88 56 67 11 26 67 97 61 93 37 57 16 49 22 64 37 71 63 93 62 97 37 86 98 84 46 1 89 37 78 45 46 2 60 57 8 16 25 41 1 75 78 7 40 21 56 1 66
2941 3477 3301 1012 2623 2201 5740 1716 2529 1529 0
90
49 23
17 21 61 46 37 72 81 56 52 77 60 29 82 57 63 41 70 49 1 66 23 37 60 70 61 2 28 93 42 89 47 1 4 12 16 17 93 37 19 21 50 21 97 45 89 31 50 69 41 90 49 1 1 88 78 41 36 91 1 50 10 19 23 89 2 61 58 85 96 1 49 36 16 21 55 53 1 21 98 30 52 3 28 61 15 67 58 81 64 8 4 78 37 1 1 1 51 69 42 41 28 35 7 43 71 28 58 21 24 5 75 64 82 81 58 87 34 21 71 99 22 41 19 87 22 71 29 61 37 33 97 1 61 43 81 48 27 29 43 41 91 1 88 64 94 11 61 60 73 16 12 72 21 36 60 1 80 41 2 6 37 69 37 21 70 95 62 96 91 72 71 19 2 86 22 67 79 17 16
1200 9400 2881 963 6379 301 318 143 6100 2482 0
99
59 31
37 41 1 57 46 60 97 39 33 9 7 72 91 25 19 5 67 97 82 16 88 95 2 61 87 11 97 21 45 6 34 76 56 36 35 41 23 87 85 37 23 57 60 91 16 34 55 1 11 53 34 43 4 21 37 81 97 27 68 61 13 21 85 29 1 57 31 11 10 6 76 80 1 3 40 57 97 38 37 51 28 81 26 94 1 45 45 96 92 59 40 91 67 33 17 46 77 31 46 94 73 17 31 48 52 43 95 74 35 91 28 6 49 77 7 7 88 45 34 88 67 37 21 41 10 49 73 29 59 89 61 43 98 24 96 31 25 29 3 1 64 61 78 16 77 80 75 11 13 65 98 89 91 4 73 94 43 91 85 51 3 29 78 81 64 29 21 9 79 12 12 21 79 21 17 9 22 73 4 85 45 36 36 17 26 65 1 55 4 3 18 46 78 99 16 65 91
2926 6559 8900 2761 855 8400 2346 1818 5422 2576 0
72
56 33
27 25 52 33 65 15 49 21 76 61 51 93 23 23 47 21 85 61 48 89 58 16 80 57 21 58 88 20 56 21 94 39 10 78 57 31 67 21 27 61 15 81 88 93 58 79 40 21 67 72 80 51 57 11 32 73 17 17 25 18 39 95 13 83 12 69 34 6 79 60 24 53 37 89 33 97 48 31 2 9 7 82 40 41 81 96 67 66 7 66 10 21 72 7 34 1 34 65 15 58 82 22 4 21 21 37 28 70 55 45 30 51 12 47 71 94 75 45 59 69 8 90 1 80 44 38 1 1 41 51 91 11 67 69 67 37 40 76 8 1 76 36 74
245 1901 113 3700 117 1155 603 9628 317 325 0
50
27 1
46 46 73 1 91 13 70 62 37 39 73 72 69 32 1 51 68 100 23 55 38 79 27 75 34 45 1 29 34 91 78 81 82 21 82 61 36 86 85 43 2 1 14 1 74 54 85 94 34 8 67 61 55 41 1 57 6 1 65 100 78 93 79 65 43 53 91 53 87 21 99 27 70 13 38 61 82 29 19 21 64 28 6 87 54 45 82 21 76 37 55 43 37 4 87 93 89 85 82
238 114 127 7500 5500 4031 4702 1646 104 931 0
84
63 75
82 1 34 76 28 3 92 59 53 78 1 21 72 21 34 77 22 74 72 59 60 87 46 17 46 36 85 89 46 51 14 79 33 18 33 37 71 33 26 12 94 9 67 31 34 100 36 13 4 61 64 45 43 28 30 45 42 1 73 1 67 97 94 53 69 16 34 10 56 11 18 93 82 81 18 98 22 51 12 1 78 71 81 71 55 26 78 21 17 37 28 11 82 51 96 46 54 9 78 61 24 26 11 67 11 47 49 80 45 87 82 66 37 41 37 1 99 89 27 59 15 85 67 7 49 100 31 43 48 77 45 79 45 53 85 83 21 1 25 51 67 49 67 90 66 1 1 96 28 21 67 5 89 91 36 96 94 77 10 81 39 68 40 93 73 56 63
1361 261 976 1469 6400 121 106 2257 5535 1217 0
78
65 36
71 21 76 37 24 85 91 100 78 61 73 98 35 35 93 21 43 11 90 15 82 27 66 61 73 41 36 29 1 41 25 76 2 11 52 15 38 45 68 71 23 20 44 1 92 15 94 89 25 4 45 17 76 48 61 46 49 68 86 65 43 98 34 61 82 87 70 98 64 1 52 21 1 1 10 11 90 21 56 45 76 55 4 47 89 81 79 32 13 76 90 85 74 66 70 15 83 77 82 73 1 15 25 33 2 85 82 33 78 41 4 37 37 1 36 43 67 30 82 79 77 69 97 57 45 1 19 87 37 79 38 15 9 67 85 44 66 31 58 61 62 3 23 45 31 91 99 6 36 37 89 41 23 51 89
122 1601 4800 3519 2941 10319 5543 4137 1725 1116 0
0
