66
57 3
27 1 15 37 91 41 73 26 49 60 75 63 66 37 54 26 52 35 96 91 8 26 85 1 70 37 93 89 71 10 14 57 73 21 41 43 89 84 52 8 94 8 1 62 2 81 23 96 22 53 73 45 80 25 47 10 60 15 19 61 89 85 19 26 22 44 57 43 91 67 37 81 34 73 2 15 54 1 10 71 79 47 84 1 34 76 41 66 34 21 55 42 7 81 82 41 12 23 62 56 18 85 28 8 34 74 1 25 57 71 37 49 1 85 23 51 93 61 61 25 67 34 81 5 9 41 85 9 84 13 46
3918 4931 923 1709 901 1837 2417 5565 5113 9472 0
78
85 86
12 9 96 72 67 78 49 53 23 11 27 64 25 21 5 81 92 56 42 1 45 96 68 20 31 74 99 27 17 41 94 1 52 93 56 13 77 73 75 69 85 1 82 85 89 25 1 99 74 19 22 35 31 77 30 71 28 63 61 1 71 51 5 62 34 81 49 33 46 49 41 49 78 31 39 69 64 16 92 75 13 17 46 97 52 26 93 65 67 48 62 41 5 17 67 96 85 93 6 2 31 96 1 57 75 59 46 52 10 20 64 85 23 18 35 15 1 1 64 32 69 86 74 37 14 30 37 91 46 89 25 65 61 81 66 26 58 3 39 72 93 29 58 77 74 71 55 51 64 53 15 91 28 37 60
1310 4169 901 2951 6140 7497 1200 699 819 926 0
82
76 28
47 41 3 81 15 81 85 53 79 17 77 89 63 66 13 85 1 15 2 46 30 23 34 20 94 76 46 1 19 47 21 77 10 69 67 41 18 1 76 1 10 68 43 67 40 18 29 1 37 11 25 11 58 6 55 3 12 5 73 61 99 89 22 57 65 33 2 34 51 1 19 88 5 86 19 43 64 79 46 89 33 76 73 31 12 54 1 72 58 93 24 76 76 9 69 1 47 57 95 100 79 71 37 83 61 87 84 6 32 61 37 61 46 76 91 27 82 52 73 85 43 33 17 7 16 34 68 96 86 54 59 48 16 78 12 67 49 35 34 61 78 69 67 73 64 77 89 21 82 87 39 42 14 13 40 97 12 49 67 19 19 69 80
7676 8500 9913 3951 4292 3401 4439 234 8400 141 0
75
25 65
3 82 64 37 58 51 70 61 40 93 12 91 34 91 34 38 28 51 49 3 19 65 18 81 46 1 48 25 77 77 3 83 48 1 79 51 19 67 3 80 2 57 31 26 87 1 79 37 24 29 17 6 58 49 67 97 50 5 76 49 69 98 49 90 20 45 13 95 25 91 45 75 13 97 40 43 94 95 70 73 89 25 1 77 13 85 21 27 84 51 81 18 2 21 92 63 4 46 73 37 27 65 1 70 33 1 64 6 82 25 97 49 55 36 73 46 65 57 19 1 81 61 46 25 34 27 19 1 3 58 54 9 91 10 9 41 26 41 1 61 10 23 30 97 59 61 85 21 50
300 525 2208 5823 1636 626 251 2940 8400 142 0
95
29 61
8 75 55 54 66 41 10 56 51 52 6 89 40 21 84 7 67 5 39 75 19 34 76 20 94 82 67 81 82 1 44 13 83 1 19 5 64 69 59 92 95 46 36 72 26 17 10 18 45 56 2 60 19 1 96 25 1 21 5 12 34 99 31 77 62 79 53 71 64 53 4 69 22 64 86 16 31 65 78 1 78 81 84 51 91 59 92 57 48 100 84 61 70 7 34 9 53 82 89 100 64 36 52 11 67 99 10 76 37 10 77 21 88 36 32 11 72 97 8 46 1 9 51 76 34 95 31 16 78 1 82 76 70 69 55 9 43 33 86 71 97 94 69 65 20 97 21 65 88 33 7 13 40 81 53 59 82 25 89 71 93 71 45 28 48 69 23 5 28 29 67 78 67 67 45 55 37 31 40 60 51 1 96 93 92 61 7 45 25
5951 3181 116 9113 3300 1900 145 5097 5378 4315 0
73
26 73
37 93 56 27 7 49 49 17 66 1 85 91 49 7 16 85 74 70 91 52 49 6 97 49 97 77 16 95 3 21 25 31 64 41 62 96 26 28 78 69 83 82 63 81 45 45 28 85 4 26 38 1 22 61 27 55 59 61 84 9 67 28 56 56 3 9 86 61 87 25 35 58 6 9 58 1 1 53 78 61 25 6 73 15 13 19 28 23 1 49 67 74 34 37 10 63 12 83 41 85 91 90 9 25 61 81 65 55 37 3 1 21 1 58 6 41 39 21 64 86 64 78 60 11 64 78 15 76 7 89 40 51 2 29 18 82 41 51 19 41 47 29 1 1 35
1623 1138 1803 1408 9194 4984 558 846 2446 7146 0
90
76 45
4 69 76 41 10 2 64 1 9 33 61 41 79 2 34 46 70 51 67 97 46 98 13 61 16 21 33 41 16 45 70 22 3 67 55 81 16 99 93 78 82 41 15 54 9 77 43 46 80 66 37 53 92 87 93 44 31 39 98 33 11 18 40 3 64 81 85 37 7 76 74 81 62 59 53 72 73 39 16 63 73 29 67 49 26 91 34 22 44 60 82 31 84 88 76 47 37 43 32 91 97 47 56 71 99 46 70 45 28 59 33 83 37 39 83 83 56 97 91 93 54 5 81 84 10 61 92 71 78 21 49 100 46 79 10 32 46 26 85 81 76 40 66 72 99 77 79 88 51 1 66 69 68 61 73 47 34 97 94 1 63 93 25 46 31 67 98 83 55 16 40 98 1 17 66 9 33 26 94
343 5551 6000 5400 1950 1800 2500 1467 3341 135 0
70
71 74
83 45 28 82 37 70 34 65 31 4 73 26 52 53 28 26 37 13 37 99 47 81 73 67 20 87 56 48 56 40 12 81 67 51 1 17 45 51 94 1 1 32 35 1 52 21 89 86 47 85 14 47 10 41 78 17 55 1 97 45 37 47 28 17 40 48 37 81 45 59 70 41 29 81 73 85 22 46 78 5 45 39 3 6 95 33 64 41 89 1 73 33 97 20 23 71 8 86 52 5 52 71 71 84 34 1 58 49 85 20 22 85 29 28 63 40 27 94 54 11 73 81 19 61 55 74 54 87 49 21 68 3 83 57 40 33 24 58 40
1553 1163 6920 3301 8588 2424 3429 4700 6601 4600 0
94
39 36
23 32 72 51 47 6 75 7 88 61 67 73 97 16 63 59 40 17 1 2 56 29 89 54 46 21 34 5 63 9 97 9 37 33 37 41 1 33 67 89 55 65 91 33 42 25 53 11 23 69 13 85 22 31 67 5 64 31 82 57 37 61 49 74 47 76 55 57 46 3 1 25 34 76 45 41 73 77 55 83 83 50 84 12 91 11 87 1 16 39 34 84 73 77 1 98 82 31 30 79 23 36 22 13 3 97 73 67 67 21 23 81 96 1 10 97 27 76 47 80 31 51 27 32 76 81 72 3 48 86 82 43 13 88 65 9 31 19 54 11 40 10 73 39 26 35 77 79 94 26 32 64 97 29 92 65 3 80 46 45 82 19 63 67 46 97 70 1 19 53 45 85 18 36 84 11 31 4 24 17 19 87 91 21 86 38 87
437 3653 631 2127 1240 105 681 109 925 3732 0
70
77 17
19 36 88 49 53 96 96 61 56 49 90 16 1 41 52 75 58 46 58 81 40 57 25 22 30 71 90 61 6 44 47 6 38 44 63 1 30 9 74 73 70 91 34 41 13 27 79 15 65 85 20 90 80 39 27 33 41 85 6 63 88 77 73 41 70 97 53 81 79 46 34 1 37 69 9 17 23 51 27 5 1 61 7 55 16 3 2 53 80 61 56 7 79 16 86 1 7 87 97 53 88 51 34 51 78 71 69 23 32 4 22 1 75 46 82 58 58 81 68 76 20 21 45 37 90 49 96 65 39 25 70 24 97 39 57 76 1 11 36
1508 3127 1312 131 7800 2172 115 7047 6100 3629 0
0
