99
0 0 0 0 0 0 0 0 0 0 0 0 0 0 0 0 0 0 0 0 0 0 0 0 0 0 0 0 0 0 0 0 0 0 0 0 0 0 0 0 0 0 0 0 0 0 0 0 0 0 0 0 0 0 0 0 0 0 0 0 0 0 0 0 0 0 0 0 0 0 0 0 0 0 0 0 0 0 0 0 0 0 0 0 0 0 0 0 0 0 0 0 0 0 0 0 0 0 1170
50
-5 -8 -9 -10 -12 -13 -14 -15 -21 -22 -23 -26 -27 -29 -31 -32 -33 -36 -37 -39 -42 -43 -44 -46 -47 -49 -50 -54 -55 -57 -61 -62 -63 -65 -67 -68 -69 -72 -74 -75 -76 -77 -79 -80 -81 -82 -83 -84 -86 -87 -88 -89 -91 -92 -93 -95 -96 1 2 3 4 6 7 9 11 13 14 15 16 17 18 20 21 22 24 25 26 27 28 30 32 33 36 38 39 43 44 45 46 48 49 51 52 53 54 57 58 59 60 61 62 64 66 67 69 71 72 73 74 75 76 78 79 80 85 88 90 91 92 93 95 96 97 0
-1 -4 -7 -8 -10 -12 -13 -14 -15 -16 -17 -18 -19 -20 -21 -24 -25 -26 -27 -28 -29 -30 -32 -34 -35 -36 -39 -41 -42 -43 -44 -48 -51 -52 -53 -54 -55 -56 -57 -58 -59 -62 -63 -65 -66 -69 -70 -73 -74 -75 -76 -77 -78 -79 -80 -81 -84 -85 -86 -87 -88 -89 -91 -92 -94 -95 -97 2 7 8 9 10 11 12 13 15 16 17 18 19 20 21 22 23 24 25 27 28 29 32 33 34 35 36 37 39 40 41 42 43 44 46 47 48 49 50 51 52 55 56 59 60 61 62 63 64 65 67 68 69 71 72 73 75 76 77 78 79 81 82 83 84 85 86 89 90 91 92 93 95 96 97 98 0
-5 -7 -10 -11 -12 -14 -15 -17 -18 -20 -21 -23 -25 -26 -29 -32 -33 -34 -35 -38 -41 -42 -44 -45 -46 -47 -48 -49 -50 -52 -53 -57 -58 -59 -61 -62 -63 -65 -66 -67 -68 -72 -73 -75 -76 -77 -78 -81 -84 -86 -87 -88 -89 -90 -91 -92 -93 -94 -95 -96 3 5 10 13 14 15 16 17 18 19 20 21 22 23 24 25 26 28 29 30 31 32 33 36 39 41 42 43 44 48 51 53 54 55 56 60 61 62 64 67 68 69 73 75 76 77 79 84 85 87 88 89 90 91 92 93 94 0
-1 -2 -5 -6 -7 -8 -9 -10 -12 -13 -16 -17 -18 -19 -21 -22 -23 -27 -29 -32 -33 -34 -35 -36 -38 -39 -40 -41 -42 -45 -46 -47 -48 -49 -51 -52 -54 -55 -58 -59 -60 -61 -62 -63 -65 -69 -70 -72 -73 -74 -77 -78 -81 -82 -84 -86 -87 -89 -92 -93 -94 -96 -97 -98 1 4 5 9 10 11 12 13 15 16 17 18 20 21 23 26 27 29 30 31 33 34 38 40 44 46 47 48 50 51 52 54 55 57 58 60 61 62 63 65 67 69 70 71 72 74 75 77 78 80 81 82 89 91 92 93 95 98 0
-1 -2 -4 -5 -9 -11 -12 -13 -14 -17 -19 -22 -24 -25 -26 -27 -28 -30 -31 -33 -34 -36 -37 -39 -40 -44 -48 -50 -51 -52 -54 -56 -57 -58 -59 -60 -62 -63 -64 -67 -68 -70 -71 -72 -74 -76 -77 -78 -79 -80 -82 -83 -84 -85 -86 -89 -91 -92 -93 -95 -96 -97 1 3 5 6 7 8 9 10 11 13 14 16 17 19 20 21 22 23 25 27 28 29 30 33 34 37 39 40 42 47 48 49 50 57 59 61 62 64 69 70 71 72 73 74 76 77 79 81 82 84 85 86 87 88 89 90 92 94 96 0
-2 -3 -5 -7 -8 -9 -11 -12 -13 -14 -15 -17 -19 -20 -21 -22 -25 -27 -29 -30 -33 -34 -35 -36 -37 -38 -42 -43 -45 -46 -47 -48 -50 -51 -56 -57 -58 -60 -61 -65 -68 -70 -71 -72 -73 -74 -76 -77 -78 -79 -81 -82 -83 -84 -87 -89 -90 -91 -93 -94 -95 -97 -98 3 4 6 8 9 10 11 12 15 16 17 18 20 21 23 24 25 26 27 28 29 30 31 33 34 36 40 44 45 47 48 51 52 54 55 57 58 59 60 62 63 64 66 67 69 71 73 74 75 79 80 81 82 83 86 87 90 91 92 93 95 96 98 0
-1 -4 -6 -7 -8 -10 -14 -15 -16 -17 -20 -21 -22 -23 -24 -25 -27 -28 -29 -32 -36 -38 -39 -41 -43 -45 -47 -48 -49 -51 -54 -56 -57 -58 -60 -63 -64 -66 -67 -68 -69 -70 -74 -75 -77 -78 -79 -81 -82 -83 -86 -87 -88 -89 -90 -91 -92 -93 -94 -97 1 2 5 7 9 10 11 12 14 16 17 18 19 20 21 22 23 24 25 26 27 28 30 32 33 34 35 36 37 38 39 40 41 42 43 45 46 47 48 49 50 51 53 54 55 57 58 59 60 61 62 63 64 65 67 68 70 72 73 74 75 76 77 78 79 80 83 84 85 86 87 88 89 90 91 93 94 98 0
-1 -2 -4 -5 -7 -8 -9 -10 -13 -15 -16 -18 -21 -23 -24 -25 -26 -27 -28 -30 -31 -33 -35 -36 -37 -38 -41 -44 -45 -46 -47 -49 -51 -52 -54 -56 -57 -58 -60 -63 -64 -66 -67 -68 -69 -70 -74 -75 -76 -77 -79 -84 -86 -88 -89 -90 -92 -93 -94 -95 -96 -97 -98 1 2 3 4 6 7 8 10 11 13 16 17 19 20 22 23 25 27 28 29 33 34 35 38 39 40 41 42 43 47 48 49 50 51 54 57 58 59 62 64 65 67 71 72 73 74 75 76 78 79 80 81 82 83 85 86 87 89 90 91 92 93 98 0
-1 -2 -3 -6 -8 -9 -10 -11 -13 -14 -16 -17 -18 -20 -22 -23 -26 -28 -29 -30 -31 -33 -35 -37 -38 -39 -40 -42 -43 -44 -45 -50 -52 -53 -54 -55 -56 -58 -60 -61 -62 -63 -64 -65 -66 -67 -69 -71 -72 -73 -75 -76 -77 -79 -80 -81 -82 -84 -88 -90 -93 -95 -96 -97 1 2 4 6 7 8 10 13 14 17 19 20 22 23 24 25 26 27 28 29 31 32 33 34 35 38 39 40 41 42 44 45 46 48 49 50 51 52 54 55 56 57 59 63 64 65 67 70 73 74 75 76 77 80 81 82 83 84 85 86 88 89 92 93 94 95 96 97 0
-1 -2 -3 -5 -6 -8 -9 -11 -12 -13 -14 -15 -16 -17 -18 -19 -21 -22 -24 -25 -26 -27 -28 -29 -31 -32 -35 -36 -38 -41 -42 -44 -45 -48 -49 -50 -51 -52 -53 -54 -57 -58 -59 -60 -61 -65 -66 -68 -69 -70 -72 -76 -77 -78 -81 -83 -87 -88 -89 -90 -91 -93 -94 -95 -96 -97 -98 1 2 3 5 6 7 9 10 12 14 15 16 20 21 22 23 25 26 27 28 29 33 35 37 38 40 42 44 45 46 47 48 49 50 51 53 54 55 57 58 63 66 67 68 69 71 73 74 75 76 78 81 82 83 84 85 86 88 89 90 91 94 96 0
-4 -5 -6 -7 -8 -9 -10 -11 -12 -13 -14 -15 -16 -17 -19 -20 -21 -22 -25 -26 -27 -28 -30 -32 -33 -34 -38 -40 -41 -44 -45 -46 -47 -49 -50 -51 -52 -53 -54 -55 -57 -58 -59 -60 -61 -64 -65 -66 -71 -72 -74 -77 -78 -80 -82 -83 -84 -85 -86 -89 -92 -94 -95 -96 -98 2 4 5 6 7 8 10 11 14 17 19 22 23 24 25 26 28 29 30 32 34 35 38 39 40 41 44 46 47 48 49 50 51 52 53 54 55 56 57 58 61 62 63 64 66 67 70 71 72 75 77 78 80 81 83 84 86 88 89 90 92 93 95 97 98 0
-1 -2 -4 -6 -7 -8 -10 -11 -13 -15 -16 -17 -18 -19 -21 -22 -23 -24 -26 -27 -29 -32 -33 -36 -39 -40 -41 -43 -44 -45 -47 -48 -49 -50 -51 -53 -54 -55 -57 -59 -60 -61 -65 -67 -68 -70 -71 -73 -74 -76 -77 -78 -79 -80 -81 -82 -85 -86 -87 -88 -90 -92 -93 -96 -97 -98 1 2 3 4 5 6 7 8 9 10 11 12 13 14 15 16 17 18 21 22 24 26 27 30 32 33 34 35 36 37 38 39 41 42 44 46 47 49 50 52 54 56 58 59 60 61 62 63 66 67 68 69 70 72 73 74 75 77 79 80 81 82 83 84 85 86 87 90 92 96 98 0
-2 -3 -5 -6 -7 -8 -10 -14 -15 -17 -19 -20 -21 -23 -24 -26 -27 -29 -31 -32 -33 -34 -35 -36 -38 -39 -41 -42 -45 -46 -47 -48 -50 -51 -53 -55 -56 -57 -61 -62 -64 -67 -68 -69 -72 -73 -74 -75 -76 -77 -78 -80 -81 -84 -85 -87 -89 -94 -95 -96 -98 1 2 4 5 6 7 8 10 11 12 14 15 16 17 19 22 24 25 26 27 29 30 31 32 33 34 36 37 40 41 43 44 49 50 51 53 54 55 56 57 59 60 61 64 67 68 69 70 71 72 73 74 75 76 77 79 82 83 84 86 88 89 90 91 92 93 94 95 96 97 98 0
-1 -2 -3 -5 -6 -8 -10 -12 -13 -14 -15 -16 -17 -18 -20 -22 -23 -25 -26 -27 -28 -31 -33 -34 -35 -37 -40 -41 -42 -46 -47 -48 -49 -51 -53 -56 -57 -58 -59 -60 -61 -62 -63 -65 -66 -67 -68 -69 -71 -72 -73 -76 -77 -79 -83 -84 -86 -87 -88 -89 -91 -93 -95 -96 -97 -98 1 2 4 5 7 8 9 10 11 12 13 16 17 20 21 23 24 25 27 28 30 32 33 34 35 36 41 44 45 46 47 49 50 51 52 53 54 55 56 57 59 60 62 63 67 69 70 72 73 76 79 80 81 82 85 88 89 90 93 95 96 97 0
-1 -2 -4 -5 -6 -7 -8 -10 -11 -12 -16 -18 -19 -20 -23 -24 -25 -28 -30 -32 -34 -36 -37 -40 -43 -45 -46 -47 -48 -49 -51 -52 -55 -56 -57 -58 -60 -61 -63 -64 -65 -66 -69 -71 -74 -75 -76 -77 -78 -81 -85 -88 -90 -91 -92 -94 3 4 5 7 8 10 12 13 15 16 17 18 19 21 22 23 26 28 29 30 31 32 33 34 35 37 38 40 41 42 43 44 45 46 49 50 51 53 54 56 57 58 59 62 63 64 65 66 68 69 70 71 72 73 74 75 76 77 78 79 80 82 84 86 89 90 91 92 93 94 95 96 0
-2 -3 -6 -8 -9 -13 -15 -16 -20 -22 -26 -27 -29 -30 -31 -33 -35 -37 -39 -40 -41 -42 -43 -44 -46 -47 -48 -49 -50 -53 -54 -55 -56 -57 -58 -59 -61 -64 -65 -66 -69 -72 -73 -74 -75 -77 -78 -79 -82 -83 -84 -85 -87 -88 -90 -91 -92 -94 -95 -96 -98 1 4 6 8 9 12 13 14 15 16 18 19 20 21 22 23 24 26 28 31 32 35 36 38 39 40 41 42 44 45 47 48 50 52 53 56 59 60 61 63 64 66 68 69 70 71 72 73 74 77 79 80 82 83 84 86 87 88 90 92 94 95 96 97 0
-1 -2 -3 -5 -10 -12 -15 -18 -19 -21 -22 -23 -24 -27 -28 -29 -30 -31 -37 -39 -40 -41 -42 -43 -44 -45 -46 -48 -50 -53 -54 -55 -56 -57 -59 -60 -61 -62 -63 -64 -65 -67 -68 -70 -72 -73 -74 -75 -76 -80 -82 -83 -84 -86 -88 -89 -90 -91 -92 -94 -95 -97 -98 3 5 6 8 9 10 15 16 18 20 21 22 23 24 26 27 29 30 31 32 33 34 35 36 37 38 40 41 46 47 48 49 50 51 52 54 55 56 59 60 61 63 64 65 66 67 70 71 74 76 77 79 80 81 83 84 86 87 89 90 91 92 93 94 95 96 98 0
-2 -3 -5 -6 -7 -8 -9 -10 -11 -12 -13 -15 -16 -17 -20 -21 -24 -26 -27 -28 -32 -33 -34 -35 -37 -38 -39 -40 -42 -43 -45 -46 -47 -48 -49 -50 -52 -53 -54 -55 -56 -57 -59 -60 -61 -62 -65 -67 -68 -71 -72 -73 -74 -80 -81 -82 -83 -84 -85 -86 -87 -89 -95 -96 -97 -98 1 3 4 6 7 8 10 11 14 16 17 19 20 21 22 23 24 25 26 28 29 31 32 33 34 35 36 38 39 40 43 44 45 47 49 50 51 52 53 54 55 57 58 59 61 62 63 64 65 66 68 70 72 73 74 75 76 77 80 83 84 85 86 87 90 91 92 93 94 96 97 98 0
-1 -2 -3 -6 -7 -8 -10 -11 -12 -14 -16 -17 -18 -19 -20 -22 -25 -26 -27 -28 -30 -32 -33 -34 -35 -37 -38 -39 -40 -41 -42 -43 -44 -45 -46 -48 -49 -50 -51 -53 -54 -55 -56 -58 -59 -61 -67 -68 -69 -70 -73 -75 -76 -77 -78 -79 -80 -82 -83 -84 -85 -86 -87 -88 -90 -92 -93 -94 -95 -96 -98 1 3 6 7 8 9 10 11 12 13 16 18 19 20 21 22 23 26 27 28 29 30 31 32 35 36 37 38 39 44 47 48 49 51 52 55 56 57 59 60 62 63 64 65 66 67 68 71 72 73 74 75 76 80 81 82 84 86 89 90 92 93 94 95 96 97 98 0
-2 -3 -4 -6 -7 -10 -12 -13 -15 -16 -17 -21 -22 -23 -24 -25 -28 -30 -33 -34 -35 -36 -37 -39 -41 -43 -44 -46 -47 -48 -49 -50 -51 -55 -56 -57 -58 -59 -60 -61 -62 -63 -65 -66 -67 -71 -72 -73 -74 -75 -79 -80 -81 -82 -83 -85 -86 -88 -89 -93 -94 -96 -97 -98 1 2 5 6 7 13 14 15 19 20 22 23 24 26 27 29 31 33 34 35 36 39 41 44 45 48 50 52 53 54 55 56 57 58 61 63 66 67 69 70 71 74 78 79 80 81 82 83 84 85 88 89 91 93 94 95 96 97 98 0
-1 -3 -4 -5 -6 -7 -8 -9 -10 -15 -17 -23 -24 -25 -27 -29 -30 -32 -33 -34 -37 -38 -39 -40 -42 -43 -44 -45 -46 -47 -51 -53 -54 -55 -57 -61 -62 -63 -64 -65 -66 -68 -69 -70 -71 -73 -74 -75 -76 -78 -80 -82 -83 -84 -85 -86 -88 -89 -90 -91 -93 -94 -95 -96 -97 -98 1 2 3 5 6 7 8 12 15 16 17 18 20 22 23 24 25 28 29 30 31 34 36 38 40 43 44 45 46 47 49 50 52 53 54 55 56 59 61 64 65 66 67 70 71 76 77 78 79 80 81 83 85 86 87 88 92 94 97 98 0
-3 -4 -6 -7 -8 -9 -11 -12 -13 -15 -16 -17 -19 -20 -21 -22 -24 -25 -26 -27 -30 -32 -34 -36 -37 -38 -39 -40 -41 -42 -43 -44 -45 -46 -47 -48 -49 -50 -53 -54 -55 -56 -57 -60 -62 -64 -66 -67 -68 -69 -70 -72 -73 -74 -76 -77 -78 -80 -82 -83 -84 -87 -88 -89 -90 -92 -93 -94 -97 -98 1 2 3 5 6 7 8 10 12 13 15 16 17 18 20 21 23 24 26 28 29 30 31 32 33 34 35 36 37 38 40 41 42 44 45 47 48 50 51 52 55 57 59 60 62 63 64 65 67 68 69 72 73 74 75 76 77 78 79 80 82 83 84 85 86 87 89 90 92 94 95 96 97 98 0
-1 -3 -4 -5 -7 -8 -9 -10 -11 -12 -14 -15 -16 -17 -18 -19 -22 -24 -27 -29 -31 -32 -34 -38 -39 -40 -41 -42 -43 -44 -47 -49 -52 -53 -54 -55 -56 -57 -58 -59 -61 -62 -63 -64 -65 -66 -67 -69 -70 -71 -72 -73 -75 -77 -78 -79 -83 -84 -85 -86 -87 -91 -92 -95 -96 -97 1 5 9 10 12 13 16 18 19 21 22 24 25 27 28 30 32 33 34 35 37 38 40 44 45 46 47 49 50 51 53 54 55 58 59 60 61 62 63 66 67 69 70 72 74 75 76 77 78 79 80 85 86 87 89 90 91 92 94 95 97 0
-1 -3 -4 -6 -7 -8 -10 -11 -16 -17 -19 -20 -21 -24 -26 -27 -31 -32 -34 -35 -36 -37 -38 -39 -40 -42 -44 -45 -46 -48 -49 -50 -51 -52 -54 -55 -56 -57 -59 -64 -65 -67 -68 -69 -70 -71 -72 -73 -75 -76 -77 -78 -79 -80 -81 -85 -86 -87 -88 -89 -90 -92 -93 -97 -98 1 2 3 5 7 8 9 10 12 13 15 17 20 21 22 23 24 25 27 28 29 30 33 34 35 37 38 39 42 43 44 45 46 47 48 49 50 51 53 55 56 57 58 64 65 68 69 71 72 74 76 77 78 79 81 82 83 84 85 86 87 88 90 91 92 93 95 96 97 98 0
-4 -5 -6 -7 -8 -11 -14 -15 -16 -17 -18 -19 -20 -21 -22 -23 -25 -26 -27 -29 -31 -33 -34 -38 -39 -40 -43 -44 -45 -46 -52 -54 -55 -56 -57 -58 -60 -61 -63 -67 -69 -71 -72 -73 -74 -75 -76 -77 -80 -81 -84 -85 -86 -87 -88 -89 -91 -92 -93 -95 -97 -98 1 2 4 5 7 8 9 10 11 14 15 17 18 19 20 21 23 25 26 27 28 30 34 36 37 40 41 42 43 44 45 46 47 49 50 51 52 54 56 57 58 61 62 64 65 66 68 69 72 73 74 75 78 83 84 85 86 87 88 89 91 92 93 94 95 96 98 0
-1 -2 -3 -8 -10 -12 -13 -15 -17 -18 -21 -22 -26 -28 -29 -31 -32 -33 -34 -35 -36 -38 -40 -41 -42 -43 -45 -46 -50 -52 -53 -54 -55 -56 -59 -60 -61 -62 -64 -65 -67 -70 -73 -74 -76 -77 -78 -79 -81 -82 -83 -84 -86 -88 -89 -90 -92 -93 -94 -96 -97 -98 1 3 5 9 11 12 13 14 15 16 18 19 20 23 28 29 30 31 32 35 36 38 40 41 42 44 45 46 48 49 50 51 52 53 54 55 56 58 59 61 62 63 64 65 66 67 69 70 71 72 73 74 75 76 77 78 79 80 82 85 88 89 90 91 93 94 95 97 98 0
-2 -3 -4 -6 -8 -9 -10 -13 -15 -18 -19 -21 -22 -23 -24 -25 -29 -32 -33 -35 -36 -37 -39 -40 -41 -42 -43 -45 -46 -49 -52 -53 -54 -58 -59 -61 -62 -64 -65 -67 -68 -69 -71 -72 -73 -74 -75 -76 -77 -78 -80 -81 -83 -84 -85 -86 -89 -91 -92 -95 -96 -97 -98 1 2 4 5 6 7 8 11 13 15 16 19 20 21 22 23 25 26 28 29 30 31 32 33 34 35 36 37 39 40 41 42 43 45 47 48 49 50 57 58 59 60 62 63 65 68 69 73 74 76 77 78 79 80 82 83 86 87 88 89 91 93 96 98 0
-2 -7 -8 -9 -10 -11 -14 -17 -18 -19 -20 -22 -24 -26 -27 -28 -29 -30 -31 -32 -33 -34 -35 -36 -38 -39 -40 -42 -43 -44 -45 -47 -49 -50 -51 -54 -55 -56 -57 -58 -59 -60 -61 -63 -65 -66 -67 -69 -70 -71 -74 -78 -79 -80 -84 -85 -86 -87 -88 -89 -90 -91 -92 -93 -95 -97 1 2 3 4 5 6 7 8 10 11 13 14 15 16 18 19 20 21 22 23 24 27 32 34 35 36 37 38 39 40 41 43 44 46 47 48 49 52 53 54 55 56 58 60 62 64 66 69 71 74 75 77 79 80 82 84 86 87 88 90 92 93 94 96 97 98 0
-1 -2 -7 -8 -10 -11 -12 -14 -15 -16 -17 -20 -22 -24 -25 -27 -29 -31 -32 -33 -34 -36 -38 -40 -41 -43 -44 -45 -46 -47 -48 -49 -50 -51 -52 -54 -56 -57 -58 -59 -60 -63 -64 -65 -66 -67 -68 -69 -70 -71 -73 -74 -75 -77 -78 -79 -81 -82 -83 -84 -85 -88 -89 -90 -91 -92 -94 -95 -96 -98 2 3 5 8 10 12 13 15 16 17 19 20 21 22 23 24 25 27 28 29 31 32 33 34 35 36 37 38 42 43 44 47 48 49 51 52 53 54 57 59 60 61 62 64 65 66 70 72 73 74 76 80 81 82 84 85 86 88 89 90 91 92 95 96 97 98 0
-1 -2 -3 -4 -5 -7 -8 -10 -11 -12 -13 -14 -17 -18 -19 -24 -26 -27 -28 -29 -30 -32 -33 -35 -36 -37 -39 -40 -41 -42 -43 -44 -45 -46 -47 -48 -49 -50 -51 -53 -56 -57 -58 -60 -61 -62 -63 -64 -65 -66 -67 -68 -70 -71 -72 -74 -76 -77 -79 -81 -83 -84 -89 -90 -92 -93 -94 -97 3 4 5 6 7 8 10 12 13 14 16 19 22 23 25 27 28 29 31 32 33 35 36 39 40 41 42 43 44 45 47 48 49 51 52 54 55 56 57 58 60 61 62 65 67 69 71 72 73 74 77 78 79 80 82 84 86 87 88 90 92 95 96 0
-2 -3 -5 -6 -7 -8 -9 -10 -12 -13 -14 -15 -16 -19 -20 -21 -22 -23 -24 -25 -27 -28 -31 -32 -33 -34 -36 -37 -39 -40 -42 -43 -45 -47 -48 -49 -50 -51 -52 -53 -55 -56 -58 -59 -60 -61 -62 -63 -64 -65 -67 -68 -69 -70 -71 -72 -73 -74 -75 -78 -80 -81 -85 -88 -89 -91 -92 -93 -94 -96 -97 -98 1 2 3 4 5 8 9 10 12 14 15 16 17 18 19 20 22 23 24 26 27 29 30 31 32 34 35 36 37 38 40 41 43 44 45 48 49 51 52 53 55 59 61 62 65 66 68 69 71 72 73 77 78 79 80 81 82 84 85 87 88 89 90 91 92 94 96 97 0
-1 -2 -5 -7 -9 -10 -11 -13 -14 -17 -18 -19 -20 -23 -24 -26 -27 -28 -31 -32 -35 -36 -37 -38 -42 -43 -45 -47 -48 -49 -51 -54 -56 -57 -59 -60 -62 -66 -67 -68 -69 -73 -74 -75 -76 -77 -78 -80 -81 -82 -83 -84 -88 -89 -90 -91 -93 -94 -95 -96 -97 1 2 3 4 6 7 9 10 11 12 13 14 16 19 21 24 25 27 31 32 34 35 36 37 43 44 46 47 48 49 50 51 52 55 57 63 65 67 69 70 71 72 73 74 75 76 78 80 81 82 84 85 86 87 89 90 92 93 94 95 96 97 98 0
-4 -5 -7 -10 -11 -12 -13 -15 -16 -17 -18 -23 -24 -25 -28 -29 -31 -33 -34 -35 -36 -40 -42 -44 -45 -46 -48 -49 -50 -51 -54 -56 -58 -59 -60 -61 -66 -69 -70 -72 -73 -75 -76 -77 -78 -79 -82 -83 -85 -86 -87 -88 -90 -94 -96 -97 2 3 4 6 8 9 10 11 13 14 15 16 17 22 23 24 25 26 32 33 34 36 37 39 41 42 43 45 46 48 50 52 53 55 57 58 59 60 61 63 64 66 67 69 70 72 73 74 77 78 79 80 81 82 83 85 86 88 90 94 95 98 0
-1 -2 -3 -4 -5 -6 -8 -10 -13 -14 -18 -19 -21 -24 -25 -27 -28 -29 -30 -31 -32 -34 -35 -36 -38 -41 -46 -48 -49 -50 -51 -52 -53 -54 -56 -58 -61 -62 -63 -64 -65 -66 -67 -68 -70 -72 -74 -76 -77 -78 -79 -81 -82 -83 -84 -87 -88 -89 -90 -91 -98 2 4 5 6 8 11 12 13 14 15 16 17 18 19 20 21 23 25 27 28 29 31 32 33 34 37 38 40 44 45 47 49 50 52 53 54 55 57 58 60 61 62 64 66 68 70 72 73 74 76 77 78 79 81 85 86 88 90 91 92 95 96 98 0
-1 -2 -3 -6 -7 -8 -9 -13 -14 -15 -16 -17 -18 -19 -20 -21 -22 -23 -25 -26 -27 -30 -31 -33 -34 -35 -37 -40 -42 -43 -46 -47 -48 -49 -51 -52 -53 -54 -57 -58 -59 -60 -61 -63 -65 -66 -67 -68 -69 -70 -71 -76 -77 -79 -80 -81 -82 -84 -86 -87 -89 -90 -91 -92 -93 -94 -95 -97 -98 1 2 3 4 5 7 8 9 10 11 12 13 14 15 16 18 20 23 24 25 26 27 28 29 32 33 34 35 37 39 40 44 45 46 47 48 49 50 51 53 54 56 57 59 61 62 63 64 65 66 67 68 69 71 72 73 77 78 80 81 82 83 85 86 87 88 89 91 92 93 94 95 98 0
-2 -4 -5 -6 -10 -11 -12 -13 -14 -18 -19 -20 -21 -23 -25 -26 -27 -29 -30 -32 -33 -34 -35 -36 -38 -40 -43 -44 -45 -46 -48 -49 -51 -52 -54 -55 -56 -57 -58 -59 -61 -62 -63 -64 -65 -66 -67 -68 -69 -73 -74 -77 -79 -81 -82 -83 -85 -88 -89 -90 -92 -93 -94 -95 -98 1 5 7 9 11 13 15 18 20 21 22 24 25 26 27 28 31 32 36 37 38 39 40 41 43 46 47 48 49 50 51 52 53 54 55 56 57 59 60 64 65 66 69 74 77 79 80 81 82 86 87 88 89 90 96 97 0
-1 -2 -3 -4 -5 -6 -7 -8 -9 -11 -12 -13 -14 -16 -17 -19 -20 -21 -22 -23 -24 -25 -26 -27 -28 -29 -30 -31 -32 -33 -34 -35 -36 -37 -39 -40 -41 -42 -43 -45 -46 -47 -49 -50 -51 -52 -53 -54 -55 -57 -58 -59 -61 -63 -64 -65 -66 -67 -68 -69 -76 -78 -79 -80 -82 -83 -84 -85 -86 -89 -90 -93 -94 -95 -96 -98 1 2 5 6 7 8 9 10 11 12 13 14 15 16 17 19 20 21 22 23 24 25 26 27 28 30 31 32 33 35 38 40 41 43 46 47 48 49 50 52 53 54 55 59 60 62 64 65 66 67 69 70 71 72 74 76 79 81 83 85 87 88 90 94 96 97 98 0
-4 -5 -8 -9 -10 -13 -14 -15 -16 -17 -19 -21 -22 -24 -25 -28 -29 -30 -32 -34 -35 -37 -38 -39 -41 -42 -43 -45 -46 -47 -50 -51 -53 -54 -57 -58 -61 -62 -64 -68 -71 -72 -74 -76 -77 -80 -82 -83 -87 -93 -95 -96 -97 -98 1 4 5 6 7 10 11 13 15 18 19 20 22 23 25 26 27 28 30 31 32 34 36 37 38 39 41 42 43 45 47 48 51 53 54 55 56 57 58 59 60 62 63 64 66 68 69 70 71 72 73 74 75 76 81 82 83 84 85 86 90 92 93 95 96 97 98 0
-1 -2 -5 -6 -7 -9 -12 -13 -14 -15 -16 -17 -18 -19 -22 -24 -25 -26 -27 -29 -30 -31 -32 -34 -35 -36 -38 -39 -40 -41 -42 -43 -45 -46 -47 -49 -50 -51 -53 -55 -57 -59 -60 -61 -62 -63 -65 -69 -71 -72 -76 -77 -81 -82 -84 -85 -89 -90 -91 -94 -95 -96 -97 -98 1 3 4 7 8 14 16 18 21 23 27 28 29 30 31 32 34 35 36 38 39 40 41 42 44 46 47 49 52 53 55 57 58 59 60 61 63 64 65 66 68 70 72 76 79 80 81 82 83 84 86 88 90 92 93 94 96 98 0
-1 -3 -5 -9 -10 -11 -12 -13 -14 -16 -18 -20 -21 -22 -25 -26 -27 -28 -29 -31 -33 -34 -36 -38 -39 -40 -41 -42 -44 -46 -47 -48 -49 -50 -51 -52 -53 -56 -57 -58 -59 -60 -62 -63 -65 -66 -67 -68 -69 -71 -72 -73 -75 -78 -80 -81 -82 -84 -85 -88 -89 -90 -91 -94 -97 1 2 3 4 5 6 7 9 10 11 16 17 18 19 21 23 24 25 26 28 29 30 34 35 36 38 39 41 43 44 46 47 49 50 51 52 56 57 58 59 60 62 63 66 67 68 70 71 72 74 77 79 80 82 83 84 86 87 88 89 90 92 93 97 98 0
-1 -3 -4 -8 -10 -11 -12 -13 -14 -15 -16 -17 -18 -20 -22 -23 -25 -27 -29 -31 -32 -33 -34 -35 -36 -37 -39 -41 -42 -43 -46 -48 -50 -53 -54 -55 -56 -58 -60 -61 -62 -63 -65 -66 -67 -69 -70 -71 -72 -73 -75 -76 -77 -80 -81 -82 -83 -84 -85 -88 -89 -92 -93 -95 -96 -98 1 2 5 8 12 13 15 16 17 18 20 21 23 24 25 26 28 29 30 32 33 35 36 39 40 42 44 45 48 49 50 56 57 58 59 61 63 67 68 71 72 73 74 77 78 79 80 81 82 83 86 87 88 91 93 95 96 97 98 0
-1 -2 -3 -5 -6 -8 -9 -12 -13 -14 -18 -19 -20 -21 -22 -23 -25 -26 -27 -28 -29 -31 -32 -33 -34 -35 -36 -37 -40 -41 -43 -44 -45 -46 -47 -48 -49 -50 -51 -52 -53 -55 -57 -58 -62 -63 -64 -66 -67 -68 -69 -72 -73 -76 -77 -78 -80 -82 -83 -84 -86 -88 -89 -90 -91 -92 -94 -95 -96 -97 -98 1 3 4 5 6 8 9 10 12 13 16 18 21 23 25 26 28 29 30 31 32 33 35 37 39 41 42 43 45 46 47 48 49 50 51 53 57 58 60 61 62 63 64 66 68 70 71 75 76 77 79 80 84 87 88 89 90 91 93 96 97 0
-1 -2 -3 -4 -5 -6 -7 -8 -11 -12 -16 -20 -21 -22 -24 -25 -26 -27 -31 -32 -33 -34 -35 -36 -37 -38 -39 -40 -44 -45 -46 -47 -48 -53 -54 -57 -58 -60 -61 -63 -64 -65 -66 -67 -68 -69 -72 -73 -75 -76 -77 -83 -84 -85 -86 -87 -88 -90 -91 -93 -94 -95 -97 -98 1 3 4 5 6 9 10 11 13 14 15 16 17 18 20 21 22 23 24 26 27 29 30 33 34 35 36 37 38 39 40 42 44 45 46 47 48 49 51 52 53 54 55 57 58 61 62 64 67 68 70 71 72 74 75 78 79 81 82 84 85 86 87 89 91 92 93 94 95 96 98 0
-1 -2 -3 -6 -7 -8 -9 -10 -11 -12 -16 -19 -21 -22 -24 -25 -26 -27 -28 -29 -31 -32 -33 -34 -35 -37 -41 -43 -46 -47 -49 -50 -51 -54 -55 -56 -57 -58 -59 -62 -63 -64 -65 -67 -71 -72 -73 -74 -75 -76 -77 -81 -82 -83 -86 -87 -88 -90 -91 -92 -96 -97 2 3 5 6 7 8 9 10 11 13 14 15 17 18 19 20 21 22 26 27 28 29 30 35 36 37 39 40 42 43 45 46 47 48 49 50 51 52 54 56 57 58 59 60 62 67 68 70 71 72 74 75 76 77 79 80 81 82 83 84 85 86 88 91 92 93 94 95 97 98 0
-1 -2 -3 -4 -5 -6 -8 -9 -10 -13 -14 -15 -16 -17 -20 -21 -22 -23 -25 -28 -30 -32 -34 -35 -36 -37 -38 -40 -44 -45 -46 -47 -49 -50 -55 -57 -58 -59 -60 -61 -62 -64 -65 -67 -68 -69 -71 -72 -73 -74 -75 -77 -78 -81 -82 -83 -84 -85 -86 -88 -90 -94 -95 -96 -97 -98 2 3 6 7 8 10 11 12 14 15 16 17 18 19 21 22 24 25 26 28 29 30 31 32 33 36 37 40 41 42 43 45 46 47 48 50 51 52 57 58 60 62 63 64 65 66 67 68 69 71 72 73 74 76 77 78 79 80 81 82 83 84 86 87 90 91 92 93 95 97 98 0
-1 -2 -4 -6 -7 -8 -9 -12 -13 -14 -17 -18 -21 -25 -26 -27 -28 -29 -30 -31 -32 -34 -36 -38 -39 -40 -41 -43 -44 -46 -47 -48 -49 -50 -51 -53 -57 -59 -61 -62 -65 -67 -68 -69 -70 -71 -72 -73 -74 -76 -77 -78 -79 -81 -82 -83 -86 -87 -88 -89 -90 -91 -93 -94 -95 -97 2 5 7 8 9 10 11 12 13 14 15 17 18 25 26 28 32 33 34 36 37 38 39 42 43 44 45 46 47 49 50 53 54 56 58 63 66 67 68 69 74 75 76 77 78 79 81 85 86 87 88 89 90 91 92 94 96 97 0
-1 -2 -3 -4 -7 -10 -11 -12 -13 -14 -15 -17 -19 -21 -22 -24 -25 -27 -28 -29 -30 -32 -33 -34 -36 -37 -39 -43 -44 -45 -46 -49 -51 -52 -53 -56 -58 -61 -64 -65 -67 -68 -69 -70 -72 -73 -74 -75 -76 -77 -79 -80 -81 -84 -85 -86 -87 -88 -90 -91 -92 -93 -95 -98 1 2 3 4 5 7 8 9 10 11 13 14 15 18 19 20 23 26 27 28 29 30 31 32 33 34 35 36 37 38 40 41 42 44 45 46 48 49 50 51 52 54 55 58 59 60 61 62 63 64 66 67 69 70 73 74 75 76 77 78 79 80 82 83 84 85 86 88 89 90 91 92 94 95 96 97 0
-1 -2 -3 -4 -5 -6 -7 -8 -9 -13 -14 -15 -16 -17 -18 -20 -21 -22 -23 -24 -25 -26 -28 -29 -32 -33 -34 -35 -37 -39 -40 -42 -44 -45 -46 -50 -51 -52 -55 -56 -57 -58 -59 -61 -62 -63 -64 -65 -66 -69 -71 -72 -73 -74 -76 -77 -78 -79 -81 -82 -83 -84 -86 -88 -89 -90 -91 -92 -93 -96 -98 2 5 6 7 8 9 11 12 13 14 15 17 19 20 23 24 25 28 31 32 33 34 36 37 40 41 43 44 45 48 50 52 54 55 58 62 65 67 70 71 74 75 76 77 78 80 82 83 84 85 86 87 90 93 94 95 96 97 98 0
-1 -2 -3 -4 -5 -6 -7 -8 -9 -10 -12 -13 -15 -16 -17 -18 -20 -25 -26 -27 -28 -29 -30 -31 -33 -34 -35 -36 -38 -39 -40 -41 -42 -44 -46 -47 -48 -50 -51 -52 -54 -56 -58 -61 -63 -64 -67 -68 -69 -70 -71 -72 -73 -75 -76 -77 -78 -79 -82 -84 -85 -87 -88 -90 -91 -92 -94 -95 -96 -97 -98 2 4 6 7 10 11 13 14 15 16 17 18 20 21 23 26 27 28 31 33 34 37 39 42 43 44 45 46 47 48 49 50 51 52 53 54 56 57 58 59 60 61 62 63 64 65 67 68 69 70 71 73 74 75 78 79 80 81 82 84 87 88 90 91 93 94 95 96 97 98 0
-1 -2 -4 -5 -6 -7 -12 -14 -15 -17 -18 -19 -20 -21 -25 -26 -27 -28 -29 -33 -34 -35 -37 -38 -39 -40 -42 -44 -46 -47 -48 -50 -51 -55 -57 -58 -59 -60 -61 -62 -63 -66 -67 -68 -70 -71 -72 -73 -75 -76 -78 -80 -81 -82 -83 -84 -85 -87 -88 -89 -90 -91 -93 -94 -96 -97 -98 1 2 3 4 5 6 7 9 11 12 14 15 18 20 21 22 23 24 26 29 31 33 34 35 36 38 39 40 42 43 46 48 49 51 52 53 59 60 61 62 64 65 66 67 73 74 77 79 80 81 83 85 87 89 90 91 92 93 94 96 97 0
134
99
0 0 0 0 0 0 0 0 0 0 0 0 0 0 0 0 0 0 0 0 0 0 0 0 0 0 0 0 0 0 0 0 0 0 0 0 0 0 0 0 0 0 0 0 0 0 0 0 0 0 0 0 0 0 0 0 0 0 0 0 0 0 0 0 0 0 0 0 0 0 0 0 0 0 0 0 0 0 0 0 0 0 0 0 0 0 0 0 0 0 0 0 0 0 0 0 0 0 1
99
-75 21 0
-21 99 0
-99 46 0
-46 88 0
-88 57 0
-57 55 0
-55 37 0
-37 13 0
-13 70 0
-70 44 0
-44 93 0
-93 15 0
-15 35 0
-35 42 0
-42 98 0
-98 87 0
-87 40 0
-40 34 0
-34 62 0
-62 6 0
-6 94 0
-94 68 0
-68 71 0
-71 8 0
-8 59 0
-59 18 0
-18 49 0
-49 7 0
-7 24 0
-24 2 0
-2 52 0
-52 53 0
-53 66 0
-66 56 0
-56 61 0
-61 91 0
-91 79 0
-79 95 0
-95 82 0
-82 9 0
-9 43 0
-43 51 0
-51 74 0
-74 90 0
-90 72 0
-72 1 0
-1 54 0
-54 11 0
-11 14 0
-14 17 0
-17 28 0
-28 25 0
-25 4 0
-4 65 0
-65 96 0
-96 16 0
-16 60 0
-60 80 0
-80 19 0
-19 85 0
-85 48 0
-48 92 0
-92 86 0
-86 81 0
-81 89 0
-89 69 0
-69 31 0
-31 76 0
-76 64 0
-64 29 0
-29 30 0
-30 39 0
-39 41 0
-41 63 0
-63 58 0
-58 45 0
-45 33 0
-33 26 0
-26 73 0
-73 23 0
-23 36 0
-36 47 0
-47 97 0
-97 38 0
-38 67 0
-67 12 0
-12 77 0
-77 22 0
-22 27 0
-27 32 0
-32 50 0
-50 83 0
-83 5 0
-5 10 0
-10 3 0
-3 84 0
-84 78 0
-78 20 0
-20 75 0
69
99
7821 1084 8848 2241 9282 2288 520 4780 7083 8841 9598 6131 6260 9556 2572 7646 535 7571 4746 9203 1599 5123 5379 253 7935 8812 9998 5692 5123 6840 11 1949 9543 88 188 8252 8039 2515 7702 7383 4215 5536 4184 2597 84 5687 8508 4374 522 9155 59 9852 9080 5274 6822 7979 9825 6384 3730 2781 1812 5704 6532 9946 4958 2781 9549 9094 5166 9216 9191 346 9802 1027 4369 4167 7344 5253 4600 5849 9551 559 1863 4249 6119 2655 9935 3381 8478 2 938 1828 7173 8 2989 1060 6698 4994 396
99
-71 71 0
-26 26 0
-18 18 0
-98 98 0
-86 86 0
-92 92 0
-44 44 0
-59 59 0
-42 42 0
-11 11 0
-1 1 0
-15 15 0
-76 76 0
-53 53 0
-68 68 0
-74 74 0
-2 2 0
-4 4 0
-67 67 0
-88 88 0
-84 84 0
-19 19 0
-60 60 0
-61 61 0
-9 9 0
-77 77 0
-16 16 0
-82 82 0
-17 17 0
-14 14 0
-7 7 0
-29 29 0
-47 47 0
-99 99 0
-43 43 0
-69 69 0
-36 36 0
-45 45 0
-34 34 0
-40 40 0
-20 20 0
-55 55 0
-25 25 0
-91 91 0
-73 73 0
-57 57 0
-90 90 0
-64 64 0
-80 80 0
-31 31 0
-79 79 0
-21 21 0
-51 51 0
-32 32 0
-23 23 0
-46 46 0
-63 63 0
-30 30 0
-35 35 0
-8 8 0
-62 62 0
-49 49 0
-48 48 0
-39 39 0
-81 81 0
-41 41 0
-58 58 0
-89 89 0
-83 83 0
-93 93 0
-94 94 0
-38 38 0
-75 75 0
-78 78 0
-12 12 0
-3 3 0
-52 52 0
-27 27 0
-85 85 0
-37 37 0
-66 66 0
-33 33 0
-6 6 0
-65 65 0
-72 72 0
-56 56 0
-10 10 0
-70 70 0
-96 96 0
-5 5 0
-50 50 0
-87 87 0
-24 24 0
-54 54 0
-13 13 0
-28 28 0
-97 97 0
-22 22 0
-95 95 0
827
99
0 0 0 0 0 0 0 0 0 0 0 0 0 0 0 0 0 0 0 0 0 0 0 0 0 0 0 0 0 0 0 0 0 0 0 0 0 0 0 0 0 0 0 0 0 0 0 0 0 0 0 0 0 0 0 0 0 0 0 0 0 0 0 0 0 0 0 0 0 0 0 0 0 0 0 0 0 0 0 0 0 0 0 0 0 0 0 0 0 0 0 0 0 0 0 0 0 0 8
98
-34 78 0
-78 58 0
-58 93 0
-93 10 0
-10 84 0
-84 25 0
-25 47 0
-47 63 0
-63 7 0
-7 5 0
-5 62 0
-62 81 0
-81 54 0
-54 70 0
-70 16 0
-16 13 0
-13 37 0
-37 9 0
-9 69 0
-69 6 0
-6 35 0
-35 14 0
-14 4 0
-4 33 0
-33 96 0
-96 41 0
-41 23 0
-23 36 0
-36 99 0
-99 82 0
-82 43 0
-43 1 0
-1 94 0
-94 95 0
-95 64 0
-64 65 0
-65 91 0
-91 24 0
-24 77 0
-77 74 0
-74 42 0
-42 40 0
-40 71 0
-71 12 0
-12 15 0
-15 75 0
-75 55 0
-55 73 0
-73 90 0
-90 86 0
-86 22 0
-22 66 0
-66 98 0
-98 83 0
-83 28 0
-28 50 0
-50 92 0
-92 60 0
-60 26 0
-26 17 0
-17 68 0
-68 32 0
-32 51 0
-51 97 0
-97 46 0
-46 45 0
-45 8 0
-8 72 0
-72 11 0
-11 79 0
-79 27 0
-27 49 0
-49 29 0
-29 61 0
-61 88 0
-88 87 0
-87 20 0
-20 57 0
-57 38 0
-38 67 0
-67 30 0
-30 44 0
-44 48 0
-48 31 0
-31 18 0
-18 85 0
-85 52 0
-52 53 0
-53 56 0
-56 76 0
-76 19 0
-19 2 0
-2 59 0
-59 89 0
-89 3 0
-3 80 0
-80 21 0
-21 39 0
953
99
0 0 0 0 0 0 0 0 0 0 0 0 0 0 0 0 0 0 0 0 0 0 0 0 0 0 0 0 0 0 0 0 0 0 0 0 0 0 0 0 0 0 0 0 0 0 0 0 0 0 0 0 0 0 0 0 0 0 0 0 0 0 0 0 0 0 0 0 0 0 0 0 0 0 0 0 0 0 0 0 0 0 0 0 0 0 0 0 0 0 0 0 0 0 0 0 0 0 2
99
-72 97 0
-97 60 0
-60 93 0
-93 6 0
-6 75 0
-75 22 0
-22 84 0
-84 96 0
-96 52 0
-52 78 0
-78 31 0
-31 36 0
-36 58 0
-58 9 0
-9 46 0
-46 20 0
-20 85 0
-85 21 0
-21 62 0
-62 45 0
-45 48 0
-48 7 0
-7 73 0
-73 35 0
-35 42 0
-42 98 0
-98 88 0
-88 83 0
-83 38 0
-38 95 0
-95 19 0
-19 49 0
-49 17 0
-17 89 0
-89 41 0
-41 51 0
-51 18 0
-18 94 0
-94 13 0
-13 37 0
-37 12 0
-12 43 0
-43 63 0
-63 2 0
-2 27 0
-27 1 0
-1 53 0
-53 8 0
-8 10 0
-10 54 0
-54 33 0
-33 61 0
-61 87 0
-87 15 0
-15 64 0
-64 26 0
-26 23 0
-23 32 0
-32 66 0
-66 44 0
-44 3 0
-3 80 0
-80 25 0
-25 29 0
-29 47 0
-47 59 0
-59 76 0
-76 71 0
-71 67 0
-67 86 0
-86 28 0
-28 81 0
-81 99 0
-99 69 0
-69 39 0
-39 14 0
-14 79 0
-79 40 0
-40 57 0
-57 74 0
-74 82 0
-82 91 0
-91 30 0
-30 77 0
-77 24 0
-24 68 0
-68 4 0
-4 34 0
-34 5 0
-5 70 0
-70 16 0
-16 65 0
-65 55 0
-55 11 0
-11 90 0
-90 56 0
-56 92 0
-92 50 0
-50 -50 72 0
947
0
