19
0 0 0 0 0 0 0 0 0 0 0 0 0 0 0 0 0 0 3966
7
-1 -2 -4 -5 -8 -9 -10 -12 -14 -15 -16 1 2 3 4 5 6 8 10 11 13 14 16 18 0
-2 -5 -6 -7 -8 -9 -10 -11 -12 -13 -14 -15 -16 -18 1 2 3 4 5 7 8 13 14 16 18 0
-2 -3 -4 -5 -7 -9 -10 -12 -13 -15 -16 -18 1 2 5 7 8 9 10 12 14 15 18 0
-1 -2 -3 -6 -7 -8 -10 -11 -12 -13 -14 -15 -16 1 2 5 6 7 8 9 10 12 15 17 18 0
-1 -2 -3 -4 -6 -8 -9 -10 -11 -13 -14 -15 -16 1 2 10 12 14 15 16 17 18 0
-1 -2 -3 -6 -8 -10 -11 -12 -14 -15 -16 -17 1 2 3 4 5 7 9 10 11 13 14 17 0
-2 -4 -7 -8 -11 -12 -13 -14 -15 -16 7 8 9 10 11 13 14 15 0
601
19
0 0 0 0 0 0 0 0 0 0 0 0 0 0 0 0 0 0 1
19
-19 5 0
-5 15 0
-15 7 0
-7 11 0
-11 6 0
-6 2 0
-2 17 0
-17 10 0
-10 12 0
-12 13 0
-13 16 0
-16 3 0
-3 14 0
-14 8 0
-8 9 0
-9 4 0
-4 18 0
-18 1 0
-1 19 0
890
19
2199 6305 3699 7872 493 2038 9375 1096 9406 3035 2089 352 100 736 7422 8784 133 4137 55
19
-18 18 0
-8 8 0
-16 16 0
-13 13 0
-4 4 0
-12 12 0
-14 14 0
-7 7 0
-19 19 0
-15 15 0
-2 2 0
-10 10 0
-9 9 0
-3 3 0
-17 17 0
-11 11 0
-1 1 0
-6 6 0
-5 5 0
55
19
0 0 0 0 0 0 0 0 0 0 0 0 0 0 0 0 0 0 2
18
-15 6 0
-6 17 0
-17 2 0
-2 4 0
-4 7 0
-7 9 0
-9 19 0
-19 1 0
-1 14 0
-14 18 0
-18 3 0
-3 13 0
-13 5 0
-5 11 0
-11 10 0
-10 12 0
-12 16 0
-16 8 0
961
19
0 0 0 0 0 0 0 0 0 0 0 0 0 0 0 0 0 0 3
19
-13 16 0
-16 18 0
-18 17 0
-17 1 0
-1 10 0
-10 4 0
-4 14 0
-14 12 0
-12 8 0
-8 7 0
-7 19 0
-19 2 0
-2 15 0
-15 5 0
-5 11 0
-11 3 0
-3 9 0
-9 6 0
-6 -6 13 0
967
0
