99
0 0 0 0 0 0 0 0 0 0 0 0 0 0 0 0 0 0 0 0 0 0 0 0 0 0 0 0 0 0 0 0 0 0 0 0 0 0 0 0 0 0 0 0 0 0 0 0 0 0 0 0 0 0 0 0 0 0 0 0 0 0 0 0 0 0 0 0 0 0 0 0 0 0 0 0 0 0 0 0 0 0 0 0 0 0 0 0 0 0 0 0 0 0 0 0 0 0 2159
53
-1 -2 -3 -4 -5 -6 -8 -9 -10 -12 -13 -14 -17 -18 -19 -21 -22 -23 -24 -25 -27 -29 -30 -32 -33 -34 -35 -37 -38 -39 -41 -42 -43 -44 -45 -46 -47 -48 -49 -50 -51 -52 -53 -55 -57 -59 -60 -62 -64 -65 -66 -67 -70 -71 -72 -74 -75 -76 -78 -79 -80 -81 -83 -84 -88 -89 -90 -91 -92 -94 -97 -98 1 2 3 5 7 9 10 11 13 15 16 17 18 20 22 24 25 29 34 36 37 38 40 41 42 45 46 47 48 50 53 54 55 57 60 61 65 71 73 74 78 80 81 82 83 84 86 87 88 90 92 93 95 96 97 98 0
-2 -3 -5 -6 -8 -9 -10 -11 -14 -15 -16 -19 -20 -21 -23 -24 -25 -26 -27 -28 -29 -31 -32 -35 -36 -38 -42 -43 -44 -45 -47 -48 -49 -51 -52 -57 -58 -59 -60 -61 -64 -65 -66 -68 -69 -70 -73 -74 -75 -77 -78 -80 -81 -82 -83 -85 -86 -87 -89 -90 -91 -92 -94 -95 -98 1 2 4 5 8 9 13 15 16 17 18 20 21 22 23 24 25 28 29 31 32 34 37 38 39 40 42 44 45 49 52 53 54 56 57 59 62 63 64 65 66 67 69 70 71 73 74 76 78 79 81 83 84 86 87 88 89 90 91 93 94 97 98 0
-1 -2 -3 -4 -5 -6 -9 -11 -14 -15 -16 -17 -18 -19 -20 -22 -23 -25 -27 -29 -31 -33 -35 -36 -37 -38 -39 -40 -41 -42 -44 -45 -46 -47 -48 -52 -53 -54 -57 -60 -61 -63 -64 -65 -69 -72 -73 -74 -75 -76 -77 -79 -82 -83 -86 -87 -88 -91 -92 -93 -95 -96 -97 -98 3 5 6 8 9 10 11 13 14 15 17 18 19 21 22 23 26 27 28 29 31 32 33 34 35 36 37 39 43 44 45 46 47 48 49 50 51 52 53 54 55 56 57 58 59 60 61 63 64 67 68 70 71 72 73 74 76 77 78 79 80 81 82 83 84 85 86 87 88 89 90 91 92 93 94 95 96 97 98 0
-1 -2 -3 -4 -6 -8 -9 -10 -11 -12 -14 -15 -17 -18 -19 -21 -22 -23 -24 -25 -27 -28 -30 -31 -32 -34 -35 -36 -37 -38 -39 -40 -41 -44 -45 -46 -48 -50 -51 -52 -55 -56 -57 -58 -59 -60 -61 -62 -63 -64 -65 -66 -67 -71 -72 -73 -75 -76 -78 -79 -81 -85 -86 -87 -88 -90 -93 -94 -95 -97 -98 1 2 3 4 6 7 8 9 10 11 12 13 15 16 17 18 19 20 21 23 24 25 28 30 31 32 33 35 37 39 40 44 46 47 48 49 51 55 57 58 59 61 63 64 66 67 70 71 73 74 76 78 79 80 81 83 86 87 89 90 92 93 95 0
-2 -3 -5 -8 -9 -10 -11 -12 -15 -16 -18 -20 -21 -22 -24 -26 -27 -28 -29 -30 -32 -33 -34 -36 -39 -43 -44 -46 -47 -48 -49 -52 -53 -55 -56 -58 -59 -60 -61 -65 -66 -67 -68 -70 -71 -73 -76 -78 -79 -80 -82 -83 -84 -85 -86 -89 -93 -94 -95 -97 1 2 3 4 5 8 11 12 14 15 16 17 20 21 22 25 26 27 30 32 33 34 35 36 37 38 39 42 43 44 46 47 48 49 50 51 53 54 55 56 57 59 60 61 64 65 66 67 68 70 73 74 75 76 78 79 80 82 84 85 86 89 91 92 93 94 95 97 0
-1 -2 -3 -4 -5 -6 -7 -9 -11 -13 -14 -15 -17 -18 -20 -21 -25 -26 -27 -28 -29 -30 -32 -34 -36 -38 -39 -42 -43 -46 -47 -48 -49 -51 -53 -56 -57 -58 -59 -60 -61 -66 -68 -70 -72 -73 -75 -76 -78 -79 -80 -81 -82 -83 -86 -87 -90 -91 -92 -94 -97 1 2 7 8 10 13 14 15 16 19 20 22 23 24 26 29 31 32 33 34 35 36 37 39 40 41 42 44 45 47 48 49 50 51 52 54 55 56 59 60 61 62 64 65 67 68 69 70 72 73 74 76 77 78 79 80 82 83 84 85 86 88 89 91 93 94 97 98 0
-1 -2 -3 -5 -6 -7 -8 -9 -10 -12 -13 -14 -16 -17 -18 -19 -20 -21 -22 -23 -25 -26 -27 -28 -29 -30 -32 -34 -35 -38 -40 -41 -42 -43 -45 -46 -51 -55 -58 -60 -61 -62 -63 -64 -65 -69 -70 -71 -72 -75 -76 -77 -83 -84 -87 -88 -89 -90 -91 -92 -93 -94 -95 -96 1 2 3 5 7 8 11 12 13 15 17 18 19 20 22 23 25 26 29 31 33 35 36 37 39 41 42 43 44 46 47 48 49 50 51 52 53 54 56 57 58 60 61 62 63 66 67 70 71 72 73 74 75 76 77 78 79 80 81 83 84 85 87 92 97 0
-1 -4 -5 -6 -10 -11 -12 -13 -15 -16 -19 -22 -23 -27 -28 -29 -30 -32 -34 -37 -38 -39 -41 -43 -44 -46 -47 -48 -50 -51 -52 -53 -54 -55 -56 -57 -58 -59 -61 -63 -64 -65 -66 -67 -68 -69 -70 -71 -72 -73 -74 -75 -76 -77 -78 -79 -81 -82 -84 -86 -87 -88 -89 -90 -93 -94 -95 1 3 4 5 6 8 9 11 12 13 14 15 16 17 19 20 22 23 24 25 27 28 30 31 32 33 34 36 38 39 40 42 45 46 47 51 52 54 57 60 61 63 66 67 69 70 72 73 74 75 77 78 79 81 83 84 86 89 90 91 92 93 94 95 96 97 98 0
-1 -2 -4 -5 -6 -8 -9 -10 -12 -15 -16 -18 -19 -21 -22 -23 -24 -27 -28 -30 -32 -33 -34 -37 -40 -41 -48 -49 -51 -52 -53 -54 -57 -58 -59 -60 -61 -62 -63 -64 -66 -68 -69 -71 -75 -76 -77 -78 -80 -81 -83 -84 -85 -86 -87 -88 -89 -92 -93 -94 -96 -97 -98 1 2 6 7 9 12 14 16 18 20 21 22 26 28 29 30 31 32 33 34 36 37 38 39 40 41 44 48 50 51 53 54 55 56 57 58 60 61 62 65 66 67 68 69 70 72 76 77 78 79 84 85 87 88 89 92 94 95 97 98 0
-1 -2 -5 -6 -7 -11 -12 -13 -16 -19 -20 -21 -22 -24 -25 -26 -27 -28 -29 -32 -34 -35 -38 -39 -41 -43 -44 -45 -46 -47 -48 -50 -52 -54 -55 -58 -59 -60 -61 -63 -64 -65 -66 -67 -69 -71 -72 -73 -74 -76 -77 -79 -82 -87 -88 -90 -92 -94 1 2 6 7 8 12 15 16 17 18 19 21 24 26 28 29 30 32 33 46 47 48 52 55 56 57 58 59 61 62 63 64 66 68 69 70 71 75 77 79 80 82 83 85 88 90 91 92 93 94 96 97 0
-4 -6 -7 -8 -9 -10 -11 -12 -13 -14 -15 -16 -19 -20 -21 -22 -24 -26 -27 -29 -30 -31 -32 -35 -36 -37 -38 -39 -40 -41 -44 -45 -46 -47 -49 -50 -54 -55 -58 -61 -62 -64 -66 -68 -69 -70 -71 -72 -73 -76 -78 -80 -82 -84 -86 -88 -89 -90 -91 -92 -94 -95 -97 -98 1 3 4 6 7 9 11 12 14 15 16 17 20 21 22 23 24 25 26 27 28 29 31 32 33 34 35 36 37 38 40 41 43 44 45 46 50 51 53 54 55 57 58 61 62 65 66 69 70 71 73 74 75 78 80 81 84 85 87 89 90 91 92 93 94 95 96 98 0
-1 -2 -3 -5 -6 -7 -11 -12 -13 -14 -15 -16 -17 -18 -19 -20 -22 -23 -27 -28 -29 -30 -32 -33 -34 -35 -36 -37 -38 -39 -40 -41 -42 -43 -46 -47 -50 -51 -53 -55 -58 -59 -60 -62 -63 -65 -67 -68 -70 -72 -74 -76 -79 -80 -81 -82 -83 -84 -85 -86 -87 -88 -89 -90 -91 -92 -93 -94 -95 -96 -97 -98 1 3 4 5 6 7 9 10 12 13 16 17 18 19 20 21 22 23 24 27 28 30 31 32 33 34 35 36 37 38 39 40 41 42 44 45 46 47 48 49 50 57 58 59 60 62 63 65 66 67 68 69 70 77 80 81 83 84 87 88 90 93 94 95 97 98 0
-1 -3 -4 -6 -8 -9 -11 -12 -13 -14 -15 -18 -20 -21 -23 -25 -27 -28 -30 -31 -33 -34 -35 -36 -37 -38 -39 -40 -42 -43 -44 -45 -46 -48 -51 -52 -53 -56 -58 -59 -62 -63 -65 -67 -68 -70 -71 -72 -73 -75 -76 -79 -80 -81 -83 -84 -85 -88 -90 -91 -92 -93 -94 -96 -97 3 4 5 6 7 9 10 11 12 14 15 16 17 19 20 21 24 27 29 31 34 37 38 39 40 41 43 45 47 49 50 51 52 53 54 55 56 57 58 60 61 64 65 67 68 69 70 71 72 73 75 77 79 81 84 86 87 88 90 92 93 95 96 97 0
-1 -2 -5 -10 -11 -15 -17 -18 -19 -20 -21 -22 -23 -24 -26 -27 -28 -29 -31 -32 -33 -35 -36 -39 -41 -42 -43 -44 -45 -46 -49 -50 -51 -52 -53 -54 -57 -58 -60 -61 -62 -63 -64 -65 -67 -68 -70 -71 -72 -73 -76 -77 -80 -83 -84 -86 -87 -88 -89 -90 -91 -92 -93 -94 -97 -98 1 3 4 6 7 8 9 10 12 13 14 15 19 20 22 24 26 27 28 29 34 35 36 37 38 39 40 41 42 43 44 46 47 48 49 51 52 53 54 55 58 59 62 63 65 66 68 69 70 72 76 77 78 79 80 81 82 84 90 92 93 95 97 0
-1 -2 -3 -4 -7 -9 -10 -11 -12 -14 -15 -16 -17 -19 -20 -22 -23 -24 -25 -26 -27 -28 -31 -32 -34 -35 -36 -37 -38 -39 -42 -43 -45 -46 -47 -49 -51 -52 -54 -55 -56 -57 -59 -60 -61 -62 -63 -64 -65 -66 -69 -71 -72 -73 -74 -75 -76 -77 -78 -79 -80 -81 -82 -84 -89 -90 -93 -95 -96 -97 3 4 5 6 7 8 9 13 15 16 17 18 20 21 22 23 24 25 26 28 29 30 31 33 34 36 37 38 39 40 42 43 44 45 47 49 50 53 54 55 56 57 59 60 62 63 64 65 67 71 72 73 74 76 77 79 80 82 85 86 87 88 89 90 91 93 94 95 98 0
-2 -3 -4 -5 -6 -7 -8 -9 -11 -12 -13 -14 -15 -16 -17 -18 -19 -21 -25 -28 -29 -30 -31 -32 -33 -34 -35 -38 -41 -42 -44 -46 -48 -49 -50 -51 -53 -54 -55 -56 -57 -58 -59 -61 -68 -69 -73 -74 -75 -76 -77 -81 -82 -83 -86 -88 -89 -92 -94 -95 -96 -97 4 5 6 8 10 11 12 14 20 21 23 24 25 26 27 28 30 31 33 34 37 38 40 41 42 45 46 47 48 51 52 53 55 56 57 58 59 61 63 65 66 68 69 70 71 72 74 75 77 78 79 80 81 83 84 85 86 87 88 89 94 95 96 98 0
-1 -3 -4 -6 -7 -8 -9 -10 -12 -13 -16 -21 -22 -23 -24 -25 -27 -28 -30 -31 -32 -33 -34 -35 -37 -39 -40 -41 -43 -45 -46 -47 -48 -49 -51 -53 -54 -56 -58 -59 -60 -62 -63 -65 -66 -67 -68 -69 -70 -71 -72 -73 -75 -76 -78 -79 -81 -82 -85 -86 -87 -91 -92 -93 -94 -98 1 2 3 4 5 7 8 9 10 11 12 14 15 16 18 21 22 23 26 27 28 29 30 31 32 33 34 35 36 38 44 45 46 48 49 50 51 52 53 54 55 56 57 58 59 60 61 62 63 64 66 67 68 70 72 73 74 77 78 79 80 81 82 83 84 85 87 88 89 90 91 92 95 96 97 98 0
-1 -2 -3 -4 -6 -13 -15 -16 -17 -18 -19 -20 -22 -23 -24 -25 -26 -29 -30 -31 -32 -33 -34 -35 -36 -39 -40 -43 -44 -45 -46 -49 -50 -51 -52 -53 -54 -55 -56 -57 -58 -60 -61 -63 -64 -66 -69 -71 -72 -73 -74 -75 -76 -77 -79 -80 -82 -83 -85 -89 -90 -92 -93 -95 -96 -97 2 3 4 5 6 7 9 10 13 17 18 23 24 27 30 32 33 35 37 38 39 40 42 44 45 48 49 52 53 57 58 59 60 62 64 65 67 69 71 74 77 79 81 82 85 86 87 88 89 90 91 92 93 94 97 98 0
-1 -2 -5 -6 -7 -8 -10 -12 -15 -17 -18 -19 -20 -21 -22 -23 -24 -25 -26 -28 -30 -31 -32 -35 -41 -42 -46 -47 -48 -49 -50 -52 -53 -54 -55 -58 -59 -60 -61 -62 -64 -65 -66 -67 -68 -69 -71 -72 -73 -74 -77 -78 -79 -80 -81 -82 -83 -84 -86 -87 -88 -89 -92 -93 -97 4 6 7 8 10 11 12 14 15 16 18 19 21 23 25 26 27 28 29 31 32 33 34 35 37 39 40 41 43 44 45 46 49 54 55 56 57 58 59 60 64 65 67 68 69 72 73 74 76 77 78 80 81 85 87 89 91 93 94 98 0
-1 -2 -3 -5 -7 -8 -11 -12 -14 -18 -19 -21 -22 -23 -24 -25 -27 -28 -29 -30 -32 -33 -34 -39 -40 -42 -47 -48 -51 -54 -55 -57 -58 -59 -60 -62 -64 -65 -66 -67 -68 -69 -70 -73 -74 -75 -76 -78 -79 -81 -82 -83 -84 -85 -86 -87 -89 -90 -91 -92 -93 -94 -95 -96 -97 1 2 3 6 7 9 10 11 12 15 17 18 20 22 23 24 26 28 29 31 33 34 35 36 37 41 43 44 45 46 49 50 52 53 54 56 57 58 60 61 62 63 65 66 67 68 70 71 72 74 75 77 78 79 80 83 85 86 87 88 89 90 93 94 96 98 0
-1 -2 -4 -5 -6 -10 -11 -12 -15 -16 -17 -19 -21 -23 -24 -25 -29 -31 -32 -34 -36 -37 -39 -41 -43 -44 -46 -47 -50 -53 -55 -57 -58 -59 -61 -64 -65 -67 -68 -69 -70 -71 -73 -75 -76 -77 -78 -79 -80 -81 -82 -83 -86 -87 -88 -89 -91 -92 -93 -94 -95 -96 -97 -98 1 3 4 5 6 8 9 10 11 14 15 16 18 19 21 23 26 27 28 29 31 33 34 36 37 40 42 43 44 45 46 48 49 50 52 54 55 58 59 60 61 62 63 64 65 66 71 72 73 75 77 78 82 84 88 90 92 93 94 97 0
-2 -3 -6 -7 -8 -9 -10 -12 -13 -14 -16 -17 -22 -26 -28 -29 -33 -34 -35 -36 -37 -39 -40 -41 -42 -43 -45 -46 -47 -50 -51 -52 -53 -56 -58 -59 -60 -61 -62 -65 -66 -67 -69 -70 -71 -72 -73 -74 -75 -76 -79 -82 -83 -86 -88 -89 -90 -95 -97 -98 2 3 5 6 8 11 13 15 16 17 18 19 20 22 23 24 25 27 28 29 30 31 32 33 35 37 38 39 41 43 45 46 47 48 52 53 55 56 57 58 60 62 63 64 67 69 71 73 74 75 78 79 80 81 82 83 84 85 86 88 90 91 92 93 94 95 96 97 98 0
-1 -3 -4 -6 -10 -11 -13 -14 -16 -18 -19 -20 -21 -23 -24 -27 -28 -29 -30 -31 -32 -33 -35 -38 -39 -41 -43 -44 -45 -46 -47 -48 -49 -50 -51 -52 -53 -56 -57 -58 -59 -60 -61 -62 -63 -68 -70 -72 -73 -75 -76 -80 -82 -84 -85 -87 -88 -89 -91 -93 -94 -95 -97 -98 1 2 3 4 5 6 8 9 13 15 16 18 19 21 22 23 24 25 27 28 33 34 36 38 39 40 41 42 44 45 49 50 53 54 55 58 59 60 61 62 64 66 67 68 69 72 73 75 77 79 80 81 83 86 89 90 91 92 93 98 0
-2 -3 -4 -6 -9 -11 -12 -14 -16 -18 -19 -20 -21 -22 -23 -27 -28 -30 -34 -37 -41 -43 -44 -45 -46 -47 -48 -49 -51 -52 -53 -54 -55 -56 -57 -58 -60 -61 -62 -64 -66 -67 -68 -69 -71 -75 -76 -77 -78 -79 -81 -84 -85 -86 -87 -88 -92 -93 -94 -95 -96 -97 -98 2 6 7 8 9 12 13 17 18 20 21 22 24 25 28 30 31 32 33 34 35 37 38 40 42 43 44 46 47 48 49 51 53 54 55 57 59 61 62 63 64 65 66 67 68 69 70 71 74 75 76 79 81 82 83 86 87 88 89 90 93 95 97 0
-1 -2 -3 -4 -8 -9 -10 -12 -13 -14 -17 -18 -19 -21 -25 -26 -27 -29 -30 -31 -34 -37 -38 -40 -42 -44 -45 -46 -47 -48 -49 -50 -51 -52 -53 -54 -55 -58 -59 -60 -61 -62 -63 -64 -66 -67 -70 -71 -72 -73 -74 -76 -85 -86 -87 -89 -95 -96 -98 1 2 3 4 6 8 9 12 14 15 16 17 18 19 22 23 25 27 28 31 32 33 35 36 37 39 40 42 43 45 46 48 50 52 53 54 56 57 58 61 62 63 64 65 66 67 69 70 72 73 75 76 77 78 80 82 83 84 85 87 88 89 90 91 93 97 98 0
-1 -2 -3 -4 -5 -6 -7 -9 -10 -11 -12 -13 -14 -17 -19 -20 -21 -23 -25 -26 -27 -28 -29 -30 -32 -33 -34 -37 -38 -39 -40 -42 -43 -44 -45 -46 -47 -50 -51 -52 -53 -55 -58 -60 -62 -64 -65 -66 -67 -68 -69 -70 -71 -72 -75 -76 -77 -80 -81 -85 -86 -88 -90 -91 -92 -93 -96 -97 -98 1 2 3 4 5 6 9 12 13 15 16 18 19 20 21 22 24 25 26 27 28 31 32 35 36 37 38 40 41 42 43 44 47 48 49 50 51 52 54 57 58 60 63 64 69 70 71 74 75 76 77 78 81 83 84 87 88 89 90 91 92 93 94 95 96 98 0
-1 -2 -3 -4 -6 -7 -8 -9 -11 -12 -13 -17 -18 -20 -21 -23 -25 -26 -27 -29 -31 -32 -33 -35 -36 -37 -38 -43 -44 -45 -46 -47 -48 -50 -51 -52 -53 -54 -55 -57 -58 -60 -62 -63 -65 -66 -67 -69 -72 -73 -74 -77 -78 -82 -83 -84 -85 -87 -91 -92 -93 -97 -98 1 2 3 4 6 7 8 10 11 12 14 15 17 19 20 23 24 25 26 27 28 30 31 32 33 35 36 37 38 40 41 43 44 45 46 47 48 49 50 51 52 54 55 56 57 64 66 67 68 71 72 73 74 76 77 78 79 80 82 84 87 88 90 91 95 96 0
-1 -2 -3 -6 -7 -8 -9 -10 -11 -12 -14 -15 -16 -18 -19 -21 -23 -24 -25 -27 -28 -29 -30 -31 -32 -34 -35 -36 -37 -38 -39 -40 -41 -44 -45 -47 -48 -51 -54 -55 -56 -60 -66 -69 -70 -71 -72 -74 -75 -76 -77 -78 -80 -81 -82 -85 -86 -88 -90 -91 -92 -94 -96 2 3 4 5 6 7 8 9 10 11 12 13 14 15 16 18 19 20 21 22 26 27 28 29 30 31 32 33 35 37 39 40 43 44 48 49 50 51 53 55 58 60 62 63 64 65 67 70 71 73 75 76 77 79 80 81 82 83 84 85 86 87 88 89 91 92 93 94 95 98 0
-1 -2 -5 -9 -10 -11 -13 -14 -15 -16 -17 -18 -19 -20 -21 -22 -24 -26 -28 -29 -30 -33 -34 -35 -36 -37 -38 -39 -41 -44 -45 -46 -49 -50 -52 -56 -57 -58 -59 -60 -63 -65 -67 -70 -71 -72 -74 -76 -78 -79 -83 -84 -85 -86 -87 -89 -90 -91 -93 -94 -95 -98 1 2 3 5 8 10 12 14 15 16 19 20 21 22 24 27 29 30 31 33 34 35 37 38 41 43 44 46 47 49 50 51 53 54 57 58 59 60 61 63 64 69 70 71 74 75 76 77 78 79 80 81 85 86 88 89 91 93 95 96 98 0
-1 -3 -4 -5 -6 -8 -10 -11 -12 -13 -15 -17 -18 -19 -22 -23 -24 -27 -30 -32 -33 -34 -35 -36 -37 -39 -40 -41 -42 -43 -45 -46 -47 -48 -49 -50 -54 -56 -57 -58 -59 -61 -62 -63 -64 -65 -66 -68 -69 -72 -73 -74 -78 -81 -82 -83 -84 -85 -86 -89 -90 -92 -93 -94 -96 -97 3 5 6 7 10 11 12 13 15 16 17 18 19 20 21 23 24 25 26 27 28 29 30 32 33 35 36 37 39 40 41 42 43 44 47 49 50 51 52 53 55 57 61 63 64 65 67 68 69 70 71 75 76 78 79 82 83 84 86 87 88 89 90 91 92 93 96 98 0
-4 -6 -7 -8 -9 -10 -11 -12 -13 -14 -15 -16 -18 -19 -20 -22 -23 -24 -25 -26 -27 -31 -32 -33 -34 -35 -36 -37 -39 -40 -41 -42 -43 -45 -46 -47 -48 -50 -51 -52 -53 -54 -55 -57 -58 -59 -60 -61 -66 -70 -71 -72 -73 -74 -75 -76 -78 -80 -82 -85 -87 -88 -91 -92 -93 -94 -96 -98 3 4 5 6 7 10 12 14 17 19 20 21 24 26 30 31 33 34 35 36 38 39 40 42 43 44 45 47 48 50 51 52 55 56 57 59 61 62 63 64 65 66 68 69 70 72 73 74 75 77 78 79 80 81 82 83 86 87 88 90 91 93 94 95 96 97 98 0
-2 -3 -4 -5 -6 -7 -9 -11 -15 -17 -18 -19 -20 -22 -23 -24 -26 -28 -29 -31 -32 -33 -34 -37 -38 -39 -40 -41 -42 -44 -45 -46 -48 -49 -50 -51 -52 -56 -60 -61 -64 -67 -68 -69 -70 -71 -72 -75 -76 -78 -79 -81 -82 -83 -85 -86 -88 -89 -90 -93 -94 -95 -96 -97 3 5 6 7 9 11 12 14 16 17 18 19 20 21 22 24 25 26 27 28 29 30 31 32 35 36 37 38 41 45 49 50 53 54 55 57 58 61 62 64 65 66 67 69 72 74 76 79 80 81 82 83 85 86 87 88 89 90 91 93 94 97 0
-2 -3 -4 -5 -7 -8 -9 -11 -12 -17 -18 -19 -20 -21 -22 -23 -24 -25 -26 -27 -31 -32 -35 -38 -39 -40 -41 -42 -45 -46 -48 -49 -50 -51 -52 -53 -54 -55 -56 -57 -58 -60 -62 -63 -64 -66 -67 -69 -72 -74 -75 -77 -79 -80 -81 -82 -83 -84 -85 -88 -90 -91 -92 -93 -94 -95 -96 -97 2 3 6 10 11 14 16 17 19 20 21 25 26 28 29 31 32 33 34 35 36 37 38 42 43 44 46 48 49 50 51 52 53 54 55 59 60 61 63 64 65 67 68 72 73 74 76 77 79 81 82 83 84 85 86 88 90 91 92 93 94 95 96 97 0
-1 -2 -3 -4 -5 -9 -10 -12 -13 -15 -17 -18 -19 -20 -22 -24 -26 -27 -28 -30 -34 -35 -36 -37 -38 -39 -40 -41 -42 -44 -45 -46 -50 -51 -54 -56 -58 -59 -60 -61 -62 -63 -64 -66 -67 -68 -70 -71 -74 -75 -77 -79 -81 -83 -84 -85 -87 -88 -89 -90 -91 -92 -93 -94 -97 -98 2 3 6 8 9 10 13 14 16 17 20 22 23 25 26 30 31 33 37 38 40 41 42 43 44 47 48 50 52 53 56 57 58 59 61 63 64 66 67 70 71 73 75 76 77 82 83 84 85 86 87 88 91 92 93 94 95 96 0
-1 -4 -7 -8 -9 -10 -12 -13 -15 -18 -19 -21 -23 -24 -26 -27 -29 -30 -31 -32 -34 -35 -36 -40 -43 -44 -45 -46 -47 -50 -52 -54 -58 -60 -61 -63 -65 -66 -67 -69 -70 -72 -74 -76 -77 -78 -79 -80 -81 -82 -83 -84 -85 -86 -87 -88 -91 -92 -93 -94 -95 -97 -98 1 3 4 5 6 7 8 9 10 13 14 15 16 18 20 21 23 24 25 26 27 28 29 30 31 33 34 36 37 38 40 41 42 43 44 45 47 48 49 52 53 54 55 56 57 61 62 64 66 67 68 69 70 73 74 75 76 77 78 79 81 83 84 86 87 88 89 90 91 92 93 94 95 96 97 98 0
-1 -2 -3 -5 -6 -7 -8 -9 -10 -11 -12 -13 -14 -16 -17 -19 -21 -25 -26 -27 -29 -31 -33 -35 -37 -39 -40 -43 -45 -46 -47 -48 -49 -51 -53 -54 -55 -56 -57 -58 -59 -61 -62 -63 -64 -65 -68 -71 -72 -74 -75 -76 -78 -79 -81 -82 -86 -87 -88 -89 -90 -91 -93 -94 -98 1 2 3 5 6 8 9 11 12 13 14 15 16 17 18 20 22 27 29 30 31 32 34 35 36 38 39 40 41 42 43 44 46 47 48 49 51 53 54 55 56 58 59 60 61 62 63 64 65 67 68 69 71 72 73 75 76 77 79 80 82 83 84 86 88 89 92 94 95 98 0
-2 -4 -5 -6 -7 -8 -10 -16 -18 -19 -20 -21 -22 -23 -24 -25 -26 -27 -28 -29 -32 -34 -35 -36 -38 -40 -41 -43 -44 -45 -48 -49 -50 -53 -54 -55 -56 -57 -59 -60 -61 -62 -64 -65 -66 -67 -68 -69 -72 -75 -77 -78 -79 -80 -82 -83 -85 -87 -89 -90 -92 -94 -95 -97 4 5 6 7 10 11 12 13 14 15 17 18 19 20 22 24 25 26 27 28 30 31 32 33 35 36 38 39 40 41 42 43 45 47 49 50 51 53 54 55 57 58 59 63 64 65 67 68 73 74 75 77 78 79 81 82 83 84 86 87 88 89 90 91 93 94 96 97 98 0
-1 -2 -3 -4 -5 -9 -13 -14 -15 -16 -17 -18 -20 -21 -22 -23 -24 -25 -26 -27 -28 -31 -33 -34 -35 -36 -37 -38 -40 -42 -45 -46 -49 -51 -52 -56 -57 -58 -59 -60 -62 -63 -64 -65 -66 -67 -70 -71 -72 -75 -76 -77 -78 -79 -80 -81 -82 -84 -85 -87 -88 -89 -91 -92 -93 -94 -96 -97 1 4 5 6 7 8 9 10 14 15 16 17 18 19 20 21 22 27 28 29 30 31 32 33 34 35 37 38 39 40 41 42 43 45 47 48 50 51 52 53 55 56 57 58 59 60 61 62 63 64 68 69 71 72 73 74 75 76 77 78 79 80 82 83 84 86 87 88 89 90 92 93 94 95 96 97 0
-2 -3 -4 -5 -6 -8 -9 -11 -14 -15 -16 -18 -19 -20 -21 -24 -25 -33 -36 -39 -40 -43 -44 -45 -46 -47 -48 -50 -53 -54 -55 -56 -57 -59 -60 -61 -62 -63 -64 -65 -67 -68 -71 -73 -74 -75 -76 -78 -81 -82 -83 -84 -85 -86 -87 -89 -90 -91 -94 -95 -98 1 2 3 5 7 8 9 10 11 12 13 15 17 18 22 23 26 27 29 31 32 33 34 35 38 39 40 41 42 43 44 45 46 47 48 49 50 52 53 55 56 58 62 63 65 66 67 68 71 72 74 76 78 79 84 86 88 90 91 93 94 96 97 0
-1 -2 -5 -6 -9 -10 -11 -12 -13 -14 -15 -18 -19 -23 -24 -25 -28 -29 -30 -32 -33 -35 -36 -38 -40 -41 -42 -44 -45 -48 -49 -50 -51 -53 -54 -56 -57 -59 -62 -64 -65 -66 -69 -70 -71 -73 -74 -75 -76 -78 -79 -80 -81 -82 -83 -86 -87 -93 -94 -96 -97 2 3 4 5 10 11 14 15 16 17 18 19 21 22 24 25 26 28 29 30 32 33 34 35 37 38 40 42 43 44 45 46 47 49 50 51 52 53 54 55 57 58 59 61 62 66 68 69 71 72 73 74 76 77 78 79 80 82 83 84 86 87 88 89 90 91 92 95 97 98 0
-1 -2 -3 -8 -9 -10 -11 -12 -14 -15 -16 -17 -21 -22 -23 -24 -26 -27 -31 -32 -33 -39 -41 -44 -46 -49 -50 -52 -53 -54 -56 -57 -58 -59 -61 -62 -64 -65 -66 -67 -68 -69 -70 -72 -73 -74 -75 -77 -78 -79 -80 -82 -83 -85 -86 -87 -90 -91 -92 -94 -95 -96 1 2 3 4 5 6 7 8 10 13 14 17 19 20 22 23 25 26 28 29 33 34 35 38 40 41 42 43 46 49 50 51 53 54 56 57 61 63 64 66 68 72 74 75 76 77 78 79 81 82 83 84 85 87 88 89 90 92 93 94 95 96 97 0
-1 -2 -3 -4 -5 -6 -7 -8 -10 -11 -12 -13 -14 -16 -17 -18 -19 -20 -21 -24 -26 -27 -30 -31 -32 -33 -34 -35 -36 -38 -39 -41 -42 -43 -44 -45 -46 -47 -48 -49 -51 -52 -55 -56 -57 -59 -61 -62 -64 -65 -67 -68 -69 -72 -74 -75 -76 -77 -78 -79 -80 -81 -83 -84 -85 -86 -87 -88 -89 -90 -96 -97 1 4 5 8 9 10 11 12 16 17 19 20 21 23 25 28 29 31 32 33 34 35 36 37 39 40 41 42 45 46 47 49 50 51 52 55 56 63 64 65 66 68 70 72 73 75 76 79 80 81 82 83 84 86 87 88 89 90 93 94 95 97 0
-6 -7 -8 -9 -10 -11 -12 -13 -15 -16 -18 -20 -22 -25 -26 -27 -28 -29 -32 -33 -34 -35 -36 -37 -38 -39 -40 -41 -42 -43 -44 -47 -48 -49 -50 -51 -52 -53 -54 -55 -57 -59 -60 -64 -65 -66 -69 -71 -72 -74 -76 -77 -78 -79 -80 -81 -83 -88 -91 -94 -95 -96 -97 2 7 8 11 12 13 14 15 16 17 18 22 23 25 26 27 29 31 32 33 34 36 37 40 41 42 44 45 47 49 51 52 53 54 57 59 60 63 64 66 69 73 74 76 78 80 81 82 83 84 85 86 88 89 92 93 94 95 96 97 0
-1 -2 -5 -7 -8 -9 -11 -13 -14 -15 -16 -20 -22 -23 -25 -26 -28 -29 -32 -33 -34 -36 -37 -38 -39 -42 -43 -44 -46 -48 -49 -50 -51 -52 -53 -54 -55 -56 -57 -60 -61 -62 -63 -64 -65 -66 -68 -72 -74 -75 -76 -77 -78 -79 -81 -83 -84 -85 -91 -92 -93 -95 -96 -97 -98 2 3 4 7 9 10 11 12 13 14 15 16 17 20 22 23 24 25 26 31 33 34 35 37 38 39 42 44 46 47 49 50 52 53 54 55 56 57 59 61 62 63 65 66 67 68 69 70 71 73 74 75 76 77 78 79 80 81 82 83 84 85 86 87 88 89 90 91 92 93 94 95 96 97 0
-2 -3 -5 -8 -9 -10 -11 -12 -13 -16 -19 -20 -21 -24 -25 -26 -27 -30 -32 -33 -34 -36 -38 -39 -40 -43 -44 -45 -51 -53 -54 -55 -56 -58 -59 -60 -62 -64 -65 -66 -67 -68 -69 -70 -72 -73 -74 -75 -76 -77 -82 -83 -86 -87 -88 -90 -91 -95 -96 -97 -98 1 2 3 4 5 6 8 9 10 12 13 14 16 19 20 21 22 23 25 26 27 28 29 30 31 32 33 36 37 38 39 40 41 42 45 46 48 49 50 51 52 55 58 61 62 64 65 66 67 68 69 70 71 72 73 75 76 77 78 79 80 81 82 83 84 86 87 90 91 92 93 94 95 97 0
-1 -2 -6 -8 -9 -11 -12 -13 -15 -17 -18 -20 -21 -22 -23 -24 -25 -26 -27 -28 -30 -31 -39 -41 -43 -45 -46 -49 -52 -54 -55 -56 -57 -59 -60 -61 -62 -63 -64 -65 -66 -68 -69 -71 -73 -74 -76 -77 -80 -81 -82 -84 -85 -87 -89 -90 -93 -94 -95 -97 -98 1 3 4 5 6 9 10 14 16 17 18 19 20 21 22 23 24 25 26 27 28 29 30 31 32 33 34 36 37 38 40 41 42 43 44 45 46 48 51 52 53 54 55 58 61 64 67 68 72 73 74 75 76 78 79 80 81 82 87 88 89 90 91 94 96 97 98 0
-10 -11 -12 -15 -17 -19 -20 -21 -24 -25 -27 -28 -30 -33 -34 -37 -39 -40 -41 -42 -43 -45 -46 -47 -48 -49 -50 -51 -52 -54 -60 -62 -64 -65 -66 -67 -69 -71 -73 -74 -75 -76 -77 -78 -79 -81 -83 -84 -86 -87 -88 -89 -90 -91 -92 -93 -94 -98 1 3 6 8 9 10 11 14 15 16 17 19 20 22 23 27 28 29 35 37 38 40 41 42 43 47 48 49 50 51 55 56 57 58 61 62 63 65 66 69 70 74 75 76 77 78 79 85 87 88 90 91 94 97 98 0
-3 -5 -7 -8 -9 -10 -12 -13 -15 -16 -17 -18 -19 -20 -21 -22 -23 -24 -25 -26 -27 -28 -30 -31 -32 -33 -34 -36 -39 -40 -41 -43 -44 -45 -46 -49 -51 -52 -53 -54 -55 -56 -57 -59 -60 -63 -65 -66 -68 -69 -71 -73 -74 -75 -77 -79 -80 -82 -83 -85 -87 -88 -89 -91 -92 -93 -95 -98 1 2 3 4 6 7 8 9 10 12 13 14 15 16 17 18 22 23 25 26 27 28 31 34 35 36 37 38 39 40 41 43 44 48 49 50 52 53 54 55 56 57 58 59 60 61 63 64 68 69 73 75 76 77 79 80 81 82 84 85 87 89 90 91 92 93 94 95 97 0
-4 -5 -9 -10 -12 -15 -20 -21 -24 -26 -28 -31 -32 -34 -35 -36 -37 -38 -39 -41 -43 -45 -46 -47 -48 -49 -51 -52 -53 -54 -55 -56 -57 -59 -61 -62 -64 -67 -68 -69 -70 -71 -72 -73 -75 -76 -77 -78 -79 -81 -83 -85 -86 -87 -89 -90 -91 -92 -93 -95 -97 -98 1 2 4 6 7 12 13 14 15 16 19 20 21 22 24 26 27 28 30 31 32 33 34 35 36 37 39 40 41 42 43 44 45 46 47 48 49 51 52 53 55 57 61 62 64 65 66 67 69 71 72 74 76 77 80 82 83 84 85 87 88 89 90 91 92 95 97 98 0
-1 -3 -7 -8 -9 -10 -11 -14 -15 -16 -17 -19 -20 -21 -22 -24 -26 -29 -30 -31 -34 -36 -37 -38 -39 -40 -41 -43 -46 -47 -48 -49 -50 -51 -54 -55 -56 -58 -59 -60 -63 -64 -65 -68 -69 -70 -71 -72 -73 -74 -78 -79 -80 -82 -83 -84 -85 -87 -88 -89 -90 -92 -94 -98 2 3 4 5 8 9 10 11 12 13 15 17 19 20 21 22 23 24 27 29 31 32 33 34 36 37 38 39 40 41 42 44 46 47 48 49 51 52 55 56 57 58 59 60 63 64 66 67 68 70 71 75 76 77 79 80 82 83 85 86 87 88 89 90 91 92 93 94 95 96 97 98 0
-2 -3 -4 -5 -10 -13 -14 -16 -17 -22 -23 -24 -25 -26 -27 -28 -29 -32 -33 -34 -35 -37 -40 -42 -44 -47 -48 -49 -50 -55 -56 -58 -59 -61 -62 -63 -65 -66 -70 -71 -72 -73 -74 -75 -76 -78 -79 -80 -81 -82 -84 -87 -88 -90 -92 -93 -94 -95 -96 4 5 7 9 10 11 12 13 14 19 20 21 22 23 25 27 29 30 32 35 37 40 41 42 43 44 45 46 47 48 50 51 52 53 55 57 58 60 61 62 64 66 68 69 70 72 73 74 75 76 78 80 81 83 84 85 86 87 88 89 90 91 92 93 95 98 0
-1 -3 -4 -5 -6 -8 -9 -10 -11 -13 -16 -17 -19 -20 -21 -22 -24 -25 -26 -27 -29 -30 -31 -32 -34 -36 -38 -39 -40 -41 -42 -43 -44 -45 -46 -47 -48 -50 -52 -53 -55 -57 -59 -60 -62 -64 -67 -68 -69 -70 -72 -73 -74 -75 -76 -77 -78 -79 -81 -82 -83 -84 -86 -87 -88 -89 -92 -93 -96 -97 -98 1 2 4 5 6 7 9 11 13 14 15 16 19 20 21 23 24 26 28 30 31 34 37 38 39 40 41 42 43 45 46 48 49 50 52 54 56 62 65 66 67 68 69 70 72 73 74 76 77 78 80 81 82 83 84 85 86 88 89 90 91 92 93 94 95 0
-2 -4 -5 -6 -7 -9 -14 -15 -16 -17 -18 -20 -21 -23 -25 -26 -27 -28 -29 -30 -31 -34 -36 -38 -41 -42 -45 -46 -47 -48 -49 -50 -51 -52 -53 -54 -55 -56 -59 -60 -61 -63 -65 -66 -68 -69 -71 -72 -73 -75 -76 -78 -80 -83 -84 -85 -86 -87 -88 -89 -91 -92 -93 -94 -97 2 3 4 5 6 8 9 11 12 14 15 16 17 18 20 22 26 27 28 31 33 36 37 38 39 40 42 44 46 50 51 54 57 58 59 61 62 63 64 65 66 67 68 69 71 72 73 74 76 77 78 80 83 84 85 86 87 88 89 90 91 93 94 95 96 97 98 0
796
99
0 0 0 0 0 0 0 0 0 0 0 0 0 0 0 0 0 0 0 0 0 0 0 0 0 0 0 0 0 0 0 0 0 0 0 0 0 0 0 0 0 0 0 0 0 0 0 0 0 0 0 0 0 0 0 0 0 0 0 0 0 0 0 0 0 0 0 0 0 0 0 0 0 0 0 0 0 0 0 0 0 0 0 0 0 0 0 0 0 0 0 0 0 0 0 0 0 0 1
99
-60 83 0
-83 9 0
-9 70 0
-70 16 0
-16 88 0
-88 15 0
-15 76 0
-76 17 0
-17 49 0
-49 6 0
-6 52 0
-52 79 0
-79 53 0
-53 80 0
-80 74 0
-74 24 0
-24 68 0
-68 54 0
-54 85 0
-85 36 0
-36 46 0
-46 44 0
-44 28 0
-28 65 0
-65 23 0
-23 63 0
-63 21 0
-21 94 0
-94 62 0
-62 67 0
-67 71 0
-71 89 0
-89 64 0
-64 82 0
-82 61 0
-61 45 0
-45 26 0
-26 58 0
-58 27 0
-27 84 0
-84 20 0
-20 51 0
-51 75 0
-75 12 0
-12 7 0
-7 10 0
-10 30 0
-30 42 0
-42 11 0
-11 8 0
-8 86 0
-86 90 0
-90 38 0
-38 40 0
-40 92 0
-92 1 0
-1 33 0
-33 14 0
-14 2 0
-2 5 0
-5 3 0
-3 98 0
-98 35 0
-35 95 0
-95 93 0
-93 48 0
-48 50 0
-50 72 0
-72 29 0
-29 56 0
-56 96 0
-96 25 0
-25 31 0
-31 77 0
-77 91 0
-91 18 0
-18 39 0
-39 81 0
-81 66 0
-66 37 0
-37 22 0
-22 41 0
-41 57 0
-57 55 0
-55 34 0
-34 43 0
-43 32 0
-32 4 0
-4 87 0
-87 13 0
-13 69 0
-69 99 0
-99 19 0
-19 73 0
-73 78 0
-78 97 0
-97 59 0
-59 47 0
-47 60 0
499
99
3268 3380 2684 9883 3400 5312 1758 1862 411 8097 7374 8701 1756 2634 2178 2017 6747 7656 356 197 3504 1509 4070 915 3805 3613 4870 2640 8193 9167 4738 4129 7759 2598 2173 494 8334 3129 1091 373 4770 912 7769 8962 5323 7112 1304 7581 2124 5128 2972 4997 702 6965 7192 7324 9446 419 4860 1731 7509 8605 7450 8008 1423 6583 4341 7676 5263 5985 8843 4090 7208 1791 6613 7653 8430 5079 860 1937 711 4042 2334 805 684 5575 177 623 2212 6941 3512 7400 6019 5823 1812 8121 1758 9965 6252
99
-59 59 0
-73 73 0
-50 50 0
-82 82 0
-30 30 0
-45 45 0
-79 79 0
-52 52 0
-41 41 0
-51 51 0
-42 42 0
-9 9 0
-15 15 0
-83 83 0
-6 6 0
-93 93 0
-54 54 0
-28 28 0
-84 84 0
-56 56 0
-53 53 0
-68 68 0
-44 44 0
-1 1 0
-5 5 0
-72 72 0
-8 8 0
-31 31 0
-35 35 0
-27 27 0
-24 24 0
-34 34 0
-10 10 0
-32 32 0
-18 18 0
-48 48 0
-63 63 0
-95 95 0
-89 89 0
-61 61 0
-29 29 0
-47 47 0
-86 86 0
-78 78 0
-90 90 0
-14 14 0
-12 12 0
-71 71 0
-19 19 0
-66 66 0
-4 4 0
-25 25 0
-76 76 0
-67 67 0
-91 91 0
-57 57 0
-88 88 0
-20 20 0
-92 92 0
-70 70 0
-2 2 0
-26 26 0
-97 97 0
-49 49 0
-96 96 0
-38 38 0
-7 7 0
-39 39 0
-94 94 0
-17 17 0
-40 40 0
-69 69 0
-37 37 0
-16 16 0
-60 60 0
-33 33 0
-13 13 0
-11 11 0
-3 3 0
-43 43 0
-75 75 0
-22 22 0
-36 36 0
-46 46 0
-55 55 0
-80 80 0
-21 21 0
-65 65 0
-98 98 0
-85 85 0
-74 74 0
-62 62 0
-87 87 0
-64 64 0
-81 81 0
-58 58 0
-99 99 0
-77 77 0
-23 23 0
509
99
0 0 0 0 0 0 0 0 0 0 0 0 0 0 0 0 0 0 0 0 0 0 0 0 0 0 0 0 0 0 0 0 0 0 0 0 0 0 0 0 0 0 0 0 0 0 0 0 0 0 0 0 0 0 0 0 0 0 0 0 0 0 0 0 0 0 0 0 0 0 0 0 0 0 0 0 0 0 0 0 0 0 0 0 0 0 0 0 0 0 0 0 0 0 0 0 0 0 7
98
-9 34 0
-34 65 0
-65 11 0
-11 14 0
-14 97 0
-97 73 0
-73 90 0
-90 88 0
-88 96 0
-96 27 0
-27 70 0
-70 68 0
-68 59 0
-59 3 0
-3 61 0
-61 52 0
-52 66 0
-66 87 0
-87 69 0
-69 94 0
-94 55 0
-55 79 0
-79 99 0
-99 5 0
-5 53 0
-53 95 0
-95 78 0
-78 74 0
-74 46 0
-46 33 0
-33 77 0
-77 20 0
-20 28 0
-28 47 0
-47 44 0
-44 25 0
-25 67 0
-67 82 0
-82 21 0
-21 48 0
-48 63 0
-63 84 0
-84 64 0
-64 10 0
-10 81 0
-81 58 0
-58 6 0
-6 43 0
-43 8 0
-8 92 0
-92 71 0
-71 13 0
-13 56 0
-56 91 0
-91 37 0
-37 49 0
-49 57 0
-57 62 0
-62 83 0
-83 50 0
-50 15 0
-15 89 0
-89 22 0
-22 75 0
-75 17 0
-17 54 0
-54 7 0
-7 85 0
-85 86 0
-86 32 0
-32 80 0
-80 1 0
-1 45 0
-45 60 0
-60 19 0
-19 42 0
-42 23 0
-23 26 0
-26 72 0
-72 29 0
-29 24 0
-24 31 0
-31 39 0
-39 30 0
-30 41 0
-41 18 0
-18 38 0
-38 76 0
-76 16 0
-16 98 0
-98 35 0
-35 51 0
-51 12 0
-12 93 0
-93 36 0
-36 40 0
-40 4 0
-4 2 0
945
99
0 0 0 0 0 0 0 0 0 0 0 0 0 0 0 0 0 0 0 0 0 0 0 0 0 0 0 0 0 0 0 0 0 0 0 0 0 0 0 0 0 0 0 0 0 0 0 0 0 0 0 0 0 0 0 0 0 0 0 0 0 0 0 0 0 0 0 0 0 0 0 0 0 0 0 0 0 0 0 0 0 0 0 0 0 0 0 0 0 0 0 0 0 0 0 0 0 0 3
99
-15 86 0
-86 59 0
-59 85 0
-85 46 0
-46 11 0
-11 40 0
-40 39 0
-39 17 0
-17 91 0
-91 5 0
-5 38 0
-38 96 0
-96 64 0
-64 42 0
-42 60 0
-60 37 0
-37 99 0
-99 95 0
-95 2 0
-2 4 0
-4 76 0
-76 89 0
-89 24 0
-24 33 0
-33 93 0
-93 98 0
-98 28 0
-28 21 0
-21 23 0
-23 32 0
-32 90 0
-90 66 0
-66 6 0
-6 48 0
-48 34 0
-34 88 0
-88 54 0
-54 81 0
-81 87 0
-87 10 0
-10 97 0
-97 9 0
-9 19 0
-19 47 0
-47 16 0
-16 56 0
-56 58 0
-58 1 0
-1 79 0
-79 49 0
-49 53 0
-53 68 0
-68 73 0
-73 45 0
-45 50 0
-50 82 0
-82 52 0
-52 63 0
-63 14 0
-14 65 0
-65 27 0
-27 84 0
-84 51 0
-51 62 0
-62 71 0
-71 44 0
-44 25 0
-25 72 0
-72 26 0
-26 69 0
-69 67 0
-67 7 0
-7 3 0
-3 94 0
-94 31 0
-31 80 0
-80 18 0
-18 70 0
-70 57 0
-57 75 0
-75 8 0
-8 74 0
-74 92 0
-92 35 0
-35 30 0
-30 78 0
-78 77 0
-77 22 0
-22 20 0
-20 43 0
-43 13 0
-13 12 0
-12 36 0
-36 41 0
-41 61 0
-61 83 0
-83 55 0
-55 29 0
-29 -29 15 0
956
0
