99
0 0 0 0 0 0 0 0 0 0 0 0 0 0 0 0 0 0 0 0 0 0 0 0 0 0 0 0 0 0 0 0 0 0 0 0 0 0 0 0 0 0 0 0 0 0 0 0 0 0 0 0 0 0 0 0 0 0 0 0 0 0 0 0 0 0 0 0 0 0 0 0 0 0 0 0 0 0 0 0 0 0 0 0 0 0 0 0 0 0 0 0 0 0 0 0 0 0 3028
36
-1 -2 -3 -4 -6 -7 -8 -9 -10 -12 -14 -15 -16 -17 -18 -19 -21 -22 -24 -27 -29 -32 -34 -35 -36 -37 -38 -40 -41 -42 -45 -46 -47 -49 -52 -53 -54 -55 -56 -57 -60 -62 -64 -65 -67 -68 -69 -70 -73 -76 -78 -79 -80 -82 -83 -84 -85 -86 -87 -88 -89 -90 -91 -92 -93 -95 -96 -97 2 4 5 7 8 10 11 14 16 18 19 20 21 22 23 25 26 27 28 29 30 31 32 33 34 35 36 37 39 41 43 44 45 46 47 49 51 52 53 55 58 59 60 63 67 68 69 70 72 75 76 77 78 79 81 84 85 86 88 89 90 92 93 94 95 97 0
-1 -2 -3 -4 -6 -7 -10 -12 -13 -14 -15 -16 -17 -18 -20 -21 -22 -23 -24 -25 -26 -31 -32 -33 -36 -37 -38 -40 -41 -42 -43 -52 -53 -57 -60 -61 -62 -63 -64 -65 -68 -69 -71 -75 -76 -79 -81 -82 -85 -86 -87 -88 -90 -91 -92 -93 -94 -96 -97 -98 1 2 5 6 8 9 10 12 13 14 15 17 19 21 22 23 25 29 31 32 33 34 35 36 37 39 41 43 44 45 46 47 49 50 52 54 55 56 58 59 60 62 63 65 67 68 69 70 71 73 74 78 82 83 84 85 86 87 88 89 91 96 97 0
-2 -3 -4 -6 -9 -12 -13 -14 -15 -16 -17 -18 -20 -22 -23 -25 -27 -28 -29 -30 -31 -33 -34 -36 -37 -38 -39 -41 -42 -43 -44 -45 -46 -47 -49 -50 -51 -52 -53 -55 -59 -61 -63 -65 -66 -67 -68 -70 -74 -75 -76 -77 -78 -79 -80 -82 -83 -85 -86 -88 -89 -90 -91 -94 -96 -97 -98 1 2 3 5 7 8 9 11 12 13 14 15 18 20 21 22 24 26 28 29 32 33 34 35 36 40 41 42 43 44 45 46 47 48 51 52 53 55 56 58 59 60 62 63 65 66 68 70 73 74 75 77 78 79 80 81 82 83 84 85 86 87 90 91 93 95 96 97 98 0
-1 -3 -5 -6 -7 -8 -10 -11 -12 -13 -14 -16 -17 -18 -20 -21 -22 -23 -25 -27 -30 -31 -33 -35 -37 -38 -39 -40 -41 -42 -43 -45 -46 -47 -49 -50 -51 -52 -54 -55 -56 -57 -58 -59 -60 -62 -64 -65 -68 -71 -73 -74 -76 -77 -78 -80 -82 -83 -84 -86 -87 -89 -90 -91 -92 -93 -97 -98 2 4 5 7 9 11 12 13 14 15 16 19 20 21 24 26 27 28 29 30 31 32 33 35 36 39 44 45 48 49 50 51 53 54 55 56 57 58 59 62 64 66 67 69 70 71 72 73 74 76 77 78 79 80 81 82 84 85 86 87 89 91 92 94 95 96 97 98 0
-1 -2 -4 -6 -8 -9 -11 -15 -16 -17 -19 -24 -26 -27 -28 -29 -30 -32 -33 -34 -35 -36 -37 -38 -39 -43 -44 -45 -47 -49 -50 -51 -53 -54 -55 -56 -57 -58 -59 -63 -65 -66 -68 -71 -74 -76 -77 -78 -79 -80 -81 -82 -84 -86 -90 -91 -93 -95 -96 -97 -98 2 4 5 6 9 10 11 12 13 14 15 16 17 18 24 26 28 30 31 32 33 34 35 36 37 38 39 40 43 45 47 48 49 51 52 53 54 55 56 58 59 61 62 65 66 67 69 71 72 74 76 77 78 80 82 83 84 85 86 87 90 92 93 94 95 96 0
-1 -2 -4 -5 -8 -9 -10 -12 -13 -14 -15 -16 -18 -19 -20 -21 -22 -23 -25 -26 -27 -28 -30 -33 -34 -35 -36 -38 -39 -41 -42 -44 -45 -46 -48 -50 -51 -52 -53 -54 -56 -57 -58 -60 -61 -62 -63 -64 -66 -69 -71 -74 -75 -76 -77 -78 -79 -80 -83 -85 -89 -90 -91 -92 -95 -96 -98 1 2 4 5 7 8 10 11 12 13 14 15 16 17 20 23 24 25 26 27 28 29 30 32 33 34 36 37 38 40 42 43 44 46 49 50 51 54 57 58 59 60 61 66 67 68 70 71 72 75 78 80 82 83 84 85 87 88 91 93 94 96 97 98 0
-1 -3 -5 -6 -7 -8 -10 -12 -13 -15 -16 -18 -19 -21 -22 -23 -24 -25 -28 -29 -31 -32 -34 -36 -39 -40 -41 -42 -43 -45 -47 -48 -50 -51 -52 -53 -54 -55 -56 -57 -59 -60 -61 -63 -64 -65 -67 -69 -70 -72 -73 -74 -75 -76 -80 -81 -82 -83 -84 -85 -86 -87 -89 -90 -91 -92 -93 -94 -95 -96 -97 -98 1 2 4 5 7 8 10 11 12 13 14 15 17 22 23 24 25 26 27 28 29 30 32 33 36 37 38 42 44 45 48 49 50 51 52 53 54 55 56 57 58 59 62 63 64 65 66 67 71 72 73 77 79 80 81 82 84 85 87 88 92 93 94 95 0
-1 -2 -3 -4 -13 -16 -17 -18 -20 -21 -22 -25 -26 -27 -28 -29 -30 -31 -32 -33 -34 -37 -38 -39 -41 -42 -44 -45 -46 -48 -49 -50 -51 -53 -54 -55 -56 -57 -58 -60 -62 -63 -64 -66 -67 -68 -69 -75 -77 -78 -80 -81 -82 -83 -84 -88 -90 -91 -96 -97 1 3 6 9 10 11 12 13 14 16 17 19 20 21 22 23 25 26 27 28 29 32 34 35 37 38 39 40 41 42 44 45 46 47 48 49 52 54 57 58 59 60 61 63 64 65 66 67 68 70 71 72 73 74 75 76 78 80 81 82 83 84 85 86 87 88 90 91 92 93 94 95 96 97 0
-2 -4 -5 -7 -8 -10 -11 -12 -13 -14 -15 -18 -19 -20 -21 -22 -23 -24 -25 -26 -27 -28 -30 -31 -32 -34 -35 -36 -37 -38 -39 -44 -46 -47 -49 -50 -51 -52 -53 -54 -55 -56 -57 -58 -59 -61 -62 -63 -64 -66 -68 -69 -70 -72 -75 -76 -79 -80 -82 -84 -85 -86 -87 -89 -90 -92 -95 -96 -98 1 4 6 7 8 9 10 13 14 15 16 18 20 21 23 24 25 27 29 31 32 33 34 37 39 40 41 42 43 44 45 47 49 50 54 58 59 60 63 65 66 67 69 70 72 73 74 77 78 80 82 83 84 85 86 88 89 92 94 95 96 97 98 0
-2 -3 -4 -5 -7 -10 -11 -12 -14 -15 -16 -17 -18 -20 -22 -23 -24 -25 -29 -31 -32 -34 -35 -38 -39 -40 -41 -42 -44 -45 -46 -47 -48 -50 -51 -52 -53 -54 -55 -56 -57 -58 -60 -62 -63 -65 -66 -67 -69 -70 -71 -73 -75 -76 -77 -78 -80 -84 -85 -89 -90 -92 -93 -94 -95 -96 -97 -98 1 4 6 7 9 10 13 16 17 18 19 21 22 23 26 27 30 31 33 34 38 39 40 41 42 43 47 48 49 51 52 54 55 58 59 60 62 63 65 66 67 68 69 71 72 73 74 75 76 77 79 80 81 83 84 86 87 88 89 91 92 93 95 97 98 0
-1 -2 -4 -5 -6 -7 -8 -9 -10 -12 -13 -15 -16 -17 -21 -24 -25 -30 -31 -32 -33 -34 -36 -39 -41 -43 -44 -45 -46 -47 -49 -51 -52 -56 -57 -58 -60 -61 -62 -63 -67 -68 -70 -72 -73 -76 -77 -79 -83 -84 -85 -86 -87 -88 -90 -91 -92 -93 -95 -96 -97 1 4 5 6 7 8 9 12 13 14 16 17 18 20 22 23 24 25 26 28 29 30 31 32 33 36 38 39 41 42 44 46 47 48 49 50 51 54 56 57 58 62 65 66 67 68 71 72 73 74 75 76 77 79 82 83 87 89 91 92 93 96 98 0
-1 -4 -6 -8 -10 -12 -13 -15 -16 -17 -18 -20 -21 -22 -23 -26 -27 -29 -31 -32 -33 -34 -35 -37 -38 -44 -45 -46 -47 -48 -49 -51 -52 -53 -54 -55 -56 -67 -69 -70 -71 -73 -75 -76 -77 -78 -79 -81 -82 -83 -86 -87 -88 -91 -92 -95 -96 -97 -98 1 2 3 4 5 7 8 10 11 12 13 14 15 16 17 18 19 20 24 25 26 27 33 35 36 37 38 39 40 43 44 45 46 47 49 53 54 55 58 59 60 61 62 63 64 65 66 68 70 71 72 74 75 76 77 78 80 81 82 84 85 86 87 88 89 90 92 93 96 97 98 0
-1 -2 -3 -4 -6 -7 -8 -9 -10 -11 -12 -13 -15 -17 -18 -23 -25 -26 -27 -28 -29 -30 -31 -32 -33 -35 -36 -37 -38 -39 -40 -41 -42 -43 -44 -45 -46 -47 -48 -49 -50 -51 -52 -53 -54 -55 -56 -57 -58 -62 -63 -64 -65 -66 -67 -68 -69 -70 -71 -72 -73 -74 -75 -78 -82 -83 -84 -86 -87 -90 -91 -93 -94 -95 -97 1 3 4 7 8 11 12 13 14 16 17 18 19 20 22 23 24 25 28 30 32 34 35 36 37 40 44 45 46 48 50 51 52 53 55 57 58 59 60 61 63 65 66 69 72 75 76 77 79 80 81 82 83 84 88 89 90 91 92 93 96 97 0
-1 -2 -3 -4 -5 -7 -10 -11 -12 -13 -14 -15 -16 -17 -19 -20 -21 -23 -25 -26 -28 -30 -32 -33 -34 -36 -38 -39 -41 -42 -44 -45 -46 -47 -48 -49 -51 -53 -54 -55 -56 -57 -58 -59 -61 -62 -65 -66 -67 -69 -70 -71 -72 -73 -74 -75 -76 -79 -80 -81 -82 -83 -84 -85 -86 -89 -90 -92 -93 -94 -96 -98 1 2 4 5 7 8 9 10 11 12 14 15 16 18 19 20 21 23 24 25 26 29 30 31 32 33 37 38 40 41 42 43 44 45 46 47 49 51 52 53 55 56 57 58 59 62 63 66 67 71 72 73 74 75 76 81 82 83 84 85 86 87 89 90 93 95 97 98 0
-1 -2 -3 -4 -5 -6 -7 -10 -11 -13 -14 -15 -17 -18 -19 -20 -21 -24 -26 -27 -28 -29 -30 -31 -40 -42 -43 -45 -48 -51 -52 -53 -54 -55 -56 -57 -58 -59 -60 -61 -65 -67 -68 -69 -70 -71 -75 -77 -80 -81 -82 -83 -84 -85 -86 -87 -88 -90 -91 -93 -94 -95 -96 -97 -98 1 2 4 5 6 7 8 9 11 13 16 18 19 20 23 24 26 27 28 32 36 37 39 40 41 43 44 45 46 47 49 50 51 52 57 58 59 60 61 62 63 64 65 66 67 69 70 72 74 75 76 79 80 81 83 86 87 88 90 91 92 93 94 95 0
-1 -3 -4 -6 -7 -8 -9 -10 -11 -12 -13 -14 -15 -16 -17 -19 -20 -22 -23 -24 -25 -26 -27 -28 -29 -31 -32 -33 -36 -37 -38 -39 -41 -42 -44 -45 -46 -47 -48 -49 -50 -51 -52 -54 -55 -57 -58 -59 -60 -61 -62 -63 -64 -65 -66 -67 -69 -70 -71 -72 -73 -74 -75 -78 -80 -82 -83 -85 -88 -90 -91 -92 -93 -94 -95 -96 -97 -98 1 2 3 4 5 6 7 8 9 10 12 13 15 16 17 18 19 21 22 25 27 28 29 30 33 34 35 36 38 40 41 42 43 45 48 51 52 54 55 56 57 58 60 62 64 65 66 67 68 70 72 73 75 76 77 80 81 82 83 84 85 86 87 89 90 92 93 95 96 97 98 0
-1 -2 -3 -10 -11 -12 -14 -17 -18 -20 -23 -24 -26 -27 -29 -31 -32 -33 -35 -36 -37 -39 -41 -42 -44 -45 -46 -47 -48 -51 -52 -53 -54 -55 -56 -59 -60 -61 -62 -65 -67 -68 -70 -72 -74 -76 -78 -79 -81 -85 -86 -87 -89 -90 -92 -93 -95 -96 -97 -98 2 6 8 11 12 13 14 16 18 19 20 21 23 24 25 26 28 29 30 31 33 34 35 36 37 38 39 41 42 45 47 48 49 51 52 53 57 58 60 61 62 64 65 66 67 68 71 72 73 74 75 77 78 80 81 85 87 88 90 92 94 95 0
-2 -3 -6 -7 -9 -10 -13 -15 -16 -17 -18 -19 -21 -24 -25 -26 -28 -30 -32 -33 -35 -36 -37 -39 -41 -45 -46 -48 -50 -51 -53 -54 -56 -57 -58 -59 -61 -62 -63 -64 -65 -68 -69 -71 -72 -73 -77 -79 -81 -82 -85 -87 -88 -89 -91 -92 -93 -94 -95 -96 -97 1 2 4 8 9 10 11 13 14 15 17 18 19 20 21 22 23 25 26 27 28 31 32 33 35 36 37 39 41 42 44 46 47 49 51 52 54 55 56 57 58 59 60 61 63 64 65 66 67 68 69 70 72 75 77 78 79 80 82 84 86 87 89 90 92 93 96 97 0
-2 -5 -6 -7 -8 -9 -10 -12 -13 -14 -15 -16 -17 -18 -19 -23 -24 -25 -27 -28 -29 -30 -31 -33 -34 -35 -36 -37 -41 -42 -43 -45 -46 -48 -49 -50 -51 -53 -55 -56 -58 -59 -62 -63 -64 -67 -68 -72 -75 -76 -79 -82 -83 -85 -86 -87 -90 -93 -95 -96 1 2 4 5 6 7 8 9 10 11 12 14 15 17 18 20 21 22 24 25 27 29 30 31 32 34 35 36 37 38 39 40 41 42 43 44 45 46 47 48 50 51 53 56 57 58 59 60 64 66 70 71 72 73 76 77 78 79 80 82 83 85 87 88 89 91 92 93 94 95 96 97 98 0
-2 -3 -4 -5 -6 -7 -8 -9 -11 -12 -13 -14 -15 -16 -17 -18 -19 -20 -21 -22 -24 -27 -29 -33 -34 -35 -36 -37 -40 -41 -42 -43 -44 -45 -46 -47 -50 -51 -53 -54 -55 -58 -60 -62 -65 -66 -67 -68 -69 -70 -71 -72 -73 -74 -75 -76 -77 -79 -80 -81 -83 -84 -85 -86 -87 -88 -89 -90 -92 -94 -95 -97 4 5 7 8 10 12 13 15 16 17 18 19 21 22 23 25 26 31 32 35 37 39 40 44 45 46 47 48 49 51 53 56 57 58 59 60 62 63 65 66 67 68 70 71 72 73 74 75 76 77 78 79 80 81 82 83 84 85 86 87 88 89 90 91 92 93 96 98 0
-1 -3 -4 -5 -6 -7 -8 -9 -10 -11 -13 -14 -17 -19 -21 -22 -23 -24 -25 -26 -28 -29 -30 -31 -32 -33 -35 -36 -40 -42 -43 -44 -45 -46 -47 -48 -49 -50 -51 -55 -58 -59 -60 -61 -62 -63 -64 -65 -66 -70 -73 -74 -75 -76 -77 -80 -81 -83 -85 -86 -87 -88 -89 -90 -93 -94 -95 -96 1 2 3 4 7 8 9 10 12 13 14 18 19 20 21 22 23 25 26 27 31 32 33 34 36 37 38 40 41 42 44 45 46 47 50 51 53 56 57 59 62 63 64 67 68 70 71 73 74 75 77 79 80 81 83 85 86 87 88 89 91 92 93 94 95 96 97 98 0
-2 -5 -6 -7 -8 -10 -13 -14 -16 -17 -18 -19 -20 -23 -24 -25 -26 -28 -30 -31 -32 -33 -34 -35 -37 -40 -41 -42 -45 -46 -47 -48 -49 -51 -52 -63 -64 -65 -66 -67 -68 -70 -72 -73 -76 -77 -79 -81 -82 -83 -84 -88 -90 -91 -92 -94 -96 -97 -98 3 4 5 6 7 8 9 10 11 12 14 15 16 17 20 22 23 24 27 28 29 30 31 32 33 36 37 38 40 41 48 50 53 56 58 59 60 61 62 63 65 66 68 71 72 73 74 78 79 80 82 83 84 85 86 88 91 92 96 97 98 0
-1 -3 -4 -6 -10 -11 -13 -15 -17 -18 -23 -26 -27 -28 -30 -31 -34 -35 -36 -37 -38 -39 -40 -41 -42 -43 -44 -45 -46 -47 -48 -49 -50 -51 -52 -54 -56 -58 -60 -61 -62 -63 -64 -65 -66 -68 -69 -70 -75 -76 -77 -79 -82 -83 -84 -85 -86 -87 -88 -90 -91 -92 -93 -94 -95 -97 1 3 4 6 8 11 12 13 14 17 20 21 22 23 25 26 28 30 31 32 35 36 38 39 40 41 42 43 44 45 47 48 49 50 51 52 53 54 55 56 57 58 61 62 64 65 68 69 70 71 73 74 76 77 78 80 81 83 86 87 88 89 91 93 94 95 96 98 0
-5 -6 -8 -11 -12 -13 -14 -15 -16 -17 -18 -19 -21 -22 -24 -25 -26 -27 -29 -31 -32 -33 -34 -35 -36 -37 -38 -39 -41 -42 -43 -44 -46 -47 -48 -50 -51 -52 -53 -54 -55 -57 -60 -61 -62 -65 -66 -67 -68 -69 -70 -72 -73 -74 -76 -77 -81 -84 -85 -86 -88 -89 -90 -91 -93 -94 -95 -97 1 2 3 4 5 8 9 12 13 15 16 18 20 21 22 24 25 26 27 28 29 30 32 33 34 35 41 42 43 45 46 47 49 51 52 53 55 57 58 63 64 65 66 67 68 71 72 74 76 77 78 80 81 83 85 89 90 91 92 94 95 97 98 0
-2 -4 -5 -6 -7 -9 -10 -11 -12 -16 -17 -18 -20 -22 -23 -24 -26 -29 -30 -31 -32 -36 -37 -38 -39 -40 -43 -44 -45 -46 -47 -48 -49 -50 -51 -52 -53 -54 -56 -58 -59 -61 -62 -65 -66 -68 -69 -70 -71 -72 -74 -75 -76 -77 -78 -79 -81 -83 -86 -87 -88 -91 -92 -93 -94 -95 -96 -97 -98 1 2 4 5 6 7 8 9 10 12 13 16 17 20 22 23 26 27 28 29 30 31 33 34 35 37 38 39 41 44 46 47 49 51 53 55 58 59 61 62 64 65 66 67 73 74 75 77 78 82 83 85 87 88 89 90 92 97 98 0
-3 -4 -5 -6 -8 -9 -10 -11 -12 -16 -17 -18 -19 -20 -21 -22 -23 -25 -26 -27 -29 -30 -31 -33 -34 -35 -38 -39 -41 -42 -43 -44 -45 -46 -51 -52 -53 -54 -56 -57 -58 -60 -61 -62 -63 -64 -65 -68 -71 -73 -74 -75 -77 -81 -82 -85 -86 -87 -88 -90 -92 -96 -97 3 6 7 8 9 10 11 12 14 15 16 17 19 22 24 26 27 28 30 31 32 33 34 40 41 42 43 44 46 48 49 50 51 52 53 55 57 58 60 61 62 63 64 66 68 70 74 77 78 80 82 83 84 85 87 88 90 91 93 94 95 96 97 98 0
-3 -4 -8 -9 -12 -13 -14 -16 -18 -20 -21 -23 -24 -29 -32 -33 -34 -35 -36 -37 -38 -39 -42 -43 -44 -45 -47 -48 -49 -50 -51 -52 -53 -54 -55 -58 -59 -60 -61 -62 -63 -64 -66 -67 -68 -70 -71 -73 -74 -75 -77 -78 -81 -82 -83 -84 -90 -92 -93 -94 -95 -96 -97 -98 2 3 4 5 6 7 8 9 11 12 13 14 15 16 17 18 19 20 21 23 25 27 30 31 34 35 36 38 44 49 50 52 53 54 55 56 62 63 65 66 67 69 72 73 74 76 77 79 80 82 84 85 89 91 92 95 96 97 98 0
-1 -3 -5 -6 -7 -10 -12 -13 -14 -16 -17 -18 -20 -21 -25 -26 -27 -29 -30 -32 -33 -34 -36 -38 -39 -41 -43 -44 -45 -46 -47 -48 -49 -50 -51 -52 -55 -57 -59 -60 -61 -62 -63 -66 -67 -68 -69 -70 -71 -72 -73 -74 -75 -76 -77 -79 -81 -83 -84 -85 -86 -87 -89 -92 -93 -95 -96 -98 3 4 5 8 9 11 13 14 15 19 20 21 22 23 25 26 27 28 29 30 31 32 33 38 39 41 42 43 44 45 47 49 51 52 53 54 55 58 59 60 61 65 66 67 68 69 70 71 72 73 74 76 77 78 79 83 84 86 87 88 89 92 93 94 95 0
-1 -2 -4 -7 -8 -10 -12 -13 -14 -15 -16 -17 -19 -21 -22 -26 -27 -28 -30 -31 -33 -34 -35 -39 -40 -41 -42 -43 -44 -45 -46 -47 -48 -49 -50 -51 -52 -53 -54 -55 -56 -57 -58 -60 -63 -64 -65 -66 -67 -68 -69 -70 -71 -72 -73 -74 -75 -76 -77 -80 -81 -83 -84 -85 -86 -89 -92 -98 2 3 5 7 8 9 10 11 12 13 14 15 16 18 21 22 24 25 26 27 28 29 30 31 32 36 37 38 39 40 41 42 43 44 45 47 48 49 50 51 52 56 60 61 62 63 65 70 71 72 73 76 77 78 79 80 81 83 85 86 87 88 89 91 92 93 0
-2 -3 -6 -7 -9 -11 -12 -13 -14 -17 -18 -20 -22 -23 -24 -25 -26 -28 -29 -30 -31 -33 -35 -36 -37 -38 -39 -43 -45 -46 -47 -48 -49 -50 -51 -52 -53 -54 -55 -59 -60 -62 -64 -67 -69 -70 -72 -73 -74 -75 -77 -78 -79 -80 -82 -83 -85 -86 -87 -88 -90 -91 -94 -97 3 5 6 7 8 11 12 13 14 15 16 17 18 20 23 24 25 26 29 32 33 34 36 38 39 40 42 43 44 45 50 51 52 53 54 55 56 57 60 62 63 66 69 70 72 73 74 77 78 79 80 81 82 83 84 85 86 89 90 91 92 93 94 97 0
-1 -2 -5 -7 -8 -9 -10 -11 -12 -13 -14 -16 -17 -18 -21 -22 -23 -26 -28 -29 -30 -31 -32 -33 -35 -38 -39 -41 -44 -45 -46 -47 -52 -53 -54 -57 -58 -60 -61 -62 -66 -67 -68 -69 -70 -71 -72 -75 -76 -79 -80 -82 -83 -84 -85 -86 -87 -89 -90 -91 -92 -93 -94 -95 -97 -98 1 5 6 8 9 10 11 12 13 14 16 17 18 19 21 23 24 25 26 27 29 31 34 36 38 39 40 42 43 45 47 48 49 50 51 52 54 55 56 57 59 61 62 64 65 66 67 70 71 75 76 77 78 79 80 84 85 87 88 94 95 96 97 98 0
-4 -7 -8 -9 -10 -11 -12 -16 -18 -19 -20 -21 -23 -24 -25 -28 -29 -30 -33 -34 -35 -36 -37 -38 -40 -41 -42 -44 -45 -46 -47 -49 -51 -52 -54 -55 -57 -58 -59 -60 -61 -62 -64 -66 -68 -69 -70 -71 -72 -73 -74 -75 -76 -77 -78 -79 -81 -82 -83 -84 -86 -91 -94 -95 -96 -98 1 2 3 5 6 7 9 10 11 12 13 14 15 16 17 18 19 20 21 22 23 24 29 31 32 33 34 36 37 38 41 44 45 46 47 51 52 53 54 55 56 57 59 60 61 62 63 64 66 67 68 71 74 75 79 80 81 83 85 86 87 88 89 90 91 93 94 95 97 98 0
-2 -3 -5 -6 -7 -9 -12 -13 -15 -16 -17 -18 -19 -22 -24 -25 -26 -27 -30 -32 -34 -37 -38 -40 -41 -42 -43 -44 -46 -47 -48 -50 -51 -52 -54 -55 -57 -58 -59 -60 -61 -62 -65 -66 -68 -69 -70 -71 -72 -73 -74 -75 -76 -79 -80 -82 -83 -84 -85 -86 -88 -89 -91 -92 -95 -96 -97 -98 1 2 4 5 6 7 10 11 13 14 15 16 17 18 19 20 21 22 23 24 27 28 32 34 35 36 37 38 39 41 42 43 44 45 46 47 48 50 52 53 54 55 58 59 60 61 62 64 65 69 70 71 72 73 74 75 76 77 78 79 80 86 87 89 90 91 92 93 94 95 97 0
-1 -3 -4 -7 -9 -10 -11 -13 -14 -15 -17 -18 -20 -21 -22 -24 -25 -26 -27 -28 -29 -30 -32 -33 -34 -35 -36 -37 -39 -40 -41 -42 -43 -45 -46 -47 -48 -50 -51 -53 -54 -56 -58 -59 -60 -61 -67 -68 -70 -71 -75 -77 -78 -79 -80 -82 -83 -84 -85 -86 -87 -88 -89 -91 -94 -96 -97 -98 1 3 5 6 9 10 11 14 16 19 20 22 23 25 29 32 33 34 35 37 42 44 48 50 51 53 56 57 58 59 60 61 62 63 68 69 72 73 74 75 76 77 78 80 81 82 83 84 85 86 89 90 93 97 98 0
-1 -2 -3 -5 -9 -10 -13 -14 -15 -16 -20 -21 -23 -25 -26 -27 -29 -31 -32 -34 -35 -36 -37 -38 -39 -40 -41 -42 -44 -45 -46 -48 -49 -50 -52 -53 -58 -59 -60 -61 -62 -63 -64 -69 -70 -71 -72 -74 -77 -78 -79 -80 -81 -82 -83 -84 -85 -86 -87 -89 -92 -93 -94 -95 -97 -98 5 6 7 10 12 13 14 15 16 18 21 24 26 27 28 30 31 33 34 35 36 37 41 43 46 49 50 51 52 55 57 58 59 60 61 62 63 64 65 66 68 69 70 71 73 74 76 77 78 79 80 82 86 88 89 91 92 97 98 0
-1 -2 -3 -4 -5 -6 -7 -8 -9 -10 -12 -13 -15 -16 -17 -18 -19 -21 -22 -23 -24 -25 -27 -30 -33 -36 -37 -38 -39 -40 -41 -42 -45 -46 -50 -51 -52 -53 -55 -59 -60 -62 -64 -65 -66 -67 -72 -73 -74 -76 -77 -78 -79 -80 -81 -83 -84 -87 -89 -90 -91 -92 -94 -95 -97 -98 1 2 3 4 5 6 7 8 9 10 12 14 15 17 18 19 20 23 27 31 32 34 35 36 37 40 42 43 44 45 47 49 50 53 54 55 56 58 59 60 62 64 68 69 71 72 74 78 80 81 83 84 85 87 88 89 91 92 93 94 95 96 97 98 0
730
99
0 0 0 0 0 0 0 0 0 0 0 0 0 0 0 0 0 0 0 0 0 0 0 0 0 0 0 0 0 0 0 0 0 0 0 0 0 0 0 0 0 0 0 0 0 0 0 0 0 0 0 0 0 0 0 0 0 0 0 0 0 0 0 0 0 0 0 0 0 0 0 0 0 0 0 0 0 0 0 0 0 0 0 0 0 0 0 0 0 0 0 0 0 0 0 0 0 0 1
99
-82 67 0
-67 8 0
-8 16 0
-16 71 0
-71 30 0
-30 2 0
-2 51 0
-51 10 0
-10 69 0
-69 20 0
-20 53 0
-53 92 0
-92 93 0
-93 37 0
-37 78 0
-78 4 0
-4 94 0
-94 55 0
-55 86 0
-86 90 0
-90 61 0
-61 74 0
-74 41 0
-41 3 0
-3 19 0
-19 47 0
-47 42 0
-42 33 0
-33 1 0
-1 54 0
-54 98 0
-98 17 0
-17 59 0
-59 43 0
-43 76 0
-76 27 0
-27 12 0
-12 23 0
-23 24 0
-24 6 0
-6 18 0
-18 34 0
-34 15 0
-15 7 0
-7 84 0
-84 75 0
-75 60 0
-60 13 0
-13 80 0
-80 21 0
-21 87 0
-87 26 0
-26 68 0
-68 66 0
-66 22 0
-22 39 0
-39 57 0
-57 9 0
-9 73 0
-73 25 0
-25 28 0
-28 11 0
-11 89 0
-89 56 0
-56 62 0
-62 36 0
-36 5 0
-5 63 0
-63 83 0
-83 97 0
-97 99 0
-99 45 0
-45 77 0
-77 72 0
-72 46 0
-46 58 0
-58 50 0
-50 48 0
-48 44 0
-44 40 0
-40 79 0
-79 32 0
-32 88 0
-88 91 0
-91 96 0
-96 38 0
-38 31 0
-31 29 0
-29 14 0
-14 65 0
-65 85 0
-85 52 0
-52 70 0
-70 49 0
-49 81 0
-81 35 0
-35 64 0
-64 95 0
-95 82 0
558
99
2830 7058 2464 6980 3034 3812 5222 8303 3857 232 7363 4111 6160 9986 8264 4719 481 6779 4050 7241 3433 2220 5119 2693 5395 5578 3312 4060 3965 9416 3567 6738 9169 6601 9747 1524 5080 9942 3665 4798 6410 9487 6213 992 3688 3653 850 5538 1725 279 7286 5989 6674 9499 4833 5052 4082 8192 9128 4459 462 2529 901 8959 2033 9468 5601 6414 1286 2452 6997 688 9657 7877 4637 8222 8491 9286 6607 74 5514 6755 4234 143 5760 4123 641 2602 2315 7703 2554 4346 4301 6813 8515 6820 8533 8052 3813
99
-29 29 0
-2 2 0
-15 15 0
-9 9 0
-25 25 0
-21 21 0
-70 70 0
-24 24 0
-53 53 0
-8 8 0
-31 31 0
-3 3 0
-27 27 0
-47 47 0
-38 38 0
-82 82 0
-58 58 0
-22 22 0
-81 81 0
-92 92 0
-97 97 0
-57 57 0
-16 16 0
-20 20 0
-39 39 0
-14 14 0
-74 74 0
-4 4 0
-94 94 0
-95 95 0
-54 54 0
-12 12 0
-99 99 0
-93 93 0
-1 1 0
-77 77 0
-35 35 0
-68 68 0
-7 7 0
-10 10 0
-44 44 0
-66 66 0
-73 73 0
-23 23 0
-64 64 0
-52 52 0
-90 90 0
-72 72 0
-79 79 0
-69 69 0
-42 42 0
-18 18 0
-13 13 0
-67 67 0
-85 85 0
-87 87 0
-32 32 0
-65 65 0
-11 11 0
-71 71 0
-83 83 0
-43 43 0
-17 17 0
-50 50 0
-33 33 0
-26 26 0
-76 76 0
-34 34 0
-61 61 0
-80 80 0
-19 19 0
-30 30 0
-56 56 0
-48 48 0
-78 78 0
-86 86 0
-60 60 0
-37 37 0
-49 49 0
-91 91 0
-6 6 0
-36 36 0
-55 55 0
-45 45 0
-5 5 0
-84 84 0
-59 59 0
-41 41 0
-75 75 0
-62 62 0
-88 88 0
-63 63 0
-89 89 0
-51 51 0
-28 28 0
-96 96 0
-98 98 0
-46 46 0
-40 40 0
749
99
0 0 0 0 0 0 0 0 0 0 0 0 0 0 0 0 0 0 0 0 0 0 0 0 0 0 0 0 0 0 0 0 0 0 0 0 0 0 0 0 0 0 0 0 0 0 0 0 0 0 0 0 0 0 0 0 0 0 0 0 0 0 0 0 0 0 0 0 0 0 0 0 0 0 0 0 0 0 0 0 0 0 0 0 0 0 0 0 0 0 0 0 0 0 0 0 0 0 9
98
-84 81 0
-81 39 0
-39 76 0
-76 93 0
-93 51 0
-51 7 0
-7 42 0
-42 90 0
-90 30 0
-30 73 0
-73 58 0
-58 61 0
-61 27 0
-27 36 0
-36 4 0
-4 94 0
-94 24 0
-24 16 0
-16 82 0
-82 78 0
-78 43 0
-43 32 0
-32 57 0
-57 54 0
-54 83 0
-83 44 0
-44 29 0
-29 33 0
-33 13 0
-13 70 0
-70 62 0
-62 38 0
-38 20 0
-20 55 0
-55 64 0
-64 21 0
-21 3 0
-3 89 0
-89 31 0
-31 1 0
-1 6 0
-6 74 0
-74 37 0
-37 2 0
-2 15 0
-15 80 0
-80 65 0
-65 53 0
-53 68 0
-68 14 0
-14 91 0
-91 50 0
-50 28 0
-28 99 0
-99 18 0
-18 86 0
-86 67 0
-67 95 0
-95 45 0
-45 46 0
-46 72 0
-72 10 0
-10 63 0
-63 79 0
-79 87 0
-87 97 0
-97 49 0
-49 85 0
-85 52 0
-52 5 0
-5 25 0
-25 26 0
-26 69 0
-69 47 0
-47 9 0
-9 19 0
-19 12 0
-12 66 0
-66 77 0
-77 71 0
-71 59 0
-59 75 0
-75 11 0
-11 98 0
-98 60 0
-60 8 0
-8 41 0
-41 88 0
-88 96 0
-96 17 0
-17 23 0
-23 56 0
-56 92 0
-92 22 0
-22 40 0
-40 35 0
-35 48 0
-48 34 0
948
99
0 0 0 0 0 0 0 0 0 0 0 0 0 0 0 0 0 0 0 0 0 0 0 0 0 0 0 0 0 0 0 0 0 0 0 0 0 0 0 0 0 0 0 0 0 0 0 0 0 0 0 0 0 0 0 0 0 0 0 0 0 0 0 0 0 0 0 0 0 0 0 0 0 0 0 0 0 0 0 0 0 0 0 0 0 0 0 0 0 0 0 0 0 0 0 0 0 0 3
99
-52 58 0
-58 57 0
-57 17 0
-17 30 0
-30 82 0
-82 1 0
-1 87 0
-87 80 0
-80 79 0
-79 13 0
-13 3 0
-3 39 0
-39 21 0
-21 91 0
-91 72 0
-72 16 0
-16 12 0
-12 34 0
-34 47 0
-47 18 0
-18 38 0
-38 94 0
-94 71 0
-71 8 0
-8 29 0
-29 76 0
-76 41 0
-41 95 0
-95 48 0
-48 61 0
-61 22 0
-22 66 0
-66 19 0
-19 42 0
-42 44 0
-44 93 0
-93 56 0
-56 50 0
-50 32 0
-32 49 0
-49 78 0
-78 89 0
-89 96 0
-96 24 0
-24 73 0
-73 70 0
-70 10 0
-10 69 0
-69 62 0
-62 46 0
-46 85 0
-85 67 0
-67 54 0
-54 63 0
-63 31 0
-31 64 0
-64 36 0
-36 59 0
-59 20 0
-20 35 0
-35 86 0
-86 51 0
-51 81 0
-81 74 0
-74 60 0
-60 98 0
-98 27 0
-27 2 0
-2 14 0
-14 25 0
-25 99 0
-99 6 0
-6 26 0
-26 83 0
-83 84 0
-84 4 0
-4 88 0
-88 53 0
-53 33 0
-33 97 0
-97 92 0
-92 40 0
-40 75 0
-75 28 0
-28 9 0
-9 5 0
-5 55 0
-55 77 0
-77 45 0
-45 11 0
-11 65 0
-65 37 0
-37 43 0
-43 68 0
-68 7 0
-7 23 0
-23 90 0
-90 15 0
-15 -15 52 0
924
0
