99
0 0 0 0 0 0 0 0 0 0 0 0 0 0 0 0 0 0 0 0 0 0 0 0 0 0 0 0 0 0 0 0 0 0 0 0 0 0 0 0 0 0 0 0 0 0 0 0 0 0 0 0 0 0 0 0 0 0 0 0 0 0 0 0 0 0 0 0 0 0 0 0 0 0 0 0 0 0 0 0 0 0 0 0 0 0 0 0 0 0 0 0 0 0 0 0 0 0 2029
51
-3 -4 -5 -8 -9 -10 -11 -12 -14 -16 -17 -20 -21 -22 -23 -24 -28 -30 -31 -33 -36 -37 -38 -39 -41 -42 -43 -44 -47 -48 -49 -51 -54 -55 -56 -57 -58 -59 -60 -61 -62 -63 -70 -71 -73 -74 -78 -79 -80 -81 -82 -83 -84 -86 -87 -88 -89 -90 -91 -93 -95 -96 -97 -98 1 3 4 5 8 12 13 14 16 17 18 19 21 22 24 25 28 29 30 32 33 34 35 36 37 38 39 40 41 42 43 44 45 46 47 48 49 51 52 53 55 57 59 61 62 66 70 72 75 76 77 79 80 83 85 86 87 88 89 91 94 95 96 98 0
-1 -2 -3 -5 -6 -7 -8 -9 -13 -14 -15 -17 -18 -19 -20 -21 -22 -23 -24 -25 -26 -27 -28 -29 -30 -31 -32 -33 -35 -36 -37 -38 -40 -41 -44 -45 -46 -48 -50 -52 -53 -54 -57 -58 -59 -60 -62 -63 -64 -66 -69 -70 -71 -72 -74 -75 -76 -77 -78 -79 -81 -82 -85 -88 -89 -91 -92 -93 -94 -95 -97 -98 3 4 5 9 10 11 12 15 18 19 20 21 23 25 28 29 30 31 32 33 34 36 37 39 40 41 43 44 45 47 49 50 51 52 53 54 55 57 58 60 61 63 64 65 67 68 70 71 73 81 82 83 85 86 87 88 89 90 97 98 0
-1 -4 -5 -6 -8 -9 -10 -11 -13 -15 -16 -17 -18 -19 -23 -24 -26 -27 -28 -29 -30 -31 -32 -33 -34 -36 -37 -39 -40 -41 -42 -44 -45 -46 -47 -48 -49 -50 -51 -53 -54 -55 -56 -58 -60 -61 -62 -63 -66 -70 -71 -72 -73 -74 -76 -80 -81 -82 -83 -84 -85 -87 -89 -90 -92 -93 -95 -96 -97 -98 2 3 4 8 13 14 15 16 17 20 21 23 25 26 27 28 29 34 35 36 38 42 43 44 45 47 49 50 56 58 59 60 64 68 72 73 74 75 77 78 80 82 83 86 87 88 89 90 91 92 94 95 98 0
-2 -7 -8 -10 -12 -14 -16 -21 -22 -23 -25 -29 -30 -32 -34 -36 -37 -38 -39 -41 -43 -44 -46 -47 -48 -49 -50 -51 -52 -53 -54 -55 -56 -58 -59 -60 -61 -64 -65 -67 -68 -69 -71 -72 -73 -74 -75 -76 -77 -78 -79 -80 -81 -83 -87 -88 -89 -92 -93 -94 -96 -97 3 5 6 7 8 9 10 11 12 13 15 16 17 18 21 24 25 26 31 33 34 35 36 38 39 40 41 42 43 44 45 47 48 50 54 57 58 59 60 61 62 63 64 65 66 67 69 70 71 75 76 79 80 81 84 85 87 89 90 91 92 93 95 97 98 0
-3 -4 -6 -7 -8 -9 -10 -11 -12 -14 -18 -21 -24 -25 -28 -29 -30 -32 -33 -35 -36 -37 -39 -40 -42 -43 -44 -45 -46 -47 -49 -52 -54 -55 -56 -57 -58 -59 -60 -61 -62 -63 -64 -66 -67 -71 -74 -76 -77 -80 -81 -83 -84 -85 -86 -87 -88 -89 -90 -91 -92 -97 -98 1 2 3 4 6 7 9 12 13 14 16 17 18 19 20 21 23 24 25 28 29 30 31 34 35 37 38 40 41 42 43 44 49 53 55 57 58 59 60 61 62 63 64 66 67 68 69 71 73 74 76 77 79 80 81 84 85 86 87 88 90 94 96 97 0
-1 -2 -3 -4 -5 -7 -8 -9 -11 -12 -13 -15 -18 -19 -24 -26 -27 -28 -31 -32 -34 -36 -38 -39 -40 -41 -44 -48 -49 -50 -51 -53 -55 -56 -57 -58 -59 -61 -62 -63 -65 -67 -70 -72 -73 -77 -78 -79 -81 -82 -84 -85 -86 -90 -91 -92 -93 -94 -95 -96 1 3 4 5 6 7 8 9 10 14 16 17 18 19 20 21 22 23 24 28 29 30 31 32 33 34 35 36 37 38 39 41 42 46 50 54 56 59 60 61 62 64 65 66 67 68 69 70 72 73 74 76 77 78 79 81 84 85 86 87 89 91 92 93 94 95 96 97 0
-3 -4 -5 -6 -8 -9 -11 -12 -13 -14 -16 -17 -18 -19 -21 -23 -25 -26 -27 -30 -31 -33 -34 -35 -36 -37 -38 -39 -41 -42 -43 -44 -46 -47 -50 -51 -52 -53 -54 -55 -58 -59 -60 -62 -63 -64 -66 -68 -70 -72 -73 -74 -77 -78 -80 -81 -83 -84 -85 -86 -87 -90 -91 -92 -93 -94 -95 -97 -98 1 2 4 6 7 9 10 11 12 17 19 20 22 24 25 27 28 29 30 32 34 35 36 38 39 40 41 42 44 46 47 48 49 50 51 52 53 55 57 61 62 63 64 65 66 67 68 69 70 71 72 73 74 76 77 78 79 80 82 83 84 86 87 88 89 90 91 92 93 94 96 0
-2 -4 -5 -8 -9 -10 -13 -15 -16 -17 -19 -20 -23 -25 -26 -28 -29 -30 -32 -34 -35 -36 -37 -38 -39 -40 -42 -44 -46 -47 -48 -50 -51 -53 -54 -55 -56 -58 -59 -60 -61 -62 -65 -66 -67 -69 -70 -71 -72 -73 -74 -75 -77 -79 -83 -87 -90 -92 -94 -98 2 3 5 7 8 9 11 12 15 16 18 21 23 24 25 26 28 29 30 32 34 36 37 39 43 44 45 46 48 49 50 51 52 53 55 56 58 60 61 63 65 69 70 75 78 80 84 85 88 89 90 92 93 94 98 0
-1 -2 -3 -4 -5 -6 -7 -9 -10 -11 -12 -14 -15 -17 -18 -19 -20 -25 -26 -27 -29 -30 -31 -33 -35 -37 -38 -39 -40 -41 -42 -43 -44 -45 -47 -51 -52 -53 -54 -55 -56 -57 -58 -59 -60 -62 -63 -64 -65 -66 -67 -68 -69 -71 -72 -73 -74 -75 -76 -78 -79 -81 -82 -84 -85 -89 -90 -91 -92 -93 -95 -96 -98 1 2 3 4 5 6 7 8 9 10 11 12 14 15 17 19 21 22 24 25 26 28 29 30 32 33 34 35 38 39 41 42 43 44 45 46 47 48 50 52 53 54 55 56 57 58 59 61 62 63 64 65 66 68 69 70 72 74 76 77 78 80 82 83 84 85 86 87 88 89 93 94 96 97 98 0
-1 -3 -4 -5 -7 -9 -10 -12 -14 -16 -17 -18 -19 -20 -22 -23 -28 -29 -32 -33 -35 -36 -38 -39 -40 -41 -42 -43 -44 -45 -47 -48 -50 -51 -52 -54 -55 -56 -57 -58 -59 -60 -61 -62 -63 -64 -65 -66 -67 -68 -69 -70 -71 -72 -73 -74 -77 -78 -79 -81 -82 -83 -84 -85 -86 -87 -90 -91 -93 -94 -95 -97 2 3 6 7 8 10 11 12 14 15 16 18 20 21 22 23 25 26 27 29 30 31 32 36 39 41 44 45 46 47 50 51 53 56 57 60 64 65 66 67 69 70 72 73 75 76 77 78 80 81 82 84 85 88 90 91 93 95 96 97 98 0
-2 -4 -5 -6 -7 -9 -10 -11 -13 -14 -15 -16 -17 -18 -19 -21 -22 -23 -24 -25 -26 -27 -28 -30 -32 -34 -35 -36 -37 -38 -39 -41 -45 -46 -47 -48 -49 -50 -51 -53 -54 -56 -57 -58 -61 -62 -64 -65 -66 -67 -68 -69 -70 -74 -75 -76 -77 -79 -80 -83 -84 -86 -87 -90 -91 -92 -93 -94 -95 -98 2 3 4 5 7 8 9 10 11 12 13 14 15 16 19 20 22 23 24 25 26 27 29 30 31 32 33 34 36 37 38 39 40 43 45 46 47 48 49 50 51 52 53 54 56 57 58 59 60 62 63 64 66 68 70 71 73 74 75 76 77 78 80 81 83 84 86 87 88 90 92 94 97 0
-1 -2 -3 -4 -6 -7 -10 -11 -13 -14 -15 -16 -17 -20 -21 -22 -24 -27 -28 -29 -31 -33 -34 -36 -37 -38 -41 -42 -44 -45 -46 -48 -50 -51 -53 -57 -58 -59 -60 -61 -62 -64 -67 -69 -70 -71 -72 -73 -74 -75 -76 -77 -78 -79 -80 -81 -82 -85 -88 -89 -90 -92 -93 -96 -98 1 2 4 5 6 7 8 9 12 15 16 18 19 20 22 24 27 28 30 32 34 36 38 39 41 42 43 44 45 46 47 48 49 51 53 54 55 56 59 60 62 63 64 65 68 70 71 72 73 74 75 76 77 81 84 85 86 87 88 90 91 92 94 97 98 0
-1 -2 -3 -4 -5 -6 -7 -8 -9 -10 -12 -13 -14 -15 -16 -18 -19 -20 -21 -22 -24 -25 -26 -29 -32 -33 -35 -36 -37 -39 -40 -42 -43 -44 -47 -48 -49 -50 -55 -57 -58 -61 -62 -63 -64 -65 -66 -67 -68 -69 -70 -71 -73 -75 -77 -79 -81 -82 -83 -85 -88 -91 -94 -95 -97 -98 2 3 4 5 6 8 9 10 11 13 14 15 16 17 22 23 24 25 26 27 28 29 30 31 34 35 36 37 38 39 40 42 46 47 48 51 52 53 54 55 56 57 58 59 61 63 64 65 66 68 69 71 73 76 77 78 79 82 85 87 88 90 92 97 98 0
-1 -3 -5 -6 -9 -11 -12 -14 -15 -16 -18 -19 -22 -23 -26 -27 -28 -30 -31 -32 -33 -35 -36 -37 -38 -40 -41 -44 -47 -48 -49 -50 -51 -53 -54 -55 -56 -57 -58 -60 -62 -63 -64 -65 -68 -69 -70 -71 -72 -73 -74 -75 -78 -80 -82 -83 -88 -89 -91 -93 -94 -96 -97 3 5 6 7 8 9 11 12 13 15 17 18 19 21 22 24 26 27 28 30 31 32 33 34 35 36 37 38 39 40 42 44 45 46 47 50 51 52 53 54 55 57 58 60 61 63 64 65 66 67 69 72 73 74 75 77 78 79 80 81 82 85 87 88 91 92 93 95 98 0
-1 -3 -4 -6 -7 -8 -11 -13 -15 -16 -17 -18 -19 -24 -26 -29 -30 -31 -33 -34 -35 -37 -38 -39 -40 -44 -45 -46 -47 -48 -50 -51 -52 -53 -54 -58 -60 -62 -63 -64 -65 -66 -67 -69 -70 -71 -74 -75 -76 -77 -78 -79 -80 -81 -82 -85 -86 -88 -89 -90 -91 -92 -93 -94 -96 1 2 3 4 5 6 7 9 10 11 13 14 16 17 18 19 20 21 22 23 24 25 27 28 29 30 32 33 35 36 38 39 40 41 42 43 44 45 46 47 48 49 51 52 54 55 59 60 61 62 64 65 66 67 70 72 74 75 76 77 78 80 81 83 85 89 90 91 92 96 97 0
-5 -7 -8 -9 -10 -11 -12 -13 -15 -16 -17 -18 -19 -20 -21 -22 -24 -25 -26 -27 -28 -29 -30 -31 -33 -36 -39 -44 -45 -47 -50 -51 -53 -54 -55 -58 -59 -60 -62 -63 -64 -66 -67 -68 -70 -71 -73 -74 -75 -76 -79 -80 -81 -90 -91 -92 -93 -95 -97 -98 2 3 6 7 9 12 15 16 17 18 19 20 21 24 25 26 27 28 29 31 32 36 38 39 40 42 43 44 46 47 49 50 52 53 55 56 58 62 63 64 65 66 67 71 72 74 75 76 77 78 79 80 81 84 85 86 88 89 91 94 96 98 0
-2 -3 -4 -6 -7 -9 -10 -11 -16 -20 -21 -22 -23 -24 -28 -29 -32 -34 -35 -38 -40 -41 -44 -45 -46 -47 -48 -49 -50 -51 -52 -53 -55 -56 -60 -61 -62 -63 -66 -68 -69 -70 -71 -73 -74 -75 -76 -79 -80 -81 -82 -84 -85 -86 -89 -90 -93 -94 -98 1 3 4 8 9 12 13 14 22 24 25 27 28 32 33 34 36 38 40 41 42 43 45 46 47 48 49 51 52 54 56 57 58 60 61 62 63 64 65 66 68 69 70 71 72 73 74 75 76 77 78 80 81 82 84 87 88 91 92 94 96 97 0
-1 -2 -3 -6 -9 -10 -11 -12 -13 -15 -16 -17 -18 -19 -21 -22 -23 -24 -25 -26 -28 -30 -31 -35 -36 -37 -38 -39 -41 -42 -43 -44 -45 -47 -49 -52 -53 -54 -56 -57 -58 -60 -61 -62 -63 -64 -65 -67 -68 -69 -70 -71 -73 -74 -77 -81 -82 -83 -87 -88 -89 -90 -91 -93 -96 -97 -98 1 3 6 10 11 12 13 16 18 21 22 23 24 25 27 28 30 32 35 36 38 41 42 43 44 45 47 48 49 51 53 56 60 61 62 64 65 66 68 69 70 71 72 74 79 80 81 86 89 90 92 93 0
-1 -2 -3 -4 -5 -6 -7 -8 -9 -10 -11 -12 -13 -14 -15 -16 -17 -18 -19 -20 -21 -23 -27 -28 -29 -30 -31 -33 -34 -37 -38 -39 -40 -41 -43 -45 -46 -48 -49 -51 -53 -54 -56 -58 -59 -60 -61 -62 -63 -64 -65 -67 -68 -69 -70 -71 -73 -75 -76 -77 -78 -79 -80 -81 -82 -84 -85 -86 -87 -88 -90 -91 -94 -95 -96 -97 -98 1 2 3 4 5 9 10 11 13 14 15 17 18 19 20 21 22 26 27 29 30 32 34 36 37 39 40 43 45 46 47 48 50 55 56 57 59 60 61 63 65 68 69 70 71 73 74 77 78 79 82 84 86 87 89 90 92 93 95 96 97 98 0
-1 -2 -3 -5 -8 -11 -14 -15 -18 -19 -20 -21 -22 -23 -28 -32 -35 -37 -38 -40 -42 -43 -44 -45 -47 -48 -49 -50 -51 -53 -56 -58 -60 -61 -62 -63 -68 -70 -71 -73 -74 -76 -77 -79 -81 -83 -84 -85 -86 -87 -88 -92 -93 -94 -95 -96 -97 -98 1 2 3 6 7 8 9 12 14 15 16 18 19 20 23 24 25 28 29 31 33 34 35 37 38 39 40 41 44 45 46 47 48 50 51 53 54 55 56 57 58 59 60 61 62 63 64 65 67 69 70 71 72 73 74 77 78 80 81 83 85 86 87 92 94 96 98 0
-1 -2 -3 -4 -5 -7 -8 -10 -11 -12 -15 -16 -18 -19 -20 -21 -24 -25 -27 -29 -31 -33 -34 -35 -36 -40 -41 -42 -44 -45 -47 -48 -49 -50 -51 -52 -54 -56 -57 -58 -59 -60 -61 -62 -63 -64 -66 -67 -69 -71 -74 -75 -77 -79 -80 -81 -83 -84 -85 -86 -87 -89 -90 -91 -93 -94 -95 -96 -98 2 3 4 5 6 7 9 10 11 12 13 15 16 18 19 20 21 24 25 26 27 28 30 31 33 34 36 37 38 39 42 43 44 46 47 49 50 51 52 54 55 57 58 60 61 62 63 65 66 67 68 69 70 71 72 78 79 80 85 86 87 89 90 92 93 94 0
-1 -2 -4 -6 -7 -9 -14 -16 -17 -18 -19 -21 -22 -24 -25 -26 -27 -28 -30 -34 -35 -36 -37 -38 -40 -41 -42 -43 -45 -46 -49 -51 -52 -54 -55 -56 -57 -58 -60 -62 -63 -64 -65 -68 -69 -70 -71 -72 -73 -76 -77 -78 -80 -82 -83 -84 -86 -87 -88 -89 -90 -91 -92 -93 -96 -97 -98 1 3 5 6 7 8 12 13 14 15 17 20 21 22 25 27 29 31 32 33 34 36 37 39 40 42 44 47 49 50 51 52 53 55 56 57 58 59 60 61 62 64 65 66 67 68 69 70 71 72 73 74 75 76 77 78 80 82 83 84 87 89 90 91 92 93 94 95 96 97 98 0
-2 -4 -5 -7 -10 -11 -12 -13 -14 -15 -16 -18 -20 -22 -23 -25 -27 -28 -29 -30 -32 -33 -34 -35 -36 -37 -38 -39 -40 -45 -46 -48 -52 -53 -54 -55 -57 -59 -60 -61 -63 -64 -65 -66 -67 -68 -70 -71 -75 -77 -78 -80 -82 -83 -84 -86 -88 -90 -92 -93 -94 -95 -97 -98 1 2 3 4 5 7 9 11 12 13 15 16 18 21 22 24 26 27 28 32 34 36 40 42 43 48 49 50 51 52 55 56 58 59 62 63 64 68 69 70 73 74 75 77 79 80 81 82 83 84 85 86 87 88 89 90 93 94 95 96 98 0
-1 -2 -3 -7 -8 -12 -13 -14 -15 -16 -17 -18 -19 -20 -21 -22 -23 -24 -27 -28 -29 -30 -31 -32 -34 -35 -36 -37 -39 -40 -41 -43 -44 -45 -47 -48 -49 -51 -52 -54 -55 -57 -58 -61 -66 -67 -68 -70 -72 -73 -75 -76 -77 -78 -80 -83 -84 -85 -86 -87 -88 -89 -90 -91 -92 -93 -95 -97 -98 1 2 3 4 5 6 8 9 11 12 14 15 16 18 19 22 23 24 25 26 27 29 32 33 34 36 37 40 41 42 44 45 46 47 48 49 50 51 53 54 55 57 59 63 64 65 66 67 68 70 72 73 74 79 82 83 84 85 86 87 89 90 91 92 96 97 0
-1 -7 -8 -10 -11 -12 -14 -15 -16 -17 -18 -20 -21 -22 -24 -28 -30 -31 -32 -33 -34 -35 -37 -39 -40 -41 -42 -45 -46 -49 -51 -52 -53 -55 -58 -59 -63 -64 -65 -67 -68 -69 -70 -71 -72 -74 -75 -78 -80 -83 -84 -87 -88 -90 -91 -92 -94 -95 -97 1 2 4 5 6 7 9 11 13 14 15 16 17 18 19 20 21 22 24 25 26 27 29 30 31 33 34 35 37 38 39 41 42 45 46 52 53 54 56 57 59 61 62 63 66 67 70 73 74 75 76 77 79 80 81 82 84 85 86 87 88 89 90 92 93 94 95 97 98 0
-1 -2 -3 -5 -8 -9 -12 -13 -14 -15 -16 -18 -19 -20 -22 -23 -24 -25 -26 -27 -29 -30 -31 -34 -36 -37 -38 -40 -41 -42 -43 -45 -47 -49 -50 -51 -55 -58 -59 -61 -64 -65 -66 -67 -68 -70 -71 -73 -74 -76 -77 -79 -82 -83 -84 -85 -86 -87 -90 -91 -94 -95 -97 1 3 4 6 7 8 9 10 11 12 13 17 18 19 20 24 25 26 30 31 32 34 35 37 38 39 41 44 47 48 49 50 51 52 53 54 56 58 59 60 61 63 66 68 71 72 75 77 79 80 82 83 84 85 86 90 91 92 93 94 95 96 97 98 0
-2 -6 -7 -9 -11 -13 -14 -15 -16 -17 -19 -21 -22 -23 -24 -25 -26 -27 -28 -30 -31 -32 -33 -34 -35 -36 -37 -38 -40 -41 -43 -44 -47 -48 -49 -50 -51 -52 -54 -55 -56 -57 -58 -59 -61 -62 -63 -65 -66 -68 -69 -70 -71 -72 -74 -76 -77 -78 -79 -80 -85 -87 -88 -89 -90 -91 -92 -94 -97 -98 3 4 9 10 11 12 13 14 15 16 18 19 21 22 23 24 25 27 29 30 31 34 35 36 37 38 44 45 46 48 50 51 52 55 56 58 59 60 61 63 65 66 69 70 71 72 73 74 79 81 82 83 84 86 87 88 89 90 91 93 94 96 98 0
-1 -2 -3 -4 -5 -7 -9 -10 -13 -14 -15 -17 -19 -21 -23 -25 -31 -32 -33 -36 -37 -39 -40 -41 -43 -45 -47 -49 -50 -53 -54 -56 -57 -60 -61 -64 -68 -69 -70 -73 -74 -75 -76 -78 -79 -80 -82 -83 -84 -86 -93 -94 -95 -96 -98 1 3 4 7 8 9 10 11 13 15 17 18 19 21 22 24 25 26 28 30 32 33 34 35 36 37 41 42 47 48 49 50 51 52 53 56 57 58 61 62 65 67 69 70 71 72 73 74 76 77 78 80 81 85 86 88 89 90 91 92 93 94 96 97 98 0
-4 -6 -7 -10 -11 -12 -13 -15 -17 -18 -19 -20 -21 -22 -25 -26 -27 -28 -31 -32 -34 -35 -37 -39 -40 -41 -43 -46 -47 -49 -50 -51 -54 -55 -57 -58 -59 -60 -62 -63 -64 -65 -66 -67 -69 -70 -72 -73 -75 -76 -77 -78 -80 -81 -82 -84 -86 -87 -88 -91 -92 -95 -96 -98 1 2 3 5 7 11 12 13 14 15 16 17 20 21 22 24 25 26 27 30 35 37 38 39 40 41 42 43 44 45 46 49 50 52 53 55 56 57 58 59 60 61 66 67 68 75 77 78 82 83 84 85 86 87 88 89 92 93 94 95 0
-2 -3 -4 -5 -6 -7 -9 -10 -11 -12 -13 -14 -15 -16 -17 -18 -19 -20 -21 -22 -25 -26 -27 -28 -30 -31 -32 -33 -34 -35 -36 -37 -42 -43 -45 -49 -50 -51 -52 -55 -56 -60 -61 -62 -65 -66 -67 -70 -71 -73 -74 -76 -77 -78 -81 -82 -84 -85 -86 -88 -91 -92 -93 -94 -95 -96 -98 1 3 4 6 7 9 10 11 12 13 16 17 19 20 22 23 24 27 29 31 32 33 34 35 36 37 38 40 41 42 43 44 45 46 47 48 49 50 51 52 53 54 56 57 58 60 62 63 64 65 66 67 68 69 71 72 73 74 75 76 77 78 79 80 81 83 84 86 87 88 89 94 95 96 98 0
-2 -3 -4 -5 -6 -7 -8 -10 -14 -15 -20 -21 -23 -25 -26 -28 -30 -31 -32 -33 -34 -35 -36 -37 -39 -40 -43 -46 -47 -49 -52 -54 -55 -56 -57 -58 -60 -61 -62 -63 -64 -65 -68 -69 -70 -71 -72 -73 -75 -76 -77 -80 -83 -84 -85 -88 -89 -90 -91 -92 -93 -94 -95 -97 -98 1 3 4 5 6 7 8 9 11 13 15 16 17 18 20 21 22 23 26 27 28 29 30 31 32 34 35 36 38 39 42 43 46 47 48 49 50 51 52 56 57 58 59 62 63 64 65 66 68 70 71 72 74 75 76 77 78 81 82 85 86 87 88 92 93 94 95 96 0
-2 -3 -4 -5 -6 -7 -10 -11 -12 -16 -17 -20 -23 -24 -25 -26 -28 -29 -30 -31 -32 -34 -35 -36 -38 -39 -40 -41 -42 -43 -44 -45 -46 -48 -49 -50 -51 -52 -53 -56 -57 -59 -60 -61 -63 -64 -66 -67 -68 -69 -71 -72 -73 -75 -76 -77 -80 -81 -82 -83 -85 -86 -87 -88 -90 -91 -93 -94 -95 -97 1 2 3 5 6 8 10 12 13 14 16 17 18 21 23 25 26 28 29 30 31 33 34 37 39 40 41 43 44 47 48 50 51 53 54 55 56 58 59 61 62 66 67 69 71 72 73 74 76 78 79 81 82 85 87 88 92 94 95 96 97 0
-1 -2 -3 -4 -5 -7 -8 -11 -13 -14 -15 -17 -21 -22 -23 -27 -29 -30 -32 -34 -36 -37 -43 -44 -46 -49 -50 -51 -52 -53 -55 -56 -57 -58 -60 -62 -63 -66 -67 -68 -70 -71 -72 -74 -76 -77 -78 -80 -81 -82 -84 -85 -88 -89 -90 -92 -94 -96 -97 -98 1 2 4 5 6 7 8 9 10 11 12 13 14 15 16 17 18 20 22 24 25 26 27 28 29 30 31 32 33 34 35 36 37 38 39 41 43 44 45 47 51 52 54 56 57 58 59 61 62 63 66 67 68 70 71 72 73 74 75 76 79 80 81 82 83 85 86 87 88 89 90 91 93 96 98 0
-1 -2 -4 -5 -7 -9 -11 -12 -13 -15 -17 -18 -19 -20 -21 -22 -25 -26 -28 -29 -30 -31 -32 -33 -34 -35 -36 -37 -38 -39 -40 -42 -43 -44 -46 -48 -50 -51 -54 -55 -56 -58 -62 -63 -64 -65 -69 -70 -71 -76 -77 -78 -79 -80 -81 -83 -84 -85 -86 -87 -88 -89 -90 -91 -92 -95 -96 -97 -98 1 2 3 6 7 8 11 12 14 15 16 17 18 19 20 21 22 23 24 26 27 28 29 30 31 32 33 35 37 39 43 45 47 49 50 51 53 54 57 58 60 61 63 64 65 66 69 72 76 77 79 80 81 82 83 84 86 89 91 94 95 96 98 0
-1 -3 -5 -7 -10 -12 -13 -14 -17 -19 -20 -22 -25 -26 -28 -29 -30 -32 -33 -34 -35 -36 -37 -38 -39 -40 -42 -43 -46 -47 -48 -50 -52 -53 -54 -55 -56 -57 -58 -59 -60 -61 -63 -64 -65 -66 -67 -68 -69 -71 -72 -73 -74 -75 -76 -78 -79 -81 -82 -83 -84 -85 -86 -87 -88 -90 -91 -92 -94 -95 -96 2 5 6 9 10 11 13 14 16 17 19 20 21 22 24 25 27 31 33 34 35 36 37 38 40 42 43 44 45 46 48 49 50 51 54 57 58 59 60 61 62 63 64 65 67 69 70 71 72 73 75 76 78 80 81 82 84 85 86 87 93 94 95 97 0
-2 -3 -4 -6 -7 -8 -11 -13 -15 -16 -17 -18 -19 -20 -21 -23 -25 -26 -28 -30 -34 -35 -36 -37 -39 -40 -42 -43 -44 -45 -46 -47 -48 -49 -50 -51 -52 -55 -56 -58 -59 -62 -63 -64 -66 -67 -69 -70 -71 -73 -74 -75 -76 -77 -78 -81 -82 -85 -86 -87 -88 -89 -90 -92 -93 -95 -96 -97 -98 2 5 8 9 10 12 13 14 15 17 22 24 25 27 28 29 30 31 32 34 35 36 40 41 42 43 44 45 46 47 49 50 51 52 54 55 56 57 59 60 63 65 67 68 69 71 72 73 75 76 77 78 79 81 82 84 85 86 87 89 90 92 93 97 98 0
-3 -4 -5 -7 -8 -9 -10 -11 -13 -14 -15 -18 -23 -24 -26 -27 -28 -29 -30 -32 -35 -36 -38 -39 -40 -41 -42 -43 -44 -47 -48 -49 -50 -51 -52 -53 -54 -56 -58 -59 -60 -62 -63 -64 -66 -68 -69 -70 -71 -73 -77 -78 -79 -82 -83 -85 -86 -87 -91 -92 -93 -94 -95 -96 -98 2 4 6 11 12 13 14 15 16 17 18 20 22 23 24 25 27 28 30 31 35 37 38 39 41 42 43 44 48 49 50 51 52 53 54 55 56 57 58 59 63 64 65 66 68 69 74 75 77 78 79 80 81 83 84 85 87 89 91 92 95 96 97 0
-1 -3 -4 -5 -10 -12 -13 -14 -15 -16 -18 -19 -20 -21 -22 -23 -24 -25 -26 -29 -30 -33 -35 -36 -39 -40 -42 -43 -46 -47 -49 -51 -52 -53 -54 -55 -56 -57 -58 -60 -61 -62 -64 -65 -66 -67 -68 -70 -71 -73 -74 -76 -78 -79 -80 -81 -82 -83 -85 -87 -89 -90 -91 -92 -94 -95 -97 1 2 3 7 8 9 10 12 13 14 15 16 17 18 19 20 21 22 24 25 26 27 30 31 32 34 36 37 38 41 42 43 44 45 46 47 48 49 50 52 53 54 55 56 57 58 59 61 62 63 65 66 69 71 74 79 80 81 84 85 86 87 88 89 93 94 95 96 98 0
-1 -2 -3 -5 -6 -8 -9 -10 -12 -13 -15 -16 -17 -19 -20 -23 -24 -25 -27 -28 -29 -30 -32 -33 -34 -35 -37 -38 -39 -44 -45 -46 -47 -49 -52 -53 -54 -56 -58 -59 -60 -63 -64 -66 -67 -69 -71 -72 -73 -78 -83 -84 -87 -88 -90 -91 -92 -93 -94 -95 2 3 4 6 7 8 9 10 11 13 14 15 16 17 18 19 20 21 24 25 27 29 30 33 35 38 40 42 43 44 47 48 50 51 52 54 58 60 61 62 65 66 67 70 71 72 73 74 75 76 77 80 81 82 84 85 87 88 89 90 93 94 95 96 97 98 0
-1 -2 -4 -5 -6 -7 -8 -10 -11 -14 -17 -19 -20 -21 -22 -27 -29 -30 -33 -37 -38 -40 -41 -42 -44 -45 -46 -47 -49 -51 -52 -53 -54 -56 -57 -59 -60 -61 -62 -65 -66 -68 -70 -71 -73 -75 -76 -78 -79 -81 -82 -83 -84 -85 -86 -89 -90 -91 -92 -93 -96 -97 1 2 3 4 5 6 7 10 14 15 17 19 20 23 24 25 27 28 30 32 33 34 35 36 37 38 39 40 41 43 44 48 50 53 54 55 58 60 62 63 64 65 67 68 69 71 73 75 76 77 78 81 82 83 86 87 89 90 91 92 93 94 96 97 98 0
-2 -6 -9 -12 -13 -14 -15 -17 -19 -20 -22 -25 -26 -27 -28 -30 -31 -32 -33 -34 -36 -37 -38 -40 -41 -42 -44 -47 -48 -50 -53 -55 -57 -58 -59 -61 -62 -65 -66 -69 -70 -72 -73 -75 -76 -77 -78 -79 -80 -81 -82 -86 -87 -89 -92 -93 -95 -96 -98 1 2 5 8 9 12 15 19 20 21 22 25 26 27 28 30 32 33 34 35 36 38 40 41 42 43 44 45 46 47 48 50 52 53 55 56 57 58 59 60 61 62 63 64 65 66 67 68 69 70 71 73 77 78 79 80 82 84 85 86 88 89 92 94 96 98 0
-2 -4 -5 -6 -7 -8 -11 -12 -14 -16 -17 -20 -21 -22 -24 -25 -26 -27 -28 -29 -30 -31 -32 -33 -35 -36 -37 -39 -40 -41 -42 -43 -44 -47 -49 -50 -51 -53 -54 -55 -57 -58 -59 -60 -61 -62 -65 -66 -67 -68 -71 -72 -73 -75 -76 -77 -78 -79 -81 -84 -85 -86 -90 -91 -93 -94 1 2 3 4 5 6 7 10 13 14 16 17 18 19 21 23 25 26 27 28 30 31 32 33 34 35 36 37 38 42 43 44 45 47 48 49 50 54 55 56 57 58 59 60 61 63 64 66 68 69 72 73 74 75 77 78 79 80 81 82 83 85 86 88 90 92 93 94 95 96 0
-1 -5 -7 -8 -10 -12 -13 -14 -15 -19 -20 -22 -28 -29 -30 -31 -35 -36 -37 -40 -41 -42 -43 -44 -45 -48 -49 -50 -51 -52 -53 -54 -55 -56 -57 -59 -60 -64 -65 -66 -67 -68 -69 -72 -73 -74 -77 -79 -80 -81 -82 -84 -87 -88 -89 -91 -92 -93 -94 -95 -96 -97 1 2 3 4 5 8 10 11 12 13 14 16 17 18 19 20 21 22 23 24 26 27 29 30 32 35 36 37 38 39 41 42 45 46 48 49 50 51 54 55 56 58 61 62 64 65 66 67 68 69 70 73 74 76 77 79 80 81 82 83 85 88 89 90 92 93 94 95 98 0
-1 -2 -4 -5 -6 -8 -11 -16 -17 -19 -20 -22 -23 -24 -26 -27 -28 -33 -34 -36 -37 -38 -39 -40 -41 -43 -45 -46 -47 -48 -49 -52 -53 -54 -56 -58 -59 -61 -63 -65 -66 -68 -69 -71 -72 -73 -75 -76 -79 -81 -83 -84 -85 -87 -88 -89 -90 -91 -93 -95 -96 -97 -98 2 3 5 6 7 8 9 10 11 13 14 15 16 18 19 20 23 26 28 29 32 34 36 37 38 39 40 43 44 46 47 48 50 51 54 55 57 59 60 61 62 63 64 65 67 68 70 72 73 75 77 79 81 83 85 87 88 89 90 91 93 94 95 97 0
-3 -4 -5 -9 -10 -11 -12 -17 -19 -21 -22 -24 -25 -27 -28 -29 -30 -31 -32 -33 -35 -36 -38 -39 -40 -42 -43 -47 -49 -51 -52 -53 -54 -55 -56 -57 -58 -60 -62 -63 -64 -65 -68 -70 -72 -73 -74 -75 -76 -78 -79 -81 -84 -85 -87 -88 -89 -90 -92 -94 -95 -97 -98 2 3 6 7 9 10 11 13 17 18 20 21 23 24 25 26 27 28 30 33 34 36 37 38 40 42 45 46 47 49 50 51 53 54 55 58 61 62 64 65 66 67 69 71 72 75 76 78 79 80 81 84 85 86 87 88 89 90 92 94 96 97 98 0
-3 -5 -6 -7 -9 -11 -13 -15 -16 -18 -20 -21 -22 -24 -25 -26 -28 -29 -30 -31 -32 -33 -35 -36 -39 -41 -42 -44 -45 -48 -49 -50 -51 -52 -54 -55 -56 -57 -59 -60 -63 -65 -66 -67 -68 -69 -70 -72 -73 -74 -75 -77 -81 -82 -83 -84 -86 -87 -88 -89 -91 -92 -94 -95 -97 -98 3 4 8 9 11 13 14 15 17 19 20 21 24 27 28 31 33 36 38 42 45 47 48 50 51 52 53 55 57 58 59 60 62 63 64 65 66 67 68 69 70 74 75 76 77 78 80 81 82 83 84 86 87 89 90 91 93 95 97 0
-1 -2 -4 -5 -7 -9 -10 -11 -12 -13 -14 -16 -17 -18 -19 -21 -22 -25 -26 -27 -29 -30 -31 -32 -33 -34 -35 -37 -38 -41 -42 -44 -46 -47 -49 -51 -52 -54 -55 -56 -57 -59 -62 -64 -65 -66 -68 -70 -71 -72 -73 -74 -75 -77 -78 -79 -80 -83 -84 -85 -86 -87 -88 -89 -90 -92 -93 -94 -96 -97 -98 1 3 8 11 13 14 15 17 18 20 21 23 29 30 31 34 35 36 41 42 43 47 49 50 51 52 53 54 55 56 58 60 61 62 63 64 66 67 68 69 70 71 72 75 76 77 78 79 80 81 82 84 85 86 87 88 90 91 92 93 95 97 0
-2 -4 -7 -9 -10 -14 -17 -18 -19 -20 -21 -22 -23 -24 -25 -26 -27 -28 -29 -33 -34 -36 -37 -39 -40 -41 -42 -43 -44 -46 -47 -49 -50 -54 -56 -57 -58 -59 -60 -62 -63 -64 -65 -67 -68 -69 -70 -71 -72 -74 -75 -76 -77 -78 -79 -80 -84 -86 -87 -88 -89 -90 -91 -92 -93 -94 -95 -96 -97 -98 2 3 5 6 9 10 11 13 16 17 21 22 23 25 27 30 32 33 35 38 39 40 44 45 46 47 48 51 56 59 60 61 62 63 65 66 67 68 69 70 72 73 77 78 81 82 84 85 86 87 88 89 90 91 92 93 95 96 97 98 0
-1 -2 -3 -4 -6 -7 -9 -10 -11 -12 -13 -14 -15 -16 -17 -18 -20 -21 -22 -23 -24 -25 -26 -31 -32 -33 -34 -35 -36 -37 -38 -39 -40 -42 -45 -46 -47 -48 -49 -50 -52 -53 -54 -55 -56 -58 -59 -61 -62 -64 -65 -66 -68 -69 -71 -73 -74 -75 -76 -77 -78 -79 -82 -83 -84 -85 -86 -87 -90 -91 -95 -96 -98 1 2 4 6 10 12 15 16 19 21 23 26 27 30 31 33 34 35 36 37 38 39 42 47 48 49 50 54 56 57 58 61 63 64 65 66 71 72 73 74 75 78 81 84 85 86 87 89 91 92 94 96 97 98 0
-1 -2 -3 -6 -7 -8 -9 -10 -11 -12 -13 -15 -18 -19 -21 -22 -23 -24 -25 -27 -28 -30 -32 -33 -34 -35 -36 -37 -39 -40 -45 -46 -48 -50 -51 -54 -55 -56 -58 -59 -62 -65 -66 -67 -68 -70 -74 -76 -77 -78 -79 -80 -81 -84 -85 -86 -87 -88 -89 -90 -92 -93 -94 -95 -97 -98 1 3 5 6 8 10 11 13 14 15 17 18 19 20 21 22 23 24 26 27 29 31 32 34 35 36 39 41 42 43 44 45 46 47 48 50 51 53 54 55 56 58 59 60 61 62 63 64 65 67 68 69 71 72 73 74 75 76 77 78 79 82 83 86 87 88 90 92 93 94 96 97 0
-1 -2 -4 -5 -8 -9 -10 -11 -12 -13 -14 -16 -19 -20 -21 -22 -23 -24 -25 -26 -27 -29 -31 -32 -33 -34 -35 -37 -38 -40 -41 -43 -44 -45 -46 -50 -51 -53 -54 -55 -56 -57 -60 -61 -62 -63 -64 -67 -68 -70 -71 -73 -74 -75 -76 -78 -79 -80 -83 -84 -85 -87 -88 -89 -90 -92 -93 -94 -96 -97 -98 1 2 3 4 5 7 8 9 12 14 15 16 18 19 21 22 23 24 25 26 27 28 29 32 33 34 35 36 38 39 40 41 42 43 44 46 47 48 50 51 52 53 54 56 62 64 65 68 70 71 73 74 76 78 79 80 82 84 85 88 89 90 91 92 93 94 95 96 97 98 0
286
99
0 0 0 0 0 0 0 0 0 0 0 0 0 0 0 0 0 0 0 0 0 0 0 0 0 0 0 0 0 0 0 0 0 0 0 0 0 0 0 0 0 0 0 0 0 0 0 0 0 0 0 0 0 0 0 0 0 0 0 0 0 0 0 0 0 0 0 0 0 0 0 0 0 0 0 0 0 0 0 0 0 0 0 0 0 0 0 0 0 0 0 0 0 0 0 0 0 0 1
99
-98 38 0
-38 24 0
-24 21 0
-21 89 0
-89 70 0
-70 8 0
-8 39 0
-39 66 0
-66 75 0
-75 7 0
-7 77 0
-77 64 0
-64 12 0
-12 99 0
-99 81 0
-81 51 0
-51 78 0
-78 73 0
-73 95 0
-95 97 0
-97 46 0
-46 5 0
-5 14 0
-14 32 0
-32 2 0
-2 18 0
-18 85 0
-85 61 0
-61 25 0
-25 15 0
-15 31 0
-31 33 0
-33 65 0
-65 58 0
-58 28 0
-28 63 0
-63 94 0
-94 13 0
-13 84 0
-84 93 0
-93 96 0
-96 35 0
-35 68 0
-68 86 0
-86 55 0
-55 19 0
-19 47 0
-47 76 0
-76 4 0
-4 50 0
-50 11 0
-11 71 0
-71 22 0
-22 74 0
-74 36 0
-36 53 0
-53 48 0
-48 43 0
-43 29 0
-29 90 0
-90 42 0
-42 23 0
-23 87 0
-87 56 0
-56 82 0
-82 83 0
-83 45 0
-45 67 0
-67 54 0
-54 1 0
-1 60 0
-60 57 0
-57 80 0
-80 49 0
-49 41 0
-41 3 0
-3 44 0
-44 62 0
-62 88 0
-88 20 0
-20 52 0
-52 9 0
-9 34 0
-34 17 0
-17 69 0
-69 72 0
-72 40 0
-40 6 0
-6 30 0
-30 10 0
-10 92 0
-92 27 0
-27 91 0
-91 16 0
-16 79 0
-79 37 0
-37 59 0
-59 26 0
-26 98 0
913
99
1906 1336 8978 5812 5296 2087 1233 3554 428 8712 3349 430 391 1826 3022 1572 3191 5706 9336 3740 2885 6652 9474 1839 729 7676 9358 6839 9970 157 1093 710 235 6866 4589 5882 9226 1635 5597 991 1274 7586 479 9366 2139 9359 7639 8613 3273 9113 836 2670 4043 2022 5557 1029 1116 756 2606 6300 8591 2352 3739 1009 831 184 2612 5850 1429 6300 4177 7072 6141 3914 3920 2906 1787 3147 3189 8859 5738 439 3985 4271 6485 3952 3926 9601 2938 2302 4297 2753 2043 6023 1289 6917 1767 1873 3952
99
-73 73 0
-78 78 0
-89 89 0
-87 87 0
-72 72 0
-45 45 0
-62 62 0
-43 43 0
-6 6 0
-44 44 0
-33 33 0
-10 10 0
-94 94 0
-88 88 0
-54 54 0
-22 22 0
-36 36 0
-92 92 0
-95 95 0
-55 55 0
-37 37 0
-13 13 0
-79 79 0
-46 46 0
-17 17 0
-91 91 0
-77 77 0
-42 42 0
-18 18 0
-86 86 0
-41 41 0
-70 70 0
-28 28 0
-19 19 0
-11 11 0
-12 12 0
-84 84 0
-3 3 0
-26 26 0
-52 52 0
-47 47 0
-75 75 0
-98 98 0
-9 9 0
-93 93 0
-81 81 0
-1 1 0
-15 15 0
-40 40 0
-80 80 0
-27 27 0
-35 35 0
-96 96 0
-8 8 0
-48 48 0
-57 57 0
-32 32 0
-31 31 0
-65 65 0
-85 85 0
-56 56 0
-61 61 0
-49 49 0
-66 66 0
-24 24 0
-71 71 0
-74 74 0
-97 97 0
-68 68 0
-90 90 0
-64 64 0
-25 25 0
-69 69 0
-39 39 0
-63 63 0
-7 7 0
-60 60 0
-34 34 0
-4 4 0
-20 20 0
-51 51 0
-76 76 0
-5 5 0
-29 29 0
-58 58 0
-2 2 0
-21 21 0
-16 16 0
-99 99 0
-83 83 0
-38 38 0
-59 59 0
-30 30 0
-67 67 0
-53 53 0
-23 23 0
-14 14 0
-50 50 0
-82 82 0
356
99
0 0 0 0 0 0 0 0 0 0 0 0 0 0 0 0 0 0 0 0 0 0 0 0 0 0 0 0 0 0 0 0 0 0 0 0 0 0 0 0 0 0 0 0 0 0 0 0 0 0 0 0 0 0 0 0 0 0 0 0 0 0 0 0 0 0 0 0 0 0 0 0 0 0 0 0 0 0 0 0 0 0 0 0 0 0 0 0 0 0 0 0 0 0 0 0 0 0 1
98
-19 34 0
-34 61 0
-61 32 0
-32 67 0
-67 55 0
-55 14 0
-14 53 0
-53 87 0
-87 10 0
-10 81 0
-81 98 0
-98 99 0
-99 46 0
-46 42 0
-42 2 0
-2 72 0
-72 17 0
-17 7 0
-7 29 0
-29 4 0
-4 20 0
-20 40 0
-40 13 0
-13 90 0
-90 77 0
-77 71 0
-71 74 0
-74 18 0
-18 50 0
-50 85 0
-85 88 0
-88 66 0
-66 83 0
-83 39 0
-39 37 0
-37 52 0
-52 16 0
-16 3 0
-3 22 0
-22 24 0
-24 92 0
-92 94 0
-94 12 0
-12 1 0
-1 64 0
-64 69 0
-69 57 0
-57 8 0
-8 36 0
-36 58 0
-58 44 0
-44 49 0
-49 35 0
-35 45 0
-45 5 0
-5 75 0
-75 73 0
-73 38 0
-38 82 0
-82 63 0
-63 51 0
-51 41 0
-41 96 0
-96 9 0
-9 78 0
-78 84 0
-84 30 0
-30 91 0
-91 15 0
-15 97 0
-97 27 0
-27 60 0
-60 62 0
-62 11 0
-11 33 0
-33 56 0
-56 43 0
-43 28 0
-28 6 0
-6 76 0
-76 65 0
-65 59 0
-59 31 0
-31 80 0
-80 26 0
-26 95 0
-95 47 0
-47 93 0
-93 21 0
-21 25 0
-25 68 0
-68 89 0
-89 54 0
-54 23 0
-23 48 0
-48 86 0
-86 70 0
-70 79 0
960
99
0 0 0 0 0 0 0 0 0 0 0 0 0 0 0 0 0 0 0 0 0 0 0 0 0 0 0 0 0 0 0 0 0 0 0 0 0 0 0 0 0 0 0 0 0 0 0 0 0 0 0 0 0 0 0 0 0 0 0 0 0 0 0 0 0 0 0 0 0 0 0 0 0 0 0 0 0 0 0 0 0 0 0 0 0 0 0 0 0 0 0 0 0 0 0 0 0 0 3
99
-49 7 0
-7 26 0
-26 50 0
-50 12 0
-12 64 0
-64 83 0
-83 82 0
-82 68 0
-68 66 0
-66 99 0
-99 74 0
-74 1 0
-1 53 0
-53 37 0
-37 44 0
-44 91 0
-91 95 0
-95 79 0
-79 22 0
-22 97 0
-97 33 0
-33 77 0
-77 43 0
-43 10 0
-10 16 0
-16 31 0
-31 51 0
-51 21 0
-21 96 0
-96 9 0
-9 34 0
-34 80 0
-80 36 0
-36 86 0
-86 56 0
-56 15 0
-15 47 0
-47 58 0
-58 72 0
-72 67 0
-67 65 0
-65 38 0
-38 61 0
-61 42 0
-42 19 0
-19 70 0
-70 30 0
-30 88 0
-88 63 0
-63 11 0
-11 35 0
-35 59 0
-59 25 0
-25 5 0
-5 98 0
-98 73 0
-73 69 0
-69 71 0
-71 93 0
-93 76 0
-76 13 0
-13 87 0
-87 6 0
-6 94 0
-94 20 0
-20 32 0
-32 57 0
-57 52 0
-52 85 0
-85 45 0
-45 60 0
-60 23 0
-23 8 0
-8 27 0
-27 46 0
-46 75 0
-75 40 0
-40 24 0
-24 2 0
-2 18 0
-18 28 0
-28 78 0
-78 39 0
-39 29 0
-29 17 0
-17 41 0
-41 54 0
-54 3 0
-3 92 0
-92 48 0
-48 81 0
-81 55 0
-55 62 0
-62 89 0
-89 84 0
-84 14 0
-14 90 0
-90 4 0
-4 -4 49 0
985
0
