99
0 0 0 0 0 0 0 0 0 0 0 0 0 0 0 0 0 0 0 0 0 0 0 0 0 0 0 0 0 0 0 0 0 0 0 0 0 0 0 0 0 0 0 0 0 0 0 0 0 0 0 0 0 0 0 0 0 0 0 0 0 0 0 0 0 0 0 0 0 0 0 0 0 0 0 0 0 0 0 0 0 0 0 0 0 0 0 0 0 0 0 0 0 0 0 0 0 0 1770
99
-1 -2 -3 -4 -5 -6 -8 -11 -12 -13 -14 -15 -16 -17 -18 -19 -20 -21 -23 -25 -26 -27 -28 -30 -31 -32 -33 -34 -35 -36 -38 -39 -40 -42 -43 -46 -50 -52 -53 -54 -55 -57 -59 -60 -61 -62 -65 -66 -67 -68 -69 -70 -71 -74 -75 -76 -77 -78 -79 -80 -81 -82 -85 -86 -87 -88 -90 -92 -93 -95 -96 -97 -98 1 3 4 6 8 9 12 13 16 18 19 21 23 26 27 28 30 32 33 34 36 39 40 42 43 45 46 47 48 49 52 53 54 55 56 57 61 62 63 64 65 66 67 68 69 73 74 75 76 77 79 80 81 82 83 84 85 86 88 89 91 92 93 94 95 97 98 0
-1 -3 -5 -6 -8 -9 -10 -11 -14 -17 -18 -21 -23 -24 -25 -27 -28 -30 -33 -35 -37 -38 -42 -43 -45 -49 -52 -53 -54 -56 -57 -58 -59 -60 -61 -62 -63 -65 -66 -67 -69 -70 -72 -75 -76 -77 -79 -80 -81 -82 -84 -85 -86 -87 -89 -90 -91 -92 -95 -97 2 4 5 7 10 15 16 18 19 21 24 25 27 28 29 30 31 32 33 34 35 37 39 43 45 46 47 50 52 53 54 55 56 57 58 60 61 62 63 64 65 66 67 68 69 71 76 77 78 79 81 82 83 84 85 86 88 89 92 93 94 95 96 98 0
-2 -3 -7 -8 -10 -11 -17 -18 -19 -20 -21 -22 -24 -25 -27 -28 -32 -33 -34 -37 -38 -40 -42 -43 -44 -46 -47 -48 -51 -52 -53 -55 -56 -58 -59 -60 -61 -62 -63 -65 -66 -67 -69 -70 -71 -72 -74 -75 -78 -80 -81 -82 -85 -86 -88 -90 -91 -92 -93 -94 -96 -98 1 4 5 6 9 11 12 14 15 16 18 19 20 21 26 27 29 31 32 33 34 35 38 41 42 43 44 45 46 47 48 50 55 56 57 58 60 61 63 64 66 67 68 70 72 73 74 75 77 78 81 83 84 87 88 89 92 93 94 95 97 0
-1 -2 -4 -5 -6 -8 -9 -10 -12 -14 -15 -16 -17 -18 -19 -20 -21 -27 -29 -30 -31 -32 -33 -34 -35 -36 -42 -43 -44 -45 -47 -50 -52 -54 -55 -57 -58 -59 -60 -65 -66 -67 -68 -69 -71 -73 -76 -77 -80 -82 -86 -90 -92 -96 -97 -98 3 4 6 7 9 10 12 13 14 16 18 20 23 28 31 32 33 34 35 36 38 39 40 41 42 43 44 47 48 49 50 51 52 53 54 59 60 62 64 66 67 68 71 72 73 74 75 76 77 78 79 81 82 83 84 85 86 87 88 92 96 97 98 0
-1 -2 -5 -6 -8 -9 -10 -12 -13 -15 -16 -17 -18 -19 -21 -24 -25 -27 -29 -31 -32 -33 -35 -37 -38 -39 -40 -41 -42 -43 -45 -46 -49 -50 -51 -53 -54 -55 -58 -59 -61 -63 -64 -68 -72 -73 -74 -76 -77 -79 -80 -81 -82 -83 -84 -87 -88 -89 -92 -94 -95 -97 -98 1 3 5 6 7 9 10 11 12 13 16 19 21 22 23 24 25 27 30 31 32 33 36 37 39 40 42 43 45 47 48 49 50 51 52 53 54 55 56 59 60 62 67 68 69 70 71 73 74 76 77 78 83 84 85 86 87 88 89 92 93 94 97 0
-1 -6 -8 -9 -12 -17 -19 -20 -21 -22 -23 -24 -25 -26 -31 -32 -33 -34 -35 -38 -41 -42 -44 -45 -48 -50 -51 -52 -53 -55 -56 -57 -59 -60 -62 -65 -66 -68 -70 -71 -72 -73 -75 -77 -79 -80 -81 -82 -83 -84 -85 -86 -87 -88 -89 -90 -92 -93 -94 -95 -96 -98 1 4 5 7 8 9 12 13 14 15 16 17 18 20 21 22 23 25 26 28 29 31 32 33 35 36 38 39 40 41 42 43 46 47 49 51 52 53 55 59 60 61 62 63 64 65 68 69 70 71 72 73 74 75 76 77 78 79 81 82 83 86 88 91 92 93 94 95 97 98 0
-1 -2 -3 -4 -5 -6 -7 -8 -11 -13 -14 -16 -18 -19 -20 -22 -23 -24 -26 -28 -30 -31 -33 -34 -36 -37 -38 -40 -41 -42 -44 -46 -48 -49 -50 -51 -52 -54 -55 -56 -57 -58 -60 -61 -63 -66 -67 -68 -69 -72 -73 -74 -75 -77 -78 -80 -82 -85 -86 -87 -91 -92 -93 -94 -97 -98 2 4 5 6 7 8 11 12 13 14 15 16 17 19 20 21 22 23 25 26 27 28 29 32 35 37 38 40 41 42 43 44 46 47 52 53 54 55 57 58 61 62 63 64 71 72 73 74 76 77 78 79 80 81 82 83 84 86 89 90 91 92 96 97 98 0
-2 -3 -6 -7 -8 -10 -12 -14 -15 -16 -17 -18 -20 -21 -22 -25 -26 -27 -28 -30 -31 -34 -35 -36 -37 -39 -40 -41 -43 -44 -46 -49 -51 -52 -54 -56 -57 -59 -60 -62 -64 -65 -69 -71 -72 -74 -76 -77 -78 -79 -81 -82 -84 -86 -87 -89 -91 -92 -93 -94 -95 -98 1 2 3 4 8 9 10 12 13 15 17 19 21 22 24 25 26 27 28 29 30 31 32 34 36 37 38 39 43 44 45 46 47 52 53 55 56 57 60 61 62 63 65 66 69 71 72 79 82 83 84 85 87 88 89 90 92 93 94 95 97 98 0
-1 -2 -3 -4 -5 -6 -7 -8 -10 -11 -12 -14 -15 -16 -18 -20 -22 -24 -25 -26 -27 -28 -29 -30 -31 -32 -33 -34 -35 -36 -37 -38 -39 -40 -41 -45 -46 -48 -50 -52 -53 -54 -56 -57 -58 -60 -62 -64 -66 -67 -68 -70 -71 -73 -74 -75 -76 -80 -81 -82 -83 -85 -86 -87 -89 -90 -92 -95 -96 -97 -98 1 2 3 4 6 7 12 13 14 17 18 19 21 22 23 24 25 26 27 29 30 31 32 33 35 36 37 38 40 42 43 44 45 47 49 51 52 54 56 57 58 59 60 63 64 65 68 69 70 71 73 74 75 76 77 79 81 82 84 85 86 88 89 91 92 94 95 96 97 98 0
-1 -2 -4 -5 -7 -8 -9 -10 -11 -12 -13 -14 -15 -18 -19 -21 -22 -23 -24 -25 -27 -28 -30 -33 -34 -35 -36 -37 -39 -41 -42 -43 -44 -45 -46 -48 -49 -50 -51 -56 -57 -59 -61 -63 -65 -69 -70 -71 -75 -77 -79 -80 -81 -82 -83 -85 -86 -89 -91 -92 -93 -94 -95 -96 -97 -98 1 2 3 4 5 9 11 13 14 19 20 21 22 25 26 28 29 30 32 33 34 35 36 38 40 42 43 46 48 49 50 52 53 55 56 58 59 60 62 65 66 67 68 69 70 74 75 77 78 79 82 83 84 85 86 87 88 89 90 92 93 98 0
-1 -8 -11 -13 -14 -16 -17 -18 -19 -22 -23 -24 -25 -26 -27 -28 -29 -30 -34 -35 -37 -38 -40 -41 -43 -44 -45 -46 -47 -48 -50 -51 -52 -53 -58 -59 -60 -61 -62 -63 -64 -65 -66 -67 -68 -71 -74 -78 -79 -80 -81 -82 -83 -87 -88 -89 -90 -92 -93 -94 -96 -97 3 4 5 6 7 8 9 11 12 13 15 16 17 18 20 23 24 25 26 28 29 30 32 33 34 35 36 37 38 40 41 44 45 46 50 51 52 54 56 58 59 60 61 62 63 64 67 68 69 70 71 72 74 77 79 80 82 83 84 85 86 87 88 89 90 93 94 96 0
-1 -4 -5 -7 -9 -13 -14 -15 -16 -17 -18 -19 -20 -21 -24 -25 -26 -27 -29 -30 -32 -33 -34 -35 -36 -38 -39 -41 -42 -44 -45 -47 -48 -50 -51 -54 -55 -56 -57 -58 -60 -61 -62 -63 -67 -69 -71 -72 -73 -74 -75 -77 -78 -79 -81 -82 -85 -88 -89 -90 -93 -94 -97 -98 2 3 4 6 7 8 9 10 11 12 13 14 15 16 18 19 20 22 23 24 26 27 29 32 34 35 42 43 44 46 47 48 49 50 55 56 58 59 60 61 62 63 64 66 68 70 72 73 74 76 77 79 80 81 84 85 86 88 89 90 92 93 94 96 97 0
-1 -2 -3 -4 -5 -6 -7 -10 -11 -13 -15 -18 -20 -22 -23 -26 -27 -29 -30 -31 -32 -33 -35 -36 -37 -38 -40 -42 -43 -44 -47 -48 -50 -51 -53 -54 -55 -56 -57 -58 -59 -60 -61 -62 -63 -65 -66 -67 -68 -69 -70 -71 -73 -74 -76 -77 -78 -80 -81 -82 -83 -85 -86 -87 -88 -90 -91 -92 -93 -94 -95 -97 -98 2 3 8 9 11 12 13 14 15 16 17 18 20 21 23 25 26 27 28 29 30 32 33 34 35 36 37 41 42 43 44 46 49 50 52 53 55 56 58 59 60 62 63 64 65 66 67 69 70 71 74 76 77 78 79 80 85 86 87 88 89 90 92 93 94 95 96 98 0
-1 -2 -4 -5 -7 -8 -10 -11 -13 -15 -19 -23 -25 -26 -27 -29 -30 -31 -32 -33 -34 -36 -37 -38 -39 -40 -41 -44 -46 -47 -48 -49 -51 -53 -55 -56 -57 -61 -62 -63 -65 -69 -70 -71 -73 -74 -75 -77 -78 -80 -81 -82 -83 -84 -85 -86 -87 -88 -90 -91 -93 -94 -95 -97 -98 1 3 4 5 7 8 9 10 11 12 13 14 15 16 17 18 20 21 22 24 25 27 28 29 30 32 33 36 37 38 39 40 42 43 45 46 47 48 50 52 53 54 55 56 58 59 60 61 62 63 65 66 68 69 73 76 77 80 81 82 83 84 85 86 87 88 90 91 92 93 94 95 96 97 0
-2 -3 -4 -6 -9 -11 -15 -16 -18 -19 -20 -22 -23 -24 -25 -26 -27 -28 -30 -34 -35 -36 -37 -38 -39 -42 -43 -44 -45 -47 -49 -51 -52 -53 -55 -57 -59 -61 -62 -63 -65 -66 -67 -70 -71 -72 -73 -75 -76 -77 -79 -80 -81 -82 -84 -85 -87 -88 -91 -94 -96 -98 1 3 5 7 8 9 10 12 13 15 16 17 18 20 21 22 23 25 26 27 29 30 31 32 34 35 40 42 43 44 48 51 53 54 56 57 59 61 63 64 65 66 69 70 71 72 73 74 75 76 77 79 80 81 83 84 85 86 87 88 92 93 94 95 96 97 98 0
-1 -2 -3 -4 -5 -6 -7 -9 -14 -15 -16 -18 -23 -26 -27 -28 -31 -32 -33 -34 -35 -36 -37 -38 -39 -40 -41 -42 -43 -45 -46 -47 -49 -50 -51 -52 -53 -54 -58 -59 -61 -62 -63 -64 -69 -71 -72 -73 -74 -75 -76 -78 -80 -81 -82 -83 -84 -85 -88 -89 -91 -95 -96 -97 -98 1 2 3 4 6 7 9 10 11 13 14 16 18 22 23 24 26 27 28 29 31 32 34 37 39 42 44 45 46 47 48 49 50 52 53 55 58 59 60 61 62 67 70 71 73 74 75 77 79 80 82 83 84 89 91 93 95 0
-1 -2 -3 -6 -10 -11 -12 -14 -16 -18 -20 -22 -24 -25 -26 -29 -30 -31 -33 -34 -36 -38 -39 -40 -42 -43 -45 -46 -47 -48 -49 -50 -51 -52 -53 -54 -55 -56 -57 -58 -59 -60 -61 -63 -64 -66 -67 -68 -69 -70 -71 -73 -74 -75 -76 -78 -80 -81 -83 -84 -85 -86 -87 -88 -89 -91 -92 -93 -94 -95 -96 2 3 4 5 7 8 9 10 12 13 15 17 18 19 22 24 26 27 28 29 31 32 35 36 37 39 41 42 45 46 47 49 50 51 53 55 57 58 59 62 63 65 66 67 68 69 70 71 72 73 74 75 77 78 80 82 85 86 87 88 89 91 92 94 95 97 98 0
-1 -2 -3 -6 -7 -8 -10 -12 -13 -14 -15 -16 -17 -18 -19 -20 -21 -22 -24 -26 -27 -29 -31 -32 -35 -36 -39 -41 -44 -45 -47 -48 -49 -50 -51 -53 -56 -59 -60 -61 -64 -65 -66 -67 -68 -69 -70 -71 -73 -74 -75 -78 -80 -81 -82 -83 -84 -86 -88 -89 -90 -91 -92 -93 -94 -95 1 2 3 4 5 7 9 10 12 15 16 18 19 20 21 22 24 27 28 31 32 33 35 37 39 40 41 42 44 45 47 50 52 56 57 58 59 60 65 67 68 69 70 71 72 73 76 79 80 81 82 84 85 86 90 91 92 93 95 96 98 0
-1 -2 -3 -4 -5 -6 -8 -11 -12 -13 -14 -15 -17 -18 -19 -20 -23 -25 -27 -28 -29 -31 -33 -34 -35 -36 -37 -41 -44 -46 -47 -48 -51 -52 -53 -55 -57 -58 -59 -62 -63 -66 -68 -69 -74 -75 -78 -79 -80 -81 -82 -83 -85 -86 -87 -88 -92 -93 -94 -95 -96 -97 -98 1 5 6 7 8 11 12 13 14 15 17 19 21 22 24 26 28 29 30 32 33 34 35 36 37 39 40 43 44 48 49 50 51 53 54 55 57 58 60 61 62 65 66 67 68 69 70 72 73 74 75 76 77 82 83 85 86 87 88 89 90 93 0
-2 -3 -4 -7 -8 -9 -10 -13 -15 -17 -19 -21 -22 -25 -27 -28 -31 -35 -36 -37 -38 -39 -40 -41 -42 -43 -44 -45 -46 -47 -48 -49 -50 -54 -55 -56 -58 -59 -61 -62 -63 -65 -66 -68 -71 -72 -73 -75 -76 -79 -83 -85 -86 -87 -89 -90 -92 -95 -96 -97 4 6 7 8 10 11 12 13 14 15 17 18 19 21 23 25 26 29 30 32 33 34 35 36 37 38 39 40 41 42 43 45 47 48 49 50 51 52 53 54 56 57 58 59 60 61 62 64 65 67 69 70 71 72 74 75 77 78 79 80 82 83 84 85 87 90 91 93 94 95 96 97 98 0
-1 -2 -4 -5 -11 -12 -14 -15 -16 -17 -18 -19 -21 -22 -23 -24 -26 -28 -29 -31 -32 -35 -36 -37 -38 -39 -40 -41 -42 -43 -44 -46 -47 -48 -50 -52 -54 -55 -57 -59 -61 -65 -67 -68 -69 -70 -71 -72 -73 -74 -76 -78 -79 -80 -81 -82 -84 -86 -87 -89 -90 -92 -96 -97 -98 2 3 4 5 6 7 9 12 13 14 15 19 21 22 23 24 25 26 27 28 31 33 34 35 36 37 38 39 40 41 42 43 50 52 53 56 58 61 62 63 64 65 68 70 73 74 75 76 77 78 79 81 83 85 86 87 90 91 92 94 95 97 98 0
-1 -3 -4 -7 -8 -9 -13 -15 -16 -17 -18 -19 -21 -22 -24 -25 -26 -27 -30 -31 -33 -34 -35 -36 -37 -39 -41 -42 -43 -44 -45 -47 -49 -50 -52 -55 -56 -60 -62 -63 -64 -65 -68 -70 -71 -76 -80 -81 -82 -85 -87 -89 -90 -91 -92 -95 -96 -98 1 2 4 5 6 8 10 11 12 13 14 15 16 17 20 21 25 26 27 29 30 32 33 34 35 40 41 42 44 45 47 48 50 52 53 55 58 61 62 63 65 66 70 72 73 75 76 78 80 83 84 85 87 88 89 90 91 94 95 98 0
-3 -4 -8 -10 -12 -13 -15 -17 -18 -19 -23 -25 -26 -30 -31 -32 -33 -35 -36 -38 -39 -40 -41 -42 -44 -45 -46 -47 -49 -50 -54 -56 -57 -58 -59 -60 -61 -62 -63 -64 -65 -66 -67 -68 -71 -72 -75 -76 -78 -79 -80 -81 -83 -85 -86 -87 -88 -89 -91 -92 -93 -94 -95 4 5 6 7 9 10 11 12 14 16 17 18 21 22 23 25 27 28 29 30 31 32 33 34 35 37 38 39 40 41 43 44 45 46 47 48 49 50 51 52 53 55 56 58 59 60 62 63 66 68 70 71 74 75 76 77 79 80 81 84 86 87 88 89 90 91 93 94 96 98 0
-1 -2 -3 -5 -6 -7 -8 -10 -11 -13 -14 -15 -16 -18 -19 -20 -23 -24 -25 -26 -27 -29 -30 -32 -33 -35 -36 -37 -38 -45 -46 -47 -49 -51 -52 -53 -54 -55 -56 -57 -58 -60 -62 -63 -64 -65 -67 -69 -70 -71 -72 -74 -75 -76 -78 -79 -81 -82 -83 -84 -85 -86 -87 -89 -91 -92 -93 -94 -95 -97 -98 1 2 4 5 6 7 8 9 10 14 16 18 19 20 21 24 25 26 28 30 32 36 37 40 42 44 45 47 48 51 53 56 57 59 60 61 62 63 64 65 66 67 69 70 73 74 75 81 82 83 86 87 90 91 92 93 94 96 97 98 0
-1 -3 -4 -7 -8 -9 -10 -12 -13 -15 -16 -17 -19 -20 -21 -22 -26 -27 -28 -29 -30 -31 -32 -33 -34 -35 -38 -39 -40 -41 -47 -49 -51 -53 -54 -55 -57 -58 -59 -60 -62 -63 -67 -68 -70 -71 -72 -77 -78 -79 -81 -82 -84 -85 -86 -87 -88 -90 -91 -92 -93 -94 -95 -96 -98 1 3 5 6 7 8 9 10 11 13 14 15 20 21 22 23 24 25 26 28 29 32 36 38 40 42 44 45 46 47 48 49 50 51 52 53 54 55 57 58 59 62 64 65 68 69 71 72 73 74 75 76 77 79 80 83 84 85 86 90 91 92 94 95 96 97 98 0
-2 -3 -4 -5 -6 -8 -10 -11 -12 -13 -16 -18 -19 -20 -21 -22 -24 -25 -26 -27 -28 -29 -30 -31 -35 -36 -37 -38 -39 -41 -44 -47 -50 -51 -52 -54 -55 -56 -58 -59 -60 -61 -62 -63 -64 -65 -67 -68 -69 -70 -71 -73 -75 -77 -78 -79 -81 -83 -84 -86 -87 -88 -91 -92 -93 -94 -95 -96 -98 1 2 3 4 6 7 8 9 11 12 13 14 15 16 17 18 19 20 21 22 23 24 25 26 27 29 31 34 35 36 37 38 39 40 41 42 43 44 45 46 48 49 50 51 52 54 55 58 60 62 64 65 68 71 73 74 77 78 79 82 85 86 87 91 92 95 96 98 0
-1 -2 -3 -4 -6 -8 -9 -10 -12 -13 -14 -16 -17 -18 -19 -23 -24 -27 -29 -33 -34 -35 -36 -37 -40 -41 -42 -43 -45 -46 -47 -48 -49 -52 -54 -55 -56 -57 -58 -59 -60 -63 -65 -66 -67 -68 -69 -70 -71 -72 -73 -77 -78 -79 -80 -81 -83 -84 -85 -87 -88 -89 -90 -92 -94 -95 -96 -97 -98 2 3 4 5 8 9 10 11 12 13 14 15 16 17 18 19 22 23 25 28 30 31 33 34 35 36 37 38 39 41 42 43 44 45 46 47 48 49 50 51 53 54 56 58 59 60 62 63 64 65 67 68 69 71 72 73 74 76 77 78 79 80 81 82 83 85 87 88 91 93 94 96 97 98 0
-1 -5 -6 -9 -11 -12 -13 -15 -18 -20 -23 -25 -26 -29 -31 -32 -33 -34 -38 -40 -41 -42 -43 -44 -45 -46 -47 -48 -49 -50 -51 -52 -53 -54 -55 -56 -57 -58 -59 -60 -61 -65 -66 -67 -68 -70 -72 -73 -75 -76 -77 -78 -79 -80 -81 -83 -84 -85 -86 -87 -88 -90 -91 -93 -95 -96 2 4 5 7 8 11 12 13 14 17 19 20 21 23 24 25 28 29 30 31 32 33 35 36 38 40 41 44 45 46 47 48 49 50 51 52 53 54 55 57 58 59 60 61 62 64 65 67 68 69 70 71 73 74 75 76 80 83 84 87 89 90 91 92 93 95 96 97 98 0
-1 -3 -4 -5 -8 -10 -11 -17 -19 -20 -22 -23 -24 -26 -27 -28 -30 -31 -32 -35 -36 -37 -38 -39 -41 -42 -43 -44 -45 -46 -48 -49 -50 -51 -53 -54 -55 -56 -57 -58 -59 -60 -61 -62 -63 -66 -67 -68 -71 -74 -75 -78 -79 -80 -81 -82 -83 -85 -87 -89 -90 -91 -92 -93 -94 -96 -97 -98 1 2 3 4 6 8 9 10 11 12 14 15 16 19 20 21 22 23 25 26 32 33 34 35 36 38 39 40 41 42 43 46 47 48 49 50 51 53 54 55 56 58 60 61 64 65 66 68 69 70 71 72 73 74 76 77 78 79 80 81 83 85 86 89 90 91 92 93 94 95 96 98 0
-1 -2 -6 -9 -11 -12 -13 -16 -17 -19 -20 -21 -22 -23 -24 -26 -27 -28 -29 -31 -33 -34 -35 -37 -39 -40 -43 -44 -45 -46 -47 -48 -49 -52 -56 -57 -58 -59 -62 -63 -64 -65 -67 -69 -72 -75 -76 -77 -78 -82 -83 -84 -86 -89 -90 -92 -94 -95 -96 -98 1 2 4 5 6 7 8 9 10 11 12 13 14 15 16 17 19 20 22 23 25 27 28 31 33 34 35 36 37 38 39 40 41 43 44 45 46 48 50 51 52 53 54 55 57 58 59 61 62 63 66 68 69 70 71 73 74 75 76 77 78 79 80 81 82 84 85 88 89 90 95 96 97 98 0
-2 -4 -5 -6 -7 -9 -11 -12 -13 -14 -17 -18 -19 -22 -25 -27 -28 -29 -30 -31 -32 -33 -34 -35 -38 -39 -40 -43 -44 -45 -46 -47 -48 -49 -51 -52 -53 -54 -55 -57 -58 -59 -60 -61 -62 -63 -64 -65 -66 -68 -69 -71 -73 -74 -75 -76 -77 -78 -81 -82 -83 -85 -87 -88 -89 -90 -91 -92 -94 -95 -97 -98 1 2 3 4 5 6 7 10 13 14 15 17 19 24 25 26 28 29 30 31 32 33 34 37 38 39 41 42 45 46 47 48 49 50 52 53 54 55 56 58 60 62 63 64 65 66 67 68 69 70 71 73 74 75 76 78 80 81 83 86 87 88 89 92 93 94 95 97 98 0
-1 -2 -3 -5 -6 -7 -8 -10 -11 -12 -13 -14 -16 -18 -20 -22 -23 -26 -27 -28 -31 -32 -34 -35 -37 -38 -39 -40 -41 -42 -45 -47 -49 -51 -52 -56 -58 -60 -61 -62 -63 -67 -69 -70 -71 -72 -75 -76 -77 -78 -79 -82 -83 -84 -85 -86 -89 -90 -91 -94 -95 -96 1 2 3 4 7 9 13 14 16 18 19 21 22 24 25 26 27 28 29 30 31 32 33 34 35 36 38 39 40 42 43 44 45 46 50 54 56 58 62 63 64 65 66 67 68 69 70 71 74 75 76 77 78 79 80 81 82 89 90 91 94 97 98 0
-1 -2 -3 -4 -5 -6 -8 -11 -12 -13 -14 -15 -16 -17 -18 -19 -20 -23 -25 -26 -30 -31 -32 -33 -34 -37 -38 -39 -40 -42 -43 -44 -45 -46 -47 -48 -49 -50 -51 -52 -54 -56 -57 -58 -59 -63 -64 -65 -67 -69 -70 -71 -72 -74 -75 -76 -77 -78 -79 -81 -83 -84 -85 -86 -87 -88 -91 -92 -94 -95 -96 -97 -98 2 5 6 7 9 10 12 14 15 16 17 18 19 20 21 23 25 28 29 30 33 34 35 37 38 40 41 44 45 48 49 51 52 55 56 57 58 59 61 62 63 64 65 66 67 68 69 70 74 75 77 80 81 82 83 85 86 87 88 89 90 91 93 98 0
-1 -2 -3 -4 -5 -6 -7 -8 -9 -10 -11 -12 -13 -14 -15 -17 -18 -19 -20 -24 -25 -26 -27 -30 -31 -32 -34 -37 -38 -44 -46 -47 -49 -50 -51 -55 -57 -58 -60 -61 -62 -64 -65 -66 -67 -69 -71 -73 -74 -75 -78 -79 -80 -82 -83 -84 -85 -86 -87 -88 -90 -94 -96 -97 -98 2 6 7 8 10 11 14 15 16 17 18 19 20 21 23 24 25 28 29 32 33 34 35 36 37 38 39 41 43 44 46 48 49 51 52 53 54 55 57 58 60 61 64 65 66 67 68 69 70 71 72 73 74 75 76 77 78 79 80 81 85 86 87 89 90 92 93 97 98 0
-1 -4 -5 -7 -8 -9 -10 -11 -12 -14 -15 -16 -18 -19 -22 -23 -24 -25 -26 -27 -28 -29 -30 -31 -32 -33 -37 -42 -43 -44 -45 -47 -49 -53 -54 -55 -58 -59 -60 -61 -62 -63 -64 -65 -69 -70 -71 -72 -73 -74 -75 -77 -80 -82 -83 -84 -87 -90 -92 -96 -97 6 7 9 10 11 12 13 15 16 20 21 22 23 24 25 26 27 32 34 35 36 37 38 39 40 41 42 43 48 49 50 51 53 54 55 56 57 58 59 60 63 65 69 70 71 72 73 74 75 76 77 78 79 80 81 83 84 86 88 89 90 92 93 94 95 96 97 98 0
-1 -2 -3 -5 -6 -7 -8 -9 -10 -11 -12 -16 -17 -19 -20 -21 -22 -24 -25 -26 -27 -29 -30 -31 -32 -34 -35 -36 -40 -41 -44 -45 -46 -47 -48 -49 -50 -52 -53 -54 -56 -58 -59 -62 -64 -65 -67 -68 -69 -72 -76 -77 -78 -79 -80 -81 -83 -84 -85 -86 -89 -91 -92 -96 3 5 6 7 12 13 14 16 17 18 19 20 21 24 25 29 30 31 33 34 35 36 37 38 39 42 44 46 48 49 50 51 52 53 54 55 56 57 58 60 61 62 63 64 65 67 69 70 73 74 75 79 80 82 83 84 85 90 93 94 97 0
-3 -4 -5 -6 -7 -13 -14 -15 -16 -19 -22 -23 -24 -26 -27 -29 -30 -31 -33 -35 -40 -41 -42 -45 -46 -47 -48 -49 -50 -51 -52 -53 -58 -60 -61 -62 -64 -66 -67 -68 -70 -72 -74 -75 -76 -78 -79 -80 -81 -83 -84 -86 -87 -89 -90 -91 -92 -94 -97 1 2 3 6 8 10 13 16 17 18 19 21 22 26 28 29 33 34 35 36 37 38 41 43 45 48 49 51 55 56 57 58 59 60 62 64 66 68 70 71 72 73 74 75 76 78 79 80 82 83 84 85 87 88 89 90 91 94 95 96 98 0
-1 -3 -4 -5 -6 -8 -9 -11 -12 -13 -15 -16 -17 -18 -20 -21 -23 -24 -25 -26 -28 -29 -30 -31 -32 -33 -34 -35 -36 -37 -40 -42 -43 -45 -47 -48 -49 -50 -51 -52 -53 -54 -56 -57 -58 -59 -60 -61 -62 -65 -67 -68 -69 -70 -71 -72 -76 -77 -81 -82 -83 -84 -85 -88 -90 -91 -93 -94 -95 -98 1 2 4 5 6 7 8 9 11 13 14 15 16 18 21 22 23 24 27 31 33 34 37 39 40 42 43 46 47 48 49 50 51 52 54 55 56 57 58 61 62 63 64 67 68 69 70 72 73 77 79 80 82 85 88 89 91 92 94 0
-1 -2 -3 -4 -5 -6 -11 -12 -14 -15 -17 -18 -19 -20 -22 -23 -24 -26 -27 -28 -29 -30 -31 -32 -35 -37 -38 -39 -40 -41 -43 -44 -45 -46 -48 -49 -50 -53 -57 -58 -59 -60 -61 -62 -64 -65 -66 -67 -70 -71 -73 -75 -77 -79 -80 -81 -83 -86 -87 -89 -91 -94 -95 -97 -98 1 2 3 4 5 6 10 11 12 13 14 15 16 18 19 21 23 26 27 29 31 34 35 37 38 40 41 43 45 47 48 49 50 51 52 54 55 57 59 60 61 65 67 69 71 72 75 77 78 79 81 83 85 86 87 90 91 93 94 95 96 97 0
-1 -3 -4 -5 -7 -8 -9 -10 -12 -13 -16 -17 -18 -19 -22 -25 -26 -27 -29 -33 -34 -35 -39 -40 -41 -42 -46 -47 -49 -50 -52 -53 -54 -55 -56 -57 -58 -59 -62 -63 -64 -65 -66 -67 -70 -72 -73 -74 -75 -76 -77 -80 -81 -83 -88 -89 -90 -91 -92 -95 -97 -98 1 2 3 4 5 6 7 8 9 12 13 15 16 17 18 19 20 21 24 25 26 27 28 29 32 35 36 38 39 40 41 42 43 44 45 46 47 48 49 50 52 53 54 55 57 58 60 61 63 65 68 70 72 74 75 76 77 79 81 82 83 85 87 88 89 92 96 0
-1 -2 -3 -4 -6 -7 -9 -12 -14 -15 -16 -18 -19 -20 -22 -23 -24 -25 -26 -27 -29 -32 -33 -35 -37 -41 -42 -43 -44 -46 -47 -49 -51 -52 -53 -54 -55 -59 -60 -62 -63 -64 -65 -68 -69 -70 -72 -73 -76 -77 -78 -81 -82 -83 -85 -86 -87 -89 -90 -92 -94 -95 -96 -97 -98 1 2 4 5 7 8 9 12 13 14 17 18 20 21 22 23 24 25 27 28 29 31 32 33 35 36 37 41 42 43 44 45 46 49 50 53 54 55 57 58 59 61 62 65 66 67 68 70 72 73 74 76 77 78 83 84 86 88 89 91 92 94 95 96 98 0
-2 -4 -5 -6 -7 -8 -9 -10 -11 -12 -17 -18 -22 -23 -27 -28 -29 -30 -31 -33 -34 -35 -36 -37 -39 -42 -43 -44 -46 -47 -49 -50 -51 -52 -53 -54 -55 -57 -58 -63 -65 -66 -68 -69 -70 -71 -72 -73 -77 -79 -80 -81 -83 -84 -85 -86 -87 -88 -89 -90 -91 -92 -93 -95 -97 -98 1 3 4 5 7 11 15 19 20 21 22 23 24 25 26 29 30 31 33 35 37 39 41 42 43 46 47 48 51 54 55 56 57 59 60 61 62 63 64 65 66 67 68 71 72 73 75 77 79 80 81 84 87 88 89 90 91 92 93 94 95 96 98 0
-1 -2 -3 -6 -7 -8 -11 -12 -15 -16 -19 -21 -22 -24 -26 -28 -32 -34 -35 -36 -40 -42 -43 -44 -46 -47 -48 -49 -52 -53 -56 -58 -59 -61 -62 -64 -66 -67 -68 -69 -71 -72 -73 -75 -76 -77 -79 -80 -82 -83 -85 -88 -91 -92 -95 -96 -97 -98 1 2 3 6 9 10 11 13 16 17 18 19 20 21 22 24 25 28 29 31 32 34 35 36 37 39 41 42 44 48 49 51 52 54 55 56 57 59 60 62 64 67 68 70 71 73 76 77 78 80 81 83 85 86 89 90 91 92 93 94 97 0
-3 -4 -5 -6 -8 -9 -10 -11 -12 -14 -16 -20 -21 -24 -25 -26 -29 -31 -32 -33 -35 -40 -41 -42 -43 -47 -50 -52 -53 -54 -55 -56 -57 -59 -60 -61 -63 -64 -66 -68 -70 -72 -73 -74 -75 -77 -78 -80 -82 -83 -84 -85 -86 -87 -88 -89 -91 -92 -93 -95 -96 -97 -98 1 3 4 7 8 9 10 11 13 14 16 17 18 20 22 26 28 29 31 32 33 34 35 36 37 40 41 43 44 46 47 48 50 52 53 54 55 57 58 59 61 62 63 64 68 69 70 71 72 73 74 75 77 80 82 83 84 85 86 87 88 90 91 94 95 96 97 98 0
-2 -3 -4 -7 -8 -9 -11 -13 -14 -15 -16 -18 -19 -20 -22 -23 -24 -25 -27 -29 -30 -32 -34 -35 -36 -38 -42 -43 -45 -46 -47 -48 -49 -50 -51 -52 -53 -54 -55 -56 -57 -58 -60 -61 -62 -63 -64 -65 -66 -67 -68 -70 -73 -74 -75 -76 -77 -81 -82 -87 -89 -90 -91 -92 -93 -94 1 2 3 5 7 8 10 12 14 15 16 17 18 19 20 21 23 24 25 28 30 32 33 35 37 38 40 42 43 44 45 48 49 52 55 56 58 59 60 63 64 65 67 69 70 71 72 74 75 77 78 79 80 81 82 85 86 88 90 91 92 93 94 96 97 0
-1 -2 -3 -5 -6 -7 -9 -10 -11 -13 -14 -17 -18 -21 -22 -23 -24 -25 -26 -27 -29 -31 -32 -34 -35 -36 -40 -41 -42 -44 -45 -47 -50 -51 -52 -53 -54 -55 -57 -58 -59 -61 -62 -63 -64 -65 -66 -67 -68 -69 -70 -71 -72 -73 -74 -78 -79 -81 -83 -84 -85 -87 -89 -90 -91 -92 -93 -94 -96 -97 2 3 6 8 9 10 11 12 13 15 16 18 20 21 22 23 24 25 26 27 28 30 31 32 34 35 37 41 43 45 46 48 49 51 52 53 54 56 57 59 60 62 63 64 65 67 69 70 71 72 73 74 76 78 79 80 82 85 86 87 92 94 95 97 0
-1 -2 -4 -6 -7 -8 -11 -14 -15 -16 -17 -18 -20 -23 -24 -25 -26 -27 -28 -31 -37 -38 -39 -41 -42 -44 -45 -46 -47 -49 -52 -54 -56 -57 -58 -59 -63 -64 -65 -66 -67 -69 -72 -73 -74 -76 -79 -80 -83 -84 -85 -89 -90 -91 -92 -93 -94 -95 -96 -97 1 4 6 10 11 13 14 17 18 20 21 22 23 24 27 31 32 33 34 36 37 38 40 41 42 43 47 48 49 50 53 54 55 56 58 61 64 65 67 68 71 72 73 75 76 77 78 81 82 83 84 86 89 90 91 92 93 94 96 97 0
-1 -2 -4 -5 -6 -9 -10 -11 -13 -14 -15 -16 -17 -19 -21 -22 -23 -25 -28 -29 -30 -31 -33 -36 -38 -39 -40 -41 -42 -43 -44 -47 -48 -50 -51 -53 -54 -57 -58 -60 -61 -63 -64 -65 -66 -67 -70 -73 -74 -76 -80 -82 -83 -86 -87 -89 -90 -92 -93 -94 -96 -98 1 2 4 5 6 7 8 9 10 11 13 14 15 17 18 19 20 21 22 23 24 25 26 28 29 30 32 33 35 38 40 41 42 43 44 45 46 47 48 49 50 53 54 57 58 60 61 62 63 64 66 67 68 69 70 71 72 73 74 75 76 77 78 80 81 82 83 84 85 86 87 89 90 91 92 94 95 96 97 98 0
-1 -6 -7 -8 -9 -12 -13 -14 -15 -16 -17 -19 -20 -21 -22 -23 -24 -25 -26 -27 -28 -29 -31 -33 -35 -38 -39 -40 -41 -43 -44 -45 -47 -49 -50 -51 -52 -53 -55 -56 -58 -59 -60 -62 -63 -64 -65 -66 -68 -69 -70 -71 -72 -74 -75 -77 -78 -79 -80 -81 -82 -84 -86 -87 -89 -90 -91 -93 -95 -97 -98 1 2 4 5 6 7 8 10 11 12 15 16 18 20 23 25 26 28 29 30 32 33 34 35 36 37 38 39 40 42 43 45 47 49 50 51 52 53 54 55 56 57 58 60 61 62 63 64 65 66 67 68 69 70 71 73 75 76 77 78 79 80 82 83 84 85 86 89 90 91 92 93 94 95 96 0
-1 -2 -4 -5 -6 -7 -8 -9 -10 -11 -12 -16 -19 -20 -21 -23 -25 -26 -28 -29 -31 -33 -35 -36 -38 -39 -40 -42 -43 -44 -47 -48 -49 -50 -51 -52 -53 -54 -55 -56 -61 -64 -65 -67 -68 -69 -70 -71 -74 -75 -76 -79 -80 -82 -85 -86 -88 -89 -90 -91 -92 -94 -95 -97 -98 1 2 3 4 6 8 9 10 12 13 14 17 18 20 22 27 32 34 35 36 37 38 40 42 43 44 45 46 49 52 54 56 57 58 59 62 63 66 67 69 71 72 73 74 75 76 77 78 79 80 81 85 88 90 91 92 94 95 96 98 0
-4 -5 -6 -8 -9 -11 -12 -13 -14 -15 -16 -17 -18 -19 -23 -24 -27 -28 -30 -34 -36 -37 -39 -40 -41 -42 -43 -44 -45 -46 -48 -49 -51 -52 -53 -56 -57 -58 -60 -62 -63 -64 -65 -66 -68 -69 -70 -71 -72 -74 -77 -78 -79 -80 -81 -82 -83 -84 -85 -87 -88 -90 -91 -92 -94 -98 1 3 4 7 9 11 12 13 14 15 17 19 20 21 22 24 26 27 28 30 31 32 34 35 36 39 42 44 45 47 48 50 51 52 53 54 56 58 60 63 65 67 68 69 70 71 73 74 77 78 79 80 81 82 83 85 87 89 90 93 94 95 97 98 0
-1 -2 -3 -4 -5 -8 -11 -12 -13 -15 -18 -19 -20 -21 -22 -23 -25 -26 -27 -28 -29 -30 -32 -33 -35 -37 -39 -42 -45 -46 -48 -49 -50 -51 -52 -54 -55 -56 -58 -59 -60 -62 -63 -64 -65 -67 -68 -69 -70 -71 -72 -74 -75 -76 -77 -80 -82 -83 -88 -89 -90 -91 -92 -93 -94 -95 -96 -98 1 2 3 7 9 10 11 12 13 14 15 16 17 19 21 22 23 24 25 26 27 29 32 33 34 35 36 37 38 40 43 44 47 51 52 53 54 55 56 57 58 59 61 62 63 66 67 70 71 72 73 75 77 78 79 81 82 83 84 85 87 88 89 91 92 93 94 95 0
-1 -2 -3 -5 -6 -8 -10 -11 -12 -14 -15 -16 -19 -20 -22 -24 -25 -27 -29 -30 -31 -32 -33 -35 -36 -37 -41 -42 -45 -46 -47 -48 -49 -50 -52 -53 -54 -56 -61 -62 -63 -65 -66 -67 -68 -69 -72 -74 -75 -77 -78 -79 -81 -82 -83 -84 -85 -86 -87 -88 -91 -92 -94 -96 -97 1 2 3 5 6 7 8 9 11 12 14 15 16 17 18 19 21 22 23 24 27 28 30 31 33 36 37 39 40 41 42 43 44 45 46 48 50 51 52 53 54 56 57 59 61 62 64 65 66 70 71 73 74 75 76 77 78 79 83 84 85 86 88 89 90 91 92 93 96 98 0
-1 -3 -5 -6 -7 -11 -13 -17 -19 -20 -21 -22 -23 -25 -28 -29 -30 -31 -32 -33 -35 -37 -38 -39 -44 -48 -53 -54 -56 -57 -58 -59 -60 -61 -64 -65 -66 -67 -68 -69 -70 -71 -72 -73 -74 -75 -76 -77 -79 -80 -81 -82 -84 -85 -86 -87 -88 -90 -93 -95 -96 -97 -98 1 2 4 5 6 7 8 9 10 12 13 15 17 19 20 21 25 26 27 28 31 32 33 35 40 41 43 44 45 46 47 48 50 51 52 53 54 55 56 57 58 61 62 63 64 67 68 70 73 75 76 77 79 80 83 86 87 89 90 92 95 97 98 0
-3 -4 -5 -7 -8 -10 -12 -15 -16 -18 -22 -23 -25 -28 -29 -32 -33 -34 -35 -36 -38 -39 -40 -43 -44 -45 -46 -48 -49 -50 -53 -54 -55 -56 -57 -60 -62 -63 -64 -65 -66 -70 -71 -73 -74 -75 -76 -78 -79 -80 -81 -82 -83 -84 -85 -86 -88 -91 -92 -94 -95 -96 -97 -98 1 3 5 7 8 11 12 14 15 16 17 18 19 20 21 25 26 28 29 30 31 32 33 34 35 36 37 38 40 41 45 47 48 49 53 55 58 60 62 64 65 66 67 68 70 71 73 74 77 79 80 81 82 83 84 85 86 88 90 91 92 95 98 0
-2 -3 -5 -6 -7 -11 -12 -13 -14 -15 -16 -17 -21 -23 -25 -27 -31 -32 -38 -40 -41 -42 -43 -44 -46 -47 -48 -51 -53 -54 -55 -57 -58 -59 -60 -61 -63 -64 -65 -66 -68 -69 -70 -71 -72 -73 -74 -75 -78 -79 -82 -84 -85 -86 -88 -89 -90 -91 -92 -93 -95 -97 -98 1 5 6 7 8 10 13 14 16 17 19 20 23 24 25 27 29 30 33 37 38 39 40 41 42 43 44 45 47 48 50 51 52 56 57 58 59 61 62 64 65 67 69 70 72 73 75 77 81 82 83 84 85 87 88 89 90 91 93 97 0
-1 -2 -3 -5 -6 -8 -10 -12 -14 -15 -16 -17 -18 -21 -22 -23 -24 -25 -27 -28 -29 -31 -33 -34 -35 -37 -38 -39 -40 -41 -42 -43 -44 -45 -46 -49 -50 -51 -52 -53 -54 -56 -57 -58 -59 -60 -61 -62 -63 -64 -65 -66 -70 -71 -72 -73 -74 -75 -77 -78 -79 -80 -81 -82 -85 -87 -90 -92 -93 -94 -95 -96 -98 1 3 4 5 6 8 9 15 16 17 18 19 21 22 23 24 26 27 28 29 30 31 32 33 34 35 36 37 39 41 44 45 46 47 48 49 51 52 53 54 55 56 61 63 64 65 69 70 75 76 77 79 80 81 82 84 85 86 87 88 89 91 92 93 94 95 96 97 98 0
-2 -3 -4 -5 -7 -8 -9 -10 -11 -12 -13 -14 -16 -19 -20 -22 -23 -24 -25 -26 -29 -30 -31 -32 -33 -34 -37 -39 -40 -42 -43 -45 -46 -47 -48 -49 -50 -52 -54 -55 -56 -58 -60 -62 -64 -65 -66 -68 -69 -70 -71 -72 -73 -74 -76 -77 -78 -79 -81 -82 -83 -84 -85 -87 -88 -89 -90 -92 -96 -97 1 2 3 4 5 6 8 10 12 13 15 16 18 20 21 22 24 25 26 27 31 33 35 37 38 40 43 45 49 50 51 52 53 55 58 59 60 63 64 66 69 71 74 75 76 77 80 82 83 84 85 86 87 88 90 92 93 95 96 98 0
-1 -3 -6 -8 -10 -12 -13 -15 -16 -20 -21 -22 -24 -25 -26 -28 -29 -31 -32 -35 -36 -38 -39 -41 -43 -45 -46 -47 -48 -49 -50 -51 -52 -55 -56 -57 -58 -59 -60 -62 -64 -65 -68 -69 -70 -73 -74 -75 -77 -81 -82 -85 -87 -88 -89 -91 -95 -96 -97 -98 1 2 3 4 5 6 7 8 9 10 11 15 21 23 26 28 30 32 34 35 36 38 40 41 42 43 45 46 49 51 52 53 56 58 59 60 61 62 64 66 67 70 71 72 73 74 75 76 77 80 81 83 84 86 88 89 90 91 92 94 95 96 0
-4 -8 -9 -10 -11 -13 -14 -15 -18 -20 -23 -24 -26 -29 -31 -32 -33 -34 -36 -37 -38 -39 -40 -41 -44 -45 -46 -48 -50 -51 -52 -54 -56 -57 -60 -61 -62 -63 -64 -67 -68 -71 -72 -73 -74 -76 -77 -78 -79 -80 -81 -84 -85 -86 -87 -89 -92 -93 -95 -96 -98 2 4 6 7 8 10 12 13 14 15 16 18 19 21 22 24 28 29 30 31 32 36 37 38 39 43 44 45 48 50 52 56 57 58 59 60 61 62 64 65 66 67 68 69 71 72 74 75 76 77 78 79 81 82 83 84 85 86 87 88 89 91 93 94 95 96 97 98 0
-2 -3 -5 -6 -7 -9 -10 -11 -14 -16 -18 -19 -20 -22 -24 -26 -27 -29 -30 -33 -35 -36 -37 -38 -39 -40 -41 -44 -45 -48 -51 -55 -56 -57 -60 -61 -63 -67 -68 -69 -75 -76 -78 -79 -81 -82 -84 -87 -89 -92 -93 -97 -98 1 2 3 6 8 10 11 12 14 15 16 19 20 21 22 23 26 28 29 30 31 32 34 41 42 43 44 46 47 50 51 55 57 58 59 60 61 62 63 64 67 68 69 71 77 78 79 80 83 86 88 90 91 92 93 94 96 0
-1 -3 -4 -6 -7 -8 -9 -11 -13 -15 -16 -17 -18 -19 -20 -22 -24 -25 -26 -27 -30 -33 -34 -35 -36 -37 -38 -39 -41 -42 -47 -48 -49 -50 -52 -53 -54 -60 -61 -62 -63 -64 -65 -66 -67 -68 -69 -70 -72 -73 -74 -75 -77 -78 -80 -81 -82 -84 -85 -86 -88 -89 -90 -92 -93 -97 1 2 3 7 9 10 11 12 14 15 16 19 24 26 28 30 31 32 35 36 37 38 40 42 44 46 48 49 50 51 54 55 56 57 58 59 60 61 62 64 66 67 74 75 76 79 81 83 84 86 87 90 92 94 97 98 0
-3 -6 -8 -9 -11 -12 -14 -16 -17 -18 -19 -23 -26 -29 -30 -31 -32 -34 -35 -37 -38 -39 -40 -42 -43 -44 -45 -47 -49 -50 -51 -52 -53 -57 -58 -59 -60 -61 -62 -64 -66 -68 -70 -72 -73 -75 -76 -77 -78 -80 -81 -82 -83 -84 -85 -88 -90 -91 -92 -94 -96 -97 1 2 3 4 5 7 8 9 10 13 14 15 16 17 19 20 21 24 25 28 29 31 32 36 38 39 40 42 44 45 46 48 49 50 53 54 55 56 57 58 59 60 61 63 64 66 67 69 71 74 75 77 78 79 81 83 84 85 86 87 88 90 91 94 95 97 0
-1 -2 -3 -4 -5 -6 -7 -8 -9 -10 -11 -12 -16 -17 -18 -19 -20 -21 -22 -23 -24 -25 -26 -27 -32 -33 -37 -38 -41 -42 -43 -44 -45 -46 -47 -48 -49 -50 -52 -53 -54 -55 -56 -57 -58 -59 -62 -63 -67 -68 -71 -74 -75 -76 -77 -78 -79 -80 -83 -84 -85 -86 -87 -89 -92 -93 -94 -95 -96 -97 1 2 3 5 6 8 9 10 11 12 13 15 16 17 19 20 21 22 23 24 27 30 31 33 34 36 37 38 39 40 43 46 47 48 49 51 52 53 54 55 56 59 60 65 66 68 69 70 71 72 73 75 76 77 78 80 81 82 84 87 89 90 91 94 98 0
-1 -2 -3 -5 -8 -9 -10 -12 -14 -21 -22 -23 -24 -25 -27 -31 -32 -36 -37 -38 -39 -40 -42 -43 -46 -47 -48 -49 -51 -52 -56 -60 -62 -65 -66 -68 -69 -70 -71 -72 -73 -74 -76 -77 -78 -79 -80 -81 -82 -83 -84 -85 -87 -89 -90 -93 -95 -96 1 2 3 4 5 6 7 8 9 10 11 12 15 16 17 18 19 21 23 25 30 33 34 36 38 39 40 42 46 47 48 49 50 51 52 53 54 55 58 59 61 62 63 64 65 67 68 69 71 72 73 74 75 77 79 81 83 84 85 87 88 89 91 93 94 95 96 98 0
-1 -2 -3 -6 -7 -8 -9 -10 -11 -12 -13 -14 -15 -16 -17 -20 -21 -22 -23 -25 -27 -28 -31 -33 -34 -35 -36 -37 -38 -40 -43 -44 -45 -46 -48 -49 -52 -53 -55 -56 -57 -58 -59 -60 -61 -62 -64 -65 -66 -67 -69 -70 -71 -72 -73 -75 -76 -78 -79 -80 -81 -83 -84 -85 -87 -88 -89 -90 -91 -92 -93 -94 -96 -97 -98 2 3 4 5 6 7 8 11 12 14 15 16 18 20 21 22 23 25 27 29 31 33 34 35 36 37 38 39 40 41 44 46 47 49 50 51 58 59 60 62 63 64 66 68 69 70 71 73 74 76 77 78 79 80 81 82 83 84 87 88 89 90 91 93 94 95 97 98 0
-1 -2 -4 -5 -7 -8 -9 -10 -11 -13 -15 -18 -20 -22 -24 -25 -26 -27 -28 -30 -31 -32 -33 -34 -35 -36 -37 -38 -39 -40 -41 -42 -44 -46 -47 -48 -49 -50 -51 -52 -54 -55 -58 -59 -60 -62 -63 -64 -65 -66 -68 -71 -72 -75 -76 -77 -78 -80 -81 -82 -83 -87 -88 -89 -90 -93 -94 -95 -96 -97 -98 1 2 6 7 10 11 13 15 16 18 19 22 24 27 28 31 32 33 34 35 36 38 39 40 41 42 43 46 47 48 52 53 55 56 59 60 61 62 63 64 65 66 67 68 69 70 71 72 73 74 75 76 78 81 82 83 85 86 87 90 91 93 94 95 96 0
-3 -4 -9 -10 -11 -12 -13 -14 -15 -16 -19 -21 -22 -23 -25 -26 -27 -28 -31 -32 -33 -36 -38 -39 -40 -41 -43 -46 -47 -48 -50 -52 -53 -55 -58 -59 -62 -63 -64 -65 -67 -68 -70 -73 -74 -75 -76 -78 -79 -80 -81 -82 -83 -84 -85 -86 -87 -91 -95 -96 -97 -98 2 4 8 10 11 12 13 16 17 18 19 20 21 22 23 24 25 28 31 32 33 34 35 36 38 39 42 43 45 46 47 48 49 52 53 54 55 57 60 61 63 66 67 68 69 70 71 73 78 79 80 81 82 83 84 85 86 87 89 90 92 94 95 96 97 98 0
-2 -3 -4 -7 -8 -9 -12 -13 -15 -17 -19 -20 -22 -24 -25 -27 -28 -29 -30 -31 -33 -35 -36 -39 -40 -41 -42 -44 -45 -50 -51 -53 -54 -55 -56 -57 -59 -61 -62 -63 -65 -66 -68 -70 -71 -72 -74 -75 -76 -80 -82 -83 -84 -87 -88 -89 -90 -91 -92 -94 -95 -96 2 3 5 6 7 9 10 11 12 13 14 15 16 18 19 20 24 25 26 27 28 30 31 33 37 39 40 41 43 44 45 50 51 52 53 54 55 56 58 61 62 64 69 70 71 72 73 74 75 76 78 79 80 81 82 83 85 86 87 88 90 92 93 94 95 97 98 0
-1 -2 -3 -4 -6 -7 -8 -9 -10 -11 -12 -16 -17 -18 -19 -20 -21 -22 -23 -24 -25 -26 -27 -28 -30 -32 -35 -36 -37 -38 -39 -41 -42 -45 -46 -48 -50 -51 -52 -53 -54 -55 -57 -59 -60 -61 -64 -65 -67 -68 -69 -70 -71 -73 -75 -76 -78 -79 -80 -81 -85 -87 -88 -91 -92 -94 -96 -97 -98 1 3 5 7 8 9 10 12 13 14 15 18 20 21 22 24 25 26 27 28 29 34 35 38 39 40 44 46 47 49 50 51 52 54 55 56 57 58 60 61 62 63 65 66 67 68 71 74 75 76 77 79 80 81 82 83 84 85 86 87 92 93 94 96 98 0
-5 -8 -9 -10 -14 -15 -17 -19 -20 -21 -23 -24 -26 -29 -31 -32 -33 -35 -36 -37 -39 -40 -41 -43 -45 -46 -48 -50 -51 -55 -56 -57 -59 -60 -64 -66 -67 -68 -70 -71 -72 -74 -75 -77 -78 -79 -80 -81 -82 -83 -84 -85 -86 -89 -90 -91 -92 -93 -94 -95 -96 -98 1 2 3 5 6 7 8 9 12 13 14 15 16 18 21 22 23 24 25 28 29 30 31 32 34 35 36 38 39 43 45 47 50 52 53 54 55 56 58 59 61 64 65 68 69 70 74 75 76 77 78 79 80 81 82 85 86 88 89 90 91 92 93 94 96 97 98 0
-1 -2 -5 -7 -10 -11 -12 -13 -15 -16 -17 -18 -20 -24 -25 -27 -28 -29 -30 -31 -33 -35 -36 -37 -38 -39 -40 -41 -42 -44 -45 -46 -47 -48 -49 -51 -52 -53 -55 -57 -60 -61 -62 -63 -64 -65 -66 -67 -68 -69 -70 -72 -74 -75 -79 -81 -83 -84 -85 -86 -89 -90 -91 -92 -94 -95 -97 -98 1 2 3 4 5 6 7 8 13 14 15 16 18 19 21 22 23 24 26 27 29 30 32 34 36 37 38 39 40 42 43 45 47 48 49 50 51 52 53 54 56 58 59 60 62 63 64 65 67 68 70 73 75 77 79 80 81 82 83 84 85 86 87 88 89 92 94 95 96 97 98 0
-1 -2 -3 -8 -9 -10 -11 -14 -15 -16 -18 -21 -22 -23 -27 -29 -30 -31 -33 -34 -35 -36 -37 -39 -40 -41 -42 -44 -46 -47 -51 -52 -53 -55 -57 -60 -61 -63 -64 -65 -66 -67 -68 -70 -71 -72 -73 -74 -75 -76 -77 -78 -79 -80 -81 -82 -83 -84 -85 -86 -87 -88 -89 -90 -91 -92 -93 -94 -95 -96 -97 -98 2 3 4 8 9 10 11 13 14 15 16 17 19 21 22 24 25 26 27 28 31 33 35 36 37 38 39 40 41 42 43 44 47 48 51 52 55 56 57 58 61 62 63 64 66 67 68 70 72 73 74 75 78 79 80 82 83 85 86 88 89 91 94 96 98 0
-2 -4 -5 -6 -8 -10 -11 -12 -13 -14 -15 -16 -19 -20 -21 -22 -23 -24 -25 -26 -27 -29 -30 -33 -34 -36 -37 -40 -41 -43 -44 -46 -50 -51 -53 -55 -56 -57 -59 -61 -65 -66 -67 -68 -70 -72 -73 -74 -76 -77 -78 -79 -81 -82 -83 -85 -87 -89 -90 -91 -92 -94 -96 -98 1 3 4 5 7 8 9 10 11 12 14 17 18 19 21 22 23 24 25 26 28 31 32 33 34 35 36 38 40 41 42 43 44 45 47 49 50 51 52 53 54 55 56 57 58 60 62 67 69 70 72 74 75 77 78 79 80 81 83 85 87 88 89 90 92 93 95 96 97 98 0
-2 -5 -6 -7 -8 -9 -11 -12 -13 -14 -15 -16 -17 -18 -19 -20 -21 -22 -23 -24 -25 -27 -28 -31 -32 -33 -34 -36 -37 -38 -39 -40 -41 -42 -43 -45 -47 -48 -49 -50 -51 -52 -53 -54 -56 -57 -58 -59 -62 -63 -64 -65 -66 -68 -72 -74 -75 -76 -77 -78 -79 -80 -81 -83 -84 -85 -91 -94 -95 1 2 3 4 5 6 8 10 11 12 13 14 15 16 24 27 28 30 33 34 37 38 39 40 42 44 46 48 49 51 52 54 55 57 58 59 62 64 65 66 67 68 69 70 71 74 78 79 80 81 82 84 85 87 89 90 91 92 93 94 95 97 98 0
-3 -4 -5 -7 -8 -9 -12 -14 -15 -17 -18 -19 -20 -21 -25 -26 -28 -29 -30 -31 -32 -35 -36 -37 -39 -41 -42 -43 -44 -45 -47 -49 -50 -53 -54 -55 -56 -57 -58 -59 -60 -61 -62 -63 -64 -65 -66 -68 -70 -71 -72 -73 -76 -77 -78 -79 -80 -82 -83 -84 -86 -87 -88 -89 -91 -92 -94 -96 -97 -98 1 2 4 5 6 9 10 11 12 13 17 18 19 21 22 24 27 28 31 33 34 35 36 38 40 41 42 46 47 49 50 51 52 53 54 57 60 63 64 66 70 74 77 80 81 82 83 84 85 86 88 89 90 93 97 98 0
-1 -2 -3 -4 -5 -7 -8 -9 -10 -11 -12 -13 -14 -16 -17 -18 -20 -22 -23 -24 -25 -26 -27 -29 -30 -31 -34 -35 -36 -37 -38 -40 -42 -43 -46 -47 -48 -49 -50 -51 -55 -56 -57 -59 -61 -65 -66 -67 -69 -70 -72 -74 -75 -76 -78 -79 -80 -81 -82 -83 -84 -86 -87 -88 -92 -93 -96 -97 4 5 6 7 9 16 17 19 20 21 22 23 25 27 29 32 33 34 35 36 38 39 41 42 44 45 48 49 50 51 52 53 54 55 57 58 59 60 61 63 65 66 67 68 70 72 73 76 80 81 82 83 84 86 87 89 90 91 92 93 95 96 97 0
-2 -3 -4 -5 -6 -9 -12 -15 -16 -19 -20 -21 -22 -23 -24 -25 -26 -28 -29 -30 -31 -32 -34 -36 -37 -39 -41 -42 -43 -45 -46 -47 -51 -53 -54 -55 -56 -59 -60 -61 -63 -66 -67 -68 -69 -70 -71 -73 -75 -76 -79 -82 -83 -89 -92 -94 -95 -96 -97 4 5 6 7 8 9 10 12 13 14 15 18 21 23 24 25 26 27 28 29 30 33 35 36 38 39 41 45 46 47 50 51 52 55 56 57 58 59 60 61 62 63 64 65 66 67 69 70 72 75 76 77 78 79 80 82 83 84 86 88 90 91 92 96 97 98 0
-1 -5 -7 -8 -9 -11 -13 -14 -16 -17 -20 -21 -24 -26 -27 -29 -30 -32 -34 -35 -37 -41 -44 -45 -46 -47 -48 -49 -52 -57 -59 -60 -61 -62 -63 -65 -67 -70 -72 -73 -74 -75 -76 -77 -80 -82 -83 -84 -85 -87 -88 -90 -91 -92 -93 -97 -98 1 5 6 9 10 11 13 14 15 18 19 20 23 24 26 27 28 29 30 32 33 35 36 38 39 40 41 42 43 44 45 46 47 48 50 52 53 56 57 59 60 61 62 64 66 67 69 70 73 74 77 78 79 80 81 82 84 85 86 88 92 93 94 95 97 0
-1 -2 -3 -4 -5 -7 -8 -10 -12 -13 -14 -15 -17 -18 -20 -21 -22 -24 -26 -27 -30 -31 -32 -33 -34 -36 -38 -39 -40 -41 -43 -45 -46 -47 -48 -50 -51 -52 -53 -54 -55 -58 -59 -60 -62 -63 -65 -66 -67 -69 -71 -72 -73 -74 -75 -76 -77 -79 -82 -89 -91 -92 -93 -95 -96 -97 -98 1 2 3 4 5 6 7 10 12 13 15 16 17 18 21 22 24 25 26 27 29 32 33 34 35 36 37 40 41 42 43 45 46 47 48 49 50 52 53 55 56 57 58 60 61 62 63 64 65 67 68 69 70 71 72 73 74 75 76 79 80 81 82 83 84 85 87 88 90 91 92 93 94 95 96 97 98 0
-1 -3 -4 -5 -6 -7 -8 -11 -12 -14 -15 -18 -19 -20 -21 -23 -25 -28 -32 -36 -40 -41 -45 -47 -48 -49 -50 -52 -54 -55 -56 -57 -58 -59 -60 -61 -62 -63 -64 -66 -67 -68 -71 -72 -73 -74 -75 -76 -77 -78 -80 -81 -83 -84 -86 -93 -94 -95 -97 1 3 4 5 6 7 9 10 12 15 17 18 19 21 23 24 25 27 28 29 31 32 33 34 35 37 38 39 42 43 44 45 47 51 53 56 58 59 61 62 63 64 66 67 70 71 72 74 75 76 78 85 87 88 91 92 95 96 97 98 0
-3 -4 -5 -7 -8 -9 -11 -14 -15 -16 -18 -21 -23 -25 -27 -28 -29 -30 -31 -32 -33 -34 -35 -38 -39 -40 -41 -43 -45 -46 -48 -49 -50 -51 -54 -56 -60 -63 -65 -67 -69 -70 -74 -75 -77 -78 -79 -82 -83 -84 -86 -87 -88 -89 -91 -93 -94 -95 -96 -97 -98 1 2 3 6 8 9 10 12 13 15 18 19 20 21 22 23 24 25 27 29 30 31 32 33 34 35 36 39 41 42 43 48 52 54 56 57 58 59 60 61 62 63 64 65 66 69 72 74 75 76 79 81 83 84 86 88 89 90 91 92 93 94 96 97 0
-1 -2 -3 -4 -7 -10 -11 -13 -14 -15 -16 -17 -19 -20 -22 -23 -24 -25 -26 -32 -33 -34 -35 -36 -37 -38 -39 -41 -43 -44 -46 -47 -48 -49 -50 -51 -52 -53 -54 -55 -56 -57 -58 -59 -63 -64 -67 -68 -69 -70 -71 -73 -74 -75 -77 -80 -81 -82 -83 -84 -85 -88 -89 -90 -92 -93 -95 -97 -98 1 2 5 6 7 8 10 11 13 14 17 18 19 20 21 26 29 30 33 35 36 37 38 39 43 44 45 46 47 49 50 52 55 56 57 59 60 62 63 64 67 68 70 72 73 74 76 77 79 84 86 89 90 91 92 93 94 95 96 97 98 0
-3 -4 -8 -10 -11 -12 -13 -14 -15 -16 -17 -19 -20 -21 -22 -26 -27 -29 -30 -33 -34 -36 -37 -38 -40 -47 -48 -49 -51 -52 -54 -55 -57 -58 -59 -60 -61 -63 -64 -65 -66 -67 -68 -70 -71 -72 -73 -74 -75 -76 -77 -80 -81 -82 -83 -85 -87 -88 -90 -93 -95 -97 -98 1 5 6 7 9 10 11 12 13 14 15 18 19 20 21 24 26 27 29 30 34 35 36 38 39 40 42 43 45 47 48 49 50 52 53 54 56 57 59 61 62 65 66 70 71 72 73 77 78 80 82 84 85 87 88 89 90 91 92 96 97 0
-3 -5 -6 -7 -8 -9 -11 -13 -14 -15 -18 -20 -25 -27 -31 -32 -33 -39 -41 -42 -43 -44 -45 -46 -49 -50 -51 -54 -56 -57 -59 -61 -62 -65 -66 -68 -69 -70 -72 -74 -75 -77 -78 -79 -80 -81 -83 -84 -85 -86 -87 -88 -89 -90 -93 -94 -95 -96 -97 1 2 4 5 7 8 9 10 12 13 14 15 17 19 20 21 22 23 24 25 26 27 28 29 30 31 32 34 35 36 37 38 39 42 43 44 45 46 49 51 52 55 57 58 59 60 61 62 64 65 66 67 68 69 70 71 74 77 79 80 82 86 87 88 89 90 92 93 96 97 98 0
-1 -4 -5 -6 -7 -8 -9 -10 -12 -13 -14 -19 -21 -22 -23 -24 -25 -26 -27 -28 -29 -30 -31 -32 -33 -34 -35 -37 -38 -39 -40 -41 -42 -43 -44 -46 -47 -50 -53 -54 -55 -56 -57 -58 -60 -62 -63 -65 -66 -69 -71 -73 -74 -75 -76 -77 -81 -82 -83 -84 -85 -86 -87 -88 -89 -90 -93 -95 -96 -98 2 3 5 10 11 12 13 14 15 16 17 18 19 20 22 24 25 26 27 30 33 34 35 36 38 42 43 44 46 47 49 50 51 55 57 59 61 63 64 66 67 69 71 72 73 74 75 76 78 79 80 81 83 84 85 86 87 89 91 92 93 94 97 0
-1 -3 -4 -5 -6 -7 -8 -9 -12 -13 -14 -15 -16 -17 -18 -19 -20 -21 -22 -23 -28 -29 -30 -32 -35 -36 -40 -41 -42 -44 -45 -46 -49 -50 -51 -53 -54 -55 -56 -57 -58 -59 -61 -64 -65 -67 -68 -69 -71 -72 -73 -74 -75 -76 -78 -79 -81 -82 -83 -84 -85 -86 -88 -89 -90 -92 -93 -95 -97 -98 1 3 6 7 9 12 13 14 15 16 19 22 25 26 27 28 29 30 31 35 36 37 38 39 40 41 42 44 45 46 49 50 51 52 53 56 57 58 59 60 61 62 63 64 66 70 71 72 73 77 78 80 81 82 84 85 86 87 89 91 92 95 97 98 0
-3 -11 -13 -15 -16 -17 -21 -22 -24 -25 -26 -28 -29 -30 -32 -33 -34 -35 -36 -37 -39 -40 -41 -42 -43 -45 -46 -47 -50 -52 -53 -54 -55 -56 -57 -60 -61 -62 -65 -67 -68 -70 -71 -72 -73 -74 -75 -77 -79 -80 -83 -85 -86 -87 -88 -90 -91 -92 -93 -94 -95 -96 -97 -98 1 2 5 6 7 9 10 11 12 15 16 18 19 20 25 26 27 28 29 30 31 33 34 35 37 39 40 42 43 45 46 48 49 51 52 53 54 56 57 58 59 62 63 64 65 66 68 69 70 71 72 75 76 77 78 79 81 83 84 87 88 89 90 91 93 94 95 96 97 98 0
-1 -2 -3 -4 -5 -6 -7 -9 -11 -13 -14 -16 -17 -20 -21 -24 -25 -26 -27 -28 -29 -30 -31 -33 -34 -35 -36 -37 -38 -39 -41 -43 -44 -46 -48 -49 -50 -52 -55 -57 -58 -59 -60 -61 -62 -63 -64 -65 -67 -68 -71 -72 -73 -74 -76 -78 -79 -80 -81 -82 -86 -87 -89 -90 -91 -93 -96 -97 -98 2 3 4 6 7 8 9 10 11 12 13 14 18 19 25 28 29 30 31 32 33 35 36 37 38 39 40 42 43 44 45 46 48 50 51 53 54 56 57 58 61 63 65 66 68 69 71 72 73 74 75 76 78 79 80 82 84 85 87 88 89 91 92 94 96 98 0
-1 -4 -5 -6 -7 -8 -10 -11 -13 -14 -15 -16 -19 -21 -23 -24 -25 -26 -27 -28 -30 -32 -34 -35 -36 -37 -38 -40 -41 -43 -44 -45 -46 -47 -49 -51 -52 -56 -57 -58 -59 -61 -63 -64 -65 -66 -67 -68 -70 -71 -72 -73 -76 -78 -80 -83 -87 -88 -89 -90 -95 -96 -97 -98 1 3 4 7 10 12 13 15 16 17 20 21 22 24 26 27 28 30 31 33 36 37 39 40 41 44 45 48 49 52 53 55 58 61 62 63 64 65 67 68 69 70 71 72 74 75 76 77 78 79 82 83 84 86 87 88 90 91 92 93 94 95 97 98 0
-1 -2 -3 -5 -6 -7 -8 -9 -11 -12 -13 -15 -17 -18 -19 -23 -25 -26 -27 -28 -33 -34 -35 -39 -40 -41 -42 -43 -44 -46 -47 -48 -49 -51 -55 -56 -57 -59 -60 -61 -62 -66 -67 -68 -70 -71 -72 -73 -74 -75 -76 -77 -78 -79 -80 -83 -84 -86 -87 -88 -89 -90 -91 -93 -94 -95 -97 -98 1 3 6 7 12 14 15 16 17 20 21 22 23 24 25 26 28 29 32 33 34 35 37 38 41 42 43 44 45 47 48 50 51 52 53 54 56 58 59 60 61 62 63 66 68 71 72 73 75 78 80 81 82 84 86 88 89 90 91 92 93 94 95 98 0
-3 -4 -6 -8 -9 -10 -11 -12 -13 -17 -20 -21 -22 -27 -28 -29 -30 -31 -32 -33 -34 -35 -37 -38 -39 -40 -41 -42 -44 -46 -47 -48 -49 -50 -51 -52 -55 -56 -57 -59 -61 -62 -63 -64 -66 -69 -70 -71 -72 -73 -74 -75 -76 -78 -79 -80 -83 -85 -86 -88 -90 -94 -95 -96 -97 1 2 4 5 6 7 8 9 11 12 13 14 18 20 23 25 26 28 29 30 32 33 34 35 37 39 40 41 42 43 44 45 46 47 48 49 50 51 52 53 54 55 57 58 60 61 62 63 64 66 69 71 72 73 74 76 82 84 87 88 89 90 92 93 95 98 0
-3 -4 -5 -6 -7 -9 -10 -11 -13 -15 -18 -19 -21 -23 -24 -25 -26 -29 -30 -31 -32 -34 -35 -37 -38 -40 -43 -48 -50 -52 -54 -55 -59 -60 -62 -63 -66 -67 -68 -69 -71 -73 -74 -75 -77 -78 -79 -80 -81 -82 -83 -85 -86 -87 -90 -92 -93 -94 -95 -96 -97 -98 1 5 6 9 10 11 14 15 17 19 20 21 22 24 25 26 30 32 33 35 37 38 39 40 43 44 45 46 47 49 50 52 53 54 59 60 61 62 66 67 69 70 71 72 73 78 79 81 82 84 86 87 88 90 91 95 0
-1 -2 -5 -6 -7 -8 -10 -16 -17 -19 -20 -22 -23 -24 -25 -26 -27 -28 -29 -30 -32 -33 -34 -35 -37 -38 -39 -43 -47 -50 -53 -54 -58 -59 -60 -64 -65 -66 -67 -70 -71 -72 -76 -78 -79 -80 -81 -82 -84 -86 -87 -89 -91 -92 -94 -95 -98 1 2 3 4 5 6 7 9 10 11 12 13 14 17 18 19 22 24 27 30 31 32 34 35 36 38 40 43 44 46 47 48 49 51 52 54 55 56 57 58 59 60 61 62 64 65 66 67 68 69 70 71 72 74 75 76 77 81 83 84 87 88 89 94 96 97 98 0
-2 -3 -4 -5 -7 -8 -9 -10 -11 -12 -13 -15 -16 -17 -18 -19 -20 -22 -23 -24 -25 -26 -31 -33 -34 -35 -37 -38 -39 -40 -41 -42 -45 -48 -49 -50 -52 -53 -55 -56 -57 -59 -61 -62 -63 -65 -67 -68 -70 -74 -75 -76 -77 -78 -79 -80 -82 -83 -84 -86 -87 -88 -90 -92 -93 -94 -95 -96 -98 1 2 3 4 5 8 10 11 12 13 14 15 16 18 21 22 23 24 25 26 27 28 29 30 32 35 37 38 39 42 43 44 45 46 47 48 49 50 52 53 54 55 56 58 60 62 63 64 66 67 68 69 70 71 74 75 77 79 82 83 87 88 90 91 92 96 0
-1 -2 -3 -4 -5 -6 -10 -11 -13 -16 -17 -18 -19 -20 -21 -23 -24 -27 -28 -29 -31 -32 -33 -34 -36 -37 -38 -40 -41 -42 -43 -45 -46 -48 -50 -51 -52 -53 -55 -56 -57 -59 -60 -62 -63 -64 -67 -68 -70 -71 -72 -73 -74 -75 -76 -79 -82 -84 -85 -86 -87 -88 -89 -91 -92 -93 -94 -95 -97 -98 1 2 7 10 11 12 13 16 19 20 21 24 26 27 28 29 30 32 37 38 40 41 44 46 49 50 51 53 56 58 60 62 63 65 67 68 71 72 75 76 78 79 80 81 82 83 84 86 89 90 91 93 95 96 97 98 0
-1 -2 -5 -9 -12 -13 -14 -16 -17 -18 -20 -23 -24 -25 -26 -28 -31 -32 -33 -35 -36 -37 -38 -40 -41 -42 -43 -46 -47 -48 -50 -51 -52 -54 -55 -56 -57 -58 -60 -62 -63 -65 -67 -69 -72 -73 -76 -80 -81 -82 -83 -84 -86 -90 -91 -92 -93 -94 -95 -97 -98 1 2 3 4 5 6 7 8 9 11 12 13 14 15 16 17 18 19 20 23 24 25 27 28 29 30 31 32 33 34 36 37 38 42 43 45 46 47 52 53 56 57 59 61 62 63 64 65 67 68 69 70 72 73 74 78 79 81 82 83 84 85 86 88 89 91 92 93 94 95 98 0
-2 -3 -4 -6 -8 -10 -11 -13 -14 -15 -16 -17 -20 -21 -23 -24 -25 -26 -27 -28 -29 -30 -31 -32 -33 -34 -36 -41 -42 -45 -46 -47 -48 -49 -50 -51 -52 -54 -55 -56 -57 -59 -60 -64 -65 -67 -68 -69 -70 -71 -72 -73 -74 -76 -77 -78 -79 -80 -82 -83 -86 -88 -89 -90 -91 -98 1 2 3 4 5 6 8 9 11 12 13 15 16 17 18 19 20 21 22 23 24 25 27 28 29 30 31 34 35 36 37 38 44 45 47 48 49 50 51 52 53 56 57 58 59 60 62 63 64 65 66 67 69 70 71 72 74 75 76 78 79 80 81 83 84 85 86 89 90 94 95 96 97 0
-2 -3 -6 -7 -8 -9 -10 -16 -17 -18 -19 -20 -21 -23 -25 -26 -28 -29 -30 -32 -35 -36 -38 -39 -40 -41 -43 -44 -45 -47 -48 -49 -50 -51 -52 -54 -55 -58 -59 -61 -62 -63 -64 -65 -68 -69 -70 -71 -72 -75 -76 -79 -80 -81 -84 -85 -87 -88 -89 -90 -93 -94 -95 -96 -97 -98 1 4 5 6 8 9 12 13 14 17 18 20 22 23 25 27 28 29 32 35 36 37 40 41 42 43 45 46 47 48 50 51 52 55 57 59 60 61 66 68 69 73 74 76 78 81 83 84 85 86 87 88 90 92 93 96 97 0
244
99
0 0 0 0 0 0 0 0 0 0 0 0 0 0 0 0 0 0 0 0 0 0 0 0 0 0 0 0 0 0 0 0 0 0 0 0 0 0 0 0 0 0 0 0 0 0 0 0 0 0 0 0 0 0 0 0 0 0 0 0 0 0 0 0 0 0 0 0 0 0 0 0 0 0 0 0 0 0 0 0 0 0 0 0 0 0 0 0 0 0 0 0 0 0 0 0 0 0 1
99
-36 59 0
-59 84 0
-84 24 0
-24 93 0
-93 31 0
-31 44 0
-44 76 0
-76 48 0
-48 1 0
-1 89 0
-89 8 0
-8 41 0
-41 73 0
-73 5 0
-5 98 0
-98 4 0
-4 66 0
-66 74 0
-74 96 0
-96 60 0
-60 50 0
-50 53 0
-53 69 0
-69 80 0
-80 9 0
-9 86 0
-86 20 0
-20 95 0
-95 63 0
-63 65 0
-65 67 0
-67 10 0
-10 30 0
-30 49 0
-49 90 0
-90 91 0
-91 97 0
-97 40 0
-40 87 0
-87 58 0
-58 78 0
-78 37 0
-37 54 0
-54 62 0
-62 32 0
-32 79 0
-79 28 0
-28 82 0
-82 29 0
-29 13 0
-13 61 0
-61 81 0
-81 77 0
-77 34 0
-34 2 0
-2 39 0
-39 83 0
-83 71 0
-71 22 0
-22 21 0
-21 70 0
-70 88 0
-88 52 0
-52 19 0
-19 16 0
-16 47 0
-47 15 0
-15 56 0
-56 55 0
-55 7 0
-7 75 0
-75 57 0
-57 99 0
-99 3 0
-3 38 0
-38 92 0
-92 51 0
-51 72 0
-72 17 0
-17 68 0
-68 43 0
-43 11 0
-11 35 0
-35 46 0
-46 18 0
-18 42 0
-42 25 0
-25 12 0
-12 33 0
-33 27 0
-27 23 0
-23 64 0
-64 26 0
-26 94 0
-94 85 0
-85 45 0
-45 6 0
-6 14 0
-14 36 0
723
99
4324 4841 7855 3247 1752 1232 2606 853 6751 912 2384 7945 497 625 7706 6927 6914 2195 2881 9337 6700 9517 12 1997 2349 5827 397 8392 5517 7005 242 6467 8003 1878 4455 7094 2936 7619 6702 7162 9420 1653 4561 5843 7399 1552 4391 910 4931 1564 8774 278 2120 7707 73 7358 4264 253 5106 5802 5965 5969 2336 3518 8927 29 5956 8124 5658 3967 2097 6472 1775 1109 7267 446 7626 2634 3617 8871 52 1250 517 9431 7322 536 8732 7066 8686 3717 1769 1649 7564 2084 3919 8647 448 1268 1855
99
-10 10 0
-6 6 0
-30 30 0
-93 93 0
-64 64 0
-60 60 0
-75 75 0
-29 29 0
-13 13 0
-19 19 0
-41 41 0
-61 61 0
-62 62 0
-69 69 0
-73 73 0
-35 35 0
-78 78 0
-90 90 0
-57 57 0
-74 74 0
-94 94 0
-38 38 0
-26 26 0
-47 47 0
-3 3 0
-33 33 0
-39 39 0
-91 91 0
-40 40 0
-63 63 0
-86 86 0
-80 80 0
-7 7 0
-52 52 0
-99 99 0
-79 79 0
-85 85 0
-77 77 0
-71 71 0
-68 68 0
-28 28 0
-83 83 0
-11 11 0
-36 36 0
-72 72 0
-9 9 0
-95 95 0
-55 55 0
-49 49 0
-56 56 0
-27 27 0
-45 45 0
-67 67 0
-8 8 0
-76 76 0
-82 82 0
-2 2 0
-20 20 0
-65 65 0
-92 92 0
-16 16 0
-46 46 0
-88 88 0
-84 84 0
-4 4 0
-21 21 0
-70 70 0
-98 98 0
-66 66 0
-24 24 0
-50 50 0
-1 1 0
-54 54 0
-48 48 0
-89 89 0
-32 32 0
-44 44 0
-31 31 0
-18 18 0
-53 53 0
-5 5 0
-15 15 0
-37 37 0
-97 97 0
-43 43 0
-42 42 0
-81 81 0
-17 17 0
-51 51 0
-25 25 0
-87 87 0
-23 23 0
-34 34 0
-96 96 0
-12 12 0
-58 58 0
-22 22 0
-14 14 0
-59 59 0
52
99
0 0 0 0 0 0 0 0 0 0 0 0 0 0 0 0 0 0 0 0 0 0 0 0 0 0 0 0 0 0 0 0 0 0 0 0 0 0 0 0 0 0 0 0 0 0 0 0 0 0 0 0 0 0 0 0 0 0 0 0 0 0 0 0 0 0 0 0 0 0 0 0 0 0 0 0 0 0 0 0 0 0 0 0 0 0 0 0 0 0 0 0 0 0 0 0 0 0 4
98
-64 43 0
-43 75 0
-75 79 0
-79 92 0
-92 8 0
-8 98 0
-98 5 0
-5 13 0
-13 18 0
-18 38 0
-38 6 0
-6 95 0
-95 31 0
-31 16 0
-16 97 0
-97 89 0
-89 96 0
-96 30 0
-30 56 0
-56 21 0
-21 80 0
-80 82 0
-82 93 0
-93 65 0
-65 91 0
-91 87 0
-87 3 0
-3 88 0
-88 81 0
-81 26 0
-26 25 0
-25 55 0
-55 51 0
-51 36 0
-36 71 0
-71 27 0
-27 70 0
-70 15 0
-15 1 0
-1 68 0
-68 66 0
-66 34 0
-34 29 0
-29 17 0
-17 53 0
-53 10 0
-10 72 0
-72 73 0
-73 99 0
-99 19 0
-19 35 0
-35 67 0
-67 57 0
-57 41 0
-41 39 0
-39 69 0
-69 77 0
-77 42 0
-42 37 0
-37 86 0
-86 60 0
-60 28 0
-28 12 0
-12 9 0
-9 24 0
-24 7 0
-7 14 0
-14 54 0
-54 50 0
-50 11 0
-11 94 0
-94 49 0
-49 47 0
-47 84 0
-84 22 0
-22 63 0
-63 62 0
-62 44 0
-44 20 0
-20 78 0
-78 83 0
-83 48 0
-48 52 0
-52 45 0
-45 46 0
-46 32 0
-32 59 0
-59 23 0
-23 33 0
-33 4 0
-4 40 0
-40 90 0
-90 76 0
-76 61 0
-61 85 0
-85 74 0
-74 58 0
-58 2 0
945
99
0 0 0 0 0 0 0 0 0 0 0 0 0 0 0 0 0 0 0 0 0 0 0 0 0 0 0 0 0 0 0 0 0 0 0 0 0 0 0 0 0 0 0 0 0 0 0 0 0 0 0 0 0 0 0 0 0 0 0 0 0 0 0 0 0 0 0 0 0 0 0 0 0 0 0 0 0 0 0 0 0 0 0 0 0 0 0 0 0 0 0 0 0 0 0 0 0 0 1
99
-49 72 0
-72 59 0
-59 34 0
-34 54 0
-54 61 0
-61 96 0
-96 29 0
-29 90 0
-90 32 0
-32 33 0
-33 38 0
-38 52 0
-52 89 0
-89 70 0
-70 28 0
-28 79 0
-79 57 0
-57 63 0
-63 7 0
-7 30 0
-30 13 0
-13 27 0
-27 67 0
-67 83 0
-83 91 0
-91 95 0
-95 1 0
-1 71 0
-71 88 0
-88 55 0
-55 12 0
-12 60 0
-60 35 0
-35 17 0
-17 87 0
-87 64 0
-64 68 0
-68 23 0
-23 16 0
-16 25 0
-25 6 0
-6 47 0
-47 97 0
-97 48 0
-48 93 0
-93 10 0
-10 77 0
-77 66 0
-66 85 0
-85 11 0
-11 45 0
-45 24 0
-24 19 0
-19 56 0
-56 20 0
-20 84 0
-84 8 0
-8 92 0
-92 99 0
-99 75 0
-75 40 0
-40 58 0
-58 43 0
-43 39 0
-39 22 0
-22 9 0
-9 2 0
-2 65 0
-65 78 0
-78 26 0
-26 36 0
-36 74 0
-74 21 0
-21 53 0
-53 14 0
-14 51 0
-51 62 0
-62 94 0
-94 76 0
-76 86 0
-86 4 0
-4 44 0
-44 82 0
-82 5 0
-5 69 0
-69 73 0
-73 37 0
-37 42 0
-42 81 0
-81 98 0
-98 50 0
-50 18 0
-18 80 0
-80 31 0
-31 3 0
-3 41 0
-41 46 0
-46 15 0
-15 -15 49 0
949
0
