99
0 0 0 0 0 0 0 0 0 0 0 0 0 0 0 0 0 0 0 0 0 0 0 0 0 0 0 0 0 0 0 0 0 0 0 0 0 0 0 0 0 0 0 0 0 0 0 0 0 0 0 0 0 0 0 0 0 0 0 0 0 0 0 0 0 0 0 0 0 0 0 0 0 0 0 0 0 0 0 0 0 0 0 0 0 0 0 0 0 0 0 0 0 0 0 0 0 0 7278
85
-2 -3 -5 -6 -7 -9 -10 -11 -13 -15 -16 -18 -20 -22 -25 -26 -27 -28 -29 -31 -32 -33 -35 -36 -38 -39 -40 -41 -42 -44 -45 -46 -47 -48 -52 -53 -57 -59 -61 -62 -63 -64 -65 -66 -67 -68 -69 -70 -72 -76 -78 -79 -81 -83 -85 -86 -87 -88 -90 -91 -92 -94 -96 -97 2 3 4 5 6 7 8 10 12 13 15 16 17 18 20 22 24 25 27 28 29 30 32 33 34 37 38 40 42 44 47 49 50 51 52 53 54 56 59 60 61 65 66 67 70 71 73 76 78 79 80 82 83 85 86 87 90 91 92 94 96 98 0
-2 -4 -5 -6 -7 -8 -10 -11 -12 -14 -15 -16 -18 -19 -21 -23 -24 -25 -26 -27 -28 -29 -30 -31 -32 -33 -34 -35 -36 -37 -39 -40 -41 -42 -43 -44 -45 -46 -47 -49 -50 -51 -53 -54 -56 -58 -59 -60 -62 -63 -65 -67 -70 -71 -72 -73 -74 -75 -77 -78 -79 -84 -86 -88 -89 -90 -93 -95 -98 2 3 4 5 6 8 10 12 13 15 16 18 19 22 23 24 25 27 29 30 31 34 36 37 38 39 40 41 43 44 47 48 51 52 54 56 57 58 59 62 63 65 66 68 71 74 75 77 79 83 84 85 86 87 88 89 90 92 93 94 95 97 98 0
-2 -5 -6 -7 -8 -9 -11 -12 -13 -14 -16 -17 -19 -22 -23 -24 -25 -26 -27 -28 -29 -32 -34 -35 -36 -37 -42 -45 -46 -47 -48 -49 -50 -51 -53 -55 -56 -57 -58 -59 -61 -62 -65 -66 -67 -69 -70 -71 -72 -73 -76 -77 -78 -79 -80 -81 -83 -84 -85 -86 -87 -89 -90 -91 -92 -94 -95 -96 -97 -98 1 2 3 4 5 6 7 9 10 11 14 16 17 19 20 21 22 23 24 26 27 28 29 30 31 33 35 36 38 39 41 42 43 44 48 50 51 53 54 55 57 59 61 63 67 68 69 71 72 73 75 76 77 78 79 80 81 82 83 84 86 87 89 91 94 95 96 98 0
-1 -2 -5 -7 -12 -14 -15 -17 -18 -19 -20 -21 -22 -23 -24 -25 -26 -27 -28 -29 -30 -31 -32 -33 -34 -35 -36 -37 -38 -40 -41 -42 -43 -44 -45 -46 -47 -50 -53 -54 -55 -56 -58 -60 -62 -64 -65 -67 -69 -70 -71 -72 -73 -74 -75 -76 -77 -78 -81 -82 -83 -86 -89 -90 -92 -93 -95 -96 -97 -98 1 2 3 4 5 7 8 9 10 12 13 14 15 19 20 22 24 26 27 29 31 32 33 35 36 37 38 39 40 41 42 45 46 47 49 50 51 55 59 61 62 63 64 65 67 69 71 72 74 75 77 78 80 81 82 83 85 86 87 89 90 93 96 0
-1 -3 -5 -6 -7 -8 -9 -10 -12 -13 -14 -15 -16 -18 -19 -21 -22 -23 -25 -28 -29 -30 -32 -33 -34 -35 -37 -38 -39 -41 -42 -43 -44 -45 -46 -48 -49 -50 -53 -55 -56 -57 -58 -59 -60 -61 -63 -64 -65 -67 -68 -69 -70 -71 -73 -75 -76 -78 -80 -81 -83 -84 -85 -86 -89 -90 -91 -92 -93 -95 -97 2 3 4 5 6 8 9 10 14 15 17 21 23 24 25 27 28 29 30 32 33 34 35 39 40 41 43 45 46 47 48 49 50 52 53 54 56 57 59 60 61 62 66 67 68 71 73 77 78 81 83 84 85 86 87 88 89 90 92 93 94 95 96 0
-1 -3 -4 -5 -6 -7 -8 -9 -11 -12 -13 -15 -16 -17 -18 -19 -23 -24 -25 -26 -28 -29 -30 -31 -32 -33 -34 -36 -37 -38 -40 -41 -42 -43 -44 -47 -48 -50 -51 -52 -54 -57 -58 -59 -60 -61 -62 -63 -67 -69 -70 -71 -74 -75 -77 -78 -79 -81 -82 -84 -85 -87 -89 -90 -92 -93 -94 -95 -96 -98 1 2 3 4 6 8 9 10 12 13 14 16 17 18 20 21 22 23 25 26 28 29 30 31 34 35 37 41 42 43 44 46 49 50 51 52 53 54 55 56 58 59 61 62 64 65 66 67 68 69 74 75 76 77 79 81 82 84 89 92 94 96 97 98 0
-2 -3 -4 -5 -7 -8 -9 -10 -13 -14 -15 -17 -18 -19 -20 -21 -22 -23 -24 -25 -26 -27 -28 -29 -30 -31 -32 -33 -34 -35 -36 -39 -40 -44 -45 -46 -47 -48 -49 -50 -51 -52 -53 -54 -56 -57 -58 -61 -62 -64 -65 -66 -67 -68 -69 -72 -73 -75 -77 -79 -80 -81 -82 -83 -84 -85 -86 -87 -88 -89 -90 -91 -92 -93 -94 -95 -96 1 2 3 4 8 9 11 12 15 16 17 18 19 21 22 23 24 26 27 28 29 31 32 35 36 37 39 41 43 44 45 46 47 49 50 52 54 56 57 58 60 61 62 64 65 66 70 71 72 74 76 77 78 79 80 81 82 83 84 85 87 88 89 90 93 96 97 98 0
-1 -3 -4 -5 -7 -8 -12 -13 -14 -15 -17 -18 -19 -20 -22 -24 -25 -28 -29 -31 -32 -33 -34 -35 -36 -37 -39 -40 -41 -42 -44 -45 -46 -47 -48 -49 -50 -51 -53 -54 -57 -58 -63 -64 -65 -67 -68 -69 -70 -74 -75 -77 -78 -79 -80 -81 -82 -83 -84 -85 -87 -89 -90 -91 -92 -93 -94 -97 -98 1 5 9 10 11 12 13 14 16 17 18 19 21 23 24 26 29 30 31 32 33 35 36 39 40 41 42 43 45 46 47 49 50 51 52 53 54 55 57 58 59 60 61 62 64 65 66 67 68 69 70 71 72 73 74 75 76 78 79 80 81 82 84 85 88 90 91 93 95 96 97 98 0
-1 -2 -3 -4 -6 -7 -8 -9 -10 -11 -13 -14 -15 -16 -18 -19 -20 -21 -22 -23 -26 -27 -28 -29 -30 -32 -33 -34 -35 -36 -37 -38 -39 -40 -41 -43 -44 -46 -47 -48 -50 -52 -56 -58 -60 -61 -63 -64 -65 -66 -67 -68 -71 -73 -74 -76 -77 -78 -79 -80 -81 -82 -85 -86 -88 -89 -93 -94 -96 -97 -98 1 2 3 4 5 6 7 8 9 11 13 14 15 17 18 19 20 22 24 25 29 30 32 33 37 39 41 44 49 54 55 58 60 61 62 63 66 67 69 70 71 72 73 75 77 78 79 80 81 82 83 84 87 88 91 92 93 94 95 96 98 0
-1 -2 -3 -4 -5 -6 -7 -8 -10 -12 -13 -14 -15 -16 -17 -18 -19 -21 -23 -24 -26 -27 -29 -30 -33 -34 -35 -36 -37 -39 -40 -41 -42 -47 -48 -50 -51 -52 -53 -55 -59 -60 -62 -64 -67 -71 -72 -73 -74 -75 -78 -79 -80 -83 -85 -86 -87 -89 -90 -92 -93 -95 1 2 4 5 7 9 10 11 12 13 14 15 18 20 21 22 24 25 26 28 29 31 32 33 34 36 38 39 40 42 44 45 46 47 48 50 51 52 53 54 56 57 58 59 60 61 62 68 70 71 72 73 74 76 78 80 82 84 85 86 87 89 93 94 96 98 0
-1 -2 -3 -4 -5 -6 -7 -8 -9 -10 -12 -13 -14 -15 -16 -17 -18 -19 -20 -21 -22 -23 -24 -28 -29 -31 -32 -33 -34 -35 -36 -37 -38 -40 -41 -43 -44 -45 -46 -47 -48 -50 -51 -52 -53 -54 -55 -56 -58 -63 -66 -67 -68 -69 -70 -72 -74 -75 -76 -78 -79 -81 -85 -89 -90 -91 -92 -94 -96 -97 1 2 5 6 7 10 12 13 14 15 16 19 22 23 24 25 27 28 29 32 33 34 35 36 37 41 42 44 45 46 48 49 50 52 53 55 56 58 60 61 63 64 65 66 69 70 72 73 74 77 78 79 80 82 83 86 87 89 90 92 93 94 95 96 0
-1 -2 -3 -4 -6 -8 -11 -12 -13 -14 -15 -18 -19 -22 -23 -24 -25 -26 -27 -28 -29 -31 -32 -34 -35 -37 -40 -41 -42 -43 -44 -45 -47 -48 -50 -52 -53 -54 -57 -58 -60 -61 -63 -64 -65 -66 -67 -69 -70 -71 -72 -73 -74 -75 -76 -77 -78 -80 -81 -84 -86 -88 -94 -95 -96 -97 -98 1 3 4 8 9 11 12 13 14 16 17 18 19 20 21 23 26 27 29 30 31 33 36 38 39 41 43 44 45 47 48 50 51 54 55 57 58 59 60 61 64 66 69 70 72 73 75 76 78 79 80 83 85 86 87 90 91 92 94 96 98 0
-1 -2 -4 -5 -6 -8 -9 -10 -12 -13 -14 -15 -17 -18 -20 -21 -22 -26 -28 -29 -31 -32 -33 -35 -36 -37 -38 -39 -40 -41 -42 -44 -45 -46 -47 -49 -51 -52 -53 -54 -57 -58 -62 -64 -65 -66 -67 -68 -69 -70 -72 -73 -74 -75 -78 -79 -80 -81 -82 -83 -86 -89 -91 -92 -93 -94 -96 -97 3 4 7 9 10 11 12 14 15 16 18 20 22 24 25 26 27 30 34 35 36 38 39 45 46 48 51 55 57 59 61 65 68 69 71 72 73 74 75 76 77 78 83 84 85 86 87 89 90 91 94 97 0
-2 -3 -4 -6 -7 -8 -9 -12 -14 -16 -17 -19 -20 -21 -23 -24 -25 -26 -27 -28 -30 -31 -32 -33 -36 -37 -38 -40 -41 -43 -44 -45 -47 -49 -51 -52 -53 -54 -55 -56 -58 -62 -64 -65 -66 -69 -71 -72 -73 -75 -79 -80 -82 -84 -85 -86 -87 -88 -92 -93 -94 -96 -98 1 2 3 4 6 7 8 9 11 12 14 15 16 17 18 19 23 24 27 29 32 33 34 35 36 38 39 40 41 42 43 44 45 46 47 48 49 50 52 53 54 55 56 57 58 61 62 63 64 65 66 69 70 71 73 75 77 80 84 85 87 88 89 90 93 94 95 96 97 98 0
-1 -2 -3 -4 -5 -6 -8 -9 -10 -11 -14 -15 -17 -19 -20 -21 -22 -23 -24 -26 -28 -29 -30 -32 -33 -34 -35 -36 -37 -38 -39 -40 -41 -42 -43 -45 -46 -48 -49 -50 -51 -52 -53 -54 -55 -56 -58 -59 -61 -62 -63 -65 -66 -67 -68 -69 -70 -71 -72 -73 -74 -75 -76 -79 -81 -82 -83 -84 -85 -86 -88 -90 -91 -92 -94 1 2 3 6 7 8 12 13 16 17 19 20 21 22 24 27 30 32 33 34 36 37 41 45 46 48 49 50 52 54 56 58 59 60 61 62 63 64 66 68 69 70 71 74 75 76 78 79 80 81 85 87 88 92 94 96 97 98 0
-3 -6 -7 -8 -10 -12 -13 -14 -15 -16 -18 -20 -22 -23 -24 -25 -26 -29 -32 -33 -35 -36 -40 -42 -43 -44 -47 -48 -49 -50 -51 -52 -53 -54 -55 -56 -57 -60 -61 -64 -67 -68 -72 -74 -76 -77 -78 -80 -82 -83 -84 -87 -89 -91 -92 -93 -96 -97 -98 1 2 4 6 7 8 10 11 13 15 16 17 18 19 21 23 24 25 27 29 30 32 33 37 38 39 40 41 42 43 44 46 48 49 50 51 52 53 54 55 58 60 61 62 63 64 65 66 67 69 71 72 78 79 80 82 83 84 85 87 90 91 95 96 98 0
-1 -3 -4 -5 -8 -10 -12 -14 -15 -16 -17 -18 -20 -21 -22 -23 -24 -27 -28 -32 -33 -34 -35 -38 -39 -41 -43 -46 -47 -48 -49 -50 -51 -52 -54 -55 -56 -57 -58 -59 -62 -63 -64 -68 -72 -73 -74 -78 -79 -80 -81 -84 -88 -89 -91 -92 -94 -95 -96 -98 1 2 3 4 6 7 8 9 12 13 15 16 17 18 19 25 26 28 29 30 31 33 35 36 38 42 43 44 46 47 48 51 52 55 56 57 58 59 62 63 65 66 70 72 73 74 75 76 77 78 79 80 81 82 84 85 88 92 93 94 95 96 97 98 0
-1 -3 -5 -7 -8 -9 -10 -11 -12 -14 -15 -17 -19 -22 -23 -24 -25 -26 -27 -28 -29 -30 -31 -32 -33 -34 -35 -36 -37 -39 -40 -41 -43 -44 -45 -46 -47 -49 -52 -53 -54 -55 -59 -60 -61 -62 -63 -64 -65 -66 -67 -68 -69 -70 -71 -76 -78 -79 -81 -82 -85 -86 -88 -89 -92 -93 -94 -95 -96 -97 1 2 4 5 9 12 15 16 17 18 19 21 22 23 24 25 26 27 29 30 31 34 36 38 41 43 44 45 48 49 52 55 58 59 62 63 64 65 67 68 72 73 74 76 77 78 81 83 84 85 86 87 88 89 91 92 93 94 95 96 97 98 0
-4 -5 -6 -7 -8 -9 -10 -11 -12 -14 -15 -19 -20 -21 -22 -23 -24 -25 -26 -27 -28 -29 -31 -33 -34 -35 -36 -37 -38 -39 -40 -42 -43 -46 -47 -48 -49 -50 -51 -52 -54 -55 -56 -57 -58 -60 -61 -62 -63 -64 -66 -67 -68 -69 -70 -71 -74 -78 -79 -80 -81 -82 -83 -84 -85 -86 -87 -89 -93 -94 -95 -96 -97 -98 1 4 6 10 12 13 15 16 17 18 19 20 21 23 24 27 30 31 32 34 35 38 42 43 44 45 46 50 51 52 53 57 59 60 61 62 64 65 66 68 69 71 72 73 74 75 77 79 81 82 84 85 87 88 89 90 91 92 94 95 96 97 98 0
-1 -2 -5 -6 -10 -12 -15 -17 -18 -20 -21 -22 -23 -24 -26 -28 -29 -30 -31 -32 -34 -36 -37 -39 -43 -45 -46 -48 -50 -51 -53 -54 -55 -56 -57 -58 -59 -60 -62 -63 -66 -67 -68 -71 -74 -75 -76 -78 -79 -80 -81 -82 -84 -85 -86 -88 -89 -90 -93 -95 -96 -97 -98 1 2 3 4 5 6 7 8 9 10 12 13 15 18 19 22 26 28 29 30 31 32 33 34 36 37 38 39 40 41 42 43 45 47 51 53 54 55 56 57 58 59 60 61 63 65 66 67 68 69 70 71 73 74 75 77 80 81 82 83 87 89 90 91 92 93 94 96 97 98 0
-1 -2 -4 -5 -6 -7 -9 -10 -11 -13 -14 -15 -16 -17 -19 -20 -21 -22 -23 -25 -26 -28 -29 -30 -33 -34 -35 -37 -39 -41 -43 -44 -45 -48 -49 -51 -53 -55 -57 -59 -60 -63 -64 -65 -66 -67 -68 -70 -73 -74 -75 -76 -77 -80 -82 -83 -85 -86 -88 -89 -90 -91 -92 -95 -96 -97 -98 1 2 4 5 7 8 10 11 12 13 14 15 16 18 22 23 24 25 26 27 28 29 30 31 34 35 37 38 40 41 42 43 45 46 47 49 51 53 54 55 56 57 58 60 61 62 64 68 69 72 73 75 76 77 79 80 81 83 84 85 86 92 94 95 98 0
-1 -2 -3 -4 -5 -6 -7 -10 -11 -12 -16 -18 -20 -21 -24 -25 -26 -27 -28 -31 -33 -34 -35 -36 -37 -38 -39 -40 -42 -43 -45 -49 -50 -52 -53 -56 -57 -60 -61 -62 -63 -64 -65 -67 -68 -69 -72 -74 -76 -77 -78 -79 -81 -82 -83 -84 -85 -86 -87 -90 -91 -93 -94 -97 -98 1 2 3 4 7 8 9 10 12 14 15 16 17 18 19 20 21 22 23 24 25 26 27 28 29 32 33 36 38 40 41 43 44 45 46 50 51 52 53 54 55 56 57 58 59 60 61 62 63 64 66 67 72 73 74 76 77 78 79 80 82 83 85 87 88 89 90 91 92 93 94 95 96 97 98 0
-1 -2 -3 -5 -6 -7 -9 -12 -13 -14 -16 -18 -20 -21 -23 -24 -25 -26 -27 -28 -30 -31 -32 -34 -36 -37 -38 -39 -40 -42 -43 -45 -46 -48 -49 -50 -51 -52 -53 -54 -55 -56 -57 -58 -59 -60 -61 -62 -64 -65 -66 -67 -68 -69 -70 -71 -72 -74 -77 -78 -79 -80 -81 -82 -83 -84 -85 -89 -91 -92 -93 -95 -97 4 6 7 8 9 10 13 16 17 18 20 22 23 24 25 27 28 31 32 33 34 35 37 38 40 44 45 49 51 52 55 56 58 59 60 61 62 65 66 68 71 72 75 78 79 80 81 82 84 85 87 88 91 92 94 95 96 97 98 0
-1 -2 -3 -4 -5 -6 -7 -8 -10 -12 -14 -15 -16 -17 -18 -19 -20 -21 -22 -23 -24 -25 -26 -29 -31 -32 -33 -34 -35 -36 -37 -38 -39 -40 -43 -47 -48 -49 -50 -51 -53 -54 -55 -56 -59 -61 -66 -67 -73 -74 -75 -76 -77 -78 -80 -81 -82 -83 -84 -86 -87 -88 -89 -90 -91 -92 -93 -94 -95 -96 -97 2 3 5 7 9 11 12 14 16 17 18 19 20 21 23 24 25 26 28 31 32 33 34 35 37 39 40 42 44 45 46 47 48 50 51 52 53 55 56 57 59 60 61 62 63 64 65 66 67 69 70 71 73 74 75 77 78 79 80 81 82 83 84 85 86 87 90 91 92 93 94 96 97 0
-1 -2 -3 -4 -5 -8 -12 -13 -14 -15 -16 -17 -19 -20 -24 -29 -37 -38 -39 -40 -41 -45 -46 -47 -48 -50 -51 -52 -53 -55 -56 -57 -58 -59 -60 -61 -62 -63 -64 -65 -66 -67 -69 -70 -72 -73 -74 -75 -76 -77 -78 -79 -81 -82 -85 -86 -89 -91 -93 -95 -96 -98 1 2 4 6 7 10 11 12 13 15 16 19 20 21 22 23 25 27 28 29 31 32 33 36 37 38 39 40 41 42 44 46 47 48 49 50 51 52 53 55 56 57 58 60 61 62 64 66 67 68 69 70 71 73 74 76 77 79 81 82 84 86 88 90 93 95 96 97 0
-2 -4 -5 -6 -8 -15 -16 -17 -19 -22 -24 -25 -26 -27 -30 -31 -32 -33 -36 -37 -38 -39 -41 -43 -44 -45 -46 -50 -51 -52 -55 -56 -58 -59 -60 -61 -62 -63 -65 -67 -68 -69 -71 -73 -74 -75 -76 -78 -79 -82 -83 -87 -88 -89 -91 -93 -94 -96 -98 1 2 3 4 6 7 8 10 12 13 14 17 18 19 21 22 26 27 28 30 31 32 34 36 38 39 40 41 42 43 45 47 48 49 50 53 54 55 57 58 59 63 65 66 67 68 69 70 71 72 74 79 82 84 85 86 89 91 92 94 95 97 98 0
-2 -3 -4 -6 -7 -9 -10 -11 -13 -14 -15 -16 -17 -18 -21 -23 -24 -27 -28 -30 -31 -33 -35 -36 -38 -39 -41 -43 -45 -46 -47 -48 -50 -52 -53 -54 -55 -57 -58 -61 -63 -64 -65 -66 -67 -70 -71 -72 -73 -74 -75 -76 -79 -80 -85 -86 -87 -88 -89 -91 -94 -95 -96 -97 1 2 3 4 6 7 8 9 10 11 13 14 15 18 22 25 27 28 29 30 31 32 33 34 35 36 38 39 40 41 43 45 50 51 52 54 55 56 57 58 59 60 61 62 63 64 65 66 67 71 72 73 74 75 76 77 78 79 81 83 84 85 86 88 89 91 92 93 95 96 97 0
-1 -2 -3 -4 -5 -6 -7 -8 -14 -15 -19 -20 -23 -25 -26 -28 -29 -30 -31 -32 -33 -37 -38 -39 -40 -41 -44 -46 -47 -49 -50 -52 -53 -54 -56 -57 -58 -59 -60 -63 -66 -67 -68 -70 -72 -74 -75 -76 -78 -79 -80 -82 -83 -84 -85 -90 -91 -92 -95 -96 1 2 4 8 9 10 13 15 16 17 21 22 23 24 25 26 27 28 30 34 35 36 37 38 40 41 42 44 45 46 47 48 49 50 51 52 53 54 55 56 58 60 61 63 67 68 70 71 72 73 74 76 78 79 80 81 82 86 87 88 89 90 92 95 96 97 98 0
-2 -3 -6 -7 -8 -9 -10 -11 -12 -15 -16 -17 -18 -22 -24 -26 -27 -28 -29 -30 -32 -33 -34 -36 -37 -38 -40 -42 -43 -44 -45 -46 -47 -48 -49 -50 -51 -52 -53 -54 -57 -58 -59 -60 -61 -63 -64 -65 -66 -67 -69 -70 -71 -73 -74 -76 -77 -79 -80 -81 -82 -84 -85 -86 -89 -90 -91 -92 -94 -96 -97 -98 2 3 6 7 8 10 11 12 14 15 16 20 22 23 25 26 28 29 30 31 32 33 37 38 39 40 41 43 45 46 47 48 49 50 52 55 57 58 59 60 61 62 63 64 65 66 67 68 69 70 71 72 73 76 77 79 80 81 82 83 84 85 88 89 90 92 93 94 95 96 97 98 0
-1 -2 -3 -6 -7 -9 -10 -12 -13 -14 -15 -16 -18 -19 -20 -21 -23 -25 -26 -27 -28 -29 -30 -32 -37 -38 -39 -41 -42 -43 -46 -47 -48 -52 -53 -54 -57 -59 -60 -61 -63 -64 -65 -66 -67 -69 -70 -71 -72 -73 -74 -75 -76 -77 -78 -79 -80 -82 -83 -84 -85 -86 -87 -89 -90 -91 -93 -95 1 6 7 8 10 11 12 13 15 16 18 20 23 24 26 27 28 30 31 33 35 38 40 42 44 45 47 48 51 52 53 54 57 58 60 61 62 63 64 65 66 67 68 69 70 71 72 79 80 83 84 86 87 88 89 90 92 93 94 95 96 0
-2 -4 -6 -7 -8 -10 -11 -12 -13 -14 -16 -18 -19 -20 -23 -25 -26 -27 -28 -30 -32 -33 -35 -37 -39 -40 -41 -42 -43 -44 -45 -47 -48 -49 -50 -51 -52 -53 -55 -56 -57 -58 -60 -61 -64 -65 -66 -68 -70 -71 -72 -75 -77 -80 -81 -83 -85 -87 -89 -91 -92 -93 -94 -96 -98 1 2 3 4 7 8 9 11 12 13 14 15 16 17 18 19 21 22 23 26 27 28 29 30 31 32 33 34 35 36 37 38 39 40 42 43 45 47 48 51 52 53 56 57 59 62 65 66 68 69 72 73 74 75 76 79 80 81 82 83 86 87 88 89 90 96 97 98 0
-2 -3 -4 -8 -9 -10 -11 -12 -14 -15 -16 -17 -18 -20 -22 -23 -24 -25 -26 -27 -28 -29 -30 -31 -35 -36 -37 -39 -40 -42 -43 -44 -45 -46 -48 -49 -50 -52 -54 -57 -59 -60 -61 -62 -65 -66 -68 -70 -75 -77 -78 -79 -80 -81 -85 -87 -88 -89 -90 -92 -93 -94 -95 -96 1 2 3 6 7 8 10 11 13 14 16 17 18 19 20 22 25 26 27 28 29 32 33 34 36 37 40 41 43 44 51 54 55 56 57 60 62 63 64 65 66 67 69 71 75 78 80 82 83 84 87 88 89 91 93 94 96 98 0
-2 -3 -4 -6 -7 -9 -10 -11 -12 -13 -14 -15 -19 -20 -21 -23 -24 -25 -27 -28 -29 -33 -34 -38 -40 -42 -43 -45 -47 -48 -49 -50 -52 -53 -55 -56 -57 -58 -59 -60 -61 -63 -64 -65 -66 -67 -70 -72 -73 -75 -77 -78 -79 -80 -81 -83 -84 -85 -86 -88 -89 -91 -92 -93 -94 -96 -97 -98 1 2 3 4 5 6 7 10 11 13 14 15 16 17 19 20 22 24 26 27 30 31 32 33 35 36 37 39 40 41 42 43 44 46 47 48 49 50 51 53 54 55 56 57 58 59 60 64 65 68 69 70 71 72 73 74 76 77 78 81 83 87 88 90 92 95 96 98 0
-1 -2 -3 -4 -5 -6 -8 -9 -10 -11 -12 -14 -15 -16 -17 -18 -19 -23 -27 -31 -32 -33 -34 -37 -40 -41 -43 -44 -46 -47 -48 -49 -50 -51 -52 -53 -55 -56 -58 -59 -61 -63 -64 -65 -66 -67 -68 -69 -70 -71 -73 -75 -77 -79 -80 -82 -83 -84 -86 -87 -90 -91 -93 -95 -96 -97 1 2 3 5 6 7 8 10 11 14 15 16 17 21 25 26 27 28 29 30 31 32 35 36 37 39 41 42 43 45 47 48 50 55 56 57 58 59 61 64 66 67 68 70 71 73 77 78 80 81 82 85 88 93 96 97 0
-1 -3 -5 -8 -10 -12 -13 -14 -16 -17 -26 -29 -30 -31 -32 -33 -34 -36 -37 -38 -39 -40 -41 -42 -43 -46 -47 -48 -51 -52 -53 -54 -55 -56 -57 -60 -61 -63 -64 -65 -68 -70 -74 -75 -76 -77 -78 -79 -83 -84 -85 -87 -88 -89 -91 -92 -93 -94 -96 -97 -98 1 2 3 5 8 9 11 12 13 14 15 19 21 24 25 28 29 33 34 35 37 39 41 42 46 47 48 50 51 52 53 54 56 57 59 60 61 62 64 65 66 68 69 70 71 72 74 75 76 77 78 79 80 81 83 87 88 89 90 92 93 94 98 0
-1 -3 -8 -9 -10 -11 -13 -14 -16 -17 -18 -19 -20 -21 -23 -24 -25 -27 -28 -29 -31 -33 -34 -36 -37 -39 -40 -41 -42 -44 -46 -48 -49 -52 -54 -57 -58 -59 -61 -62 -64 -65 -67 -68 -72 -73 -74 -77 -78 -81 -82 -83 -84 -86 -87 -89 -91 -92 -94 -95 -96 -97 1 2 3 4 5 9 10 15 18 19 20 22 23 24 25 26 27 28 29 30 31 32 33 34 35 37 38 39 44 45 46 47 48 49 50 51 52 53 54 55 56 58 61 62 63 65 66 67 68 70 71 76 77 79 82 83 84 85 86 87 88 89 90 91 92 94 98 0
-1 -2 -4 -5 -8 -10 -11 -12 -16 -17 -18 -21 -23 -25 -26 -30 -32 -33 -34 -35 -36 -37 -39 -40 -44 -45 -46 -47 -48 -50 -51 -52 -54 -55 -58 -59 -60 -61 -63 -64 -67 -68 -71 -72 -73 -74 -78 -79 -81 -82 -84 -85 -87 -90 -92 -93 -94 -95 -97 -98 1 2 3 6 8 9 11 12 13 15 16 17 18 19 20 21 23 24 25 26 27 28 29 30 31 32 33 34 35 36 38 39 40 41 42 43 44 45 46 47 48 49 51 52 53 54 55 58 59 61 63 64 65 66 67 68 70 71 72 74 75 76 77 80 81 82 84 85 86 87 88 89 90 91 93 94 96 97 98 0
-1 -2 -4 -5 -6 -7 -8 -9 -11 -12 -13 -15 -17 -18 -19 -21 -22 -23 -26 -27 -28 -29 -34 -35 -36 -38 -40 -41 -42 -44 -46 -48 -50 -54 -56 -57 -58 -59 -60 -62 -64 -65 -66 -67 -71 -72 -73 -74 -76 -77 -78 -79 -80 -83 -85 -86 -88 -89 -92 -97 -98 1 2 3 5 6 8 9 10 11 13 14 15 17 19 22 23 26 27 28 31 32 33 35 37 38 39 40 43 44 45 46 48 50 51 53 54 56 57 58 59 60 62 63 64 65 66 67 68 69 70 71 72 73 74 75 76 78 79 80 82 83 85 86 87 88 90 92 94 95 96 97 98 0
-1 -2 -4 -8 -10 -12 -13 -14 -15 -16 -17 -18 -20 -21 -22 -23 -24 -25 -27 -28 -29 -31 -33 -34 -35 -36 -38 -39 -40 -41 -42 -43 -48 -52 -53 -54 -55 -56 -57 -58 -59 -60 -61 -63 -69 -70 -72 -73 -74 -75 -76 -77 -78 -80 -81 -82 -83 -84 -85 -87 -91 -92 -95 -96 -98 1 2 4 5 6 7 8 10 11 13 14 15 16 19 20 21 22 23 27 29 32 33 34 35 36 37 38 39 41 42 43 45 49 50 51 52 53 56 57 58 60 61 62 64 65 67 69 71 72 73 75 76 78 82 83 84 86 87 88 90 92 94 95 96 97 98 0
-1 -2 -5 -6 -8 -9 -11 -12 -13 -15 -16 -17 -18 -19 -20 -21 -22 -23 -24 -25 -27 -28 -29 -30 -31 -32 -35 -36 -37 -38 -41 -42 -43 -46 -47 -48 -49 -52 -54 -55 -57 -58 -59 -60 -61 -62 -63 -64 -65 -67 -68 -69 -70 -71 -74 -75 -77 -78 -79 -80 -83 -84 -86 -87 -88 -90 -91 -92 -93 -95 -96 -98 1 2 4 5 6 8 9 12 13 14 15 16 18 19 20 21 22 23 25 27 29 30 31 32 34 35 36 37 38 39 40 41 43 44 45 46 47 48 49 50 51 52 53 54 55 56 58 59 60 61 63 64 66 67 68 73 74 75 76 77 79 80 81 82 84 85 86 87 88 89 90 92 93 94 95 96 97 0
-3 -4 -5 -8 -14 -15 -17 -20 -21 -24 -26 -29 -30 -31 -32 -34 -35 -36 -37 -39 -41 -42 -45 -46 -49 -50 -55 -56 -57 -58 -59 -60 -61 -62 -63 -66 -67 -70 -71 -72 -73 -74 -76 -78 -79 -83 -88 -91 -93 -94 -96 -97 -98 2 3 5 6 7 9 10 11 13 14 15 20 21 24 28 29 32 36 37 38 40 42 43 45 47 48 49 50 52 53 55 56 59 60 62 64 66 67 68 69 71 72 75 77 79 80 81 82 85 86 88 89 90 91 93 94 95 96 97 0
-3 -4 -5 -6 -7 -8 -9 -10 -11 -12 -13 -14 -18 -20 -22 -23 -24 -25 -27 -29 -31 -32 -33 -34 -35 -36 -39 -40 -41 -42 -43 -44 -45 -46 -47 -49 -50 -51 -53 -54 -55 -56 -58 -60 -61 -63 -65 -66 -67 -68 -70 -71 -72 -73 -75 -76 -77 -79 -80 -81 -82 -83 -84 -85 -86 -87 -90 -92 -93 -95 -96 -97 -98 1 2 4 6 8 9 11 13 14 15 17 20 21 23 24 31 32 33 35 36 37 38 39 40 41 42 43 51 53 54 55 56 57 58 59 60 61 62 64 65 66 67 68 69 70 71 72 73 74 77 79 80 82 83 84 87 88 89 92 94 95 96 98 0
-1 -2 -3 -5 -6 -8 -11 -12 -13 -15 -17 -19 -20 -21 -22 -23 -25 -26 -28 -29 -30 -31 -33 -34 -39 -42 -43 -46 -47 -48 -49 -50 -51 -52 -53 -54 -55 -56 -57 -59 -60 -61 -62 -63 -64 -66 -67 -68 -70 -71 -73 -74 -75 -77 -78 -79 -80 -81 -82 -83 -84 -86 -88 -92 -93 -94 -96 -98 1 2 3 5 7 10 12 13 15 16 18 19 21 22 24 26 28 29 33 36 38 39 40 41 43 45 47 48 49 50 52 53 54 55 56 57 60 61 63 64 66 67 69 70 72 73 74 75 76 77 78 79 80 81 82 83 84 86 89 91 92 93 94 95 96 97 0
-1 -2 -4 -5 -6 -8 -9 -11 -13 -14 -15 -17 -18 -21 -22 -23 -26 -27 -29 -31 -32 -33 -35 -36 -37 -40 -42 -43 -45 -46 -47 -48 -51 -54 -55 -57 -58 -59 -62 -64 -67 -68 -70 -71 -72 -75 -76 -78 -80 -81 -82 -83 -85 -86 -87 -89 -90 -92 -96 -97 -98 1 2 3 8 10 12 16 17 19 21 23 26 27 28 29 30 32 33 34 36 38 39 41 43 44 45 46 48 49 50 51 52 53 56 57 59 60 61 62 63 64 65 67 68 69 70 72 73 74 75 76 77 78 79 82 83 84 85 87 89 91 92 95 96 0
-2 -3 -4 -5 -6 -8 -13 -14 -17 -19 -20 -26 -27 -28 -29 -30 -31 -34 -36 -37 -38 -40 -42 -43 -44 -45 -47 -48 -50 -53 -54 -55 -57 -58 -59 -60 -62 -63 -64 -65 -66 -67 -68 -69 -70 -71 -72 -75 -76 -77 -79 -81 -82 -83 -84 -85 -86 -87 -89 -91 -92 -93 -95 -96 -98 1 2 3 4 5 6 7 8 11 12 13 16 17 19 21 22 24 26 28 29 30 31 33 38 40 41 42 45 46 47 48 50 51 52 53 54 55 56 57 59 63 64 65 66 67 68 69 70 73 77 78 81 82 83 84 85 87 88 89 90 91 93 94 97 98 0
-2 -3 -4 -7 -8 -9 -10 -11 -13 -15 -16 -20 -21 -22 -24 -25 -26 -27 -28 -31 -32 -34 -35 -36 -38 -39 -40 -41 -43 -44 -45 -46 -49 -50 -51 -52 -54 -55 -57 -58 -59 -60 -62 -65 -66 -69 -71 -72 -73 -74 -75 -79 -80 -81 -82 -83 -84 -85 -86 -87 -88 -89 -90 -91 -92 -93 -95 -96 -97 1 2 3 4 5 8 9 11 13 14 16 19 20 21 22 23 24 25 27 28 29 31 33 34 36 37 39 40 41 42 45 46 48 54 55 56 58 59 60 61 62 64 65 66 67 69 70 71 72 74 75 77 78 79 81 83 84 86 87 88 89 91 92 93 94 96 97 0
-1 -2 -4 -5 -6 -7 -10 -11 -12 -13 -14 -15 -17 -18 -19 -22 -24 -25 -30 -31 -33 -35 -38 -39 -41 -42 -43 -45 -46 -48 -50 -51 -52 -54 -55 -60 -61 -62 -63 -64 -66 -67 -68 -69 -70 -71 -75 -76 -82 -83 -84 -85 -86 -87 -88 -89 -91 -92 -94 -95 -96 -97 -98 3 4 5 6 7 9 10 11 13 14 15 17 19 20 23 26 27 28 30 31 33 35 36 39 41 42 43 44 45 46 47 49 50 52 53 55 56 58 60 62 64 65 66 67 68 69 70 71 73 74 76 77 79 82 84 85 87 88 89 92 93 94 97 0
-1 -2 -3 -4 -8 -9 -10 -15 -16 -18 -19 -21 -22 -23 -25 -26 -27 -28 -29 -30 -31 -32 -35 -37 -39 -40 -41 -42 -44 -46 -48 -49 -52 -53 -54 -55 -56 -57 -60 -62 -64 -66 -67 -68 -69 -70 -71 -72 -73 -74 -75 -76 -77 -78 -79 -80 -82 -83 -84 -85 -86 -87 -88 -89 -90 -91 -92 -93 -94 -98 1 2 3 5 6 7 8 9 10 15 16 18 19 20 21 22 24 25 26 27 28 29 30 31 32 33 34 36 38 39 40 41 45 46 47 48 50 52 55 56 58 59 61 63 66 71 72 74 75 76 77 78 80 81 85 86 92 94 95 97 0
-1 -2 -3 -4 -5 -7 -9 -12 -13 -14 -15 -16 -17 -18 -19 -20 -23 -27 -28 -32 -33 -35 -36 -37 -40 -41 -42 -43 -44 -45 -46 -47 -48 -49 -51 -52 -53 -54 -55 -56 -57 -58 -59 -61 -62 -63 -65 -66 -67 -68 -69 -70 -71 -73 -75 -76 -77 -78 -83 -84 -86 -87 -88 -90 -91 -92 -93 -94 -95 -96 1 3 4 5 6 9 10 13 15 16 18 19 21 22 25 29 30 34 35 36 37 38 39 41 42 45 46 47 48 49 50 51 53 55 56 57 59 62 63 64 65 66 69 70 71 72 73 75 76 77 78 79 80 81 83 85 86 88 89 91 92 93 95 96 98 0
-1 -3 -5 -8 -9 -10 -11 -12 -14 -15 -16 -17 -18 -20 -22 -23 -26 -29 -30 -31 -32 -34 -35 -37 -39 -40 -41 -42 -44 -45 -46 -47 -48 -50 -51 -54 -57 -60 -63 -65 -70 -74 -75 -76 -77 -81 -82 -83 -84 -85 -86 -87 -88 -89 -92 -94 -95 -97 1 2 3 4 5 7 8 10 11 12 15 16 17 18 19 21 22 23 26 27 28 31 33 34 36 39 40 41 42 43 44 45 46 47 48 49 54 55 56 58 59 60 61 62 64 65 66 67 68 69 70 71 73 74 75 76 77 78 80 81 82 83 84 86 87 88 89 90 91 92 93 94 95 96 97 0
-1 -3 -4 -5 -7 -8 -12 -13 -15 -16 -17 -18 -19 -20 -21 -22 -23 -25 -26 -30 -31 -32 -34 -36 -37 -38 -39 -40 -41 -42 -44 -46 -48 -49 -50 -54 -62 -63 -64 -66 -69 -72 -73 -74 -75 -76 -78 -79 -81 -82 -83 -84 -86 -87 -88 -89 -90 -91 -92 -93 -95 -97 -98 1 3 4 5 6 8 10 11 13 14 15 16 18 22 24 26 29 30 32 34 35 36 37 38 39 40 41 44 47 48 50 51 53 56 57 58 60 61 62 64 65 66 67 69 70 71 75 76 79 80 81 82 83 86 88 89 92 94 95 96 98 0
-1 -6 -9 -10 -11 -14 -15 -16 -17 -19 -20 -21 -22 -24 -26 -28 -29 -30 -32 -33 -34 -35 -36 -37 -39 -43 -44 -45 -48 -49 -50 -51 -52 -55 -56 -58 -59 -61 -62 -63 -67 -70 -73 -75 -76 -77 -78 -79 -80 -81 -84 -85 -86 -87 -88 -89 -94 -96 -98 1 2 4 6 8 11 12 13 14 16 17 19 21 22 23 24 26 28 31 32 34 36 37 40 41 42 43 44 45 46 48 49 50 51 52 53 57 58 59 61 62 63 66 69 70 71 72 74 76 81 82 83 84 85 88 89 90 91 92 94 95 96 98 0
-2 -3 -4 -5 -6 -8 -11 -13 -15 -17 -18 -19 -20 -22 -23 -25 -26 -32 -33 -34 -35 -36 -37 -40 -41 -42 -43 -44 -45 -46 -47 -48 -50 -51 -53 -54 -58 -59 -60 -62 -64 -65 -66 -68 -69 -71 -72 -73 -74 -76 -77 -78 -79 -80 -82 -84 -85 -86 -87 -89 -90 -93 -95 -96 -98 1 2 4 5 6 8 9 11 15 16 17 18 19 21 22 24 25 26 27 29 30 31 33 34 36 37 39 41 42 43 46 47 48 51 52 55 56 57 58 59 60 61 62 63 64 66 69 70 72 73 74 75 76 77 79 80 82 84 86 87 88 91 92 93 97 98 0
-4 -5 -6 -7 -8 -9 -11 -12 -13 -15 -16 -17 -18 -21 -25 -26 -27 -28 -30 -31 -32 -34 -35 -37 -38 -39 -40 -41 -42 -43 -45 -46 -47 -48 -49 -50 -51 -52 -53 -55 -56 -57 -58 -59 -60 -61 -64 -65 -66 -68 -69 -70 -72 -73 -75 -77 -80 -81 -83 -84 -85 -89 -90 -91 -92 -94 -97 -98 2 3 4 5 6 7 8 9 10 11 13 16 17 18 19 20 22 24 26 27 28 32 34 36 37 39 41 42 43 44 45 46 48 49 50 51 52 55 56 57 58 59 61 63 65 66 67 68 69 70 72 73 77 81 82 83 84 85 88 90 92 93 94 95 97 98 0
-1 -2 -3 -4 -6 -7 -9 -12 -13 -15 -16 -17 -18 -19 -20 -21 -22 -23 -24 -27 -28 -29 -30 -31 -33 -34 -36 -37 -38 -39 -41 -42 -43 -45 -46 -47 -48 -49 -50 -52 -54 -55 -56 -60 -61 -62 -64 -66 -67 -68 -70 -72 -73 -74 -76 -79 -80 -83 -88 -89 -90 -91 -92 -94 -95 -96 -97 1 3 4 5 6 9 10 11 12 13 14 16 18 20 22 24 25 26 27 28 29 31 32 33 35 36 38 39 40 41 42 43 44 45 47 48 49 50 51 52 53 54 55 56 57 58 59 60 61 62 63 64 65 67 69 71 73 74 75 77 78 80 81 83 87 88 89 90 91 93 94 95 96 98 0
-1 -2 -3 -4 -5 -6 -7 -8 -9 -10 -12 -15 -16 -17 -18 -20 -22 -23 -24 -25 -26 -27 -28 -30 -33 -34 -36 -37 -38 -39 -40 -41 -42 -44 -45 -46 -47 -49 -52 -53 -54 -55 -56 -57 -59 -60 -61 -62 -64 -65 -67 -72 -73 -75 -76 -80 -81 -82 -86 -87 -88 -89 -90 -91 -92 -93 -94 -95 -96 -97 1 2 4 5 6 8 9 10 11 12 14 15 16 17 19 20 21 23 25 26 27 29 30 31 34 36 37 39 40 41 45 46 49 52 53 54 55 56 57 59 60 61 62 63 64 66 67 70 71 72 73 74 78 79 80 81 83 84 85 86 88 89 90 92 93 94 95 96 98 0
-1 -4 -5 -7 -9 -10 -11 -12 -13 -14 -15 -17 -19 -21 -22 -27 -28 -29 -31 -35 -36 -37 -39 -40 -41 -42 -43 -45 -47 -48 -49 -50 -53 -54 -55 -56 -58 -59 -60 -63 -64 -66 -70 -71 -76 -78 -79 -80 -81 -82 -83 -84 -85 -86 -87 -89 -96 -97 -98 1 2 5 6 7 8 10 11 13 15 20 22 24 25 28 29 30 32 33 34 35 36 38 39 40 41 44 45 46 48 50 51 52 53 54 57 58 60 61 62 64 65 66 67 69 70 71 73 75 76 77 78 79 81 82 85 86 88 89 92 93 94 96 0
-2 -4 -5 -6 -7 -8 -9 -10 -11 -14 -15 -17 -18 -20 -21 -23 -25 -26 -29 -32 -33 -34 -36 -39 -40 -41 -42 -43 -44 -45 -46 -48 -49 -51 -53 -55 -57 -58 -62 -63 -64 -67 -71 -72 -74 -76 -77 -78 -80 -82 -83 -84 -85 -86 -87 -89 -90 -93 -95 -96 -97 -98 1 5 6 7 9 10 11 12 14 16 19 20 21 22 23 24 25 26 28 29 31 32 33 34 35 37 38 39 40 41 42 45 46 47 49 51 55 58 59 60 62 63 66 67 68 69 72 77 78 79 80 81 82 84 85 86 87 88 89 91 92 93 94 95 96 98 0
-1 -2 -3 -4 -6 -7 -9 -10 -12 -14 -15 -18 -19 -21 -22 -23 -24 -25 -26 -27 -28 -30 -31 -32 -33 -35 -36 -37 -38 -40 -41 -42 -43 -44 -45 -49 -51 -52 -54 -55 -56 -60 -62 -64 -65 -66 -67 -69 -70 -73 -74 -75 -76 -77 -78 -79 -81 -85 -86 -87 -89 -91 -92 -95 -96 -97 -98 2 5 6 7 13 14 15 16 17 18 19 20 21 22 23 24 25 26 27 30 32 36 37 38 39 42 44 45 46 48 49 51 55 56 58 59 62 64 65 66 67 68 70 71 72 73 74 75 76 79 83 84 85 86 88 90 91 92 94 95 0
-3 -4 -6 -7 -9 -10 -11 -12 -13 -14 -15 -16 -17 -18 -19 -23 -25 -26 -28 -29 -30 -32 -35 -36 -37 -38 -39 -41 -46 -48 -49 -50 -51 -52 -53 -54 -55 -56 -57 -58 -59 -60 -61 -62 -63 -64 -65 -66 -67 -68 -69 -70 -71 -75 -76 -77 -78 -79 -80 -82 -83 -84 -86 -88 -89 -90 -91 -94 -95 -96 -97 2 3 4 10 12 14 15 16 17 18 21 22 23 25 28 29 30 32 33 35 37 39 42 43 44 45 46 47 48 51 52 57 58 59 62 63 66 67 68 70 71 72 75 76 78 79 80 81 82 84 85 86 88 89 90 91 92 93 94 95 96 97 98 0
-2 -3 -4 -5 -6 -8 -9 -12 -13 -16 -18 -22 -23 -24 -26 -27 -32 -34 -38 -39 -42 -43 -44 -45 -47 -48 -49 -50 -52 -54 -55 -56 -58 -59 -60 -61 -62 -65 -66 -68 -70 -73 -76 -77 -79 -80 -81 -82 -85 -87 -89 -90 -92 -94 -96 -97 -98 1 2 3 4 5 6 8 10 11 12 13 14 15 18 19 20 21 22 23 24 26 28 29 30 32 33 34 35 36 37 39 40 41 42 43 45 46 47 48 49 50 52 54 55 56 57 58 59 61 62 63 65 69 70 71 72 73 75 77 78 80 81 82 83 84 85 86 87 88 91 92 93 95 97 0
-1 -2 -3 -5 -6 -9 -10 -11 -14 -15 -16 -19 -20 -22 -23 -24 -27 -28 -29 -30 -31 -35 -36 -37 -38 -39 -40 -41 -42 -43 -45 -47 -51 -52 -54 -55 -56 -57 -58 -60 -61 -62 -63 -64 -67 -68 -69 -76 -77 -79 -80 -81 -82 -83 -84 -86 -87 -88 -89 -90 -93 -95 1 3 4 5 6 7 8 9 10 11 14 15 16 20 21 22 24 25 27 28 30 31 32 33 35 36 38 39 40 42 45 46 48 49 50 51 52 53 54 55 56 58 59 60 61 62 63 64 65 66 67 68 72 73 74 75 77 80 81 86 87 88 89 93 94 95 0
-1 -2 -3 -4 -6 -7 -9 -10 -12 -13 -14 -15 -16 -17 -19 -23 -24 -28 -29 -31 -33 -36 -37 -39 -43 -45 -49 -50 -52 -53 -54 -55 -57 -61 -62 -63 -65 -66 -67 -71 -72 -74 -76 -78 -79 -80 -81 -83 -84 -86 -87 -88 -91 -92 -93 -94 -97 2 3 5 6 8 10 11 12 13 15 16 18 19 20 22 23 24 25 26 27 28 29 30 31 32 33 35 36 39 41 43 44 46 48 49 53 54 56 57 58 62 63 64 67 69 71 72 73 74 75 76 77 78 79 81 82 84 85 88 90 92 95 96 97 98 0
-1 -2 -3 -4 -5 -6 -7 -8 -9 -10 -12 -13 -14 -15 -18 -19 -21 -24 -25 -30 -31 -32 -34 -35 -36 -37 -38 -39 -41 -42 -43 -44 -48 -49 -51 -52 -53 -55 -57 -59 -60 -61 -63 -65 -66 -67 -68 -69 -70 -71 -72 -74 -76 -78 -80 -81 -83 -84 -85 -86 -87 -88 -89 -90 -91 -92 -93 -94 -95 -96 -97 -98 1 2 3 4 5 7 8 10 11 12 13 14 15 16 17 19 20 21 22 24 25 26 27 28 29 30 31 32 33 34 36 37 38 39 40 41 42 43 44 45 46 47 49 50 51 53 54 56 58 59 61 63 65 66 68 70 72 73 74 75 76 77 78 79 80 81 82 83 84 85 86 88 89 91 92 93 94 95 96 97 98 0
-1 -2 -3 -4 -6 -7 -8 -11 -12 -15 -16 -17 -18 -20 -24 -26 -27 -29 -30 -31 -32 -35 -36 -37 -39 -41 -42 -43 -44 -46 -47 -48 -49 -50 -51 -52 -55 -57 -58 -61 -62 -64 -66 -67 -68 -70 -71 -72 -75 -76 -77 -78 -81 -82 -83 -84 -85 -86 -89 -90 -91 -92 -93 -94 -95 -96 -97 -98 1 3 6 7 8 9 10 11 13 16 17 19 20 21 23 24 25 26 27 29 30 33 34 35 36 37 38 41 42 43 44 45 46 47 49 50 52 55 59 62 65 68 69 70 72 73 74 75 76 77 78 80 82 83 85 86 87 89 90 91 93 94 96 98 0
-1 -2 -3 -4 -6 -7 -9 -10 -11 -12 -13 -16 -18 -19 -22 -23 -24 -25 -26 -28 -29 -30 -31 -33 -34 -35 -36 -37 -40 -41 -42 -43 -48 -49 -51 -52 -54 -55 -56 -57 -60 -61 -62 -63 -64 -66 -67 -68 -73 -74 -75 -76 -77 -79 -80 -81 -84 -85 -86 -87 -89 -90 -91 -93 -94 -95 -96 -98 1 2 3 5 8 9 11 12 13 14 15 19 22 23 24 27 28 29 30 31 32 33 34 35 38 39 41 43 44 45 48 50 51 52 53 55 58 59 60 61 62 63 64 65 69 70 72 73 74 76 77 78 79 80 83 84 86 89 90 92 93 94 96 97 0
-1 -2 -3 -4 -7 -8 -10 -11 -14 -16 -18 -20 -21 -23 -24 -25 -29 -31 -32 -33 -35 -37 -38 -40 -41 -44 -45 -46 -47 -48 -49 -50 -51 -52 -53 -54 -55 -60 -61 -62 -64 -66 -67 -69 -70 -71 -72 -73 -75 -76 -77 -78 -79 -80 -82 -85 -87 -90 -91 -93 -94 -95 -97 1 3 4 5 6 7 8 9 10 11 12 16 18 19 20 22 24 25 26 27 29 31 32 33 34 35 36 37 38 39 40 42 43 45 47 48 49 51 55 56 59 61 62 63 65 67 68 70 71 72 75 77 78 79 80 82 83 86 90 91 92 94 96 0
-1 -4 -5 -6 -7 -8 -9 -10 -11 -12 -14 -16 -19 -20 -21 -25 -26 -27 -28 -29 -30 -31 -32 -33 -34 -35 -36 -38 -39 -42 -43 -46 -47 -48 -50 -51 -52 -54 -55 -57 -58 -60 -62 -64 -65 -66 -68 -69 -70 -71 -73 -74 -75 -76 -80 -82 -83 -85 -86 -87 -90 -91 -92 -93 -94 -95 -98 1 2 5 6 8 9 10 11 12 16 18 19 22 23 25 27 28 29 30 32 33 36 39 40 41 44 47 49 50 51 52 53 54 55 59 60 61 62 63 64 65 66 68 70 71 72 73 74 75 76 78 80 81 82 85 88 89 91 92 93 95 96 97 0
-1 -4 -5 -6 -7 -8 -10 -11 -12 -13 -14 -16 -18 -19 -21 -22 -25 -26 -27 -29 -31 -32 -33 -34 -35 -36 -41 -42 -44 -45 -46 -47 -48 -50 -53 -54 -58 -59 -62 -63 -64 -66 -67 -68 -69 -70 -71 -72 -74 -76 -77 -79 -80 -81 -82 -87 -88 -89 -90 -92 -93 -94 -96 -97 -98 2 3 4 7 8 9 10 11 12 14 15 16 17 18 21 23 24 25 26 28 29 30 31 32 34 35 36 39 42 43 44 45 46 50 51 52 53 54 55 57 58 59 60 61 64 65 67 68 69 72 74 75 76 77 78 79 81 83 84 85 86 88 89 94 95 96 97 0
-1 -2 -3 -4 -5 -6 -7 -8 -9 -10 -13 -14 -15 -16 -18 -19 -20 -22 -24 -25 -26 -29 -30 -33 -34 -35 -37 -38 -42 -45 -46 -48 -49 -50 -51 -53 -54 -58 -60 -61 -62 -66 -67 -68 -69 -70 -71 -72 -77 -78 -80 -81 -82 -84 -85 -88 -90 -92 -94 -95 -96 -97 1 2 3 4 5 6 7 8 9 11 12 13 14 15 16 19 20 22 24 26 29 31 32 33 34 35 36 37 38 39 40 41 42 43 44 45 48 49 50 51 52 53 56 59 63 64 67 68 69 71 73 74 75 76 77 78 81 82 83 85 86 87 91 92 93 94 96 98 0
-2 -5 -6 -8 -10 -11 -12 -13 -16 -17 -18 -20 -22 -23 -26 -28 -30 -32 -33 -34 -38 -39 -40 -42 -43 -44 -45 -46 -47 -48 -50 -51 -53 -55 -57 -58 -59 -62 -63 -64 -65 -66 -67 -68 -69 -70 -71 -72 -73 -74 -75 -76 -77 -78 -80 -82 -84 -85 -86 -87 -88 -89 -91 -92 -94 -95 -96 -97 2 3 4 5 6 7 9 10 11 13 17 18 19 20 23 24 25 26 27 28 29 30 32 33 34 35 39 40 41 42 44 46 47 49 50 51 52 53 54 55 57 58 61 64 66 67 68 69 70 71 77 78 79 81 82 83 84 85 86 90 91 94 95 98 0
-2 -3 -4 -5 -6 -10 -13 -14 -15 -16 -19 -21 -22 -23 -25 -28 -30 -31 -32 -33 -34 -36 -37 -38 -39 -40 -42 -43 -44 -46 -47 -48 -49 -50 -51 -52 -53 -54 -55 -56 -57 -59 -62 -64 -65 -66 -67 -69 -71 -73 -74 -75 -78 -79 -80 -81 -82 -83 -84 -85 -86 -88 -89 -90 -91 -92 -94 -95 -96 -97 -98 1 2 3 5 6 8 11 12 14 15 19 21 24 25 26 27 28 29 33 34 35 36 37 39 40 42 43 44 45 46 50 51 53 54 56 57 58 59 60 63 65 66 67 68 69 70 73 79 80 81 82 83 87 88 89 91 92 93 94 95 96 97 98 0
-1 -2 -4 -6 -7 -8 -9 -10 -13 -16 -17 -18 -19 -23 -24 -25 -28 -29 -32 -33 -35 -37 -38 -39 -40 -42 -43 -45 -47 -48 -49 -51 -52 -53 -55 -57 -58 -60 -61 -63 -64 -65 -66 -67 -69 -70 -71 -72 -74 -75 -76 -77 -80 -81 -82 -84 -85 -86 -87 -88 -92 -93 -95 1 4 5 6 7 10 11 12 14 15 16 17 21 23 24 29 31 32 35 37 38 39 41 43 44 45 46 47 50 51 56 57 60 61 63 64 66 67 68 69 70 71 72 73 75 77 78 85 86 88 90 91 92 93 94 96 97 98 0
-3 -6 -9 -11 -12 -13 -14 -15 -16 -17 -18 -20 -21 -22 -24 -27 -28 -32 -34 -37 -38 -39 -41 -43 -44 -45 -46 -47 -48 -49 -50 -51 -53 -54 -55 -56 -57 -61 -62 -63 -66 -67 -68 -69 -72 -74 -76 -77 -79 -80 -81 -82 -83 -84 -86 -87 -92 -94 -95 -97 -98 2 5 9 10 12 13 14 15 16 17 18 19 21 24 26 27 28 29 30 32 33 36 37 38 39 40 42 43 44 45 46 48 49 52 54 55 56 57 60 61 63 65 66 67 68 69 70 72 73 74 75 77 78 79 80 81 82 84 85 86 87 88 89 90 91 93 94 96 98 0
-1 -2 -3 -4 -6 -7 -8 -9 -10 -11 -12 -13 -14 -15 -16 -17 -18 -19 -22 -25 -26 -27 -28 -30 -34 -35 -36 -41 -42 -43 -44 -46 -47 -48 -49 -50 -52 -53 -56 -57 -59 -60 -61 -62 -63 -65 -66 -69 -70 -72 -77 -78 -79 -80 -82 -83 -84 -85 -86 -87 -88 -89 -90 -91 -94 -95 -98 4 5 6 7 8 9 10 11 13 16 17 23 24 25 28 29 30 32 33 34 37 39 40 41 42 43 44 45 46 47 50 51 53 54 55 56 58 60 61 62 64 65 66 67 68 69 70 72 73 74 75 78 79 81 82 83 84 86 88 89 90 91 92 96 97 98 0
-2 -3 -4 -5 -6 -7 -9 -10 -11 -13 -14 -15 -17 -18 -19 -20 -25 -26 -27 -29 -34 -36 -37 -39 -40 -41 -42 -43 -45 -46 -50 -51 -53 -54 -55 -56 -57 -58 -59 -60 -61 -64 -65 -66 -67 -69 -70 -71 -72 -73 -74 -75 -76 -77 -79 -82 -83 -84 -85 -88 -89 -92 -94 -95 -97 1 2 3 4 5 7 10 11 12 13 15 17 18 19 20 21 22 23 24 25 26 27 28 31 34 36 40 43 44 45 46 47 49 50 53 54 56 57 58 59 63 64 65 67 69 70 71 72 73 74 75 77 79 80 81 82 85 87 88 90 91 92 94 95 96 97 98 0
-2 -3 -4 -5 -6 -7 -8 -9 -10 -12 -13 -14 -16 -19 -20 -21 -25 -29 -31 -32 -33 -35 -37 -38 -40 -42 -44 -45 -46 -50 -51 -52 -53 -54 -55 -56 -57 -58 -61 -62 -64 -65 -67 -68 -69 -70 -74 -75 -76 -77 -78 -79 -83 -85 -86 -87 -88 -89 -90 -91 -92 -93 -94 -97 -98 1 2 3 4 5 6 7 8 12 13 14 15 16 17 20 23 24 25 26 29 30 31 34 35 36 37 38 39 42 45 46 48 50 51 52 53 54 57 58 60 61 63 64 65 66 68 69 70 71 75 76 81 85 89 90 91 93 95 98 0
-2 -3 -6 -9 -10 -11 -13 -15 -17 -18 -21 -22 -24 -25 -27 -28 -29 -30 -31 -32 -33 -34 -37 -38 -40 -44 -45 -48 -49 -50 -51 -52 -54 -55 -56 -57 -58 -59 -62 -63 -65 -66 -67 -70 -72 -73 -74 -75 -77 -79 -80 -81 -82 -83 -84 -85 -86 -87 -89 -91 -94 -96 2 5 7 8 10 12 13 16 17 18 19 20 21 24 25 26 27 28 31 33 34 37 38 39 42 48 52 53 56 57 59 61 62 63 64 65 66 69 70 74 75 76 80 81 82 85 86 87 88 89 92 93 94 96 98 0
-2 -3 -4 -5 -10 -11 -13 -14 -15 -16 -18 -19 -23 -27 -28 -29 -31 -32 -33 -34 -38 -41 -42 -44 -45 -46 -49 -50 -51 -52 -54 -58 -60 -62 -63 -65 -67 -68 -69 -70 -72 -73 -74 -77 -78 -79 -82 -83 -85 -86 -87 -88 -89 -93 -95 -96 -97 -98 1 2 3 4 6 8 10 15 16 17 19 23 24 27 28 29 30 31 35 36 40 41 43 44 45 46 49 50 52 53 55 56 57 58 60 61 62 64 65 66 67 69 70 72 73 74 75 77 80 81 82 84 87 89 91 92 94 97 98 0
-1 -2 -4 -5 -6 -7 -8 -9 -10 -11 -12 -14 -15 -16 -17 -19 -20 -21 -23 -24 -25 -26 -27 -28 -29 -30 -33 -34 -35 -36 -37 -38 -40 -41 -44 -45 -46 -47 -48 -49 -51 -53 -54 -56 -57 -58 -59 -60 -63 -64 -65 -67 -70 -72 -73 -74 -75 -76 -77 -78 -79 -80 -81 -82 -86 -90 -92 -93 -94 -95 1 2 4 5 8 9 10 11 12 13 14 16 17 19 20 23 24 25 26 27 28 31 34 35 37 39 40 42 43 44 46 47 48 50 51 52 53 54 55 56 58 60 61 62 63 66 67 68 71 72 74 75 77 79 81 82 83 85 86 87 89 90 91 92 95 96 98 0
-1 -3 -5 -6 -7 -8 -9 -10 -11 -12 -14 -16 -17 -18 -22 -23 -24 -25 -27 -28 -29 -31 -33 -36 -37 -38 -39 -40 -42 -43 -44 -47 -48 -50 -51 -52 -53 -54 -55 -56 -57 -60 -61 -62 -63 -65 -68 -69 -70 -71 -72 -73 -74 -75 -76 -77 -78 -80 -81 -82 -83 -84 -85 -87 -90 -91 -92 -93 -94 -95 -96 1 2 3 4 5 6 9 10 11 12 13 18 20 22 23 24 25 27 29 33 35 36 37 38 39 42 43 44 45 47 49 52 53 54 55 56 58 59 60 61 63 64 65 66 67 68 69 70 71 72 73 74 75 78 79 80 81 82 83 86 87 88 92 94 95 96 97 98 0
-1 -2 -3 -5 -7 -8 -9 -10 -11 -12 -13 -14 -15 -16 -22 -26 -27 -28 -30 -31 -32 -34 -35 -36 -37 -38 -39 -40 -41 -43 -46 -48 -49 -50 -51 -52 -53 -54 -56 -57 -58 -59 -61 -63 -66 -67 -68 -70 -71 -73 -76 -77 -79 -81 -82 -84 -85 -86 -88 -90 -92 -93 -94 -95 -96 -97 -98 2 3 4 6 8 10 11 12 15 16 19 22 23 24 25 28 29 30 33 36 37 39 41 42 43 44 45 47 48 50 51 53 54 55 58 59 60 64 65 66 68 70 73 74 75 76 79 80 81 85 88 89 90 91 92 93 95 97 98 0
-1 -3 -4 -5 -7 -8 -9 -10 -11 -13 -14 -15 -17 -18 -19 -20 -23 -25 -26 -27 -28 -29 -31 -32 -34 -35 -36 -38 -40 -41 -42 -43 -44 -45 -46 -47 -48 -49 -50 -51 -52 -54 -58 -59 -60 -61 -63 -64 -65 -66 -67 -68 -69 -70 -71 -73 -75 -76 -77 -78 -81 -82 -85 -86 -89 -90 -91 -96 -97 -98 1 2 3 4 5 7 8 9 11 13 15 16 18 19 20 21 22 23 24 27 28 29 30 31 32 34 35 37 39 40 41 44 45 48 51 53 54 55 56 57 59 60 61 63 67 68 69 71 73 75 78 79 80 83 85 86 87 88 91 92 93 94 95 96 97 98 0
-2 -4 -5 -7 -8 -9 -12 -14 -15 -16 -17 -18 -20 -21 -23 -24 -26 -27 -28 -29 -32 -33 -36 -38 -39 -40 -41 -42 -43 -44 -45 -46 -49 -50 -51 -52 -53 -54 -55 -58 -59 -60 -61 -63 -65 -66 -67 -68 -69 -70 -72 -74 -75 -78 -79 -81 -84 -86 -88 -91 -92 -93 -94 -96 -97 -98 1 5 6 7 10 12 13 14 16 18 21 23 25 26 27 28 29 30 33 35 36 37 40 41 42 43 44 45 46 47 48 49 50 51 52 53 54 55 56 58 59 60 62 63 65 66 67 68 70 72 73 74 75 76 77 79 81 82 83 86 88 89 90 92 93 95 96 98 0
-1 -2 -3 -4 -5 -9 -10 -12 -13 -14 -16 -18 -22 -23 -25 -26 -27 -33 -34 -37 -39 -41 -42 -43 -45 -46 -49 -50 -51 -52 -53 -54 -55 -56 -57 -59 -61 -62 -65 -66 -67 -68 -69 -70 -73 -75 -79 -81 -82 -83 -84 -85 -87 -88 -89 -91 -92 -93 -94 -95 -96 -98 1 2 3 5 7 8 10 11 12 13 14 16 17 19 20 21 22 23 24 26 27 28 29 31 32 35 36 37 38 40 41 43 44 45 46 47 48 49 50 51 52 54 56 57 59 60 62 64 66 68 69 70 71 73 74 75 77 78 80 81 84 86 87 89 90 91 92 93 94 96 98 0
586
99
0 0 0 0 0 0 0 0 0 0 0 0 0 0 0 0 0 0 0 0 0 0 0 0 0 0 0 0 0 0 0 0 0 0 0 0 0 0 0 0 0 0 0 0 0 0 0 0 0 0 0 0 0 0 0 0 0 0 0 0 0 0 0 0 0 0 0 0 0 0 0 0 0 0 0 0 0 0 0 0 0 0 0 0 0 0 0 0 0 0 0 0 0 0 0 0 0 0 1
99
-22 69 0
-69 64 0
-64 2 0
-2 1 0
-1 17 0
-17 70 0
-70 12 0
-12 52 0
-52 41 0
-41 7 0
-7 44 0
-44 91 0
-91 3 0
-3 39 0
-39 43 0
-43 30 0
-30 96 0
-96 79 0
-79 19 0
-19 11 0
-11 73 0
-73 65 0
-65 14 0
-14 32 0
-32 87 0
-87 78 0
-78 50 0
-50 26 0
-26 10 0
-10 29 0
-29 63 0
-63 93 0
-93 72 0
-72 83 0
-83 5 0
-5 46 0
-46 27 0
-27 92 0
-92 24 0
-24 61 0
-61 33 0
-33 88 0
-88 53 0
-53 47 0
-47 58 0
-58 40 0
-40 82 0
-82 6 0
-6 89 0
-89 38 0
-38 20 0
-20 95 0
-95 98 0
-98 8 0
-8 25 0
-25 66 0
-66 49 0
-49 81 0
-81 48 0
-48 21 0
-21 9 0
-9 85 0
-85 55 0
-55 16 0
-16 86 0
-86 35 0
-35 84 0
-84 60 0
-60 59 0
-59 37 0
-37 57 0
-57 54 0
-54 45 0
-45 76 0
-76 77 0
-77 80 0
-80 15 0
-15 74 0
-74 67 0
-67 28 0
-28 34 0
-34 71 0
-71 4 0
-4 68 0
-68 94 0
-94 97 0
-97 51 0
-51 42 0
-42 90 0
-90 13 0
-13 75 0
-75 99 0
-99 36 0
-36 31 0
-31 62 0
-62 56 0
-56 18 0
-18 23 0
-23 22 0
68
99
3354 9881 611 6654 388 4768 5623 6317 9564 3835 5996 129 5657 7257 8385 11 5769 2589 7781 5686 3676 4365 4305 5820 7728 408 2409 2013 6828 2075 7444 156 2130 7942 7639 2234 206 9402 4776 311 9028 294 2194 1925 6489 2403 7269 6336 3456 9580 2096 4843 904 4034 2721 5085 516 1183 9579 9756 5371 202 8426 4744 2417 6650 8243 3739 7814 1822 7744 8144 4525 2155 9530 7202 5568 7816 9255 2710 8898 6199 535 5995 4581 5989 6618 5360 4685 100 7604 8471 3781 5910 3587 26 2625 8974 5104
99
-50 50 0
-6 6 0
-35 35 0
-65 65 0
-47 47 0
-97 97 0
-73 73 0
-68 68 0
-95 95 0
-36 36 0
-49 49 0
-19 19 0
-89 89 0
-9 9 0
-18 18 0
-20 20 0
-17 17 0
-28 28 0
-79 79 0
-3 3 0
-91 91 0
-39 39 0
-88 88 0
-1 1 0
-13 13 0
-66 66 0
-98 98 0
-2 2 0
-69 69 0
-27 27 0
-93 93 0
-11 11 0
-62 62 0
-12 12 0
-67 67 0
-10 10 0
-42 42 0
-87 87 0
-31 31 0
-81 81 0
-58 58 0
-15 15 0
-4 4 0
-46 46 0
-63 63 0
-70 70 0
-80 80 0
-56 56 0
-60 60 0
-59 59 0
-48 48 0
-52 52 0
-64 64 0
-94 94 0
-32 32 0
-21 21 0
-29 29 0
-44 44 0
-57 57 0
-30 30 0
-84 84 0
-51 51 0
-85 85 0
-45 45 0
-37 37 0
-43 43 0
-40 40 0
-41 41 0
-38 38 0
-23 23 0
-74 74 0
-14 14 0
-77 77 0
-75 75 0
-86 86 0
-82 82 0
-71 71 0
-7 7 0
-54 54 0
-90 90 0
-22 22 0
-33 33 0
-25 25 0
-53 53 0
-16 16 0
-99 99 0
-72 72 0
-96 96 0
-26 26 0
-78 78 0
-8 8 0
-61 61 0
-34 34 0
-76 76 0
-55 55 0
-5 5 0
-92 92 0
-83 83 0
-24 24 0
754
99
0 0 0 0 0 0 0 0 0 0 0 0 0 0 0 0 0 0 0 0 0 0 0 0 0 0 0 0 0 0 0 0 0 0 0 0 0 0 0 0 0 0 0 0 0 0 0 0 0 0 0 0 0 0 0 0 0 0 0 0 0 0 0 0 0 0 0 0 0 0 0 0 0 0 0 0 0 0 0 0 0 0 0 0 0 0 0 0 0 0 0 0 0 0 0 0 0 0 4
98
-21 31 0
-31 24 0
-24 8 0
-8 16 0
-16 11 0
-11 40 0
-40 65 0
-65 78 0
-78 7 0
-7 28 0
-28 63 0
-63 51 0
-51 45 0
-45 76 0
-76 77 0
-77 94 0
-94 98 0
-98 79 0
-79 69 0
-69 62 0
-62 54 0
-54 92 0
-92 35 0
-35 52 0
-52 96 0
-96 34 0
-34 15 0
-15 13 0
-13 82 0
-82 93 0
-93 26 0
-26 3 0
-3 5 0
-5 89 0
-89 56 0
-56 95 0
-95 47 0
-47 64 0
-64 86 0
-86 43 0
-43 61 0
-61 68 0
-68 9 0
-9 6 0
-6 10 0
-10 41 0
-41 88 0
-88 44 0
-44 4 0
-4 74 0
-74 30 0
-30 58 0
-58 67 0
-67 27 0
-27 14 0
-14 2 0
-2 39 0
-39 46 0
-46 80 0
-80 73 0
-73 19 0
-19 29 0
-29 71 0
-71 25 0
-25 87 0
-87 59 0
-59 20 0
-20 23 0
-23 66 0
-66 75 0
-75 48 0
-48 50 0
-50 53 0
-53 84 0
-84 60 0
-60 91 0
-91 83 0
-83 12 0
-12 18 0
-18 55 0
-55 90 0
-90 32 0
-32 42 0
-42 1 0
-1 49 0
-49 38 0
-38 72 0
-72 37 0
-37 99 0
-99 85 0
-85 33 0
-33 22 0
-22 36 0
-36 17 0
-17 70 0
-70 81 0
-81 57 0
-57 97 0
926
99
0 0 0 0 0 0 0 0 0 0 0 0 0 0 0 0 0 0 0 0 0 0 0 0 0 0 0 0 0 0 0 0 0 0 0 0 0 0 0 0 0 0 0 0 0 0 0 0 0 0 0 0 0 0 0 0 0 0 0 0 0 0 0 0 0 0 0 0 0 0 0 0 0 0 0 0 0 0 0 0 0 0 0 0 0 0 0 0 0 0 0 0 0 0 0 0 0 0 2
99
-62 66 0
-66 29 0
-29 10 0
-10 55 0
-55 92 0
-92 6 0
-6 65 0
-65 33 0
-33 64 0
-64 63 0
-63 86 0
-86 36 0
-36 93 0
-93 53 0
-53 98 0
-98 97 0
-97 52 0
-52 59 0
-59 73 0
-73 74 0
-74 48 0
-48 56 0
-56 22 0
-22 77 0
-77 14 0
-14 7 0
-7 47 0
-47 27 0
-27 45 0
-45 28 0
-28 72 0
-72 40 0
-40 42 0
-42 99 0
-99 85 0
-85 70 0
-70 54 0
-54 9 0
-9 17 0
-17 4 0
-4 43 0
-43 5 0
-5 39 0
-39 16 0
-16 71 0
-71 24 0
-24 50 0
-50 21 0
-21 32 0
-32 37 0
-37 94 0
-94 76 0
-76 25 0
-25 58 0
-58 61 0
-61 31 0
-31 82 0
-82 41 0
-41 57 0
-57 60 0
-60 81 0
-81 18 0
-18 3 0
-3 46 0
-46 91 0
-91 84 0
-84 68 0
-68 79 0
-79 75 0
-75 51 0
-51 26 0
-26 67 0
-67 30 0
-30 20 0
-20 87 0
-87 12 0
-12 80 0
-80 88 0
-88 13 0
-13 69 0
-69 11 0
-11 90 0
-90 78 0
-78 95 0
-95 49 0
-49 8 0
-8 19 0
-19 15 0
-15 83 0
-83 35 0
-35 44 0
-44 38 0
-38 1 0
-1 2 0
-2 96 0
-96 89 0
-89 23 0
-23 34 0
-34 -34 62 0
971
0
