99
0 0 0 0 0 0 0 0 0 0 0 0 0 0 0 0 0 0 0 0 0 0 0 0 0 0 0 0 0 0 0 0 0 0 0 0 0 0 0 0 0 0 0 0 0 0 0 0 0 0 0 0 0 0 0 0 0 0 0 0 0 0 0 0 0 0 0 0 0 0 0 0 0 0 0 0 0 0 0 0 0 0 0 0 0 0 0 0 0 0 0 0 0 0 0 0 0 0 8340
82
-1 -2 -3 -5 -7 -9 -10 -12 -13 -15 -16 -17 -19 -24 -25 -26 -28 -29 -33 -34 -35 -36 -37 -41 -42 -44 -45 -47 -50 -51 -52 -53 -54 -56 -59 -65 -66 -67 -68 -69 -70 -72 -73 -74 -76 -77 -78 -79 -80 -81 -83 -88 -89 -90 -91 -93 -95 -96 -97 1 3 4 6 7 10 11 17 18 19 21 22 23 24 25 26 27 28 29 30 32 33 34 35 37 38 39 41 44 45 46 51 54 55 56 57 58 60 62 63 64 65 66 67 68 69 71 72 73 75 76 77 80 81 82 87 88 90 94 95 96 98 0
-3 -4 -5 -6 -7 -9 -10 -13 -14 -16 -17 -20 -22 -23 -24 -25 -27 -29 -30 -31 -32 -33 -34 -35 -37 -38 -42 -44 -45 -46 -47 -48 -51 -52 -54 -55 -56 -57 -58 -59 -60 -61 -63 -65 -68 -70 -72 -73 -75 -76 -77 -79 -80 -81 -83 -87 -88 -89 -93 -95 -96 -97 2 3 4 5 6 7 8 9 10 11 12 13 15 17 19 22 27 28 35 36 37 38 39 40 41 43 44 46 47 48 49 50 51 54 55 56 57 59 60 61 63 64 65 67 68 69 70 71 72 73 74 75 77 79 80 82 83 84 86 88 90 91 93 94 95 97 98 0
-1 -2 -3 -6 -7 -8 -9 -10 -12 -13 -14 -16 -17 -18 -19 -20 -21 -24 -26 -28 -31 -33 -34 -35 -36 -37 -38 -39 -40 -44 -45 -47 -48 -49 -50 -53 -54 -55 -57 -59 -61 -62 -63 -65 -66 -67 -68 -70 -72 -73 -74 -75 -76 -77 -82 -84 -85 -86 -87 -88 -89 -90 -92 -93 -94 -96 -98 3 5 8 9 10 11 12 13 14 15 18 19 20 21 22 23 26 27 28 29 30 31 32 33 35 38 39 40 41 43 44 45 47 48 49 50 51 53 54 56 57 58 60 62 65 66 67 68 70 71 72 73 77 78 80 81 82 84 85 86 87 89 90 91 92 94 95 96 98 0
-1 -2 -3 -5 -6 -7 -8 -10 -11 -13 -14 -15 -16 -17 -18 -19 -20 -21 -22 -23 -24 -27 -29 -31 -32 -33 -34 -36 -37 -38 -40 -41 -42 -43 -47 -50 -56 -57 -58 -59 -60 -63 -64 -65 -67 -68 -69 -72 -75 -77 -79 -80 -81 -86 -88 -90 -94 -96 -97 -98 1 3 4 6 7 9 10 11 12 13 14 15 19 21 24 25 26 27 28 29 32 33 35 37 38 39 40 42 44 45 47 49 50 52 53 54 55 57 59 61 62 63 64 65 66 67 68 69 71 74 75 76 77 78 80 82 83 84 85 87 88 89 90 92 93 94 95 97 0
-1 -2 -6 -8 -9 -10 -11 -12 -16 -17 -18 -20 -21 -22 -23 -25 -27 -29 -31 -32 -33 -35 -37 -38 -41 -42 -45 -49 -50 -52 -54 -55 -56 -57 -58 -59 -60 -61 -63 -64 -65 -67 -68 -69 -70 -71 -73 -74 -77 -78 -79 -80 -81 -82 -85 -87 -88 -89 -91 -92 -94 -95 -96 -97 -98 1 2 3 4 5 6 8 9 13 14 17 18 20 21 23 24 25 26 27 28 29 30 32 34 35 36 37 39 40 42 44 45 46 49 52 53 54 56 57 58 59 60 63 65 66 67 68 69 70 73 74 76 77 79 80 81 83 84 85 86 87 89 90 91 94 95 96 97 98 0
-3 -4 -9 -12 -15 -16 -20 -22 -23 -24 -27 -31 -32 -33 -34 -35 -36 -37 -38 -39 -40 -41 -42 -43 -44 -46 -49 -50 -51 -52 -54 -55 -56 -57 -58 -60 -62 -63 -67 -68 -69 -70 -71 -72 -74 -75 -76 -77 -78 -80 -82 -85 -87 -88 -89 -90 -91 -92 -93 -94 -97 -98 1 3 4 6 8 9 10 12 13 14 18 20 21 22 23 25 27 28 29 30 32 33 34 35 37 39 40 41 42 43 44 47 48 49 50 51 53 55 56 57 58 59 60 61 64 66 68 69 70 72 75 78 79 80 81 82 85 86 90 91 93 94 95 97 0
-1 -2 -3 -5 -6 -7 -8 -9 -10 -11 -15 -16 -17 -18 -19 -21 -22 -23 -24 -25 -26 -27 -29 -30 -31 -32 -33 -34 -35 -36 -38 -39 -41 -42 -43 -45 -46 -48 -53 -57 -58 -60 -62 -63 -64 -67 -69 -70 -71 -72 -73 -75 -76 -77 -78 -79 -80 -84 -85 -88 -89 -91 -93 -94 -96 -97 2 3 4 5 7 8 9 10 11 13 14 15 16 17 18 19 21 23 25 26 27 28 29 32 35 39 40 41 43 44 45 47 48 49 50 51 52 53 54 56 58 59 60 61 62 63 64 65 66 67 68 69 71 74 76 78 79 80 81 82 83 85 86 87 88 89 91 92 93 94 95 97 98 0
-5 -7 -9 -11 -12 -14 -15 -16 -17 -19 -20 -22 -23 -25 -27 -29 -30 -31 -32 -35 -36 -38 -39 -41 -43 -45 -47 -49 -50 -52 -53 -54 -56 -60 -62 -63 -64 -65 -67 -72 -73 -74 -75 -77 -78 -80 -81 -82 -84 -85 -87 -91 -92 -93 -94 -95 -96 -97 -98 1 2 3 4 6 7 9 10 14 15 18 19 20 22 23 24 25 26 27 29 30 31 32 34 35 36 38 39 40 41 42 43 44 45 46 47 48 49 50 52 53 54 55 56 59 60 61 62 63 64 65 66 67 68 70 71 73 74 75 76 78 79 83 84 85 86 87 88 90 91 92 95 0
-1 -4 -5 -6 -7 -8 -10 -11 -13 -14 -15 -16 -19 -20 -21 -22 -24 -25 -26 -28 -30 -31 -32 -34 -36 -37 -38 -39 -40 -41 -42 -43 -45 -46 -47 -48 -49 -50 -51 -52 -53 -56 -58 -59 -62 -65 -68 -69 -75 -76 -77 -78 -79 -80 -82 -83 -85 -86 -87 -88 -89 -90 -91 -92 -93 -95 -97 -98 2 3 4 5 7 8 9 10 14 16 18 22 23 25 26 27 28 29 30 31 32 33 35 36 37 38 39 40 43 44 45 48 49 50 52 56 58 60 61 62 63 65 66 68 69 70 72 74 75 77 78 80 82 83 84 85 86 87 88 89 92 93 94 97 98 0
-1 -2 -3 -4 -6 -9 -10 -13 -14 -15 -16 -17 -18 -19 -20 -21 -22 -23 -24 -25 -27 -28 -29 -31 -32 -33 -34 -35 -36 -39 -40 -41 -43 -44 -45 -46 -47 -48 -49 -51 -52 -55 -61 -63 -64 -65 -66 -67 -68 -70 -71 -72 -74 -75 -76 -77 -78 -79 -80 -81 -84 -85 -86 -87 -88 -90 -91 -92 -94 -96 -97 2 3 5 7 8 11 14 15 16 17 18 20 21 22 23 25 27 28 29 30 31 32 33 34 35 36 38 41 42 43 44 45 47 48 50 53 54 56 57 59 60 61 65 66 67 68 70 71 72 73 74 75 76 77 78 79 81 82 84 85 86 87 88 89 90 93 94 95 97 98 0
-1 -3 -4 -5 -6 -7 -8 -9 -10 -11 -12 -13 -14 -15 -19 -20 -21 -23 -24 -25 -26 -27 -28 -29 -30 -31 -32 -33 -34 -35 -37 -38 -41 -44 -45 -46 -47 -49 -50 -51 -52 -53 -54 -56 -57 -58 -60 -61 -62 -63 -65 -66 -68 -69 -70 -71 -73 -74 -75 -76 -78 -79 -80 -81 -82 -83 -84 -86 -87 -88 -90 -91 -92 -93 2 5 7 8 9 11 12 14 15 16 18 20 21 23 25 26 27 28 29 31 33 34 35 36 37 38 40 41 43 44 45 47 48 49 50 52 61 62 63 67 69 70 71 72 75 76 79 80 81 82 84 87 89 91 92 93 94 96 98 0
-1 -2 -3 -4 -7 -8 -10 -13 -14 -15 -16 -19 -20 -23 -24 -25 -26 -27 -29 -30 -32 -33 -34 -36 -37 -38 -42 -43 -44 -45 -46 -49 -50 -52 -53 -55 -57 -58 -59 -61 -63 -64 -65 -68 -69 -70 -71 -72 -74 -75 -76 -79 -80 -81 -83 -84 -85 -87 -88 -90 -91 -92 -95 -96 -97 -98 2 5 6 9 10 11 14 15 16 18 20 21 22 23 25 26 27 29 30 32 33 35 39 40 43 44 45 47 48 49 50 52 53 54 55 57 60 61 62 63 64 65 66 67 69 70 71 72 73 74 75 80 82 83 85 87 88 91 92 93 94 95 97 98 0
-1 -2 -4 -6 -7 -8 -9 -11 -12 -14 -16 -17 -19 -21 -22 -23 -24 -25 -26 -29 -30 -31 -32 -34 -35 -36 -37 -38 -41 -42 -43 -44 -45 -46 -48 -49 -51 -52 -53 -56 -57 -58 -63 -65 -66 -68 -69 -70 -72 -73 -74 -75 -78 -82 -83 -84 -85 -88 -92 -93 -94 -97 2 3 4 5 6 7 8 9 10 11 12 13 14 15 16 17 18 19 20 23 24 27 28 30 32 34 38 39 41 45 46 47 48 49 50 52 56 57 58 59 60 61 63 64 65 68 70 72 73 74 75 76 77 78 79 80 83 84 85 88 89 90 91 92 93 98 0
-1 -2 -3 -4 -5 -6 -7 -8 -9 -10 -13 -14 -15 -16 -17 -18 -19 -22 -23 -25 -27 -28 -29 -30 -31 -33 -35 -36 -37 -38 -39 -40 -41 -42 -44 -45 -46 -48 -50 -54 -55 -56 -57 -58 -59 -60 -62 -64 -65 -68 -69 -73 -74 -75 -76 -78 -79 -80 -81 -82 -83 -84 -86 -87 -93 -94 -95 -98 1 2 3 4 7 9 10 11 12 13 15 16 17 18 19 20 22 23 24 26 27 28 29 30 32 34 35 37 38 39 41 42 44 45 50 53 54 55 56 57 60 61 64 66 67 68 70 71 72 75 76 77 79 80 81 83 84 88 89 91 93 94 97 98 0
-1 -2 -4 -5 -7 -8 -9 -10 -12 -13 -14 -16 -18 -19 -21 -23 -25 -26 -30 -35 -36 -37 -39 -45 -46 -48 -49 -50 -51 -53 -54 -55 -57 -59 -60 -62 -63 -64 -65 -66 -67 -69 -70 -71 -75 -76 -77 -78 -81 -82 -83 -85 -86 -87 -88 -90 -91 -93 -94 -95 -97 1 4 5 10 11 12 13 14 15 17 18 20 21 23 24 26 28 29 30 31 35 36 37 38 39 41 42 44 45 47 48 50 51 52 53 56 57 58 63 66 68 70 72 73 75 76 77 78 79 81 82 84 85 86 88 89 90 91 93 94 96 98 0
-2 -3 -7 -8 -10 -11 -12 -13 -15 -17 -18 -21 -22 -23 -24 -25 -26 -27 -28 -29 -31 -33 -34 -35 -36 -40 -41 -42 -43 -45 -46 -47 -48 -49 -54 -55 -57 -58 -59 -60 -61 -62 -63 -64 -67 -68 -69 -70 -71 -74 -76 -80 -82 -83 -84 -85 -86 -87 -88 -90 -93 -94 -95 -96 -97 -98 1 2 3 5 6 7 8 9 10 12 13 14 21 23 24 26 27 28 30 32 33 34 35 36 37 38 39 41 44 45 47 48 50 51 52 53 55 56 57 61 62 64 65 66 67 69 70 71 72 73 74 75 76 77 78 79 80 81 82 85 87 88 89 92 93 94 95 96 97 98 0
-2 -3 -4 -5 -6 -7 -8 -10 -11 -12 -14 -15 -16 -17 -18 -19 -22 -23 -24 -25 -27 -28 -29 -30 -31 -34 -35 -36 -37 -38 -39 -41 -43 -44 -45 -46 -47 -48 -50 -53 -54 -55 -56 -57 -59 -60 -61 -62 -63 -65 -67 -68 -69 -70 -73 -74 -75 -77 -80 -81 -82 -84 -85 -87 -88 -89 -90 -93 -94 -96 -98 1 2 3 6 7 8 9 10 11 12 13 17 18 20 21 22 23 24 26 27 28 29 30 31 32 35 36 37 38 39 41 42 43 45 46 48 49 50 51 52 53 54 55 57 60 62 64 65 66 67 68 70 71 74 75 76 78 81 82 84 85 87 88 89 90 91 93 94 95 96 97 98 0
-1 -2 -3 -4 -8 -10 -11 -13 -14 -15 -16 -17 -18 -19 -20 -21 -23 -24 -25 -26 -27 -30 -32 -33 -34 -35 -38 -39 -42 -44 -45 -49 -51 -53 -54 -56 -57 -58 -59 -60 -61 -62 -64 -67 -68 -69 -70 -71 -72 -73 -75 -76 -78 -79 -84 -85 -89 -90 -91 -92 -94 -95 -96 1 2 3 4 5 6 8 9 10 13 14 15 16 17 18 19 21 22 23 25 28 29 30 31 32 34 36 37 38 39 40 41 43 44 45 46 48 54 57 58 59 60 61 62 64 65 66 69 70 74 75 76 81 82 85 88 90 91 93 95 97 98 0
-1 -2 -4 -5 -6 -7 -8 -10 -14 -16 -17 -18 -20 -23 -25 -26 -27 -28 -29 -33 -35 -36 -37 -38 -39 -40 -41 -44 -46 -48 -50 -53 -54 -57 -58 -60 -61 -62 -63 -64 -65 -66 -67 -70 -71 -73 -74 -76 -77 -79 -81 -85 -87 -90 -94 -95 -96 -97 -98 2 3 4 5 6 8 9 14 15 17 18 19 20 22 23 24 25 26 28 29 30 31 36 37 38 41 42 43 44 45 46 48 49 52 53 54 55 56 57 58 60 61 62 65 67 69 71 72 73 74 77 78 79 80 82 84 86 87 88 89 91 92 93 95 96 97 98 0
-1 -2 -5 -6 -8 -9 -10 -11 -12 -14 -15 -16 -17 -18 -19 -20 -21 -23 -24 -25 -26 -27 -28 -29 -31 -32 -33 -34 -35 -36 -37 -38 -40 -41 -42 -43 -45 -46 -48 -50 -51 -53 -56 -57 -58 -59 -60 -61 -63 -64 -65 -67 -68 -71 -73 -74 -78 -79 -81 -82 -83 -87 -88 -89 -90 -92 -93 -95 -96 -97 -98 1 2 6 7 8 9 10 11 14 17 18 19 20 21 24 25 26 27 28 31 32 33 37 38 39 40 41 42 44 45 46 47 49 50 51 52 53 54 55 57 58 59 60 62 63 65 66 68 70 71 72 73 74 80 81 82 83 84 86 87 88 89 91 92 93 94 95 98 0
-1 -2 -4 -5 -6 -7 -9 -10 -11 -12 -13 -14 -15 -19 -20 -22 -23 -24 -26 -27 -29 -30 -32 -35 -36 -38 -39 -40 -41 -42 -43 -45 -46 -47 -49 -50 -53 -54 -55 -56 -57 -58 -60 -61 -62 -63 -64 -65 -66 -67 -68 -69 -70 -71 -72 -74 -75 -76 -78 -79 -83 -84 -85 -86 -88 -89 -90 -93 -95 -96 1 2 3 5 6 8 9 10 12 13 14 16 20 21 23 24 25 27 28 29 32 33 35 36 37 38 39 40 41 42 43 44 45 46 48 49 50 51 52 53 54 55 57 58 59 60 61 63 64 65 68 70 72 76 77 79 80 81 82 83 84 88 89 90 91 93 96 97 0
-1 -3 -4 -5 -6 -8 -9 -10 -11 -12 -13 -14 -15 -16 -18 -19 -20 -21 -22 -23 -25 -27 -28 -29 -30 -31 -32 -33 -35 -39 -41 -44 -47 -48 -49 -52 -53 -55 -57 -62 -65 -67 -69 -70 -72 -75 -77 -78 -79 -80 -81 -82 -84 -85 -86 -89 -90 -92 -93 -94 -95 -96 -97 3 6 7 9 11 12 13 15 16 17 19 20 21 22 23 24 28 29 30 31 34 36 37 38 39 41 42 44 46 47 48 49 52 55 56 57 58 59 60 61 62 63 64 65 66 67 68 69 70 71 73 74 75 77 78 79 80 81 83 88 92 94 95 96 98 0
-1 -2 -3 -4 -5 -8 -10 -13 -15 -18 -23 -24 -25 -26 -27 -29 -31 -33 -34 -35 -36 -37 -38 -39 -40 -41 -42 -43 -44 -45 -46 -47 -49 -50 -51 -53 -55 -56 -57 -58 -59 -61 -63 -65 -66 -67 -70 -71 -72 -73 -76 -77 -78 -79 -80 -81 -82 -84 -86 -88 -91 -94 -95 -96 2 5 9 10 11 12 13 15 17 18 19 20 21 24 25 26 27 28 29 30 31 33 36 37 38 40 41 45 48 49 50 51 53 54 55 56 57 58 59 60 61 62 63 65 66 67 70 71 72 74 75 76 77 78 80 81 84 85 86 87 89 90 91 92 93 94 95 97 98 0
-1 -2 -3 -4 -6 -7 -8 -9 -10 -11 -12 -13 -14 -16 -17 -18 -19 -21 -22 -23 -25 -26 -28 -29 -30 -31 -32 -33 -34 -36 -37 -39 -41 -42 -43 -44 -46 -47 -48 -49 -50 -51 -52 -53 -54 -55 -56 -57 -59 -60 -62 -63 -64 -65 -67 -68 -69 -70 -71 -74 -76 -78 -79 -80 -81 -82 -83 -84 -85 -86 -88 -89 -90 -93 -94 -96 -97 -98 1 5 6 7 9 10 12 13 14 15 16 17 18 19 20 22 23 26 27 28 29 30 32 33 34 36 38 39 40 41 42 44 46 47 50 51 52 54 55 56 59 60 62 63 65 66 67 68 69 71 73 74 75 77 78 79 83 85 86 88 91 94 95 97 98 0
-1 -3 -5 -6 -7 -9 -11 -12 -13 -14 -15 -16 -17 -18 -20 -21 -22 -23 -24 -25 -28 -32 -33 -34 -36 -39 -40 -41 -43 -44 -45 -46 -47 -48 -49 -50 -51 -52 -54 -56 -57 -58 -59 -60 -61 -63 -65 -66 -67 -68 -69 -70 -72 -73 -74 -75 -76 -78 -79 -82 -83 -85 -86 -87 -89 -90 -91 -95 -96 2 3 4 6 7 9 11 12 13 14 15 17 18 19 20 24 27 28 30 33 35 36 37 40 43 44 45 48 49 52 53 56 58 59 60 61 63 66 67 69 71 72 74 77 78 80 82 83 85 86 87 88 89 91 92 93 94 96 98 0
-1 -3 -5 -6 -7 -8 -9 -12 -16 -17 -18 -19 -20 -22 -23 -24 -25 -26 -28 -29 -30 -31 -33 -34 -36 -37 -39 -40 -41 -43 -44 -46 -47 -48 -49 -51 -52 -53 -54 -55 -57 -59 -62 -63 -64 -65 -68 -69 -70 -71 -72 -73 -74 -77 -80 -83 -84 -86 -87 -88 -90 -91 -93 -94 -95 -96 -98 2 3 4 5 6 8 10 12 13 14 15 17 19 20 21 24 25 26 27 28 31 33 34 35 36 37 38 39 40 41 42 43 44 45 46 47 48 49 50 51 52 53 54 56 57 59 60 61 62 63 67 68 69 70 71 72 73 74 75 78 79 81 82 83 84 85 86 90 91 92 94 95 97 98 0
-1 -4 -5 -6 -8 -9 -10 -11 -13 -15 -18 -22 -24 -25 -27 -28 -30 -31 -32 -33 -35 -38 -43 -44 -45 -47 -48 -49 -50 -51 -53 -54 -55 -56 -57 -58 -59 -60 -61 -63 -65 -67 -68 -70 -74 -76 -77 -78 -79 -80 -82 -83 -84 -88 -89 -90 -91 -92 -96 -97 -98 1 2 3 4 5 6 7 8 9 11 12 13 15 16 18 19 20 21 22 26 27 31 32 33 34 35 38 40 41 42 43 44 45 48 49 50 52 53 54 55 58 59 60 61 62 63 65 66 67 68 71 73 75 76 77 78 81 82 83 85 87 91 92 93 94 95 96 97 0
-1 -2 -3 -4 -6 -7 -8 -9 -10 -15 -16 -17 -18 -19 -20 -21 -24 -25 -27 -28 -33 -34 -35 -37 -38 -40 -42 -45 -46 -47 -48 -49 -50 -52 -53 -54 -57 -58 -59 -60 -62 -64 -65 -66 -67 -69 -70 -71 -74 -76 -77 -78 -79 -80 -82 -83 -85 -87 -88 -89 -90 -92 -94 -95 -96 -97 2 3 4 6 8 9 11 13 14 15 16 17 18 20 21 22 23 24 27 28 31 32 33 35 37 38 39 40 41 43 45 46 47 48 49 50 51 52 53 54 55 56 57 58 59 61 62 64 65 66 68 70 74 75 76 81 82 84 85 86 87 90 91 92 95 96 97 98 0
-1 -2 -5 -6 -7 -8 -9 -11 -12 -13 -15 -16 -17 -19 -20 -22 -23 -27 -28 -29 -30 -31 -32 -33 -36 -37 -38 -41 -43 -44 -45 -46 -47 -50 -51 -53 -54 -55 -56 -57 -59 -60 -61 -62 -65 -70 -72 -73 -74 -75 -76 -79 -81 -82 -83 -85 -87 -88 -89 -90 -97 1 2 3 4 5 6 8 9 10 11 12 13 14 15 16 17 18 19 20 21 22 24 25 29 32 33 36 37 38 39 40 41 42 44 46 47 48 49 51 52 53 54 55 56 57 58 59 60 62 63 64 66 67 70 73 74 75 76 79 80 81 83 84 85 86 89 90 91 93 94 95 96 97 98 0
-2 -3 -4 -5 -6 -7 -13 -15 -16 -18 -21 -22 -23 -24 -25 -26 -27 -28 -30 -31 -34 -35 -36 -38 -39 -41 -43 -44 -45 -46 -47 -49 -51 -53 -54 -56 -57 -58 -60 -61 -64 -65 -66 -67 -68 -69 -70 -73 -74 -75 -76 -78 -79 -81 -82 -83 -85 -88 -90 -92 -93 -94 -95 -96 -97 -98 2 3 4 6 8 9 10 13 14 16 17 19 21 22 23 26 27 28 30 31 33 34 36 38 40 41 42 45 46 47 48 50 51 52 53 54 55 56 57 58 59 61 62 63 65 66 67 70 71 72 74 78 79 81 82 83 85 87 89 93 94 97 98 0
-1 -2 -4 -5 -6 -8 -10 -12 -13 -14 -15 -16 -17 -18 -19 -22 -23 -24 -25 -27 -29 -30 -31 -32 -33 -34 -35 -36 -37 -39 -40 -41 -45 -46 -48 -50 -51 -53 -54 -55 -58 -59 -62 -63 -64 -65 -68 -69 -71 -72 -73 -74 -77 -81 -84 -85 -86 -87 -88 -90 -91 -92 -93 -94 -95 -98 1 3 4 7 8 9 10 11 12 13 16 17 18 19 21 22 23 24 25 27 29 30 31 32 34 35 36 37 39 41 42 44 45 46 47 50 51 52 53 55 57 59 60 61 62 63 64 65 66 67 69 70 71 73 74 75 76 78 79 80 83 84 85 86 87 88 89 90 91 92 95 97 0
-1 -2 -7 -8 -9 -10 -11 -16 -17 -19 -21 -22 -26 -27 -28 -29 -30 -35 -36 -37 -38 -39 -40 -41 -43 -44 -45 -47 -48 -49 -50 -52 -53 -54 -55 -59 -61 -62 -63 -64 -65 -66 -68 -69 -70 -72 -74 -76 -77 -78 -79 -81 -83 -84 -85 -86 -88 -89 -92 -94 -95 -96 -98 1 3 5 6 7 8 9 10 12 13 14 16 18 20 21 22 23 24 26 27 28 29 30 31 32 33 35 37 39 40 43 45 46 47 48 50 51 53 54 55 56 57 60 62 63 68 69 70 71 74 76 77 79 80 81 82 83 84 85 87 88 89 90 91 92 93 94 97 98 0
-1 -2 -3 -4 -5 -6 -7 -8 -9 -13 -14 -15 -17 -18 -19 -20 -23 -24 -26 -27 -29 -31 -33 -34 -35 -40 -42 -43 -44 -45 -46 -47 -48 -49 -50 -51 -52 -53 -54 -55 -57 -58 -59 -61 -62 -64 -65 -66 -68 -70 -72 -73 -75 -76 -78 -79 -80 -81 -85 -86 -87 -88 -89 -91 -92 -93 -94 -95 -97 3 4 5 8 9 10 11 12 17 18 19 20 21 23 24 25 26 27 28 31 32 34 37 39 40 41 42 43 44 45 47 49 50 51 53 54 56 58 59 60 61 62 64 65 66 68 69 70 71 72 73 75 76 79 82 84 86 87 88 89 91 92 93 95 96 0
-2 -3 -6 -7 -8 -10 -11 -12 -13 -14 -15 -16 -17 -18 -19 -20 -21 -22 -23 -24 -25 -27 -28 -29 -30 -31 -34 -40 -43 -44 -45 -46 -47 -49 -50 -55 -56 -58 -60 -62 -63 -64 -65 -66 -67 -70 -71 -72 -73 -74 -76 -77 -79 -82 -83 -85 -86 -90 -91 -92 -93 -96 -97 -98 1 2 4 6 8 9 10 11 13 15 16 18 20 21 24 25 26 27 29 30 31 33 36 38 39 40 43 44 45 48 50 51 52 53 55 56 57 58 59 60 61 62 63 65 68 69 74 75 76 77 79 80 83 84 86 87 88 92 94 95 97 0
-1 -2 -3 -4 -6 -8 -9 -11 -12 -13 -14 -15 -16 -17 -18 -20 -21 -25 -26 -27 -28 -29 -32 -33 -34 -37 -38 -39 -41 -42 -43 -45 -47 -50 -51 -53 -54 -56 -57 -59 -60 -61 -63 -64 -65 -66 -67 -68 -70 -73 -75 -77 -78 -79 -80 -81 -83 -84 -85 -86 -92 -93 -94 -95 -98 3 4 8 9 10 11 12 13 14 15 18 19 21 22 23 24 25 26 27 30 34 36 37 39 41 42 43 46 49 53 55 56 57 59 63 64 66 69 70 71 72 73 74 77 78 81 82 83 84 85 86 87 88 89 90 91 93 95 98 0
-2 -3 -4 -6 -9 -11 -13 -14 -15 -16 -17 -18 -20 -21 -22 -23 -25 -26 -27 -30 -33 -35 -40 -41 -42 -44 -45 -46 -47 -48 -49 -50 -51 -55 -57 -58 -60 -61 -62 -63 -64 -67 -70 -71 -72 -74 -77 -79 -80 -85 -86 -87 -88 -89 -90 -91 -94 -96 -97 -98 1 2 3 4 5 7 12 15 17 18 19 20 21 25 26 27 30 31 32 33 34 35 36 37 38 39 40 42 43 49 51 52 53 54 55 57 60 61 64 67 69 70 71 72 74 76 77 78 79 80 81 83 84 85 86 89 90 91 92 94 95 97 98 0
-1 -2 -3 -4 -5 -7 -8 -10 -11 -13 -14 -15 -17 -18 -19 -20 -22 -24 -25 -27 -29 -31 -32 -33 -34 -35 -37 -39 -40 -41 -42 -43 -44 -49 -50 -51 -52 -53 -54 -59 -60 -63 -65 -66 -68 -69 -70 -71 -75 -76 -78 -80 -81 -82 -84 -85 -86 -87 -89 -91 -94 -95 -97 -98 3 4 5 6 7 9 10 11 12 13 16 17 20 22 23 25 26 27 29 31 32 33 34 35 36 38 40 43 44 45 46 48 49 50 51 54 55 56 57 58 59 61 62 63 66 67 69 71 72 73 75 76 78 79 80 82 83 84 85 86 87 90 93 94 97 98 0
-2 -3 -4 -7 -8 -9 -10 -11 -12 -13 -15 -16 -17 -18 -20 -21 -25 -26 -27 -29 -30 -32 -33 -34 -38 -39 -44 -45 -47 -50 -51 -52 -53 -54 -56 -59 -62 -64 -66 -68 -69 -71 -72 -73 -74 -75 -76 -78 -79 -80 -82 -83 -84 -85 -86 -88 -89 -90 -91 -92 -93 -95 -96 -97 -98 2 5 6 7 8 9 10 11 12 13 15 17 20 21 22 23 24 25 26 28 29 30 31 32 33 36 37 38 40 41 42 43 44 45 48 49 51 52 53 54 56 57 59 61 62 63 66 67 68 70 71 72 75 76 78 79 80 81 82 84 85 87 89 91 92 94 95 0
-1 -3 -4 -5 -6 -9 -10 -11 -15 -17 -18 -19 -20 -21 -22 -23 -25 -26 -27 -28 -29 -32 -34 -35 -36 -37 -39 -41 -43 -44 -46 -49 -50 -53 -55 -56 -57 -58 -59 -61 -62 -66 -67 -68 -69 -70 -73 -74 -75 -76 -77 -79 -80 -83 -84 -85 -86 -89 -91 -92 -93 -94 -95 2 10 12 19 20 21 22 23 24 25 26 27 28 29 30 33 35 36 39 42 43 44 45 46 47 49 50 51 53 55 58 59 60 64 65 67 68 69 70 71 72 73 74 76 78 79 80 81 82 83 84 86 87 88 89 90 92 93 96 97 0
-2 -9 -10 -13 -14 -15 -18 -20 -25 -28 -30 -31 -32 -33 -34 -38 -39 -40 -43 -44 -46 -47 -48 -49 -50 -52 -54 -56 -58 -59 -61 -62 -63 -64 -65 -67 -68 -70 -72 -74 -75 -76 -77 -78 -79 -80 -81 -83 -84 -87 -88 -89 -91 -92 -93 -94 -95 -98 1 2 3 5 8 11 12 14 15 18 19 21 22 23 24 25 29 30 31 32 35 36 37 38 39 40 41 44 46 47 49 50 51 53 54 55 57 60 61 62 66 67 69 70 73 75 76 77 79 80 81 82 84 85 87 88 89 90 91 92 94 96 98 0
-1 -4 -8 -9 -10 -11 -13 -14 -15 -17 -18 -19 -21 -22 -24 -25 -26 -27 -28 -29 -30 -32 -33 -35 -36 -38 -40 -41 -42 -44 -46 -50 -52 -54 -55 -56 -58 -59 -60 -61 -62 -63 -64 -66 -68 -71 -72 -73 -74 -75 -78 -80 -81 -82 -85 -86 -87 -88 -91 -93 -94 -96 -97 2 5 7 8 11 12 13 14 15 16 20 23 25 29 31 32 34 36 37 38 39 41 48 49 50 51 56 58 60 62 64 66 69 70 72 73 74 75 76 77 78 80 81 82 83 84 89 90 91 92 94 95 96 97 98 0
-1 -2 -3 -5 -9 -11 -12 -13 -15 -16 -19 -20 -22 -23 -24 -25 -26 -28 -29 -30 -32 -33 -34 -37 -39 -40 -45 -47 -48 -49 -50 -52 -53 -55 -56 -57 -58 -59 -61 -62 -63 -64 -67 -68 -69 -70 -71 -72 -73 -74 -76 -77 -78 -79 -81 -82 -83 -84 -85 -87 -88 -90 -91 -92 -93 -94 -97 -98 1 2 3 4 5 7 10 14 16 18 19 20 21 22 23 24 25 26 27 29 30 31 33 36 38 39 41 42 44 45 47 48 49 51 52 53 56 57 58 59 62 64 67 68 69 70 71 72 73 74 75 76 78 80 83 86 87 89 90 92 93 97 98 0
-1 -2 -3 -4 -5 -7 -9 -12 -14 -15 -17 -20 -22 -23 -24 -27 -28 -29 -30 -32 -33 -34 -37 -38 -40 -41 -42 -43 -44 -46 -47 -49 -50 -52 -53 -56 -58 -61 -63 -65 -66 -69 -70 -72 -73 -74 -76 -77 -78 -79 -80 -81 -82 -83 -85 -86 -88 -89 -90 -91 -93 -98 1 2 3 4 5 6 7 8 9 10 11 13 14 15 16 17 18 19 20 26 29 33 34 35 36 37 38 39 40 41 42 43 46 47 48 49 50 52 54 56 57 58 59 61 64 65 68 69 70 71 73 75 76 77 82 83 84 85 86 89 91 93 94 95 96 97 98 0
-1 -3 -5 -7 -8 -9 -10 -13 -14 -15 -16 -17 -19 -20 -21 -22 -25 -27 -28 -29 -30 -31 -32 -33 -34 -35 -36 -38 -39 -40 -41 -42 -43 -45 -47 -48 -49 -50 -51 -52 -54 -58 -59 -60 -61 -63 -64 -65 -66 -69 -70 -71 -72 -74 -79 -82 -83 -85 -86 -87 -88 -92 -93 -95 -96 -98 1 2 4 5 6 8 10 11 14 19 23 24 25 26 27 28 29 30 31 32 33 36 37 40 41 42 45 49 51 52 53 54 55 57 60 61 62 63 65 67 71 72 73 74 75 76 78 84 85 87 88 91 93 95 96 98 0
-1 -3 -4 -5 -6 -7 -10 -12 -13 -15 -16 -17 -18 -19 -20 -21 -22 -23 -26 -29 -31 -32 -33 -34 -35 -36 -37 -38 -39 -40 -41 -45 -46 -47 -49 -52 -53 -54 -57 -58 -60 -61 -62 -63 -64 -66 -67 -68 -71 -73 -74 -75 -76 -77 -79 -80 -81 -83 -84 -85 -86 -89 -90 -91 -92 -94 -95 -96 -98 1 2 3 4 5 6 7 9 11 13 16 17 18 19 20 21 22 24 27 30 31 32 33 34 35 38 39 40 42 43 44 45 48 49 50 53 54 56 57 59 60 61 63 64 65 69 70 71 73 75 78 79 80 81 82 84 85 88 90 91 92 93 95 96 98 0
-2 -4 -5 -6 -7 -8 -9 -10 -11 -12 -13 -15 -16 -17 -19 -20 -21 -22 -23 -24 -25 -27 -31 -34 -35 -36 -37 -38 -39 -41 -42 -43 -44 -47 -49 -50 -51 -52 -53 -54 -55 -57 -58 -59 -60 -61 -63 -65 -67 -72 -74 -75 -76 -77 -79 -80 -81 -82 -83 -85 -87 -88 -89 -91 -92 -93 -94 -96 -98 1 3 4 5 8 9 11 12 13 14 19 24 25 27 28 29 30 32 34 37 38 39 40 41 43 44 47 50 51 52 53 55 56 57 58 60 61 62 64 65 66 67 69 70 71 74 76 77 80 81 83 84 85 86 88 89 90 96 97 98 0
-2 -4 -7 -8 -12 -13 -14 -15 -16 -18 -19 -20 -21 -22 -24 -25 -26 -27 -28 -29 -33 -37 -39 -40 -41 -43 -44 -45 -46 -47 -49 -50 -51 -53 -54 -55 -56 -58 -60 -61 -62 -63 -64 -67 -68 -69 -70 -72 -73 -74 -75 -77 -80 -81 -82 -83 -85 -87 -88 -89 -90 -91 -92 -93 -95 -97 -98 1 3 4 5 8 10 11 12 13 14 15 16 17 19 21 22 23 24 25 27 32 33 34 35 36 37 39 40 41 43 44 47 48 49 51 52 55 57 58 60 61 62 63 64 67 68 69 70 71 72 73 74 75 76 77 78 79 80 81 82 83 84 85 86 88 89 90 91 93 95 96 98 0
-1 -2 -5 -6 -7 -8 -9 -12 -13 -14 -15 -19 -23 -25 -26 -27 -28 -29 -30 -31 -32 -35 -39 -43 -45 -46 -47 -48 -50 -51 -52 -53 -55 -56 -57 -58 -59 -60 -61 -62 -63 -64 -65 -68 -69 -72 -75 -77 -78 -79 -80 -81 -84 -88 -89 -91 -92 -93 -94 -95 -96 -97 -98 1 2 3 4 5 7 9 10 13 15 16 17 18 19 20 21 23 24 25 26 28 29 31 32 34 35 40 41 42 45 46 47 49 50 51 56 57 58 60 61 63 64 65 66 67 72 73 74 75 76 77 80 81 82 84 86 87 88 89 90 91 93 94 96 97 98 0
-2 -3 -4 -6 -7 -8 -9 -11 -12 -13 -16 -19 -22 -25 -26 -29 -30 -34 -35 -37 -38 -42 -43 -45 -46 -47 -48 -49 -50 -54 -55 -56 -57 -59 -60 -61 -62 -63 -65 -66 -67 -68 -69 -71 -72 -73 -75 -78 -80 -81 -82 -83 -86 -87 -88 -91 -92 -93 -94 -95 -96 -97 -98 1 2 4 6 11 12 14 16 17 19 20 21 22 23 25 28 29 33 34 35 36 39 40 41 42 43 44 47 48 49 50 51 52 53 54 56 58 59 60 62 67 68 73 75 77 81 82 83 88 89 90 92 94 0
-4 -6 -7 -8 -10 -11 -13 -16 -18 -20 -21 -22 -23 -24 -25 -26 -27 -29 -30 -31 -32 -33 -34 -36 -37 -39 -42 -43 -44 -45 -48 -49 -50 -51 -52 -53 -54 -55 -56 -57 -59 -60 -63 -64 -65 -66 -67 -68 -69 -72 -74 -75 -77 -80 -84 -87 -88 -89 -95 -96 -98 1 3 4 5 6 7 9 10 13 14 15 18 20 21 24 25 26 27 28 29 30 36 37 38 41 42 43 47 48 49 50 51 52 53 54 55 57 58 59 60 61 63 66 67 68 69 71 73 74 75 76 78 80 81 82 83 85 87 88 89 90 91 92 93 95 96 97 98 0
-2 -3 -4 -5 -6 -7 -8 -9 -10 -11 -12 -13 -14 -15 -16 -17 -18 -20 -21 -22 -23 -27 -29 -30 -32 -33 -34 -35 -37 -38 -39 -40 -41 -42 -43 -44 -45 -46 -47 -48 -49 -50 -51 -52 -53 -55 -56 -57 -58 -61 -62 -63 -64 -65 -67 -68 -69 -70 -72 -76 -78 -79 -82 -83 -85 -86 -87 -88 -89 -90 -92 -93 -94 -96 1 2 3 5 6 8 9 11 12 13 16 17 18 19 20 21 30 32 33 34 37 39 40 42 45 48 49 50 51 52 54 55 56 57 58 63 72 76 77 78 80 81 83 85 87 88 90 91 94 95 96 97 98 0
-1 -2 -5 -6 -7 -8 -9 -12 -14 -15 -17 -18 -20 -22 -24 -25 -26 -28 -30 -31 -32 -33 -37 -38 -39 -41 -44 -45 -46 -47 -49 -50 -51 -52 -53 -54 -55 -56 -58 -61 -62 -63 -64 -66 -67 -70 -72 -73 -75 -76 -77 -78 -79 -81 -84 -85 -87 -88 -89 -90 -91 -94 -95 3 5 6 10 11 13 14 15 16 17 19 20 21 22 24 25 26 27 28 29 31 33 34 36 40 41 42 43 44 45 46 47 48 49 50 52 53 54 55 56 57 59 60 61 62 63 65 66 68 69 71 72 74 75 78 80 81 82 83 85 86 87 88 89 92 93 94 95 98 0
-6 -7 -8 -10 -11 -12 -13 -15 -16 -17 -21 -23 -24 -25 -26 -29 -30 -31 -32 -33 -34 -36 -38 -39 -41 -42 -43 -45 -47 -48 -49 -50 -51 -52 -53 -54 -56 -57 -60 -61 -62 -63 -64 -66 -67 -69 -70 -72 -73 -74 -76 -77 -78 -80 -82 -84 -85 -87 -90 -91 -94 -97 1 2 3 4 5 7 8 9 10 11 13 17 18 19 20 21 22 23 24 25 28 30 35 36 37 38 41 42 44 46 47 49 50 51 53 55 57 58 59 60 62 64 66 67 70 73 74 76 77 78 79 80 81 86 87 88 90 91 93 94 95 97 98 0
-2 -4 -5 -7 -9 -10 -12 -13 -14 -15 -17 -19 -20 -22 -23 -24 -25 -26 -28 -29 -30 -31 -33 -34 -35 -36 -37 -38 -40 -41 -42 -43 -44 -45 -46 -47 -48 -49 -50 -51 -52 -53 -54 -55 -56 -57 -59 -60 -61 -62 -64 -66 -67 -68 -69 -70 -71 -73 -74 -75 -76 -78 -79 -80 -81 -83 -84 -85 -87 -89 -90 -91 -92 -93 -94 -95 -96 -97 -98 1 5 6 9 10 11 12 13 14 15 16 17 18 19 22 23 24 25 28 30 31 32 33 34 35 37 40 41 42 43 44 45 53 55 56 57 58 61 62 63 64 66 70 73 74 75 77 79 80 81 82 83 86 87 88 89 90 91 92 94 96 98 0
-2 -3 -9 -11 -12 -13 -14 -15 -16 -17 -18 -21 -22 -24 -25 -27 -30 -32 -33 -34 -35 -36 -37 -39 -40 -44 -45 -46 -48 -50 -52 -54 -57 -58 -60 -61 -62 -64 -65 -66 -67 -73 -75 -76 -77 -78 -79 -80 -81 -82 -84 -86 -87 -88 -89 -90 -91 -92 -94 -95 -96 -98 1 2 3 6 8 9 12 14 15 17 19 20 25 26 28 30 33 35 36 37 39 41 43 45 47 49 50 51 53 54 55 56 58 59 61 62 63 65 66 67 68 70 72 73 75 79 81 82 85 89 90 92 93 97 0
-1 -2 -3 -4 -5 -6 -7 -8 -9 -12 -13 -14 -15 -16 -17 -18 -19 -20 -21 -22 -23 -24 -25 -26 -27 -28 -31 -32 -33 -35 -36 -37 -38 -39 -40 -42 -43 -45 -49 -50 -51 -52 -54 -55 -56 -57 -58 -59 -61 -65 -66 -67 -68 -70 -73 -74 -75 -76 -78 -79 -80 -81 -83 -84 -85 -86 -90 -91 -92 -93 -94 -95 -96 -97 -98 1 4 5 6 7 8 9 10 11 12 13 16 20 21 24 26 27 29 31 32 33 34 35 37 38 41 42 43 44 45 46 47 48 49 50 51 52 53 56 58 59 60 61 63 66 68 69 70 71 73 74 77 78 79 81 83 84 85 86 87 89 90 91 93 94 95 97 98 0
-1 -2 -3 -7 -8 -10 -11 -12 -13 -14 -15 -17 -19 -21 -22 -23 -24 -25 -27 -28 -29 -31 -32 -33 -34 -35 -37 -40 -41 -44 -47 -49 -50 -51 -53 -54 -56 -57 -58 -59 -60 -61 -65 -66 -67 -68 -69 -70 -71 -72 -73 -74 -75 -78 -79 -80 -82 -83 -84 -86 -87 -90 -93 -94 -95 -98 1 2 6 16 17 21 23 24 25 27 28 29 30 33 34 35 36 37 38 40 41 43 45 46 47 48 49 50 51 52 53 54 55 57 58 60 61 63 64 65 66 68 69 70 73 75 76 77 79 80 83 85 89 90 91 92 93 94 95 96 98 0
-1 -6 -7 -8 -9 -10 -11 -12 -14 -18 -19 -23 -25 -26 -27 -30 -31 -34 -35 -36 -38 -39 -40 -41 -46 -47 -49 -50 -51 -52 -53 -54 -58 -59 -60 -61 -62 -63 -65 -66 -68 -69 -71 -72 -73 -75 -76 -77 -78 -79 -82 -83 -84 -85 -86 -87 -88 -89 -90 -91 -93 -94 -95 -96 -97 1 2 3 4 6 7 8 12 14 15 16 17 18 21 22 24 27 28 29 30 31 32 34 35 36 37 38 39 43 44 45 46 47 50 51 53 55 56 59 60 61 62 63 64 65 66 67 68 69 70 71 73 74 76 77 79 81 83 85 87 89 90 91 92 93 94 98 0
-3 -5 -6 -7 -12 -14 -15 -16 -17 -19 -21 -24 -26 -27 -28 -30 -32 -33 -35 -38 -39 -40 -42 -43 -45 -50 -52 -54 -55 -57 -58 -59 -60 -61 -64 -66 -69 -70 -71 -72 -73 -77 -78 -82 -85 -88 -90 -91 -92 -93 -96 -97 -98 1 2 4 5 6 9 10 12 13 14 16 18 19 21 22 23 24 25 28 29 30 32 33 34 36 37 38 39 40 41 43 45 46 48 50 51 52 53 54 55 56 57 58 59 60 61 62 64 65 66 67 69 70 71 72 73 74 75 77 78 79 80 85 86 87 88 89 90 91 92 93 95 96 98 0
-2 -3 -4 -6 -7 -8 -10 -11 -12 -13 -15 -16 -17 -18 -20 -21 -22 -23 -24 -25 -26 -29 -30 -31 -32 -33 -34 -35 -38 -39 -41 -43 -44 -46 -47 -49 -53 -54 -55 -57 -58 -60 -64 -67 -69 -70 -71 -72 -73 -75 -76 -79 -81 -82 -84 -85 -88 -89 -92 -93 -94 -95 -96 -97 -98 1 3 4 5 6 8 9 12 14 15 16 17 19 20 21 22 24 25 26 28 30 32 33 35 38 39 43 44 47 49 50 51 52 54 55 56 57 58 60 62 65 66 67 68 69 71 72 73 74 75 76 77 80 81 85 86 87 88 89 90 91 94 95 97 0
-2 -6 -7 -9 -10 -17 -18 -19 -20 -21 -22 -23 -25 -26 -28 -29 -32 -35 -38 -39 -40 -42 -43 -44 -45 -46 -47 -48 -49 -50 -51 -52 -53 -55 -56 -61 -62 -63 -65 -66 -67 -69 -72 -73 -74 -76 -78 -81 -82 -83 -84 -86 -90 -92 -94 -95 -96 2 3 4 5 7 8 10 11 12 14 15 16 17 18 19 20 21 24 25 26 27 28 30 32 33 34 36 38 39 41 42 45 46 48 49 50 51 54 55 60 61 62 64 66 67 68 69 73 74 75 77 79 80 81 82 83 84 85 86 87 88 89 90 91 92 94 97 98 0
-1 -4 -8 -10 -13 -15 -16 -21 -23 -24 -25 -26 -27 -28 -29 -31 -32 -33 -35 -37 -38 -41 -42 -44 -45 -46 -47 -48 -49 -50 -51 -52 -54 -55 -57 -58 -59 -60 -61 -64 -66 -67 -69 -71 -72 -73 -74 -75 -77 -78 -80 -81 -83 -85 -86 -87 -88 -89 -90 -92 -93 -95 -97 -98 1 3 4 5 6 8 9 10 11 13 14 15 17 19 20 22 23 24 25 26 27 28 29 31 34 35 36 37 39 42 43 45 46 47 48 49 51 52 53 54 55 56 57 58 59 63 66 67 68 70 71 72 73 74 75 76 77 78 80 82 83 84 85 87 88 89 91 92 94 95 96 97 0
-2 -3 -4 -5 -7 -9 -11 -12 -16 -17 -18 -19 -21 -22 -23 -24 -26 -28 -29 -30 -31 -33 -34 -35 -36 -37 -40 -41 -42 -45 -46 -47 -48 -49 -50 -51 -52 -53 -56 -58 -59 -60 -61 -62 -63 -65 -66 -68 -69 -70 -71 -72 -74 -77 -80 -81 -82 -83 -84 -85 -86 -87 -90 -92 -93 -95 -97 -98 2 3 4 5 6 7 10 11 12 14 15 16 17 18 20 25 26 28 30 32 34 35 36 38 39 40 41 42 43 44 45 47 48 50 52 54 56 57 59 60 61 62 63 64 67 69 70 74 77 78 79 80 81 82 83 84 85 87 88 89 91 93 95 97 98 0
-1 -2 -4 -5 -7 -9 -11 -12 -13 -14 -15 -16 -18 -19 -21 -24 -25 -26 -27 -28 -29 -30 -33 -34 -36 -37 -38 -41 -43 -44 -45 -46 -48 -49 -50 -51 -52 -55 -56 -57 -58 -60 -61 -62 -65 -67 -68 -69 -70 -72 -73 -77 -78 -81 -83 -84 -85 -87 -88 -90 -91 -92 -93 -94 -95 -96 -97 1 2 3 4 5 6 7 9 10 12 13 15 17 18 19 20 21 22 25 26 27 28 29 31 32 33 38 39 40 42 43 46 47 48 49 50 53 55 57 58 59 60 61 62 63 64 65 66 67 68 71 72 73 74 75 76 77 78 79 80 81 82 83 86 87 88 89 90 92 96 97 98 0
-1 -2 -3 -6 -7 -8 -9 -10 -13 -16 -19 -21 -22 -24 -25 -27 -30 -32 -33 -34 -35 -37 -38 -39 -40 -41 -43 -44 -45 -46 -47 -48 -50 -51 -53 -54 -56 -59 -64 -65 -67 -68 -69 -70 -72 -73 -74 -75 -76 -79 -81 -82 -83 -84 -85 -87 -89 -91 -93 -94 -95 -96 -97 -98 1 2 3 4 8 9 11 18 19 20 21 22 24 25 26 27 28 31 32 33 34 35 36 37 39 40 41 44 45 47 48 49 50 53 55 59 60 62 63 64 66 67 68 69 70 72 74 76 77 78 80 81 82 88 89 90 91 93 94 96 98 0
-1 -5 -8 -9 -10 -11 -12 -13 -16 -17 -20 -22 -24 -25 -28 -29 -31 -35 -36 -39 -40 -41 -42 -43 -44 -45 -46 -48 -49 -50 -51 -53 -54 -55 -57 -58 -64 -65 -68 -70 -72 -73 -74 -77 -79 -80 -81 -82 -83 -84 -86 -87 -88 -89 -91 -92 -93 -94 -95 -96 -97 -98 1 3 4 5 6 7 8 9 11 12 13 14 15 17 19 20 21 22 25 26 27 28 29 31 32 33 34 36 37 38 39 41 43 46 47 50 51 52 53 55 56 58 59 61 62 63 64 65 67 68 70 71 76 77 78 79 80 82 84 85 86 87 90 92 94 96 97 98 0
-2 -4 -5 -7 -8 -9 -10 -12 -13 -14 -15 -16 -17 -19 -20 -21 -22 -23 -24 -25 -26 -29 -30 -31 -32 -35 -36 -37 -38 -39 -41 -43 -46 -50 -51 -52 -54 -56 -57 -59 -60 -61 -64 -65 -66 -67 -71 -72 -73 -74 -75 -77 -80 -81 -82 -84 -85 -86 -88 -89 -90 -93 -94 -96 -97 -98 3 5 8 10 11 12 13 14 15 19 21 22 23 24 25 28 29 31 33 34 35 37 38 39 40 41 44 45 46 48 49 51 52 53 54 55 57 58 59 60 62 63 64 66 67 69 70 71 73 75 76 77 78 79 80 81 83 84 89 92 93 95 96 97 98 0
-2 -4 -5 -6 -8 -9 -10 -11 -13 -14 -15 -16 -17 -18 -19 -20 -22 -23 -26 -31 -32 -35 -37 -38 -40 -45 -46 -47 -48 -50 -51 -52 -55 -57 -59 -60 -62 -64 -65 -69 -70 -71 -72 -73 -74 -76 -77 -78 -79 -80 -81 -82 -83 -84 -85 -86 -87 -88 -89 -90 -91 -92 -93 -95 -96 -97 -98 1 3 4 7 10 11 12 15 16 17 18 19 21 25 26 32 34 35 38 39 40 42 44 45 47 48 49 50 51 52 53 54 56 57 58 59 60 61 63 65 66 69 71 72 75 76 78 79 80 81 82 83 85 86 89 91 92 93 94 95 97 98 0
-3 -5 -6 -7 -8 -10 -13 -14 -15 -16 -17 -18 -19 -20 -22 -24 -25 -27 -31 -32 -33 -36 -39 -40 -41 -42 -43 -44 -46 -47 -48 -51 -53 -54 -56 -57 -58 -59 -60 -62 -64 -68 -69 -70 -71 -72 -74 -76 -77 -78 -79 -80 -81 -83 -84 -85 -87 -88 -89 -90 -91 -92 -93 -96 -97 1 2 4 5 6 8 9 10 11 16 17 18 19 21 22 23 26 27 28 29 30 31 32 33 34 37 38 39 41 42 48 49 50 52 53 54 57 59 61 63 64 65 67 69 71 73 75 76 77 78 81 82 83 84 87 88 89 90 91 92 94 95 96 97 98 0
-3 -4 -5 -6 -8 -10 -11 -12 -13 -16 -17 -18 -19 -22 -23 -24 -25 -27 -29 -32 -34 -35 -37 -38 -39 -40 -43 -44 -45 -46 -49 -50 -51 -52 -54 -58 -60 -62 -63 -64 -65 -66 -69 -70 -72 -73 -74 -76 -80 -82 -83 -84 -86 -87 -90 -91 -94 -95 -96 -97 1 2 3 4 5 7 9 11 12 13 14 15 16 18 21 22 23 25 26 27 29 30 31 32 34 37 38 39 43 44 45 46 47 48 49 51 52 53 54 55 56 58 59 61 62 63 65 68 69 70 73 74 75 77 78 79 82 83 84 89 91 93 94 95 0
-1 -3 -5 -7 -8 -9 -10 -12 -13 -14 -16 -18 -19 -21 -24 -26 -27 -28 -29 -30 -34 -35 -37 -38 -39 -41 -42 -43 -44 -45 -46 -47 -48 -50 -52 -53 -54 -55 -57 -60 -66 -69 -70 -71 -72 -73 -74 -75 -76 -77 -78 -79 -80 -81 -82 -85 -86 -88 -89 -92 -93 -95 -96 -97 -98 1 2 3 4 5 6 7 8 10 11 13 14 15 17 19 20 22 24 25 26 29 31 34 35 36 37 38 40 42 44 45 46 48 49 50 52 53 56 59 60 62 63 64 65 66 67 69 70 71 72 74 75 76 77 79 80 82 83 84 85 87 88 89 90 93 95 96 98 0
-1 -2 -4 -6 -8 -9 -10 -12 -13 -14 -15 -16 -17 -18 -19 -21 -23 -24 -25 -28 -29 -30 -31 -32 -33 -34 -35 -36 -38 -39 -41 -42 -43 -44 -46 -47 -48 -49 -50 -53 -55 -56 -57 -58 -62 -63 -64 -70 -71 -74 -75 -76 -77 -78 -82 -83 -84 -87 -88 -89 -90 -93 -94 -95 -96 2 3 5 6 7 10 12 13 14 15 19 22 23 24 25 27 28 29 30 33 34 35 36 37 38 39 40 41 42 43 44 45 46 47 48 54 55 57 58 59 60 61 65 67 69 70 71 72 73 75 78 79 80 82 83 85 86 87 88 89 90 92 94 96 97 98 0
-1 -2 -3 -4 -5 -7 -9 -11 -12 -15 -16 -17 -18 -19 -21 -22 -23 -25 -26 -27 -29 -31 -33 -35 -36 -37 -39 -40 -42 -43 -44 -46 -48 -51 -52 -53 -54 -58 -59 -60 -61 -63 -64 -65 -66 -67 -68 -69 -70 -71 -74 -75 -77 -79 -80 -84 -87 -88 -89 -91 -93 -96 -97 -98 3 4 5 6 8 9 10 11 13 14 15 16 17 18 20 22 23 27 28 30 31 32 33 35 37 39 40 41 43 45 47 50 51 52 53 54 55 57 62 63 64 65 67 68 70 71 73 76 77 78 82 83 84 85 86 88 89 90 91 92 93 96 97 98 0
-2 -3 -4 -5 -6 -8 -9 -10 -11 -12 -14 -16 -17 -18 -19 -20 -21 -22 -23 -26 -30 -31 -32 -33 -34 -36 -38 -42 -43 -44 -45 -46 -48 -50 -51 -52 -54 -56 -57 -58 -61 -62 -63 -66 -67 -68 -71 -72 -73 -75 -77 -78 -79 -80 -81 -82 -85 -86 -87 -89 -92 -97 -98 1 5 8 10 11 12 13 14 15 16 18 20 23 25 27 28 29 30 31 32 33 35 36 37 38 39 40 41 42 44 45 46 47 48 49 50 51 53 55 56 58 59 60 62 63 65 66 67 68 69 72 73 74 76 77 78 79 81 82 83 84 85 86 87 88 89 93 94 0
-1 -2 -3 -7 -8 -10 -13 -15 -16 -17 -18 -20 -21 -23 -25 -26 -27 -30 -31 -33 -34 -36 -37 -38 -41 -42 -44 -45 -46 -48 -50 -51 -52 -53 -56 -57 -58 -60 -62 -63 -66 -68 -72 -73 -74 -78 -79 -80 -82 -83 -84 -85 -87 -88 -89 -90 -91 -94 -95 -96 -97 -98 1 2 4 5 7 8 10 11 13 16 17 19 20 21 22 23 24 26 29 32 34 35 36 37 38 39 40 41 42 43 44 45 47 48 49 50 51 53 54 55 57 58 59 60 61 62 63 64 65 66 67 68 69 71 72 74 75 78 79 80 81 82 83 84 85 86 88 89 90 94 95 96 98 0
-2 -4 -6 -8 -10 -11 -13 -15 -16 -17 -18 -19 -21 -24 -25 -27 -28 -29 -30 -31 -34 -35 -38 -39 -40 -42 -43 -44 -46 -47 -53 -54 -55 -56 -57 -58 -59 -60 -61 -62 -64 -65 -66 -67 -68 -69 -71 -73 -74 -77 -79 -81 -83 -84 -86 -88 -92 -93 -95 -96 -98 1 3 4 8 9 10 11 12 16 17 19 20 21 23 25 26 27 28 29 30 31 32 34 35 37 41 42 45 46 51 52 53 55 56 57 58 60 62 64 65 67 68 69 70 72 73 74 75 76 77 79 80 81 82 88 89 92 93 94 95 96 0
-1 -2 -4 -5 -6 -7 -8 -9 -10 -16 -17 -19 -20 -21 -22 -23 -26 -30 -31 -32 -33 -36 -37 -38 -39 -40 -41 -42 -43 -44 -45 -46 -47 -48 -55 -56 -57 -58 -59 -60 -61 -63 -64 -65 -66 -67 -68 -69 -70 -71 -72 -74 -75 -76 -77 -79 -81 -83 -84 -85 -86 -88 -89 -91 -93 -96 -97 -98 2 5 6 7 8 10 13 14 15 16 18 19 20 24 27 28 29 30 31 33 34 36 38 39 40 41 42 43 45 46 47 48 49 52 53 54 56 60 61 64 65 67 71 72 73 74 76 77 78 79 80 83 86 87 88 89 91 94 95 0
-4 -5 -6 -7 -10 -11 -12 -14 -16 -18 -19 -20 -21 -23 -26 -27 -29 -30 -31 -32 -33 -34 -35 -36 -37 -38 -39 -40 -41 -42 -43 -44 -46 -48 -50 -51 -52 -53 -55 -56 -58 -59 -61 -62 -63 -64 -68 -69 -70 -71 -72 -73 -74 -76 -77 -78 -80 -83 -85 -86 -87 -90 -91 -92 -93 -95 -97 -98 1 2 3 4 5 7 8 10 11 12 13 14 15 16 17 18 20 21 23 24 25 27 28 31 33 34 35 36 37 39 40 41 42 43 46 50 51 52 53 55 57 63 65 67 68 69 71 72 73 74 76 77 78 79 80 83 84 85 87 88 89 90 91 93 94 95 97 98 0
-1 -2 -4 -5 -6 -7 -8 -9 -12 -13 -14 -15 -16 -17 -18 -20 -21 -22 -24 -25 -28 -30 -31 -32 -33 -34 -35 -36 -37 -39 -40 -41 -42 -43 -44 -45 -46 -47 -48 -49 -52 -54 -56 -59 -60 -61 -62 -63 -64 -65 -66 -67 -70 -71 -72 -73 -75 -76 -77 -78 -80 -82 -83 -87 -89 -90 -93 -94 -97 -98 1 2 5 6 7 13 15 16 18 19 20 22 23 24 26 29 31 32 33 35 36 40 41 42 43 44 47 48 49 50 51 52 54 55 56 57 58 59 60 62 64 66 67 68 70 71 74 75 77 78 80 82 83 85 86 87 88 92 93 94 96 98 0
-1 -2 -3 -4 -5 -6 -7 -8 -9 -10 -11 -13 -14 -15 -18 -20 -21 -22 -24 -26 -27 -28 -29 -30 -31 -32 -33 -34 -35 -36 -37 -39 -41 -43 -44 -45 -46 -48 -49 -51 -52 -53 -54 -55 -56 -60 -61 -62 -63 -64 -67 -68 -70 -72 -74 -75 -77 -80 -81 -83 -84 -86 -90 -91 -92 -94 1 3 6 8 9 11 12 15 17 18 19 20 22 24 25 26 27 28 29 31 32 34 38 42 44 45 49 54 55 56 57 58 59 60 61 62 63 64 65 66 67 69 70 71 72 73 75 76 77 78 80 82 83 85 88 89 90 92 93 94 95 96 98 0
-1 -6 -9 -10 -11 -12 -13 -16 -19 -20 -21 -24 -25 -26 -28 -29 -30 -31 -33 -34 -35 -36 -37 -39 -40 -45 -47 -48 -49 -50 -51 -52 -53 -54 -55 -56 -57 -58 -61 -62 -63 -64 -67 -70 -72 -74 -78 -80 -81 -82 -83 -84 -86 -88 -89 -90 -91 -92 -93 -94 -96 -98 1 2 4 6 7 8 15 18 19 21 24 25 26 27 28 29 30 34 35 36 38 39 40 41 42 44 45 46 47 48 49 53 54 55 56 59 60 61 62 63 64 65 66 71 72 76 77 78 80 81 82 84 86 87 90 91 92 93 97 98 0
-1 -2 -4 -5 -8 -9 -10 -11 -12 -13 -14 -15 -16 -18 -19 -20 -22 -23 -24 -26 -27 -29 -30 -31 -33 -35 -36 -38 -40 -43 -44 -46 -47 -48 -50 -51 -52 -53 -54 -55 -56 -57 -58 -63 -64 -65 -66 -67 -68 -70 -71 -72 -73 -74 -77 -79 -80 -81 -83 -84 -85 -86 -87 -89 -91 -92 -93 -94 -95 -96 -97 -98 1 3 5 6 7 8 9 14 15 16 18 19 20 21 22 23 24 25 26 27 29 30 32 35 37 39 40 41 44 46 47 48 49 51 52 53 59 60 61 62 64 65 66 67 69 70 71 72 74 75 76 77 78 79 81 83 84 85 87 88 91 93 95 97 98 0
528
99
0 0 0 0 0 0 0 0 0 0 0 0 0 0 0 0 0 0 0 0 0 0 0 0 0 0 0 0 0 0 0 0 0 0 0 0 0 0 0 0 0 0 0 0 0 0 0 0 0 0 0 0 0 0 0 0 0 0 0 0 0 0 0 0 0 0 0 0 0 0 0 0 0 0 0 0 0 0 0 0 0 0 0 0 0 0 0 0 0 0 0 0 0 0 0 0 0 0 1
99
-6 64 0
-64 44 0
-44 96 0
-96 98 0
-98 26 0
-26 49 0
-49 42 0
-42 67 0
-67 61 0
-61 84 0
-84 19 0
-19 45 0
-45 16 0
-16 46 0
-46 34 0
-34 86 0
-86 23 0
-23 68 0
-68 56 0
-56 12 0
-12 90 0
-90 47 0
-47 41 0
-41 20 0
-20 5 0
-5 99 0
-99 51 0
-51 81 0
-81 38 0
-38 18 0
-18 24 0
-24 59 0
-59 4 0
-4 65 0
-65 74 0
-74 27 0
-27 32 0
-32 80 0
-80 3 0
-3 33 0
-33 29 0
-29 30 0
-30 91 0
-91 73 0
-73 2 0
-2 11 0
-11 72 0
-72 77 0
-77 69 0
-69 57 0
-57 52 0
-52 58 0
-58 95 0
-95 78 0
-78 76 0
-76 79 0
-79 82 0
-82 39 0
-39 1 0
-1 15 0
-15 7 0
-7 28 0
-28 35 0
-35 10 0
-10 14 0
-14 53 0
-53 83 0
-83 55 0
-55 13 0
-13 87 0
-87 94 0
-94 97 0
-97 48 0
-48 63 0
-63 75 0
-75 43 0
-43 71 0
-71 66 0
-66 92 0
-92 21 0
-21 62 0
-62 36 0
-36 70 0
-70 50 0
-50 37 0
-37 17 0
-17 54 0
-54 25 0
-25 93 0
-93 85 0
-85 60 0
-60 40 0
-40 9 0
-9 88 0
-88 22 0
-22 31 0
-31 8 0
-8 89 0
-89 6 0
80
99
3911 5394 442 5988 9329 4522 5921 8228 5414 467 3379 2476 4693 7052 5648 7723 5814 7251 690 8421 4024 2661 205 1452 7595 8743 1863 4206 3200 6837 1178 5776 462 5465 2776 4522 9942 7470 3247 9106 7992 2549 9165 269 3367 4056 6933 9187 7323 253 4194 9698 2102 8270 8220 1478 2922 934 121 7880 8184 6894 6725 8020 2764 3290 5749 4960 5511 6749 121 1242 7532 3684 128 6593 864 2418 1120 6551 9452 5191 5430 4852 2244 8294 5627 9870 749 1575 5000 9625 6395 4506 683 122 9608 6222 8266
99
-45 45 0
-85 85 0
-99 99 0
-91 91 0
-12 12 0
-19 19 0
-97 97 0
-11 11 0
-40 40 0
-79 79 0
-14 14 0
-59 59 0
-8 8 0
-25 25 0
-49 49 0
-3 3 0
-94 94 0
-13 13 0
-42 42 0
-93 93 0
-88 88 0
-87 87 0
-90 90 0
-41 41 0
-78 78 0
-84 84 0
-28 28 0
-32 32 0
-2 2 0
-64 64 0
-55 55 0
-77 77 0
-98 98 0
-73 73 0
-67 67 0
-17 17 0
-6 6 0
-72 72 0
-53 53 0
-54 54 0
-24 24 0
-52 52 0
-4 4 0
-16 16 0
-26 26 0
-83 83 0
-36 36 0
-29 29 0
-86 86 0
-21 21 0
-74 74 0
-61 61 0
-76 76 0
-27 27 0
-18 18 0
-46 46 0
-15 15 0
-96 96 0
-68 68 0
-80 80 0
-66 66 0
-22 22 0
-35 35 0
-9 9 0
-37 37 0
-62 62 0
-10 10 0
-92 92 0
-5 5 0
-48 48 0
-58 58 0
-44 44 0
-30 30 0
-63 63 0
-57 57 0
-51 51 0
-7 7 0
-50 50 0
-56 56 0
-69 69 0
-43 43 0
-75 75 0
-23 23 0
-33 33 0
-71 71 0
-82 82 0
-70 70 0
-31 31 0
-39 39 0
-89 89 0
-47 47 0
-95 95 0
-65 65 0
-34 34 0
-60 60 0
-20 20 0
-38 38 0
-81 81 0
-1 1 0
592
99
0 0 0 0 0 0 0 0 0 0 0 0 0 0 0 0 0 0 0 0 0 0 0 0 0 0 0 0 0 0 0 0 0 0 0 0 0 0 0 0 0 0 0 0 0 0 0 0 0 0 0 0 0 0 0 0 0 0 0 0 0 0 0 0 0 0 0 0 0 0 0 0 0 0 0 0 0 0 0 0 0 0 0 0 0 0 0 0 0 0 0 0 0 0 0 0 0 0 6
98
-66 92 0
-92 7 0
-7 69 0
-69 65 0
-65 58 0
-58 74 0
-74 35 0
-35 82 0
-82 80 0
-80 28 0
-28 4 0
-4 53 0
-53 26 0
-26 13 0
-13 24 0
-24 85 0
-85 52 0
-52 71 0
-71 50 0
-50 2 0
-2 73 0
-73 39 0
-39 59 0
-59 20 0
-20 29 0
-29 8 0
-8 47 0
-47 49 0
-49 46 0
-46 81 0
-81 99 0
-99 95 0
-95 68 0
-68 44 0
-44 33 0
-33 45 0
-45 76 0
-76 77 0
-77 97 0
-97 93 0
-93 57 0
-57 98 0
-98 89 0
-89 38 0
-38 22 0
-22 51 0
-51 27 0
-27 17 0
-17 75 0
-75 40 0
-40 88 0
-88 16 0
-16 9 0
-9 87 0
-87 25 0
-25 11 0
-11 34 0
-34 10 0
-10 84 0
-84 56 0
-56 42 0
-42 41 0
-41 78 0
-78 61 0
-61 21 0
-21 31 0
-31 18 0
-18 23 0
-23 62 0
-62 15 0
-15 32 0
-32 70 0
-70 1 0
-1 48 0
-48 63 0
-63 79 0
-79 43 0
-43 36 0
-36 96 0
-96 83 0
-83 72 0
-72 60 0
-60 30 0
-30 6 0
-6 64 0
-64 54 0
-54 94 0
-94 12 0
-12 3 0
-3 67 0
-67 5 0
-5 14 0
-14 90 0
-90 19 0
-19 86 0
-86 55 0
-55 37 0
-37 91 0
995
99
0 0 0 0 0 0 0 0 0 0 0 0 0 0 0 0 0 0 0 0 0 0 0 0 0 0 0 0 0 0 0 0 0 0 0 0 0 0 0 0 0 0 0 0 0 0 0 0 0 0 0 0 0 0 0 0 0 0 0 0 0 0 0 0 0 0 0 0 0 0 0 0 0 0 0 0 0 0 0 0 0 0 0 0 0 0 0 0 0 0 0 0 0 0 0 0 0 0 4
99
-71 16 0
-16 78 0
-78 93 0
-93 85 0
-85 54 0
-54 64 0
-64 58 0
-58 23 0
-23 83 0
-83 19 0
-19 12 0
-12 13 0
-13 49 0
-49 98 0
-98 36 0
-36 32 0
-32 79 0
-79 17 0
-17 84 0
-84 28 0
-28 73 0
-73 47 0
-47 53 0
-53 95 0
-95 77 0
-77 38 0
-38 42 0
-42 96 0
-96 86 0
-86 44 0
-44 66 0
-66 30 0
-30 59 0
-59 89 0
-89 24 0
-24 5 0
-5 2 0
-2 90 0
-90 3 0
-3 15 0
-15 81 0
-81 9 0
-9 92 0
-92 10 0
-10 82 0
-82 20 0
-20 74 0
-74 48 0
-48 88 0
-88 70 0
-70 43 0
-43 50 0
-50 69 0
-69 75 0
-75 26 0
-26 46 0
-46 37 0
-37 55 0
-55 22 0
-22 41 0
-41 40 0
-40 31 0
-31 99 0
-99 72 0
-72 51 0
-51 68 0
-68 8 0
-8 7 0
-7 76 0
-76 80 0
-80 39 0
-39 57 0
-57 34 0
-34 27 0
-27 52 0
-52 65 0
-65 4 0
-4 61 0
-61 6 0
-6 63 0
-63 56 0
-56 29 0
-29 91 0
-91 62 0
-62 45 0
-45 1 0
-1 97 0
-97 33 0
-33 35 0
-35 11 0
-11 14 0
-14 94 0
-94 25 0
-25 67 0
-67 87 0
-87 21 0
-21 60 0
-60 18 0
-18 -18 71 0
905
0
