99
0 0 0 0 0 0 0 0 0 0 0 0 0 0 0 0 0 0 0 0 0 0 0 0 0 0 0 0 0 0 0 0 0 0 0 0 0 0 0 0 0 0 0 0 0 0 0 0 0 0 0 0 0 0 0 0 0 0 0 0 0 0 0 0 0 0 0 0 0 0 0 0 0 0 0 0 0 0 0 0 0 0 0 0 0 0 0 0 0 0 0 0 0 0 0 0 0 0 1227
15
-1 -4 -7 -9 -10 -14 -15 -16 -17 -18 -19 -20 -21 -22 -23 -24 -25 -26 -27 -28 -29 -30 -31 -32 -33 -34 -35 -36 -37 -38 -39 -41 -42 -43 -44 -46 -47 -48 -49 -51 -52 -53 -54 -58 -59 -60 -61 -62 -63 -66 -67 -68 -69 -70 -71 -72 -73 -74 -76 -77 -81 -82 -83 -86 -88 -89 -91 -92 -93 -94 -96 -98 3 4 5 7 9 11 12 15 16 17 20 25 26 28 32 35 36 37 38 39 41 42 43 45 50 51 53 54 55 57 59 60 61 63 64 66 67 69 70 73 75 77 79 80 82 84 85 86 88 92 93 98 0
-1 -2 -3 -4 -5 -7 -8 -9 -10 -11 -15 -16 -17 -21 -22 -26 -27 -28 -29 -31 -32 -33 -36 -37 -42 -43 -44 -45 -46 -47 -48 -49 -51 -52 -53 -56 -57 -60 -61 -63 -64 -65 -67 -68 -70 -72 -74 -75 -76 -78 -79 -80 -84 -85 -86 -88 -89 -90 -94 -95 -96 -97 -98 2 3 5 6 9 10 13 14 15 17 19 22 23 26 28 29 30 32 33 34 35 38 39 44 47 48 49 50 51 52 53 56 57 60 61 62 63 65 67 69 70 71 72 73 75 76 77 81 82 84 87 88 90 92 93 94 95 96 97 98 0
-2 -3 -4 -5 -6 -7 -8 -9 -11 -13 -14 -16 -19 -20 -21 -22 -23 -24 -25 -26 -30 -31 -32 -33 -35 -36 -37 -38 -40 -41 -42 -44 -51 -52 -54 -55 -56 -57 -58 -59 -60 -61 -63 -64 -65 -66 -67 -68 -70 -71 -72 -73 -75 -78 -79 -80 -82 -83 -85 -87 -88 -92 -96 -98 1 2 3 4 5 9 11 12 14 15 18 19 20 21 22 25 26 28 29 30 31 32 33 34 35 37 38 39 40 43 45 46 48 49 51 52 53 54 55 56 57 58 60 63 64 66 68 69 71 74 75 76 77 79 80 82 84 85 86 89 91 92 93 94 96 97 0
-1 -2 -4 -5 -6 -9 -10 -11 -13 -15 -16 -17 -19 -20 -22 -24 -27 -28 -29 -30 -31 -32 -34 -35 -36 -38 -41 -43 -48 -50 -52 -54 -55 -56 -57 -58 -59 -61 -67 -69 -71 -72 -73 -74 -75 -77 -79 -83 -84 -86 -87 -88 -89 -90 -91 -92 -93 -95 -96 -97 -98 3 4 5 7 8 10 11 12 14 15 16 17 18 19 20 22 23 24 25 28 29 30 31 32 33 34 35 36 37 39 40 41 42 44 47 48 50 52 54 56 57 58 59 61 63 64 65 66 67 68 70 72 73 74 75 78 79 80 83 84 85 86 88 89 90 91 92 93 94 97 98 0
-2 -4 -5 -7 -8 -9 -11 -12 -13 -14 -15 -16 -18 -19 -20 -23 -24 -25 -26 -27 -28 -31 -33 -34 -35 -36 -37 -38 -41 -42 -43 -44 -45 -46 -47 -48 -50 -51 -52 -53 -55 -56 -58 -59 -61 -62 -65 -67 -68 -69 -70 -72 -74 -75 -76 -78 -79 -80 -82 -83 -84 -86 -87 -88 -90 -93 -94 -95 -96 -98 4 7 8 9 12 13 14 15 17 21 23 26 27 28 29 30 31 32 33 36 37 38 39 40 41 43 44 46 47 48 50 51 53 55 56 57 58 59 60 62 63 66 67 68 69 70 71 72 74 75 76 77 78 80 82 83 85 86 87 88 89 91 92 93 94 95 96 97 98 0
-2 -3 -5 -7 -11 -14 -17 -18 -21 -22 -23 -24 -26 -28 -29 -32 -33 -34 -36 -38 -41 -42 -43 -44 -46 -47 -48 -49 -53 -55 -58 -59 -60 -62 -64 -65 -67 -68 -70 -71 -72 -73 -74 -75 -76 -78 -79 -80 -81 -82 -84 -85 -86 -87 -88 -89 -90 -91 -95 -96 -97 -98 1 2 3 5 6 8 9 10 11 12 13 14 15 16 17 18 20 21 22 23 24 25 26 28 29 30 31 34 36 37 38 39 40 41 42 43 46 47 49 50 51 54 56 57 58 59 61 62 64 65 66 67 68 70 73 77 78 80 82 83 86 87 88 90 91 92 93 94 95 96 97 98 0
-3 -5 -8 -9 -10 -11 -12 -14 -15 -16 -17 -18 -19 -20 -21 -24 -25 -26 -29 -30 -31 -32 -33 -34 -35 -36 -40 -42 -44 -45 -50 -51 -53 -54 -55 -56 -59 -62 -63 -65 -68 -69 -70 -72 -73 -74 -75 -78 -79 -80 -82 -83 -84 -85 -86 -87 -88 -89 -90 -91 -92 -94 -95 -96 -97 -98 1 2 3 4 5 6 7 9 13 14 17 22 24 25 26 30 32 33 34 36 37 40 41 45 46 48 50 51 53 54 56 57 58 60 62 65 66 67 68 69 70 71 72 73 74 75 79 80 81 82 83 86 89 91 92 93 94 96 0
-1 -2 -3 -7 -9 -11 -12 -13 -15 -16 -17 -19 -20 -21 -23 -25 -27 -30 -31 -33 -35 -36 -37 -40 -41 -43 -44 -47 -48 -50 -51 -53 -54 -56 -57 -61 -62 -64 -65 -66 -68 -70 -71 -72 -74 -75 -77 -79 -80 -81 -82 -84 -86 -87 -89 -90 -92 -93 -96 1 3 4 5 6 9 10 13 14 17 20 26 27 28 29 31 33 34 36 37 38 39 40 41 42 43 44 47 48 51 53 56 57 58 60 61 63 64 66 69 71 72 75 78 79 80 85 86 87 88 89 90 92 93 94 95 97 98 0
-1 -2 -5 -6 -7 -8 -9 -10 -11 -14 -16 -18 -19 -20 -22 -23 -24 -25 -26 -27 -28 -29 -30 -32 -33 -35 -36 -39 -41 -43 -46 -48 -49 -50 -52 -53 -55 -56 -57 -58 -60 -62 -63 -64 -65 -66 -69 -70 -72 -73 -76 -77 -79 -80 -84 -86 -87 -89 -90 -91 -92 -93 -95 -97 -98 1 3 4 5 6 7 8 9 10 12 14 15 16 17 18 19 23 25 26 28 30 31 32 34 35 36 37 38 39 40 44 45 46 48 49 50 51 53 54 57 58 59 60 61 62 64 65 66 67 68 69 70 71 72 74 75 76 77 78 80 81 82 83 85 86 87 92 93 94 95 97 98 0
-1 -2 -3 -4 -5 -6 -7 -9 -10 -11 -12 -13 -14 -16 -17 -18 -19 -20 -21 -22 -23 -24 -25 -26 -27 -28 -29 -30 -31 -32 -33 -34 -35 -37 -41 -42 -44 -45 -47 -48 -49 -50 -51 -52 -53 -54 -56 -57 -59 -60 -61 -62 -64 -66 -67 -68 -69 -70 -71 -72 -75 -77 -80 -81 -82 -83 -85 -87 -88 -89 -90 -91 -92 -94 -95 -96 1 3 4 8 9 10 11 13 14 15 18 20 21 23 25 26 27 28 30 31 32 33 34 35 37 39 40 41 43 44 45 46 48 49 50 51 53 55 56 57 58 60 61 62 66 68 70 72 73 74 77 79 82 83 84 85 86 87 88 89 90 91 93 95 96 97 98 0
-2 -7 -8 -9 -10 -11 -12 -13 -16 -17 -18 -19 -20 -22 -24 -27 -30 -31 -33 -34 -36 -38 -40 -41 -42 -44 -45 -46 -48 -51 -52 -53 -54 -56 -57 -58 -60 -62 -63 -64 -65 -66 -67 -69 -70 -71 -72 -74 -75 -76 -77 -78 -79 -80 -81 -82 -83 -84 -85 -86 -87 -88 -89 -90 -91 -93 -94 -95 -98 1 2 6 8 10 11 12 13 14 18 19 20 22 23 24 26 27 28 30 31 32 34 36 37 40 41 42 43 44 45 46 48 49 50 51 53 55 59 61 64 65 67 69 71 72 74 75 76 79 80 81 82 83 85 86 87 90 93 96 97 0
-2 -3 -5 -6 -8 -9 -10 -11 -12 -13 -15 -16 -18 -20 -21 -22 -23 -24 -25 -26 -27 -28 -29 -31 -32 -33 -34 -35 -36 -38 -39 -40 -41 -42 -47 -48 -49 -50 -51 -52 -53 -54 -55 -56 -57 -59 -60 -61 -62 -67 -68 -69 -71 -72 -73 -74 -76 -77 -78 -79 -80 -82 -84 -85 -86 -87 -88 -89 -91 -93 -97 1 2 3 6 7 10 11 15 18 19 25 26 27 28 30 31 32 33 34 36 37 38 39 41 44 52 54 55 56 57 58 60 62 63 64 66 67 69 70 71 72 74 75 76 77 80 81 82 83 85 86 87 89 90 91 92 93 94 95 96 98 0
-1 -2 -3 -7 -9 -10 -15 -16 -17 -18 -19 -20 -21 -22 -23 -24 -25 -26 -27 -28 -29 -30 -31 -32 -33 -34 -35 -38 -40 -41 -42 -43 -46 -49 -50 -52 -53 -54 -55 -58 -60 -61 -62 -63 -64 -65 -67 -70 -71 -72 -73 -74 -78 -79 -82 -87 -88 -89 -90 -92 -93 -94 -95 -96 -98 3 5 6 7 8 9 11 13 15 17 19 20 21 22 23 26 27 28 29 30 31 33 34 36 37 40 42 43 44 46 47 48 49 50 52 53 54 55 57 58 61 63 64 65 66 69 70 71 73 74 75 77 78 79 80 81 82 84 87 88 89 90 91 94 95 97 0
-2 -4 -5 -6 -7 -8 -10 -11 -15 -16 -17 -18 -19 -20 -21 -23 -24 -25 -26 -28 -29 -31 -32 -34 -36 -38 -39 -40 -41 -42 -43 -44 -46 -47 -48 -49 -50 -51 -52 -56 -57 -59 -60 -61 -64 -65 -69 -70 -72 -73 -74 -76 -80 -82 -84 -87 -89 -90 -92 -93 -95 -96 -98 1 2 3 4 7 10 12 13 16 18 20 23 24 26 30 31 32 34 35 38 39 41 42 43 44 45 47 48 49 50 51 54 55 56 57 59 61 62 63 64 65 69 71 72 74 77 78 80 81 82 83 84 87 88 89 90 92 93 95 96 97 98 0
-1 -3 -6 -7 -8 -10 -11 -13 -14 -15 -16 -17 -18 -19 -20 -26 -27 -28 -30 -31 -32 -33 -35 -36 -37 -39 -40 -41 -42 -43 -44 -45 -47 -48 -50 -52 -54 -55 -56 -58 -59 -61 -62 -64 -65 -67 -68 -69 -70 -71 -72 -73 -74 -75 -76 -77 -78 -81 -82 -83 -84 -86 -87 -89 -90 -91 -92 -93 -94 -95 -96 -97 -98 3 5 6 8 10 11 12 13 15 16 17 18 19 20 21 22 25 27 28 30 31 32 33 36 37 39 40 41 42 44 48 49 50 52 53 54 55 56 57 58 59 61 63 64 66 67 68 71 73 77 78 80 81 83 84 86 88 89 90 92 98 0
524
99
0 0 0 0 0 0 0 0 0 0 0 0 0 0 0 0 0 0 0 0 0 0 0 0 0 0 0 0 0 0 0 0 0 0 0 0 0 0 0 0 0 0 0 0 0 0 0 0 0 0 0 0 0 0 0 0 0 0 0 0 0 0 0 0 0 0 0 0 0 0 0 0 0 0 0 0 0 0 0 0 0 0 0 0 0 0 0 0 0 0 0 0 0 0 0 0 0 0 1
99
-61 45 0
-45 4 0
-4 28 0
-28 47 0
-47 65 0
-65 22 0
-22 71 0
-71 72 0
-72 84 0
-84 81 0
-81 98 0
-98 85 0
-85 48 0
-48 27 0
-27 74 0
-74 99 0
-99 57 0
-57 23 0
-23 63 0
-63 34 0
-34 10 0
-10 94 0
-94 36 0
-36 79 0
-79 11 0
-11 26 0
-26 91 0
-91 25 0
-25 89 0
-89 58 0
-58 60 0
-60 55 0
-55 77 0
-77 59 0
-59 31 0
-31 21 0
-21 14 0
-14 17 0
-17 18 0
-18 76 0
-76 93 0
-93 29 0
-29 96 0
-96 75 0
-75 30 0
-30 70 0
-70 12 0
-12 41 0
-41 8 0
-8 78 0
-78 6 0
-6 43 0
-43 2 0
-2 13 0
-13 52 0
-52 54 0
-54 32 0
-32 19 0
-19 46 0
-46 7 0
-7 90 0
-90 56 0
-56 5 0
-5 9 0
-9 20 0
-20 80 0
-80 66 0
-66 97 0
-97 15 0
-15 62 0
-62 83 0
-83 82 0
-82 38 0
-38 1 0
-1 33 0
-33 37 0
-37 49 0
-49 3 0
-3 86 0
-86 44 0
-44 24 0
-24 64 0
-64 35 0
-35 39 0
-39 67 0
-67 95 0
-95 50 0
-50 69 0
-69 51 0
-51 88 0
-88 53 0
-53 42 0
-42 68 0
-68 92 0
-92 73 0
-73 40 0
-40 87 0
-87 16 0
-16 61 0
60
99
5515 5596 3753 2967 1874 335 5757 5031 5258 3871 5141 2933 8333 4830 5486 3674 8337 2718 6545 4298 7143 3734 4023 4729 2389 6808 1374 1791 9062 2081 8620 1528 9840 8225 659 4767 1447 2604 7302 5340 3616 2272 1339 2347 3464 1159 7505 3295 790 3135 9716 5638 943 9865 4975 2767 3097 7263 5793 1066 5937 8569 3988 1327 2161 3378 4921 1409 9772 2790 9976 4404 8204 2350 8631 9469 6334 3376 3480 3433 1772 8801 8936 4529 7772 1564 8197 3852 5094 7464 4592 4837 5980 5140 4819 7598 7541 9590 1893
99
-37 37 0
-42 42 0
-51 51 0
-80 80 0
-40 40 0
-4 4 0
-50 50 0
-1 1 0
-36 36 0
-44 44 0
-13 13 0
-99 99 0
-93 93 0
-72 72 0
-34 34 0
-84 84 0
-17 17 0
-22 22 0
-54 54 0
-15 15 0
-46 46 0
-71 71 0
-27 27 0
-81 81 0
-5 5 0
-52 52 0
-14 14 0
-62 62 0
-65 65 0
-86 86 0
-77 77 0
-53 53 0
-74 74 0
-10 10 0
-48 48 0
-11 11 0
-87 87 0
-30 30 0
-7 7 0
-26 26 0
-57 57 0
-96 96 0
-28 28 0
-79 79 0
-31 31 0
-16 16 0
-90 90 0
-70 70 0
-8 8 0
-47 47 0
-61 61 0
-29 29 0
-38 38 0
-97 97 0
-25 25 0
-3 3 0
-21 21 0
-64 64 0
-60 60 0
-32 32 0
-73 73 0
-82 82 0
-2 2 0
-89 89 0
-55 55 0
-92 92 0
-18 18 0
-41 41 0
-23 23 0
-20 20 0
-66 66 0
-45 45 0
-49 49 0
-68 68 0
-76 76 0
-43 43 0
-83 83 0
-58 58 0
-85 85 0
-69 69 0
-33 33 0
-19 19 0
-39 39 0
-98 98 0
-88 88 0
-78 78 0
-35 35 0
-24 24 0
-75 75 0
-94 94 0
-59 59 0
-91 91 0
-12 12 0
-95 95 0
-67 67 0
-9 9 0
-56 56 0
-6 6 0
-63 63 0
954
99
0 0 0 0 0 0 0 0 0 0 0 0 0 0 0 0 0 0 0 0 0 0 0 0 0 0 0 0 0 0 0 0 0 0 0 0 0 0 0 0 0 0 0 0 0 0 0 0 0 0 0 0 0 0 0 0 0 0 0 0 0 0 0 0 0 0 0 0 0 0 0 0 0 0 0 0 0 0 0 0 0 0 0 0 0 0 0 0 0 0 0 0 0 0 0 0 0 0 1
98
-13 17 0
-17 82 0
-82 35 0
-35 74 0
-74 75 0
-75 70 0
-70 59 0
-59 44 0
-44 78 0
-78 66 0
-66 9 0
-9 1 0
-1 7 0
-7 20 0
-20 91 0
-91 29 0
-29 77 0
-77 69 0
-69 98 0
-98 55 0
-55 60 0
-60 89 0
-89 62 0
-62 27 0
-27 95 0
-95 42 0
-42 16 0
-16 21 0
-21 68 0
-68 57 0
-57 96 0
-96 47 0
-47 73 0
-73 5 0
-5 80 0
-80 19 0
-19 34 0
-34 4 0
-4 46 0
-46 85 0
-85 79 0
-79 99 0
-99 8 0
-8 30 0
-30 61 0
-61 43 0
-43 51 0
-51 23 0
-23 87 0
-87 71 0
-71 25 0
-25 52 0
-52 15 0
-15 88 0
-88 65 0
-65 67 0
-67 2 0
-2 92 0
-92 36 0
-36 90 0
-90 54 0
-54 49 0
-49 26 0
-26 3 0
-3 97 0
-97 32 0
-32 31 0
-31 81 0
-81 63 0
-63 38 0
-38 56 0
-56 72 0
-72 86 0
-86 76 0
-76 18 0
-18 33 0
-33 58 0
-58 50 0
-50 6 0
-6 84 0
-84 83 0
-83 41 0
-41 64 0
-64 93 0
-93 45 0
-45 39 0
-39 28 0
-28 53 0
-53 14 0
-14 48 0
-48 37 0
-37 22 0
-22 94 0
-94 40 0
-40 11 0
-11 12 0
-12 24 0
-24 10 0
952
99
0 0 0 0 0 0 0 0 0 0 0 0 0 0 0 0 0 0 0 0 0 0 0 0 0 0 0 0 0 0 0 0 0 0 0 0 0 0 0 0 0 0 0 0 0 0 0 0 0 0 0 0 0 0 0 0 0 0 0 0 0 0 0 0 0 0 0 0 0 0 0 0 0 0 0 0 0 0 0 0 0 0 0 0 0 0 0 0 0 0 0 0 0 0 0 0 0 0 2
99
-2 31 0
-31 66 0
-66 65 0
-65 58 0
-58 71 0
-71 50 0
-50 36 0
-36 82 0
-82 77 0
-77 26 0
-26 12 0
-12 56 0
-56 11 0
-11 41 0
-41 24 0
-24 99 0
-99 63 0
-63 20 0
-20 87 0
-87 7 0
-7 3 0
-3 29 0
-29 38 0
-38 30 0
-30 44 0
-44 27 0
-27 51 0
-51 53 0
-53 13 0
-13 81 0
-81 83 0
-83 94 0
-94 14 0
-14 22 0
-22 18 0
-18 6 0
-6 88 0
-88 85 0
-85 37 0
-37 79 0
-79 72 0
-72 45 0
-45 28 0
-28 74 0
-74 69 0
-69 98 0
-98 48 0
-48 47 0
-47 73 0
-73 15 0
-15 42 0
-42 17 0
-17 59 0
-59 89 0
-89 10 0
-10 62 0
-62 32 0
-32 1 0
-1 84 0
-84 8 0
-8 90 0
-90 39 0
-39 64 0
-64 43 0
-43 40 0
-40 4 0
-4 76 0
-76 21 0
-21 33 0
-33 68 0
-68 9 0
-9 67 0
-67 34 0
-34 57 0
-57 55 0
-55 95 0
-95 91 0
-91 60 0
-60 35 0
-35 16 0
-16 70 0
-70 19 0
-19 93 0
-93 23 0
-23 52 0
-52 78 0
-78 75 0
-75 25 0
-25 49 0
-49 61 0
-61 54 0
-54 5 0
-5 92 0
-92 97 0
-97 96 0
-96 86 0
-86 46 0
-46 80 0
-80 -80 2 0
907
0
