99
0 0 0 0 0 0 0 0 0 0 0 0 0 0 0 0 0 0 0 0 0 0 0 0 0 0 0 0 0 0 0 0 0 0 0 0 0 0 0 0 0 0 0 0 0 0 0 0 0 0 0 0 0 0 0 0 0 0 0 0 0 0 0 0 0 0 0 0 0 0 0 0 0 0 0 0 0 0 0 0 0 0 0 0 0 0 0 0 0 0 0 0 0 0 0 0 0 0 2999
58
-5 -6 -7 -9 -10 -11 -12 -13 -15 -16 -17 -18 -21 -22 -23 -24 -25 -26 -28 -31 -33 -35 -36 -38 -39 -40 -42 -43 -45 -47 -48 -49 -51 -52 -54 -55 -56 -57 -60 -61 -62 -63 -64 -65 -66 -69 -71 -72 -73 -76 -77 -78 -79 -80 -81 -82 -83 -84 -85 -87 -88 -89 -90 -91 -92 -95 -96 -97 2 3 5 6 7 8 9 10 11 13 15 17 18 19 20 21 24 25 28 30 32 34 37 38 39 41 42 44 46 51 53 54 57 60 61 63 66 67 68 69 72 73 76 77 78 79 82 83 85 86 87 88 89 90 91 92 93 94 95 96 97 98 0
-1 -2 -4 -5 -6 -7 -8 -9 -10 -11 -13 -14 -15 -16 -18 -19 -20 -21 -23 -24 -25 -27 -28 -30 -32 -33 -35 -37 -38 -40 -41 -42 -43 -44 -45 -47 -48 -49 -54 -55 -56 -57 -58 -59 -60 -61 -62 -64 -65 -69 -70 -71 -73 -74 -76 -77 -78 -79 -80 -81 -85 -88 -89 -90 -92 -93 -95 -96 -97 -98 2 3 5 6 7 8 9 10 11 12 15 16 19 20 21 22 24 25 28 29 30 31 32 34 35 36 37 38 39 40 41 42 43 47 50 51 53 55 56 57 59 60 61 63 66 67 68 69 70 71 72 73 74 77 78 79 80 81 82 83 84 85 87 88 90 91 94 95 97 0
-2 -3 -4 -5 -9 -10 -12 -13 -15 -16 -18 -19 -21 -22 -24 -25 -26 -27 -29 -31 -32 -33 -34 -35 -36 -40 -41 -45 -46 -48 -49 -51 -52 -55 -61 -62 -63 -64 -68 -69 -70 -72 -74 -79 -80 -81 -83 -85 -86 -88 -89 -93 -94 -95 -96 -98 1 2 4 6 9 12 13 14 15 16 17 18 19 21 22 24 25 26 27 29 33 34 36 37 38 39 41 42 44 45 46 48 51 53 56 57 59 60 61 62 63 66 67 69 70 72 73 78 79 81 82 83 84 86 87 88 89 90 91 92 94 95 96 98 0
-1 -2 -3 -4 -5 -7 -9 -10 -12 -13 -17 -18 -19 -20 -21 -23 -25 -26 -28 -29 -31 -32 -33 -36 -37 -42 -43 -44 -45 -46 -47 -48 -49 -50 -51 -52 -54 -57 -58 -59 -60 -61 -63 -65 -67 -68 -69 -70 -72 -73 -74 -75 -76 -77 -78 -79 -80 -82 -85 -86 -88 -89 -90 -91 -92 -93 -94 -95 -96 -97 -98 1 4 5 7 8 9 10 11 12 13 15 16 17 18 19 20 22 23 25 26 27 29 30 32 34 37 38 40 41 43 44 45 46 47 48 49 50 51 52 54 55 56 57 58 59 61 62 63 64 66 67 69 72 73 74 75 77 78 79 80 84 85 86 87 89 91 92 95 96 97 98 0
-2 -3 -4 -5 -6 -7 -8 -9 -10 -11 -12 -13 -14 -15 -17 -19 -20 -21 -22 -24 -25 -28 -32 -37 -38 -40 -42 -43 -44 -46 -47 -48 -49 -50 -51 -53 -54 -56 -57 -58 -59 -61 -64 -65 -66 -67 -68 -69 -70 -71 -72 -73 -74 -75 -76 -77 -79 -80 -81 -82 -84 -85 -86 -88 -91 -94 -95 -96 -97 -98 1 3 4 5 6 9 12 13 14 16 17 18 19 23 25 26 28 29 30 32 35 36 38 39 43 44 46 48 49 50 51 52 53 54 59 62 64 66 68 69 70 71 73 74 75 80 81 84 85 86 87 88 89 91 92 93 94 95 97 0
-1 -2 -3 -4 -5 -6 -7 -9 -10 -12 -15 -17 -18 -19 -21 -22 -24 -25 -28 -29 -30 -33 -35 -37 -38 -40 -41 -42 -43 -44 -45 -46 -47 -48 -50 -51 -52 -54 -56 -59 -60 -61 -62 -63 -64 -65 -67 -69 -70 -72 -73 -75 -76 -78 -79 -80 -81 -82 -83 -85 -86 -88 -89 -90 -93 -94 -95 -96 -98 2 3 4 5 7 8 10 11 12 14 15 17 18 19 20 21 23 24 26 27 28 30 31 33 34 35 36 39 40 41 42 43 44 45 46 47 49 51 52 53 54 55 56 58 61 62 63 64 65 66 67 68 69 70 71 72 73 74 75 77 78 79 80 82 83 84 85 86 87 88 90 92 93 94 96 97 98 0
-1 -2 -3 -6 -7 -8 -10 -14 -15 -16 -17 -18 -23 -24 -25 -26 -27 -29 -30 -31 -32 -35 -37 -38 -41 -42 -43 -45 -47 -48 -49 -51 -52 -53 -54 -55 -56 -57 -58 -59 -60 -61 -62 -63 -64 -65 -66 -67 -69 -72 -73 -74 -75 -76 -78 -81 -83 -84 -86 -87 -88 -89 -90 -91 -93 -94 -95 -98 2 4 5 6 8 10 11 12 13 14 15 19 20 22 23 25 27 28 29 30 31 32 33 35 37 38 40 42 43 45 46 49 50 51 52 53 54 56 57 59 60 61 63 64 66 67 68 69 70 71 72 73 77 78 79 80 82 83 84 85 87 88 90 92 95 96 98 0
-2 -3 -4 -6 -7 -8 -14 -15 -17 -20 -21 -22 -24 -25 -26 -28 -31 -32 -35 -36 -37 -38 -39 -40 -42 -43 -44 -46 -47 -49 -50 -51 -53 -54 -56 -57 -58 -60 -62 -64 -66 -67 -68 -69 -70 -72 -74 -75 -78 -79 -80 -81 -83 -84 -85 -86 -87 -88 -89 -91 -92 -93 -95 -98 1 2 3 4 5 6 7 12 13 14 16 17 18 20 21 22 24 25 27 28 29 32 33 34 35 36 39 41 42 43 44 45 46 47 48 50 51 52 54 55 56 57 58 59 60 61 62 63 64 66 67 69 70 72 73 74 75 76 77 78 79 80 82 83 84 85 86 89 91 92 93 95 98 0
-1 -3 -4 -7 -8 -10 -11 -12 -13 -14 -15 -16 -18 -19 -21 -22 -24 -25 -26 -28 -29 -31 -32 -38 -39 -42 -43 -44 -46 -48 -49 -54 -55 -57 -58 -61 -62 -63 -64 -66 -67 -69 -70 -71 -73 -74 -76 -77 -78 -80 -81 -82 -84 -85 -86 -87 -89 -90 -91 -92 -95 -98 3 5 6 7 9 12 14 16 21 22 23 25 27 28 29 30 31 33 34 35 36 37 38 39 40 41 42 43 44 46 47 49 52 53 55 56 60 61 63 65 66 70 71 72 77 78 79 81 83 84 86 87 88 91 92 93 94 95 97 98 0
-1 -2 -3 -5 -7 -10 -11 -16 -18 -19 -20 -21 -22 -23 -25 -26 -27 -28 -29 -30 -31 -32 -33 -34 -35 -36 -37 -38 -40 -41 -42 -43 -45 -46 -47 -50 -51 -52 -53 -54 -55 -56 -57 -59 -60 -62 -63 -65 -68 -69 -70 -71 -72 -73 -74 -75 -76 -77 -78 -79 -80 -81 -82 -87 -89 -90 -91 -92 -93 -94 -97 1 2 5 6 7 8 9 10 11 13 14 15 16 17 18 19 21 22 26 27 29 32 33 36 37 38 39 41 43 44 47 48 49 50 53 54 55 59 61 62 63 65 66 68 69 71 72 73 74 75 76 80 81 82 84 87 88 89 91 94 97 98 0
-1 -2 -4 -6 -7 -10 -13 -14 -15 -17 -19 -20 -24 -25 -26 -27 -29 -30 -31 -33 -34 -35 -36 -37 -38 -39 -40 -41 -42 -43 -44 -45 -46 -48 -50 -51 -52 -54 -55 -56 -57 -58 -59 -61 -63 -64 -65 -66 -68 -69 -73 -75 -76 -78 -79 -80 -82 -84 -85 -87 -88 -89 -90 -94 -95 -96 1 3 4 5 6 7 8 9 12 14 15 17 19 20 23 24 25 27 29 31 32 33 34 35 37 41 43 44 45 48 49 50 51 53 55 56 57 58 59 60 61 62 63 64 67 68 71 72 73 74 75 77 79 80 81 82 85 87 88 89 90 91 93 94 95 97 0
-2 -5 -6 -10 -14 -15 -17 -19 -21 -22 -24 -25 -26 -27 -28 -29 -30 -31 -32 -34 -38 -39 -40 -41 -42 -44 -45 -47 -50 -51 -52 -53 -55 -56 -58 -60 -61 -65 -66 -67 -70 -72 -73 -74 -77 -79 -80 -81 -83 -84 -85 -86 -87 -88 -91 -92 -93 -94 -95 -97 1 2 3 4 6 7 8 10 11 12 13 14 16 18 20 21 22 23 24 25 27 31 32 35 38 40 41 43 44 46 47 48 49 51 52 53 54 56 57 58 59 62 63 64 65 67 68 69 70 71 72 73 74 76 77 78 80 81 82 83 85 87 88 89 94 95 96 97 98 0
-2 -3 -5 -6 -7 -8 -9 -10 -11 -12 -13 -16 -18 -20 -22 -23 -27 -29 -30 -32 -33 -34 -35 -37 -38 -39 -41 -43 -45 -47 -48 -51 -52 -54 -56 -59 -60 -61 -62 -65 -66 -67 -69 -71 -72 -73 -74 -75 -77 -78 -79 -82 -83 -86 -87 -88 -91 -92 -93 -94 -96 -97 -98 1 3 4 5 6 7 8 9 13 15 16 18 20 22 23 25 27 29 32 33 34 35 36 37 39 40 41 42 43 44 45 46 47 49 51 52 53 54 55 56 57 58 59 60 63 65 66 68 69 70 74 75 76 78 79 80 82 84 85 86 88 89 90 92 93 94 95 96 97 0
-1 -2 -6 -9 -10 -11 -12 -14 -15 -16 -17 -18 -19 -21 -22 -23 -24 -25 -26 -28 -29 -30 -31 -32 -33 -34 -36 -38 -39 -40 -41 -42 -44 -45 -46 -48 -49 -50 -51 -52 -55 -56 -57 -60 -61 -62 -63 -64 -65 -68 -70 -71 -72 -73 -75 -76 -78 -79 -80 -82 -83 -84 -85 -88 -90 -91 -94 -96 -97 -98 1 6 7 8 9 10 11 12 13 14 15 16 17 18 19 21 22 23 25 27 28 30 31 34 36 37 39 40 43 45 47 48 49 50 51 52 54 55 62 64 65 66 67 68 73 75 76 77 78 79 80 81 82 84 86 87 88 89 91 92 93 95 96 97 98 0
-1 -3 -5 -6 -8 -10 -11 -14 -15 -16 -18 -19 -24 -25 -27 -28 -29 -31 -32 -33 -34 -36 -37 -39 -40 -44 -48 -49 -50 -52 -53 -54 -57 -58 -59 -61 -63 -64 -65 -66 -67 -68 -72 -73 -75 -76 -77 -78 -79 -80 -81 -82 -83 -84 -85 -86 -87 -88 -89 -90 -92 -94 -97 3 4 7 8 9 11 12 14 15 16 17 18 19 20 21 22 24 25 26 27 28 31 34 38 39 40 43 44 46 48 49 52 53 54 55 56 57 58 59 60 62 63 64 66 67 69 71 73 77 79 80 81 83 84 85 86 87 88 90 91 93 94 95 96 97 98 0
-2 -3 -5 -8 -9 -10 -11 -12 -13 -14 -16 -17 -18 -20 -21 -22 -24 -26 -27 -28 -29 -30 -31 -32 -33 -34 -36 -37 -38 -39 -40 -41 -42 -43 -44 -45 -46 -47 -49 -50 -51 -52 -53 -54 -56 -57 -60 -62 -63 -64 -65 -66 -69 -70 -71 -72 -73 -74 -75 -76 -77 -78 -80 -81 -83 -88 -91 -92 -94 -95 -97 -98 1 2 3 5 7 8 9 10 12 13 15 16 17 18 20 21 23 24 25 27 28 29 32 33 34 35 37 38 41 42 47 48 49 50 51 53 56 58 60 61 62 63 65 66 67 69 70 72 73 75 76 77 80 82 85 86 87 89 90 95 97 98 0
-1 -2 -3 -6 -7 -9 -11 -12 -13 -15 -17 -18 -19 -21 -25 -27 -28 -29 -30 -32 -33 -34 -37 -38 -39 -40 -41 -42 -43 -45 -47 -48 -49 -52 -53 -54 -55 -57 -60 -62 -63 -64 -65 -68 -70 -71 -72 -74 -77 -79 -80 -81 -83 -84 -86 -89 -90 -92 -94 -96 -97 -98 1 2 6 8 9 10 11 14 15 16 17 18 20 23 25 27 28 29 30 33 35 36 37 38 40 42 43 45 46 47 49 51 52 53 54 55 56 57 60 62 66 67 69 71 72 74 75 76 77 78 80 81 84 85 86 87 88 89 92 93 94 95 96 97 98 0
-1 -3 -6 -9 -10 -12 -14 -17 -18 -20 -21 -22 -23 -24 -25 -26 -27 -28 -30 -31 -34 -35 -36 -38 -40 -44 -45 -46 -48 -49 -50 -51 -52 -53 -54 -55 -56 -58 -59 -60 -61 -62 -63 -65 -66 -67 -68 -69 -71 -72 -74 -75 -78 -79 -81 -82 -84 -85 -86 -88 -89 -90 -91 -93 -94 -98 1 2 3 5 7 8 9 10 11 12 16 18 20 21 22 23 24 25 26 29 30 31 32 33 34 35 37 38 39 40 42 43 44 46 47 50 51 54 55 56 57 59 60 61 62 63 64 67 68 69 70 71 72 73 75 77 78 79 81 83 84 86 87 88 89 90 91 92 94 96 97 0
-1 -2 -3 -4 -5 -7 -9 -10 -12 -15 -16 -17 -19 -20 -21 -22 -24 -26 -27 -28 -29 -30 -31 -32 -33 -34 -35 -36 -37 -38 -40 -44 -45 -47 -49 -50 -51 -54 -55 -56 -59 -60 -61 -63 -64 -67 -68 -69 -70 -73 -75 -76 -78 -79 -80 -83 -84 -85 -86 -87 -88 -91 -92 -94 -96 -98 2 3 4 5 6 7 10 11 12 13 14 15 18 19 21 23 25 26 27 28 30 32 33 36 37 38 40 41 42 44 46 49 50 52 53 54 58 59 60 62 63 66 67 68 69 70 71 73 75 76 77 78 79 81 83 84 85 87 89 91 92 93 95 0
-1 -4 -6 -8 -9 -10 -12 -14 -15 -16 -17 -18 -20 -23 -24 -25 -27 -28 -30 -31 -33 -34 -35 -37 -39 -41 -43 -44 -46 -47 -48 -49 -52 -54 -55 -56 -58 -59 -60 -62 -63 -64 -65 -68 -70 -72 -73 -76 -77 -78 -79 -80 -81 -82 -84 -85 -86 -87 -90 -91 -92 -96 -97 -98 2 3 5 6 8 9 10 11 12 14 16 19 20 21 23 24 25 26 27 29 32 33 34 37 39 40 41 42 46 49 50 51 52 53 55 56 59 60 62 63 64 65 66 67 68 69 70 71 74 75 76 77 82 83 85 87 88 90 91 92 93 94 95 96 97 98 0
-1 -2 -4 -5 -7 -8 -9 -10 -11 -12 -15 -16 -17 -18 -22 -26 -28 -31 -34 -35 -36 -39 -40 -41 -42 -43 -44 -45 -47 -49 -52 -53 -54 -57 -58 -59 -60 -62 -63 -65 -66 -68 -69 -70 -71 -72 -73 -74 -76 -79 -81 -82 -83 -85 -86 -87 -88 -89 -91 -92 -93 -94 -96 -97 -98 1 2 3 5 6 7 10 11 12 13 14 15 16 17 19 20 22 23 25 26 28 29 31 32 33 34 35 39 40 42 45 47 48 51 52 53 54 57 58 59 60 61 63 65 67 69 72 73 74 75 76 77 78 80 81 82 83 84 85 87 89 90 92 94 97 98 0
-1 -2 -3 -4 -5 -7 -9 -12 -14 -16 -17 -18 -22 -24 -25 -26 -27 -28 -29 -30 -31 -32 -33 -34 -36 -40 -41 -43 -46 -47 -51 -53 -54 -55 -56 -58 -59 -60 -61 -62 -63 -65 -67 -70 -73 -74 -75 -76 -77 -80 -82 -83 -84 -85 -86 -88 -89 -92 -93 -94 -97 1 2 3 4 5 6 7 8 13 15 16 17 19 26 27 28 30 31 32 33 34 36 38 39 41 43 44 45 46 47 49 50 51 52 53 54 55 56 57 58 60 61 63 65 66 68 69 71 72 73 74 76 77 80 82 83 85 87 89 90 91 94 97 0
-1 -3 -4 -5 -6 -8 -9 -11 -12 -13 -14 -15 -16 -21 -23 -25 -27 -30 -31 -32 -34 -35 -36 -38 -39 -40 -41 -43 -44 -45 -46 -47 -50 -51 -52 -57 -58 -59 -60 -61 -62 -63 -65 -67 -68 -69 -70 -72 -74 -76 -77 -79 -80 -82 -83 -84 -85 -87 -88 -92 -96 1 8 9 10 13 14 15 16 18 19 20 21 23 24 25 26 32 33 34 35 36 38 44 45 47 48 49 50 53 54 55 57 59 60 62 63 64 65 66 67 68 69 72 73 74 76 77 81 82 87 88 89 90 91 92 93 94 95 96 0
-1 -2 -4 -6 -7 -8 -9 -10 -11 -12 -13 -16 -17 -18 -20 -21 -23 -24 -25 -26 -27 -28 -29 -30 -31 -32 -36 -37 -39 -40 -41 -42 -43 -45 -47 -48 -49 -50 -53 -55 -56 -57 -58 -59 -60 -61 -62 -64 -65 -66 -67 -68 -70 -71 -72 -73 -74 -75 -76 -77 -79 -80 -81 -82 -83 -84 -85 -86 -87 -88 -89 -90 -91 -92 -93 -94 -95 -96 -98 1 2 3 4 5 7 8 10 11 12 14 15 16 17 19 22 23 25 26 27 31 32 34 35 36 38 41 42 43 44 47 51 52 53 55 58 59 61 62 63 64 65 67 69 70 71 75 77 78 80 81 83 86 88 89 90 91 92 94 97 98 0
-2 -3 -6 -7 -8 -9 -10 -11 -13 -16 -17 -19 -20 -21 -22 -24 -25 -27 -30 -31 -36 -37 -39 -40 -41 -42 -43 -44 -45 -47 -48 -49 -51 -52 -53 -55 -57 -59 -62 -63 -64 -65 -67 -68 -69 -71 -72 -73 -74 -77 -78 -80 -81 -83 -84 -85 -86 -87 -90 -91 -93 -94 -96 -98 4 7 8 9 10 11 12 13 14 15 17 18 19 22 23 24 27 29 31 32 33 34 35 37 40 41 42 43 46 48 50 53 55 58 59 61 63 64 65 67 68 69 70 71 73 74 75 76 77 78 79 80 84 86 89 90 91 92 93 96 98 0
-1 -2 -3 -5 -6 -8 -10 -11 -15 -16 -18 -19 -20 -22 -25 -26 -27 -29 -30 -33 -34 -35 -36 -37 -38 -39 -42 -43 -45 -47 -48 -50 -51 -53 -54 -58 -59 -61 -62 -63 -64 -66 -67 -70 -71 -75 -76 -78 -80 -82 -83 -87 -88 -89 -91 -93 -94 -95 -96 -97 -98 1 2 3 4 5 9 10 11 12 14 17 18 19 20 21 22 23 24 25 27 28 31 33 34 35 36 37 38 40 41 45 46 47 48 49 53 55 57 58 59 60 61 62 63 65 66 68 69 71 73 74 75 76 77 78 79 80 81 82 83 85 86 88 89 90 91 92 93 95 96 97 0
-3 -4 -5 -6 -7 -8 -9 -10 -11 -12 -13 -14 -20 -21 -22 -23 -24 -25 -27 -28 -29 -31 -32 -33 -34 -35 -36 -38 -39 -40 -41 -42 -44 -45 -47 -49 -50 -51 -52 -53 -54 -55 -56 -57 -58 -62 -63 -66 -68 -71 -72 -73 -75 -77 -78 -79 -80 -81 -82 -83 -84 -86 -88 -90 -91 -92 -94 -96 -97 -98 1 2 3 4 5 6 7 8 9 14 15 16 18 22 25 27 28 30 32 35 36 37 38 39 41 42 44 47 49 50 51 52 53 54 55 56 57 59 60 61 64 65 66 68 69 70 71 72 74 76 77 79 80 81 82 83 84 86 87 88 90 91 92 94 95 97 98 0
-1 -2 -3 -4 -5 -6 -7 -9 -11 -13 -14 -16 -17 -19 -20 -21 -22 -23 -24 -25 -26 -30 -32 -33 -34 -35 -37 -38 -40 -42 -43 -44 -47 -54 -57 -58 -62 -63 -64 -65 -66 -67 -73 -74 -75 -78 -79 -80 -81 -82 -83 -84 -86 -87 -88 -89 -90 -91 -92 -95 -96 -97 -98 1 2 4 5 6 10 11 12 13 14 15 16 18 19 20 21 22 24 25 26 27 28 29 30 31 32 33 34 35 36 37 39 41 42 44 45 48 49 50 52 53 54 55 56 57 60 61 62 63 64 65 66 67 70 71 72 74 75 76 79 80 81 83 87 89 90 91 94 95 96 97 98 0
-1 -2 -3 -4 -5 -6 -7 -14 -15 -16 -19 -20 -21 -23 -24 -25 -27 -28 -29 -30 -31 -32 -33 -35 -37 -40 -43 -45 -48 -50 -51 -53 -55 -56 -60 -61 -62 -63 -64 -65 -69 -71 -72 -75 -76 -77 -79 -80 -82 -85 -86 -88 -89 -90 -91 -92 -94 -95 -96 -97 -98 2 5 7 8 9 11 12 15 19 21 22 23 24 25 26 27 28 29 30 31 32 33 37 38 39 40 41 42 43 44 45 46 52 53 54 55 56 57 58 59 61 65 66 69 70 71 72 73 76 79 81 82 83 84 85 86 87 88 89 90 91 92 93 94 95 96 97 98 0
-1 -2 -3 -4 -5 -6 -7 -8 -9 -10 -13 -14 -15 -16 -19 -20 -22 -23 -25 -28 -30 -31 -33 -38 -39 -41 -42 -48 -49 -51 -52 -54 -56 -57 -60 -62 -63 -65 -66 -67 -68 -71 -72 -74 -76 -77 -78 -79 -80 -81 -82 -83 -85 -86 -87 -88 -89 -90 -91 -92 -93 -95 -96 1 2 3 4 6 8 10 11 12 13 15 18 19 20 21 22 23 25 26 27 29 30 32 33 34 39 41 43 45 46 47 49 50 51 53 54 56 57 59 60 62 64 65 68 70 72 73 75 76 77 80 81 82 83 84 85 91 94 95 96 97 98 0
-1 -2 -3 -4 -6 -7 -9 -11 -12 -13 -14 -16 -17 -18 -21 -23 -24 -25 -26 -27 -28 -29 -31 -32 -33 -35 -37 -38 -39 -41 -42 -45 -46 -47 -48 -50 -51 -53 -55 -56 -57 -59 -60 -61 -62 -63 -64 -65 -66 -68 -71 -72 -73 -75 -76 -79 -80 -81 -82 -83 -84 -85 -87 -89 -91 -92 -95 -96 -98 2 3 5 6 7 8 10 11 13 14 15 20 21 23 24 28 29 30 32 33 34 35 36 38 42 43 44 45 47 48 52 53 54 55 56 58 59 61 62 63 65 66 69 71 73 75 76 77 78 80 82 85 86 87 88 89 90 91 93 94 95 96 97 0
-1 -2 -4 -5 -7 -8 -9 -13 -14 -16 -17 -19 -20 -22 -23 -24 -28 -30 -31 -32 -36 -37 -38 -39 -40 -42 -44 -45 -46 -47 -48 -50 -51 -55 -56 -58 -59 -61 -69 -70 -71 -72 -73 -74 -77 -80 -82 -84 -87 -88 -90 -92 -94 -95 -97 -98 1 2 3 4 5 7 9 12 13 14 16 18 20 21 22 24 25 26 27 28 29 30 31 33 34 35 36 37 38 40 41 43 46 47 48 49 51 54 55 56 57 60 61 63 65 66 69 70 73 74 75 76 77 78 79 80 81 82 83 84 86 87 88 89 90 91 92 93 95 96 98 0
-2 -3 -5 -7 -9 -10 -12 -13 -14 -16 -17 -18 -19 -25 -28 -29 -31 -32 -34 -37 -38 -39 -41 -43 -44 -45 -48 -51 -52 -53 -54 -55 -56 -59 -60 -61 -62 -64 -66 -67 -68 -69 -71 -72 -73 -75 -77 -78 -79 -82 -84 -85 -87 -89 -91 -92 -93 -94 -96 -97 -98 4 6 10 13 14 15 16 18 20 21 24 25 27 28 30 32 33 34 35 38 39 41 42 44 45 46 48 49 50 52 53 54 56 57 60 61 62 64 65 66 68 69 70 71 74 75 76 77 78 79 80 83 84 86 87 88 89 90 92 93 96 98 0
-1 -2 -3 -5 -6 -8 -9 -10 -11 -12 -14 -18 -19 -21 -24 -25 -26 -27 -28 -30 -32 -33 -36 -37 -38 -40 -42 -43 -44 -45 -47 -48 -49 -51 -52 -53 -54 -55 -56 -57 -58 -60 -62 -63 -66 -67 -71 -73 -74 -76 -77 -78 -80 -83 -84 -86 -87 -88 -89 -90 -93 -94 -95 -96 -98 1 2 4 6 7 8 9 13 14 15 16 18 21 23 24 28 29 31 32 34 35 36 37 38 39 40 42 43 44 45 46 47 48 50 51 52 56 57 58 59 60 61 62 64 66 68 69 70 71 72 73 74 75 76 78 79 81 83 84 86 88 89 91 92 94 96 97 0
-2 -3 -7 -8 -9 -11 -12 -15 -16 -17 -18 -19 -20 -21 -22 -23 -26 -29 -30 -32 -34 -35 -39 -40 -41 -42 -43 -44 -46 -49 -50 -51 -52 -53 -54 -55 -59 -62 -64 -66 -67 -68 -69 -70 -71 -72 -75 -76 -80 -81 -82 -83 -85 -86 -87 -88 -90 -91 -94 -95 1 2 3 4 5 6 7 8 12 13 16 20 25 26 27 29 30 33 34 35 38 39 42 45 47 48 50 53 54 55 56 58 59 60 61 62 65 67 69 71 72 73 76 77 82 83 84 85 86 89 90 91 92 94 98 0
-3 -5 -6 -9 -12 -13 -14 -15 -17 -18 -19 -20 -21 -22 -23 -24 -25 -26 -27 -28 -29 -31 -32 -33 -34 -35 -36 -37 -42 -43 -45 -47 -48 -49 -50 -51 -52 -53 -54 -55 -56 -57 -58 -59 -60 -61 -62 -63 -64 -65 -66 -67 -68 -69 -71 -73 -74 -76 -78 -79 -80 -82 -83 -85 -86 -87 -88 -89 -93 -95 -96 -97 3 5 8 9 11 12 13 15 18 19 20 21 22 23 28 29 30 31 32 35 37 38 39 40 41 42 44 45 47 48 49 52 53 54 55 56 57 58 59 60 61 62 65 66 69 70 71 72 73 75 77 80 81 83 84 85 86 87 88 91 92 93 96 97 98 0
-1 -2 -3 -4 -6 -8 -10 -11 -12 -14 -15 -16 -19 -20 -21 -23 -24 -25 -26 -28 -29 -30 -31 -32 -35 -37 -39 -40 -41 -42 -43 -44 -46 -47 -48 -49 -50 -51 -53 -54 -56 -57 -58 -59 -60 -62 -63 -64 -65 -66 -67 -68 -69 -70 -72 -74 -75 -77 -78 -79 -80 -81 -82 -84 -85 -87 -89 -90 -91 -92 -94 -97 -98 1 2 4 6 8 10 11 12 14 15 16 17 19 22 24 25 28 29 30 31 32 33 34 36 40 42 44 45 46 47 50 51 52 53 55 56 57 58 59 61 62 63 64 65 67 69 70 71 72 73 75 76 77 81 83 85 86 87 88 89 92 94 97 98 0
-1 -2 -6 -9 -11 -12 -15 -17 -19 -21 -22 -24 -25 -27 -28 -29 -30 -32 -34 -36 -38 -39 -40 -41 -45 -46 -47 -48 -49 -50 -51 -52 -53 -57 -58 -59 -62 -67 -69 -71 -73 -74 -75 -76 -77 -78 -79 -81 -82 -84 -85 -87 -89 -90 -92 -93 -94 -95 -96 -97 1 2 3 6 7 9 12 14 15 17 18 19 20 21 24 25 26 29 30 32 35 37 39 40 41 42 43 44 45 51 52 53 55 57 58 59 60 61 64 65 66 68 70 71 74 75 76 79 81 82 83 85 86 90 91 92 95 96 97 0
-1 -2 -3 -5 -6 -8 -9 -10 -11 -14 -15 -16 -19 -20 -21 -22 -23 -27 -29 -30 -31 -32 -33 -34 -35 -37 -38 -39 -41 -42 -45 -47 -48 -49 -50 -51 -52 -54 -55 -56 -58 -59 -60 -62 -63 -66 -67 -68 -69 -70 -71 -72 -73 -74 -75 -78 -79 -80 -81 -82 -83 -84 -86 -87 -89 -90 -93 -94 -95 -96 -98 1 2 3 4 5 6 7 10 11 13 16 17 18 19 20 25 26 29 30 31 32 33 34 35 37 39 40 41 45 47 50 52 53 54 55 59 60 61 62 64 65 68 69 70 71 74 75 76 78 80 81 82 83 86 87 88 89 91 94 95 96 97 98 0
-3 -8 -10 -12 -13 -15 -16 -17 -19 -20 -21 -22 -23 -25 -27 -30 -31 -32 -33 -35 -36 -38 -39 -40 -42 -44 -45 -46 -48 -50 -51 -52 -55 -59 -60 -61 -62 -63 -64 -67 -68 -69 -70 -71 -73 -74 -75 -76 -77 -80 -81 -82 -84 -86 -87 -89 -90 -92 -93 -94 -95 -96 -97 1 3 6 7 8 9 10 11 12 13 14 15 16 17 18 19 20 21 22 23 24 26 27 29 30 31 32 34 35 37 38 39 40 41 42 43 44 45 46 47 49 50 52 54 55 57 58 59 62 63 66 67 69 70 72 73 74 75 76 77 78 82 85 86 87 89 92 96 97 0
-1 -3 -4 -6 -8 -9 -10 -11 -13 -19 -22 -24 -25 -26 -28 -30 -32 -34 -36 -37 -38 -39 -40 -41 -43 -44 -45 -46 -47 -49 -50 -51 -53 -55 -58 -60 -61 -62 -64 -65 -66 -67 -68 -69 -70 -71 -72 -73 -74 -75 -76 -78 -82 -83 -84 -85 -86 -87 -89 -90 -91 -92 -93 -94 -95 -96 2 3 5 6 7 8 10 12 17 18 19 20 21 22 23 24 27 28 29 30 31 32 33 36 37 40 41 42 43 44 46 47 48 49 51 52 54 55 56 57 58 59 60 61 62 63 64 65 66 67 68 72 73 74 75 76 77 78 79 81 82 83 85 86 87 90 91 93 95 96 97 0
-2 -3 -5 -6 -8 -9 -10 -11 -12 -13 -15 -17 -19 -20 -21 -22 -23 -24 -25 -26 -27 -28 -30 -31 -33 -34 -35 -36 -37 -41 -42 -47 -49 -50 -51 -52 -53 -54 -56 -57 -58 -59 -60 -62 -63 -65 -66 -68 -70 -72 -74 -76 -79 -80 -81 -82 -83 -84 -87 -88 -89 -91 -92 -94 -96 -98 1 2 4 5 6 7 8 9 10 11 12 13 14 16 17 18 19 20 21 22 23 24 26 29 30 32 33 36 37 39 41 42 45 46 47 49 50 51 52 53 55 56 60 61 62 63 65 66 70 72 74 75 76 78 79 80 81 82 85 86 87 88 89 90 92 95 98 0
-1 -2 -3 -4 -6 -7 -10 -11 -13 -15 -16 -18 -19 -20 -21 -23 -24 -28 -30 -31 -32 -33 -34 -35 -36 -37 -38 -39 -40 -41 -42 -43 -44 -45 -49 -52 -53 -54 -55 -56 -57 -59 -60 -61 -63 -64 -66 -67 -69 -71 -72 -73 -74 -76 -77 -78 -79 -80 -82 -84 -85 -86 -87 -89 -90 -91 -93 -94 -95 -96 -97 -98 2 3 4 6 8 9 10 11 12 14 15 17 20 21 22 24 25 26 27 28 30 31 32 34 37 39 40 42 43 46 48 49 50 52 53 55 57 59 60 61 63 65 66 67 68 70 71 72 73 74 75 76 78 80 81 82 83 84 85 86 87 88 89 90 92 93 95 96 97 98 0
-2 -3 -4 -5 -6 -7 -8 -10 -11 -13 -14 -15 -16 -18 -19 -23 -26 -27 -28 -29 -31 -33 -34 -38 -39 -43 -45 -48 -50 -51 -52 -55 -56 -58 -59 -61 -62 -63 -64 -65 -66 -67 -68 -70 -71 -72 -73 -74 -77 -78 -81 -83 -85 -89 -90 -92 -93 -94 -98 2 3 5 7 10 11 13 14 15 16 17 18 19 22 23 24 27 28 29 30 32 33 34 35 36 37 39 43 44 45 46 48 51 52 53 54 56 57 58 59 60 61 64 65 66 67 68 69 70 71 72 76 79 80 81 83 86 87 88 89 90 93 94 96 97 0
-1 -2 -4 -5 -6 -7 -8 -11 -14 -15 -16 -17 -18 -19 -20 -21 -22 -23 -25 -26 -27 -28 -29 -30 -32 -33 -35 -36 -37 -38 -39 -40 -41 -43 -44 -45 -46 -47 -48 -52 -55 -56 -57 -58 -59 -60 -61 -62 -65 -66 -67 -68 -72 -73 -75 -76 -77 -78 -79 -81 -85 -87 -88 -89 -90 -94 -95 -96 -97 -98 1 3 5 6 7 8 9 11 12 14 15 18 21 23 24 25 27 28 29 30 31 32 33 34 37 38 40 41 42 43 45 46 47 50 52 53 54 55 57 62 63 64 66 68 69 70 74 76 80 81 82 83 84 85 86 87 89 90 91 92 93 94 95 96 97 98 0
-1 -2 -4 -8 -9 -10 -11 -12 -14 -15 -16 -17 -21 -22 -23 -27 -29 -30 -33 -36 -37 -39 -40 -41 -43 -44 -45 -48 -50 -51 -52 -53 -54 -55 -56 -57 -59 -62 -63 -64 -65 -69 -70 -73 -74 -75 -78 -81 -82 -83 -84 -85 -87 -88 -90 -91 -92 -93 -94 -95 -98 3 4 5 6 7 8 9 17 19 20 22 23 24 25 27 29 35 37 38 40 41 44 45 47 50 52 54 55 56 60 61 62 63 65 66 67 68 70 71 72 73 75 76 77 80 85 87 88 90 91 92 93 94 95 0
-1 -2 -3 -4 -5 -6 -8 -9 -10 -13 -15 -18 -23 -24 -25 -27 -28 -30 -31 -32 -34 -36 -38 -39 -42 -43 -44 -45 -46 -47 -49 -51 -53 -54 -55 -56 -57 -58 -59 -60 -64 -65 -66 -68 -69 -72 -73 -75 -78 -80 -82 -83 -86 -88 -89 -90 -91 -92 -93 -94 -95 -97 -98 3 4 5 7 9 10 11 15 18 20 21 23 25 26 28 30 31 33 34 35 38 39 40 41 42 47 48 49 50 52 55 56 57 59 62 63 64 65 66 67 68 69 70 71 73 75 77 78 79 80 81 82 84 85 87 89 91 92 93 94 95 97 98 0
-1 -2 -3 -4 -5 -9 -10 -12 -13 -14 -15 -16 -17 -18 -19 -20 -21 -22 -27 -28 -29 -30 -31 -32 -33 -39 -40 -41 -42 -43 -44 -48 -49 -50 -51 -53 -54 -55 -56 -57 -59 -62 -63 -64 -66 -68 -69 -70 -71 -73 -74 -75 -76 -78 -80 -81 -84 -86 -88 -89 -90 -91 -92 -93 -94 -95 -96 -98 1 3 6 8 12 13 14 16 18 19 20 21 22 23 25 27 28 30 31 34 38 40 41 44 45 49 50 51 53 54 55 56 57 58 59 60 61 62 65 68 71 72 73 74 75 77 78 80 81 82 83 84 85 87 88 89 90 91 96 97 0
-1 -2 -4 -6 -9 -11 -13 -14 -15 -16 -17 -18 -19 -20 -21 -22 -24 -25 -26 -27 -28 -29 -30 -31 -34 -35 -39 -40 -42 -46 -47 -48 -50 -51 -53 -54 -56 -57 -58 -59 -60 -63 -64 -65 -66 -68 -69 -72 -73 -74 -75 -76 -77 -79 -80 -83 -84 -85 -86 -87 -90 -92 -93 -94 -95 -97 -98 1 2 7 8 11 15 16 17 20 21 23 24 25 26 29 30 31 32 33 34 36 37 38 39 40 41 42 43 44 46 48 51 52 53 54 55 56 57 61 62 63 65 66 69 71 72 73 74 75 76 77 78 80 81 82 83 84 86 88 91 92 93 94 96 98 0
-2 -3 -4 -7 -9 -10 -11 -12 -16 -17 -18 -19 -22 -25 -26 -27 -28 -29 -31 -32 -36 -38 -40 -42 -44 -46 -49 -50 -52 -54 -55 -56 -57 -58 -59 -60 -62 -63 -64 -66 -67 -69 -70 -71 -73 -74 -75 -76 -77 -78 -79 -80 -82 -84 -85 -86 -87 -88 -89 -90 -92 -93 -94 -95 -96 -98 2 3 4 5 7 9 12 16 18 19 20 22 25 28 29 30 32 34 35 37 41 42 43 44 46 47 48 52 53 55 56 57 58 59 60 61 62 64 65 66 68 70 73 74 77 78 79 80 81 84 85 86 88 91 92 93 94 95 96 98 0
-2 -3 -4 -5 -6 -8 -13 -16 -17 -18 -19 -20 -21 -23 -24 -26 -27 -29 -30 -31 -32 -33 -34 -36 -37 -39 -40 -41 -42 -44 -45 -46 -47 -49 -50 -51 -52 -55 -56 -57 -58 -59 -64 -65 -66 -68 -69 -70 -71 -73 -78 -79 -80 -81 -82 -85 -88 -89 -90 -92 -94 -96 1 2 3 4 5 6 7 8 9 10 11 12 13 14 15 16 17 21 22 23 25 27 30 32 33 36 38 40 43 44 45 46 47 48 49 50 52 53 55 56 59 60 61 62 63 64 65 67 68 70 73 76 78 79 80 84 86 87 88 89 90 93 94 95 97 98 0
-1 -3 -6 -8 -9 -12 -13 -20 -22 -24 -25 -26 -28 -29 -33 -34 -35 -36 -37 -39 -41 -44 -45 -48 -49 -50 -53 -56 -59 -62 -63 -65 -66 -67 -68 -70 -73 -74 -75 -78 -79 -80 -82 -83 -84 -86 -87 -88 -89 -90 -91 -93 -95 -96 -98 1 2 3 4 11 13 14 15 16 18 19 20 22 23 26 27 29 30 31 33 34 35 36 37 38 39 40 42 44 45 46 47 49 50 51 52 55 58 59 60 61 63 64 65 66 67 68 70 71 72 78 79 83 85 91 92 96 98 0
-3 -5 -6 -7 -8 -9 -10 -13 -14 -15 -18 -19 -20 -23 -24 -25 -26 -28 -29 -30 -31 -33 -34 -36 -38 -40 -42 -47 -48 -50 -51 -52 -53 -54 -55 -56 -58 -60 -61 -68 -69 -71 -72 -73 -74 -76 -77 -78 -79 -82 -83 -84 -88 -89 -90 -92 -93 2 4 5 9 10 11 12 15 16 17 19 21 23 24 25 26 27 28 30 31 33 34 35 36 37 39 40 45 50 53 54 55 56 57 59 60 61 62 64 65 66 67 68 70 71 72 73 74 76 77 79 80 82 83 84 85 86 89 91 92 94 96 97 0
-1 -2 -3 -4 -5 -6 -8 -10 -12 -14 -17 -19 -21 -22 -23 -24 -26 -27 -28 -29 -30 -33 -35 -37 -38 -40 -41 -42 -44 -46 -47 -49 -52 -55 -56 -59 -60 -63 -64 -65 -66 -67 -69 -70 -71 -72 -73 -76 -77 -78 -79 -80 -81 -82 -83 -84 -85 -86 -88 -89 -90 -91 -92 -93 -94 -95 -96 -97 2 3 4 5 6 7 8 9 10 12 13 16 17 18 19 21 22 23 25 26 27 28 29 30 31 33 35 38 39 41 43 45 46 47 48 49 51 52 53 54 55 58 59 60 61 62 63 65 67 70 71 72 74 75 80 81 82 83 85 86 88 89 90 93 94 95 96 97 0
-1 -2 -3 -4 -5 -6 -7 -8 -11 -13 -14 -15 -16 -17 -19 -20 -21 -23 -24 -25 -26 -27 -28 -30 -31 -32 -33 -36 -37 -39 -43 -44 -45 -46 -47 -48 -50 -51 -52 -54 -55 -56 -57 -58 -63 -64 -66 -67 -68 -69 -70 -72 -74 -75 -76 -77 -78 -79 -80 -81 -85 -88 -90 -92 -93 -95 -98 1 4 5 8 9 10 11 13 15 16 18 19 20 22 23 24 25 26 27 29 30 31 32 33 35 36 37 38 39 40 41 42 43 45 46 47 48 50 51 52 53 55 56 57 59 61 62 63 65 66 69 71 73 76 77 80 81 83 87 89 90 91 93 94 95 97 98 0
-1 -2 -3 -4 -5 -6 -9 -12 -13 -14 -18 -20 -21 -22 -23 -24 -27 -28 -30 -32 -38 -40 -41 -42 -43 -45 -48 -49 -52 -55 -56 -57 -58 -60 -61 -64 -65 -68 -69 -70 -71 -73 -74 -76 -78 -79 -80 -82 -84 -85 -91 -93 -94 -97 -98 2 3 4 5 6 7 8 10 12 14 17 18 19 20 21 22 23 24 25 26 28 29 30 31 32 33 34 35 36 37 39 40 41 42 43 47 48 50 51 52 53 55 56 57 58 59 60 61 62 67 68 69 72 75 77 79 80 81 82 84 85 89 90 91 92 94 95 97 98 0
-1 -2 -3 -5 -7 -9 -12 -13 -15 -18 -19 -20 -21 -23 -24 -25 -26 -27 -28 -29 -30 -31 -32 -33 -35 -37 -39 -43 -44 -46 -48 -49 -50 -53 -54 -55 -56 -57 -58 -59 -60 -63 -65 -66 -70 -72 -73 -77 -78 -79 -81 -83 -84 -85 -86 -87 -88 -92 -95 -96 -97 1 2 5 7 9 10 11 12 15 16 17 18 19 21 22 24 28 30 31 32 33 36 37 38 39 41 44 45 46 47 48 50 51 52 53 55 56 57 62 63 66 67 69 72 73 78 80 81 82 83 84 86 87 89 90 91 94 96 97 0
-2 -4 -8 -9 -12 -13 -14 -15 -16 -17 -19 -21 -24 -25 -26 -29 -30 -31 -32 -35 -36 -37 -38 -39 -40 -41 -42 -44 -45 -49 -50 -53 -54 -57 -58 -59 -60 -61 -62 -63 -64 -65 -67 -70 -71 -73 -76 -78 -80 -81 -83 -84 -85 -87 -88 -90 -91 -93 -95 -96 -97 4 5 6 8 11 13 15 16 17 19 22 23 24 26 28 30 31 34 35 37 38 39 40 41 43 44 46 48 50 51 54 55 56 57 58 59 60 61 63 64 65 68 70 71 72 73 74 75 76 77 80 82 83 85 88 90 91 92 93 94 95 97 98 0
469
99
0 0 0 0 0 0 0 0 0 0 0 0 0 0 0 0 0 0 0 0 0 0 0 0 0 0 0 0 0 0 0 0 0 0 0 0 0 0 0 0 0 0 0 0 0 0 0 0 0 0 0 0 0 0 0 0 0 0 0 0 0 0 0 0 0 0 0 0 0 0 0 0 0 0 0 0 0 0 0 0 0 0 0 0 0 0 0 0 0 0 0 0 0 0 0 0 0 0 1
99
-9 56 0
-56 29 0
-29 93 0
-93 79 0
-79 53 0
-53 8 0
-8 33 0
-33 58 0
-58 11 0
-11 71 0
-71 74 0
-74 78 0
-78 69 0
-69 20 0
-20 91 0
-91 22 0
-22 44 0
-44 89 0
-89 57 0
-57 7 0
-7 2 0
-2 70 0
-70 59 0
-59 27 0
-27 4 0
-4 83 0
-83 15 0
-15 51 0
-51 25 0
-25 85 0
-85 19 0
-19 68 0
-68 12 0
-12 96 0
-96 73 0
-73 67 0
-67 55 0
-55 40 0
-40 6 0
-6 34 0
-34 36 0
-36 47 0
-47 13 0
-13 24 0
-24 37 0
-37 17 0
-17 18 0
-18 43 0
-43 50 0
-50 84 0
-84 82 0
-82 54 0
-54 48 0
-48 80 0
-80 63 0
-63 23 0
-23 95 0
-95 52 0
-52 98 0
-98 39 0
-39 46 0
-46 60 0
-60 86 0
-86 10 0
-10 21 0
-21 62 0
-62 38 0
-38 16 0
-16 41 0
-41 1 0
-1 31 0
-31 28 0
-28 99 0
-99 61 0
-61 64 0
-64 94 0
-94 88 0
-88 81 0
-81 26 0
-26 66 0
-66 35 0
-35 14 0
-14 90 0
-90 32 0
-32 75 0
-75 65 0
-65 49 0
-49 87 0
-87 76 0
-76 77 0
-77 72 0
-72 42 0
-42 30 0
-30 97 0
-97 5 0
-5 45 0
-45 92 0
-92 3 0
-3 9 0
665
99
5491 600 2220 5081 4485 958 1961 7860 5279 7916 987 2680 4788 4648 113 9706 451 2041 4084 9036 7671 5148 9536 2671 4334 7526 4546 7127 4573 3642 1058 9246 6226 2510 211 235 954 1209 329 3252 4052 399 1274 6353 5237 736 7416 4259 1293 9886 1486 3685 2474 2718 8985 7394 2924 5441 9433 1543 1480 8755 2696 2106 977 2131 6858 2348 4996 5 7574 2939 9299 9844 900 1339 1173 2716 2759 325 4539 6919 4445 608 230 2101 7140 4640 4631 8098 1647 3164 1367 4995 7994 1796 744 1889 7546
99
-4 4 0
-85 85 0
-40 40 0
-79 79 0
-28 28 0
-77 77 0
-89 89 0
-55 55 0
-67 67 0
-94 94 0
-57 57 0
-59 59 0
-68 68 0
-3 3 0
-36 36 0
-37 37 0
-82 82 0
-11 11 0
-61 61 0
-35 35 0
-99 99 0
-52 52 0
-30 30 0
-84 84 0
-74 74 0
-19 19 0
-14 14 0
-81 81 0
-6 6 0
-72 72 0
-71 71 0
-12 12 0
-10 10 0
-70 70 0
-91 91 0
-75 75 0
-45 45 0
-65 65 0
-32 32 0
-83 83 0
-87 87 0
-47 47 0
-95 95 0
-16 16 0
-17 17 0
-63 63 0
-88 88 0
-27 27 0
-18 18 0
-26 26 0
-60 60 0
-13 13 0
-93 93 0
-98 98 0
-24 24 0
-96 96 0
-44 44 0
-1 1 0
-58 58 0
-48 48 0
-51 51 0
-42 42 0
-2 2 0
-29 29 0
-69 69 0
-39 39 0
-22 22 0
-50 50 0
-31 31 0
-73 73 0
-92 92 0
-66 66 0
-34 34 0
-97 97 0
-5 5 0
-62 62 0
-15 15 0
-33 33 0
-25 25 0
-20 20 0
-43 43 0
-38 38 0
-8 8 0
-78 78 0
-86 86 0
-53 53 0
-23 23 0
-49 49 0
-21 21 0
-7 7 0
-64 64 0
-80 80 0
-41 41 0
-90 90 0
-46 46 0
-54 54 0
-9 9 0
-76 76 0
-56 56 0
633
99
0 0 0 0 0 0 0 0 0 0 0 0 0 0 0 0 0 0 0 0 0 0 0 0 0 0 0 0 0 0 0 0 0 0 0 0 0 0 0 0 0 0 0 0 0 0 0 0 0 0 0 0 0 0 0 0 0 0 0 0 0 0 0 0 0 0 0 0 0 0 0 0 0 0 0 0 0 0 0 0 0 0 0 0 0 0 0 0 0 0 0 0 0 0 0 0 0 0 3
98
-68 44 0
-44 27 0
-27 79 0
-79 88 0
-88 50 0
-50 98 0
-98 14 0
-14 30 0
-30 22 0
-22 32 0
-32 90 0
-90 31 0
-31 2 0
-2 34 0
-34 47 0
-47 41 0
-41 78 0
-78 49 0
-49 62 0
-62 26 0
-26 21 0
-21 20 0
-20 76 0
-76 84 0
-84 75 0
-75 86 0
-86 97 0
-97 33 0
-33 46 0
-46 8 0
-8 48 0
-48 65 0
-65 93 0
-93 9 0
-9 69 0
-69 39 0
-39 83 0
-83 51 0
-51 72 0
-72 6 0
-6 10 0
-10 80 0
-80 67 0
-67 16 0
-16 53 0
-53 12 0
-12 82 0
-82 94 0
-94 89 0
-89 7 0
-7 56 0
-56 71 0
-71 37 0
-37 81 0
-81 36 0
-36 42 0
-42 19 0
-19 38 0
-38 64 0
-64 52 0
-52 35 0
-35 61 0
-61 74 0
-74 87 0
-87 24 0
-24 99 0
-99 55 0
-55 57 0
-57 70 0
-70 25 0
-25 60 0
-60 91 0
-91 28 0
-28 63 0
-63 17 0
-17 3 0
-3 1 0
-1 4 0
-4 54 0
-54 18 0
-18 15 0
-15 95 0
-95 73 0
-73 45 0
-45 5 0
-5 66 0
-66 40 0
-40 29 0
-29 96 0
-96 13 0
-13 11 0
-11 85 0
-85 59 0
-59 77 0
-77 23 0
-23 43 0
-43 58 0
-58 92 0
977
99
0 0 0 0 0 0 0 0 0 0 0 0 0 0 0 0 0 0 0 0 0 0 0 0 0 0 0 0 0 0 0 0 0 0 0 0 0 0 0 0 0 0 0 0 0 0 0 0 0 0 0 0 0 0 0 0 0 0 0 0 0 0 0 0 0 0 0 0 0 0 0 0 0 0 0 0 0 0 0 0 0 0 0 0 0 0 0 0 0 0 0 0 0 0 0 0 0 0 3
99
-15 14 0
-14 47 0
-47 60 0
-60 31 0
-31 67 0
-67 76 0
-76 64 0
-64 65 0
-65 18 0
-18 48 0
-48 99 0
-99 80 0
-80 44 0
-44 16 0
-16 69 0
-69 27 0
-27 86 0
-86 52 0
-52 96 0
-96 63 0
-63 3 0
-3 73 0
-73 70 0
-70 22 0
-22 61 0
-61 85 0
-85 68 0
-68 91 0
-91 89 0
-89 42 0
-42 75 0
-75 32 0
-32 10 0
-10 29 0
-29 1 0
-1 53 0
-53 17 0
-17 45 0
-45 37 0
-37 19 0
-19 56 0
-56 58 0
-58 12 0
-12 50 0
-50 55 0
-55 87 0
-87 54 0
-54 92 0
-92 97 0
-97 9 0
-9 83 0
-83 40 0
-40 24 0
-24 72 0
-72 11 0
-11 30 0
-30 88 0
-88 95 0
-95 35 0
-35 77 0
-77 78 0
-78 26 0
-26 41 0
-41 36 0
-36 49 0
-49 66 0
-66 13 0
-13 62 0
-62 28 0
-28 81 0
-81 90 0
-90 84 0
-84 21 0
-21 98 0
-98 6 0
-6 2 0
-2 59 0
-59 34 0
-34 57 0
-57 93 0
-93 25 0
-25 46 0
-46 33 0
-33 39 0
-39 82 0
-82 38 0
-38 5 0
-5 23 0
-23 79 0
-79 74 0
-74 8 0
-8 71 0
-71 51 0
-51 4 0
-4 20 0
-20 43 0
-43 94 0
-94 7 0
-7 -7 15 0
958
0
