99
0 0 0 0 0 0 0 0 0 0 0 0 0 0 0 0 0 0 0 0 0 0 0 0 0 0 0 0 0 0 0 0 0 0 0 0 0 0 0 0 0 0 0 0 0 0 0 0 0 0 0 0 0 0 0 0 0 0 0 0 0 0 0 0 0 0 0 0 0 0 0 0 0 0 0 0 0 0 0 0 0 0 0 0 0 0 0 0 0 0 0 0 0 0 0 0 0 0 3994
53
-1 -2 -3 -5 -6 -7 -8 -9 -11 -13 -14 -15 -16 -17 -18 -19 -20 -21 -22 -23 -24 -25 -26 -28 -29 -30 -31 -32 -33 -34 -35 -37 -38 -39 -40 -43 -44 -45 -46 -47 -48 -52 -55 -57 -60 -61 -62 -63 -69 -70 -71 -72 -74 -75 -78 -81 -82 -83 -84 -85 -87 -88 -89 -90 -91 -92 -95 -96 -98 4 5 6 7 8 11 15 16 19 20 21 25 26 27 28 30 33 34 35 37 38 39 40 41 42 46 47 48 49 50 51 52 53 55 56 57 58 59 61 62 63 64 66 68 70 71 74 75 76 79 80 81 83 84 85 87 89 90 91 92 93 94 96 97 98 0
-1 -3 -5 -6 -9 -11 -15 -16 -18 -19 -20 -21 -24 -25 -26 -29 -30 -31 -33 -35 -36 -37 -38 -39 -42 -44 -45 -46 -47 -48 -49 -50 -51 -52 -55 -56 -57 -59 -60 -62 -63 -64 -66 -67 -68 -69 -70 -71 -73 -74 -75 -76 -77 -78 -82 -83 -86 -88 -89 -90 -91 -93 -94 -95 -96 -97 -98 1 3 4 5 7 9 10 12 15 16 17 19 21 27 30 31 32 34 35 40 41 42 43 48 49 50 52 53 54 56 57 58 59 60 62 64 66 67 68 70 72 73 75 76 78 79 80 81 83 84 87 91 92 93 94 95 96 97 98 0
-1 -3 -4 -5 -9 -12 -13 -16 -17 -19 -20 -21 -23 -24 -25 -27 -29 -30 -31 -32 -33 -37 -40 -41 -42 -43 -44 -45 -47 -48 -49 -51 -52 -53 -56 -57 -58 -59 -60 -61 -65 -67 -68 -71 -72 -74 -75 -77 -78 -80 -82 -83 -84 -85 -87 -88 -89 -91 -93 -94 -95 -97 -98 1 2 5 6 7 8 10 11 12 13 15 16 18 21 24 25 27 28 30 33 34 35 36 37 38 39 41 42 43 45 46 47 48 49 51 52 54 55 56 59 60 62 63 64 66 67 68 69 72 74 76 77 79 81 82 83 87 88 89 91 92 93 96 97 98 0
-2 -3 -4 -8 -9 -11 -16 -17 -19 -20 -21 -23 -24 -25 -26 -27 -28 -29 -31 -32 -36 -37 -38 -39 -40 -41 -42 -44 -45 -46 -48 -49 -50 -53 -55 -60 -64 -66 -68 -70 -71 -72 -74 -75 -78 -79 -81 -82 -84 -88 -90 -91 -92 -96 -97 -98 3 4 5 6 7 8 9 10 11 12 13 15 17 19 21 22 24 26 27 29 30 31 32 34 36 37 43 44 45 49 50 51 52 53 55 57 58 59 60 62 64 65 66 68 69 71 72 73 74 76 77 78 79 80 81 84 85 86 87 88 89 90 91 92 93 94 95 0
-1 -3 -7 -8 -9 -10 -11 -12 -13 -14 -15 -17 -19 -20 -22 -24 -25 -26 -27 -28 -29 -33 -36 -37 -39 -40 -42 -43 -44 -46 -47 -48 -49 -52 -53 -55 -57 -59 -61 -63 -64 -65 -67 -68 -69 -70 -71 -74 -76 -81 -82 -83 -84 -86 -88 -89 -91 -92 -93 1 2 3 5 6 7 12 14 15 16 19 22 23 24 25 28 29 30 31 33 34 36 38 39 41 43 44 46 47 48 49 50 53 56 57 59 61 62 63 64 65 66 67 70 72 73 75 76 77 80 82 83 84 85 86 87 89 91 92 93 96 98 0
-1 -2 -3 -5 -6 -7 -10 -12 -13 -14 -15 -18 -22 -23 -24 -25 -26 -27 -28 -29 -32 -34 -36 -38 -39 -45 -46 -47 -51 -52 -53 -54 -55 -56 -64 -65 -66 -67 -68 -69 -71 -76 -77 -78 -79 -80 -85 -87 -88 -89 -92 -94 -95 -97 -98 1 3 6 7 8 9 10 11 13 14 16 17 19 20 22 23 24 26 27 28 32 34 36 37 38 39 40 41 42 43 44 45 47 48 49 50 51 56 57 58 60 61 62 64 65 67 70 71 73 74 75 77 78 81 82 83 84 85 86 90 91 93 95 97 0
-1 -2 -3 -5 -6 -10 -11 -12 -15 -16 -18 -20 -21 -22 -23 -26 -27 -29 -36 -38 -40 -41 -43 -44 -45 -46 -47 -49 -50 -51 -52 -53 -55 -56 -57 -58 -59 -60 -62 -63 -64 -65 -66 -67 -69 -70 -71 -73 -75 -76 -78 -79 -80 -81 -82 -83 -85 -86 -91 -92 -94 -95 -96 -97 1 2 3 5 6 7 11 12 14 15 17 18 19 21 22 23 24 25 28 29 31 34 35 36 39 40 41 43 45 46 48 49 52 53 54 55 57 58 59 60 62 63 64 65 69 70 72 74 75 76 77 78 80 82 83 84 85 86 88 90 91 92 93 96 97 98 0
-2 -4 -5 -6 -8 -9 -10 -11 -12 -13 -14 -15 -19 -20 -22 -23 -24 -26 -27 -31 -32 -35 -36 -37 -39 -40 -42 -44 -45 -47 -48 -50 -52 -54 -56 -57 -58 -59 -60 -61 -62 -63 -64 -65 -68 -71 -72 -74 -75 -76 -77 -78 -79 -80 -81 -83 -84 -85 -87 -92 -93 -94 -95 -96 -97 -98 3 4 5 9 11 12 13 14 15 17 19 21 22 23 24 26 28 33 34 35 36 39 40 41 44 45 46 48 49 50 51 54 56 58 59 60 62 63 64 65 67 68 70 75 78 80 81 82 83 84 85 87 88 91 92 93 94 95 96 98 0
-1 -2 -4 -5 -6 -7 -8 -10 -11 -12 -13 -14 -16 -18 -19 -20 -22 -24 -25 -26 -27 -28 -29 -32 -33 -35 -36 -38 -39 -40 -41 -42 -44 -45 -46 -47 -48 -50 -51 -53 -56 -57 -58 -60 -61 -62 -63 -64 -67 -70 -73 -74 -75 -78 -79 -84 -85 -86 -89 -90 -92 -93 -95 -97 -98 1 3 5 6 9 11 14 16 17 18 19 20 21 23 24 25 26 27 28 29 33 34 35 36 38 39 40 41 42 43 44 45 46 49 51 52 53 54 55 56 57 58 60 62 63 64 65 68 69 70 73 75 76 78 79 80 81 82 85 87 88 89 92 93 95 96 97 98 0
-1 -2 -3 -8 -9 -10 -11 -12 -14 -17 -18 -19 -20 -22 -23 -24 -25 -26 -29 -30 -31 -32 -34 -35 -37 -38 -40 -42 -44 -46 -47 -48 -49 -52 -53 -54 -55 -56 -57 -61 -63 -64 -66 -67 -68 -69 -70 -71 -73 -74 -76 -78 -81 -82 -83 -84 -85 -86 -87 -88 -89 -91 -92 -93 -94 -96 -97 1 2 3 4 5 7 11 12 13 14 17 19 20 21 23 24 28 29 30 31 32 33 36 37 38 40 41 42 45 46 48 52 53 56 57 60 61 63 64 65 66 68 71 73 74 75 76 77 78 79 80 81 85 86 87 88 92 94 95 97 0
-1 -2 -3 -4 -5 -6 -9 -11 -12 -13 -15 -16 -17 -18 -19 -21 -23 -24 -25 -28 -29 -32 -33 -36 -38 -40 -41 -42 -43 -44 -45 -46 -47 -51 -52 -53 -57 -58 -63 -65 -68 -69 -71 -72 -73 -74 -76 -77 -79 -80 -81 -82 -85 -86 -87 -88 -89 -93 -94 -95 -97 -98 1 2 3 6 7 9 10 11 12 13 14 16 17 20 21 25 26 27 31 33 36 37 38 40 41 43 44 45 47 48 50 51 54 56 57 58 59 60 63 64 65 66 67 68 71 72 73 74 75 76 77 79 81 82 83 87 88 92 93 96 97 98 0
-1 -2 -6 -8 -11 -13 -14 -15 -16 -17 -23 -24 -25 -26 -27 -32 -33 -36 -37 -38 -39 -42 -43 -46 -48 -49 -52 -53 -54 -55 -56 -57 -58 -60 -63 -64 -65 -66 -67 -70 -72 -73 -75 -76 -79 -80 -81 -86 -87 -88 -89 -90 -91 -92 -94 -97 -98 2 3 4 5 6 7 8 10 12 13 14 16 17 19 20 21 22 23 25 27 28 29 30 31 32 33 40 41 45 46 47 50 51 52 53 54 56 57 59 61 65 66 67 68 69 72 74 76 77 79 81 82 84 85 86 87 88 89 93 94 95 96 97 0
-1 -2 -4 -5 -7 -9 -10 -11 -12 -15 -16 -17 -18 -20 -23 -24 -25 -27 -28 -29 -32 -33 -35 -36 -37 -38 -39 -41 -43 -44 -45 -46 -48 -49 -52 -53 -55 -56 -59 -61 -62 -63 -64 -65 -66 -69 -71 -73 -74 -76 -78 -80 -81 -82 -83 -84 -85 -88 -89 -90 -93 -95 -97 1 2 3 5 6 8 12 14 15 16 17 28 29 30 33 34 36 38 39 40 41 42 44 47 49 50 51 52 53 54 55 57 58 59 60 61 62 65 66 69 70 71 72 73 75 77 78 83 84 86 87 88 91 92 93 0
-2 -3 -5 -6 -7 -8 -9 -11 -12 -13 -14 -15 -17 -18 -19 -20 -21 -22 -25 -26 -27 -28 -29 -30 -32 -33 -34 -35 -36 -37 -40 -41 -42 -43 -44 -45 -46 -47 -49 -50 -52 -54 -56 -57 -58 -59 -60 -61 -63 -64 -65 -66 -68 -69 -71 -72 -76 -77 -82 -83 -84 -85 -87 -89 -90 -93 -94 -95 -97 1 2 3 4 11 14 15 16 18 19 20 22 23 24 28 29 30 31 32 33 34 35 38 39 41 42 43 46 47 50 51 52 53 54 55 56 60 64 65 67 69 71 72 73 76 79 80 82 85 86 87 89 91 92 93 94 95 96 97 98 0
-1 -3 -4 -5 -6 -9 -11 -13 -14 -15 -16 -17 -21 -22 -26 -29 -30 -31 -33 -35 -37 -38 -39 -40 -43 -44 -46 -47 -48 -50 -51 -53 -54 -56 -57 -58 -59 -60 -61 -63 -65 -67 -69 -70 -71 -73 -74 -75 -76 -77 -78 -79 -81 -86 -87 -89 -93 -94 -95 -96 -97 -98 2 3 4 5 6 7 8 9 10 17 18 21 22 23 24 26 27 29 30 34 36 37 38 40 42 45 46 47 48 49 52 53 54 55 56 57 59 61 63 64 65 67 68 69 71 75 76 79 81 84 85 87 88 89 90 91 94 95 96 97 98 0
-2 -3 -4 -5 -6 -7 -10 -11 -12 -14 -15 -16 -17 -19 -20 -21 -22 -24 -25 -26 -27 -28 -29 -30 -32 -35 -36 -37 -38 -40 -41 -42 -46 -50 -52 -56 -57 -60 -61 -63 -64 -68 -69 -70 -73 -74 -75 -76 -77 -78 -80 -82 -83 -84 -85 -88 -92 -93 -94 -96 -98 1 2 3 4 5 8 9 10 11 14 15 16 18 19 20 21 22 24 25 26 28 29 30 31 33 36 37 38 39 40 43 44 49 50 51 53 54 55 56 57 58 59 64 65 71 72 73 74 76 77 78 79 80 81 82 83 85 88 90 91 94 95 96 97 98 0
-1 -3 -4 -5 -6 -7 -9 -10 -11 -12 -14 -15 -16 -17 -18 -19 -20 -22 -28 -31 -32 -39 -41 -42 -43 -44 -45 -46 -47 -48 -51 -53 -54 -55 -57 -58 -60 -61 -62 -66 -67 -68 -71 -72 -73 -74 -76 -77 -78 -81 -82 -83 -84 -85 -87 -88 -90 -91 -95 -98 2 3 4 6 7 8 10 11 12 13 15 16 17 18 19 21 22 23 24 26 28 29 30 31 32 33 35 36 37 38 40 41 42 43 44 46 49 51 52 53 55 57 58 59 61 63 64 65 67 68 71 72 73 74 75 77 78 80 83 85 86 87 88 89 91 92 94 96 98 0
-1 -3 -4 -6 -7 -9 -10 -12 -14 -15 -17 -18 -19 -22 -23 -25 -26 -27 -29 -30 -31 -33 -35 -37 -38 -41 -42 -43 -45 -46 -47 -48 -52 -53 -54 -55 -56 -59 -60 -64 -65 -66 -67 -68 -70 -71 -73 -74 -76 -77 -80 -81 -83 -85 -86 -87 -88 -89 -90 -93 -94 -95 -96 -97 -98 3 4 5 7 8 10 11 12 13 14 15 16 17 23 25 26 28 29 30 31 32 35 36 37 38 39 40 42 43 44 45 46 47 50 51 52 53 56 57 58 59 60 61 62 63 64 66 68 71 72 74 76 79 81 82 83 85 87 88 89 91 92 95 0
-1 -2 -3 -5 -6 -7 -9 -10 -12 -13 -15 -17 -19 -20 -23 -24 -25 -26 -29 -30 -33 -35 -36 -38 -39 -40 -41 -42 -45 -49 -52 -55 -57 -58 -59 -60 -61 -62 -63 -64 -65 -67 -69 -70 -71 -73 -74 -75 -76 -77 -80 -81 -82 -83 -84 -85 -89 -90 -91 -92 -94 -96 -97 1 2 4 5 7 9 11 13 14 15 19 20 21 24 25 29 31 33 35 36 37 38 39 41 42 43 44 45 47 49 51 52 53 54 56 57 58 59 61 62 66 68 70 72 74 77 79 81 82 83 84 85 86 87 89 90 91 94 95 98 0
-1 -2 -4 -5 -8 -10 -11 -12 -13 -14 -15 -16 -19 -20 -22 -23 -24 -25 -26 -28 -32 -33 -34 -39 -40 -41 -43 -44 -45 -48 -49 -51 -52 -53 -54 -57 -61 -62 -63 -64 -65 -67 -69 -71 -73 -74 -76 -77 -78 -80 -82 -83 -85 -87 -88 -90 -94 -96 -98 1 4 7 9 10 12 13 14 15 16 17 18 19 20 21 23 24 26 28 30 31 32 33 37 39 40 41 42 45 46 49 50 51 54 55 57 58 59 60 61 62 63 64 66 68 69 72 73 74 75 76 77 78 79 80 81 82 83 85 87 89 92 93 94 95 96 97 98 0
-1 -2 -3 -4 -6 -8 -15 -16 -17 -18 -19 -21 -22 -23 -25 -26 -27 -28 -30 -31 -33 -35 -36 -38 -39 -43 -44 -45 -46 -49 -50 -51 -53 -55 -56 -57 -58 -59 -60 -61 -62 -64 -65 -67 -68 -69 -70 -74 -76 -77 -78 -80 -82 -83 -85 -87 -88 -91 -93 -94 -95 -96 -97 -98 1 2 3 5 6 7 8 10 12 13 14 16 17 18 19 20 21 22 24 26 29 31 32 34 35 36 37 38 39 42 44 45 47 48 49 51 53 55 56 58 59 60 61 63 64 65 67 68 70 71 72 73 74 75 77 78 82 84 87 88 89 91 94 95 96 98 0
-3 -6 -7 -8 -9 -11 -12 -14 -15 -16 -17 -19 -20 -21 -22 -23 -25 -26 -27 -28 -29 -30 -31 -34 -35 -38 -39 -41 -43 -44 -47 -49 -50 -52 -56 -57 -58 -60 -62 -63 -65 -66 -67 -70 -72 -73 -74 -75 -76 -77 -78 -79 -80 -81 -83 -84 -85 -86 -91 -95 -96 -97 3 4 5 6 9 11 12 13 15 17 18 19 21 22 23 26 27 28 29 30 31 32 33 35 37 38 39 41 42 44 45 46 47 48 49 51 52 53 54 56 57 58 59 60 61 62 63 64 65 67 71 73 74 75 77 78 79 80 81 82 84 85 88 89 90 92 93 94 96 98 0
-1 -2 -3 -7 -8 -9 -11 -12 -16 -17 -18 -22 -26 -27 -28 -29 -30 -31 -32 -35 -37 -38 -39 -41 -42 -43 -44 -45 -46 -47 -49 -53 -54 -55 -56 -57 -58 -60 -62 -63 -64 -65 -67 -68 -70 -71 -73 -74 -75 -76 -77 -78 -79 -80 -82 -85 -87 -88 -92 -93 -95 -96 -98 1 2 4 5 6 7 9 10 13 14 15 17 18 19 20 21 23 24 25 27 28 32 33 34 35 37 39 41 44 45 46 47 49 51 52 53 54 55 57 60 64 65 66 67 68 71 73 74 75 76 78 80 81 82 83 85 86 87 88 89 90 91 93 94 95 98 0
-1 -3 -4 -8 -9 -10 -11 -12 -13 -14 -15 -16 -17 -18 -19 -20 -22 -23 -24 -26 -27 -29 -30 -31 -32 -33 -34 -36 -40 -41 -42 -43 -44 -45 -49 -50 -52 -53 -54 -56 -58 -59 -60 -61 -63 -65 -67 -68 -70 -71 -73 -74 -76 -77 -78 -80 -81 -82 -84 -88 -89 -90 -91 -92 -96 -98 1 2 4 6 7 8 12 14 15 16 18 21 22 23 24 25 26 27 28 31 33 34 36 37 38 39 40 41 42 44 46 48 49 52 53 54 56 57 58 60 62 65 66 67 69 70 73 74 75 77 78 79 80 82 83 84 86 87 88 89 90 91 94 95 98 0
-2 -4 -5 -6 -8 -11 -12 -13 -14 -15 -16 -18 -20 -23 -24 -25 -27 -28 -29 -30 -31 -33 -34 -38 -39 -40 -41 -42 -43 -45 -46 -47 -50 -54 -55 -57 -58 -59 -60 -61 -64 -65 -66 -67 -68 -71 -72 -74 -75 -76 -77 -78 -81 -82 -84 -86 -87 -88 -94 -95 -98 1 3 4 5 8 9 10 13 14 16 17 18 19 21 22 30 31 32 33 34 35 36 37 39 41 42 44 45 47 48 49 50 51 52 53 55 56 57 58 59 60 61 63 64 65 66 67 69 70 72 73 75 79 80 81 84 86 89 91 92 94 95 97 0
-2 -3 -5 -6 -7 -8 -9 -10 -11 -12 -13 -14 -15 -16 -18 -19 -20 -21 -22 -23 -24 -26 -28 -29 -31 -34 -35 -36 -39 -40 -41 -42 -43 -44 -45 -46 -47 -49 -50 -51 -52 -53 -54 -57 -58 -59 -60 -62 -63 -64 -65 -68 -70 -71 -72 -73 -74 -76 -77 -78 -79 -81 -82 -85 -86 -87 -89 -90 -91 -93 -94 -98 3 4 6 7 9 11 12 13 14 17 18 21 22 24 26 30 32 34 35 40 41 42 44 47 48 49 50 54 55 56 61 62 67 69 70 72 73 74 75 78 79 81 86 87 89 90 91 95 96 97 98 0
-1 -2 -4 -5 -8 -9 -10 -12 -14 -15 -16 -18 -21 -22 -23 -24 -25 -26 -27 -28 -30 -31 -33 -35 -37 -39 -40 -41 -42 -43 -45 -47 -49 -51 -52 -55 -56 -60 -62 -64 -65 -66 -67 -68 -69 -71 -73 -74 -75 -77 -78 -80 -81 -84 -85 -86 -89 -90 -91 -92 -93 -94 -95 -96 -97 1 2 4 5 6 7 8 9 10 11 12 13 14 15 16 21 22 24 25 26 27 28 29 32 33 34 35 38 39 40 41 43 44 46 48 49 51 52 53 54 56 58 59 63 64 66 68 70 72 75 76 77 78 79 80 81 82 84 85 86 88 90 91 92 93 94 96 97 0
-1 -5 -6 -8 -9 -11 -12 -17 -18 -19 -20 -21 -22 -24 -25 -28 -29 -31 -32 -33 -34 -35 -36 -38 -40 -41 -42 -43 -45 -48 -52 -53 -58 -62 -63 -65 -66 -67 -68 -69 -71 -72 -75 -77 -78 -79 -80 -83 -87 -88 -89 -90 -92 -93 -94 1 3 4 5 9 12 13 15 16 20 24 29 31 32 33 36 37 38 39 40 41 42 43 45 46 51 52 53 55 57 59 60 62 63 64 67 68 72 73 74 75 76 78 79 80 81 83 84 85 87 88 89 90 91 92 93 94 96 97 98 0
-1 -3 -4 -5 -6 -7 -8 -9 -10 -11 -12 -13 -14 -16 -17 -19 -20 -21 -24 -25 -26 -28 -31 -32 -34 -36 -37 -39 -42 -46 -49 -50 -52 -54 -56 -58 -59 -60 -61 -63 -64 -65 -66 -67 -68 -69 -72 -73 -74 -75 -76 -78 -79 -81 -82 -83 -84 -85 -86 -87 -88 -90 -91 -92 -93 -96 -98 1 4 8 9 10 11 13 15 16 17 18 19 20 23 24 25 26 27 32 34 35 37 38 39 40 41 43 44 45 46 48 52 53 55 57 58 61 62 64 65 66 69 70 71 74 75 80 82 85 86 87 88 89 90 93 94 95 96 98 0
-1 -3 -4 -9 -11 -12 -13 -15 -16 -19 -20 -21 -24 -28 -30 -31 -32 -33 -35 -36 -38 -41 -42 -43 -45 -46 -48 -49 -50 -51 -52 -53 -54 -55 -56 -57 -58 -59 -60 -61 -62 -63 -64 -65 -66 -69 -71 -72 -73 -75 -77 -79 -80 -81 -82 -83 -84 -85 -87 -88 -90 -91 -92 -94 -95 -96 -97 1 2 5 7 11 14 16 18 19 26 27 29 30 31 32 33 34 35 36 37 39 41 42 43 44 45 47 50 52 53 54 55 60 61 63 64 65 66 67 68 70 72 73 74 75 77 78 79 80 81 82 83 84 85 86 88 89 90 91 92 93 95 96 97 98 0
-1 -2 -3 -4 -5 -8 -9 -10 -11 -12 -13 -16 -18 -19 -20 -21 -22 -23 -25 -26 -28 -29 -32 -33 -34 -35 -36 -37 -38 -39 -40 -42 -43 -44 -45 -46 -47 -48 -50 -51 -52 -53 -54 -55 -56 -57 -59 -60 -61 -62 -63 -64 -65 -67 -69 -71 -73 -76 -78 -79 -80 -81 -82 -84 -85 -86 -87 -89 -90 -91 -94 -97 -98 1 3 6 7 11 12 13 14 16 17 19 20 22 23 24 25 26 27 28 30 31 32 35 36 37 38 39 41 42 43 44 46 48 49 50 51 52 53 54 55 56 57 58 59 61 64 65 66 67 68 69 70 71 73 74 76 77 78 79 81 82 83 86 87 89 90 92 93 94 95 97 98 0
-1 -2 -3 -4 -5 -6 -7 -11 -12 -15 -16 -18 -19 -21 -22 -23 -24 -25 -26 -27 -30 -31 -32 -33 -34 -35 -36 -37 -38 -39 -40 -41 -43 -44 -45 -46 -48 -49 -50 -53 -56 -57 -58 -59 -60 -62 -63 -66 -68 -69 -70 -71 -73 -75 -77 -78 -79 -81 -82 -83 -84 -85 -86 -87 -88 -89 -90 -91 -93 -94 -95 -98 1 5 6 7 8 9 10 11 12 16 17 18 19 21 23 24 25 26 27 28 29 31 34 37 38 41 42 44 45 47 49 50 51 52 53 54 55 56 57 58 59 60 62 63 66 67 68 69 70 72 73 75 76 77 78 80 81 82 83 84 86 89 90 93 94 95 97 98 0
-2 -3 -5 -6 -9 -10 -11 -13 -15 -17 -19 -20 -21 -22 -23 -24 -25 -26 -27 -33 -34 -35 -36 -37 -42 -44 -46 -47 -48 -52 -54 -55 -56 -57 -58 -59 -60 -61 -62 -63 -64 -67 -69 -71 -72 -73 -74 -77 -78 -81 -82 -83 -84 -85 -86 -87 -88 -89 -95 -96 -97 1 2 3 4 5 7 9 11 12 13 14 16 17 19 20 22 23 24 25 27 28 29 31 32 34 36 38 41 42 44 45 46 47 48 49 51 52 53 55 56 57 58 60 61 62 63 64 65 66 67 69 70 71 72 73 74 75 76 77 79 80 82 83 86 88 89 90 93 94 95 96 97 98 0
-1 -5 -9 -11 -12 -13 -14 -15 -17 -18 -19 -20 -21 -22 -24 -26 -27 -29 -30 -37 -38 -39 -41 -43 -45 -46 -47 -48 -49 -51 -52 -55 -56 -57 -58 -59 -61 -62 -63 -65 -66 -67 -69 -70 -71 -72 -76 -77 -78 -79 -80 -81 -82 -83 -84 -85 -86 -87 -88 -89 -91 -92 -93 -95 -96 -97 -98 1 2 3 4 6 7 8 9 10 11 14 15 17 18 22 23 24 26 27 28 30 31 32 34 35 36 39 41 43 44 46 48 51 52 54 55 56 57 58 59 60 61 62 63 64 66 67 70 71 72 73 75 76 77 78 79 80 81 82 83 84 86 87 88 89 90 92 93 94 98 0
-1 -2 -5 -6 -7 -9 -10 -11 -12 -13 -14 -16 -17 -18 -22 -23 -24 -25 -26 -27 -28 -29 -31 -32 -34 -35 -36 -37 -38 -39 -41 -43 -44 -45 -46 -47 -48 -49 -51 -52 -54 -55 -56 -57 -58 -59 -60 -61 -62 -65 -67 -72 -73 -74 -75 -76 -78 -80 -81 -83 -84 -85 -86 -87 -88 -89 -91 -92 -93 -94 -95 -96 -97 -98 1 3 8 9 10 13 15 16 17 18 19 20 22 23 25 27 28 29 31 33 34 35 36 37 38 40 41 42 44 45 46 47 50 51 53 59 60 61 62 63 65 66 67 68 69 70 71 72 73 75 76 77 80 81 89 90 91 92 93 94 95 0
-1 -2 -3 -4 -6 -10 -11 -13 -15 -16 -17 -18 -19 -21 -22 -24 -25 -28 -29 -32 -33 -34 -37 -38 -39 -40 -41 -42 -43 -48 -50 -52 -53 -54 -55 -57 -58 -59 -61 -62 -63 -68 -69 -70 -71 -72 -73 -74 -76 -78 -79 -80 -82 -83 -84 -86 -89 -90 -93 -94 -95 -96 1 2 3 5 6 11 12 14 15 16 18 19 20 21 22 23 24 25 26 28 29 30 31 32 33 35 37 38 40 42 43 47 48 49 50 51 53 54 56 57 59 61 62 63 64 66 67 68 69 70 72 74 75 76 78 79 82 83 84 85 86 87 88 89 90 91 93 94 95 97 0
-1 -2 -4 -5 -6 -7 -8 -9 -11 -12 -13 -14 -17 -18 -19 -20 -22 -24 -25 -26 -28 -29 -30 -32 -35 -37 -39 -41 -43 -45 -46 -47 -48 -49 -51 -53 -55 -56 -57 -59 -60 -61 -62 -63 -64 -67 -69 -70 -76 -77 -78 -79 -81 -84 -85 -86 -88 -89 -91 -93 -97 1 2 4 8 9 10 11 13 15 16 17 18 20 22 23 24 25 26 29 31 32 33 34 35 38 39 40 42 46 47 48 49 50 51 52 53 54 55 56 57 58 59 60 63 64 65 67 68 69 70 71 72 73 74 75 76 79 81 82 86 87 88 90 91 92 94 96 97 98 0
-1 -2 -3 -6 -7 -8 -9 -11 -16 -17 -20 -21 -22 -23 -24 -25 -28 -31 -32 -33 -34 -35 -36 -38 -39 -40 -42 -43 -45 -46 -48 -50 -51 -53 -54 -57 -58 -59 -61 -62 -64 -65 -69 -71 -73 -75 -76 -78 -79 -80 -81 -82 -83 -85 -87 -88 -89 -90 -91 -94 -95 -97 -98 3 4 5 6 7 8 9 11 12 13 15 17 20 21 23 24 26 28 29 33 35 36 37 38 39 40 41 42 43 45 46 48 49 51 52 54 56 57 58 59 60 61 63 66 67 68 69 70 71 73 75 76 77 81 82 83 84 86 88 89 90 91 93 97 98 0
-1 -2 -3 -5 -6 -8 -9 -11 -12 -14 -15 -17 -18 -20 -21 -22 -24 -25 -27 -28 -29 -30 -33 -35 -36 -38 -42 -43 -45 -47 -48 -49 -50 -52 -53 -55 -56 -58 -60 -61 -62 -63 -64 -65 -66 -67 -69 -70 -74 -75 -76 -77 -78 -80 -82 -83 -84 -85 -86 -87 -89 -90 -91 -92 -93 -95 -97 -98 1 2 3 4 5 8 9 10 11 14 15 16 17 18 19 22 23 25 26 27 29 30 33 34 35 37 39 40 41 42 43 44 45 46 47 48 49 50 52 53 55 56 57 58 59 60 62 63 64 65 67 69 70 71 74 75 76 77 78 79 82 84 85 86 88 89 90 91 92 93 94 95 96 98 0
-2 -3 -5 -6 -7 -8 -9 -10 -11 -12 -18 -19 -20 -22 -23 -24 -25 -26 -27 -28 -31 -32 -33 -36 -37 -38 -39 -40 -41 -42 -44 -45 -46 -47 -48 -49 -50 -51 -52 -53 -54 -57 -58 -59 -60 -61 -63 -64 -65 -67 -69 -70 -71 -72 -73 -74 -75 -76 -78 -80 -81 -84 -85 -86 -89 -90 -92 -93 -94 -96 -97 1 3 4 7 8 9 11 13 14 15 16 17 18 19 20 21 22 24 26 27 28 31 32 33 34 35 36 38 39 40 41 42 44 45 46 48 51 52 53 54 55 56 57 58 60 61 62 63 64 68 71 74 75 76 78 79 82 83 85 86 87 89 90 91 92 93 94 96 97 98 0
-1 -2 -3 -4 -7 -8 -9 -10 -12 -14 -15 -17 -20 -22 -23 -26 -27 -28 -29 -30 -31 -34 -37 -38 -42 -43 -44 -45 -46 -47 -48 -49 -51 -53 -54 -55 -58 -59 -60 -61 -62 -63 -64 -68 -70 -71 -72 -73 -74 -76 -77 -78 -81 -83 -86 -87 -88 -89 -90 -91 -93 -95 -98 1 3 5 6 7 8 10 12 13 15 16 17 19 21 22 23 24 27 29 30 32 34 35 36 37 38 41 42 43 44 45 47 48 49 50 51 53 55 56 57 58 59 61 62 64 65 66 67 68 69 72 73 74 75 77 78 79 80 81 83 84 85 86 87 88 89 90 91 92 93 94 95 97 98 0
-1 -2 -3 -4 -5 -6 -7 -8 -10 -11 -14 -15 -16 -17 -18 -19 -20 -21 -22 -23 -24 -25 -26 -27 -28 -29 -30 -32 -36 -38 -39 -40 -42 -44 -46 -47 -49 -50 -51 -52 -53 -54 -55 -57 -58 -59 -60 -63 -64 -65 -66 -67 -68 -69 -70 -71 -72 -73 -74 -75 -76 -77 -78 -80 -82 -84 -85 -86 -87 -88 -89 -90 -91 -93 -94 -95 -98 2 3 5 6 7 8 11 14 15 18 19 20 23 24 25 26 29 30 32 36 37 39 40 41 42 43 44 45 46 47 48 50 53 54 57 58 59 60 62 63 64 65 67 68 69 71 72 73 74 76 77 78 80 81 83 84 85 86 87 88 89 90 93 97 0
-1 -2 -3 -5 -6 -7 -8 -9 -10 -11 -12 -13 -14 -15 -16 -17 -18 -19 -21 -22 -25 -26 -27 -28 -29 -30 -31 -32 -35 -36 -37 -39 -41 -46 -47 -48 -49 -50 -51 -52 -53 -54 -55 -57 -58 -62 -63 -64 -65 -66 -69 -70 -71 -72 -75 -78 -79 -81 -82 -84 -86 -87 -88 -89 -90 -92 -93 -94 -96 -97 -98 1 2 3 4 5 7 8 10 11 12 13 14 15 16 17 19 20 23 25 27 28 29 30 31 33 34 36 37 38 39 42 43 44 45 47 49 50 51 52 53 55 56 57 58 59 60 61 62 63 65 66 69 71 73 75 78 79 80 81 82 83 85 86 87 88 89 90 91 92 94 98 0
-1 -2 -3 -5 -6 -7 -8 -12 -15 -16 -17 -19 -20 -21 -22 -24 -25 -28 -29 -30 -31 -35 -36 -38 -40 -42 -43 -46 -47 -49 -50 -51 -52 -53 -56 -57 -58 -59 -61 -62 -64 -65 -66 -69 -70 -71 -72 -73 -75 -77 -81 -82 -84 -86 -87 -88 -89 -90 -93 -94 -95 -97 4 5 6 7 8 10 12 13 14 15 17 20 22 24 25 26 27 28 29 31 33 34 36 37 38 40 42 43 44 45 46 48 49 50 53 54 55 56 57 58 59 60 61 62 64 67 68 69 70 72 73 75 77 80 84 90 91 92 93 96 98 0
-2 -3 -5 -6 -7 -8 -9 -10 -11 -13 -15 -17 -18 -19 -20 -25 -26 -28 -29 -31 -32 -33 -34 -37 -38 -40 -41 -42 -43 -45 -46 -47 -49 -51 -56 -57 -58 -59 -60 -65 -66 -67 -68 -69 -70 -71 -72 -73 -74 -76 -77 -78 -79 -80 -82 -83 -88 -89 -90 -91 -96 -97 -98 2 3 4 5 6 8 9 10 11 12 13 14 15 16 17 18 20 21 23 24 26 28 29 30 31 32 33 34 35 36 37 39 43 44 48 50 51 55 56 57 62 63 68 69 70 76 77 79 80 83 84 85 87 89 90 91 93 94 95 96 97 98 0
-1 -2 -6 -7 -9 -11 -12 -13 -14 -15 -17 -18 -19 -20 -21 -22 -23 -24 -25 -26 -29 -30 -31 -32 -33 -34 -35 -37 -38 -39 -40 -41 -42 -43 -44 -45 -48 -49 -51 -52 -53 -55 -56 -57 -58 -59 -61 -62 -63 -64 -66 -67 -69 -70 -72 -74 -78 -81 -82 -83 -84 -85 -86 -87 -88 -89 -90 -91 -92 -94 -95 -96 -97 -98 3 4 5 6 7 9 10 11 15 16 17 18 19 20 21 22 23 25 26 27 30 32 33 34 35 37 41 42 43 45 46 48 49 50 51 52 54 55 56 57 58 59 60 61 62 63 64 65 66 67 68 70 71 72 73 74 75 77 78 79 82 85 86 87 88 90 92 93 94 96 97 0
-1 -4 -7 -10 -12 -14 -15 -17 -20 -21 -22 -23 -26 -30 -31 -32 -33 -34 -36 -38 -39 -40 -42 -45 -46 -47 -48 -50 -52 -53 -54 -57 -58 -59 -60 -61 -62 -63 -69 -70 -73 -74 -76 -79 -80 -83 -85 -87 -88 -89 -90 -91 -92 -94 -95 -97 1 2 4 5 6 7 9 10 12 15 16 17 18 19 20 24 25 30 31 32 33 35 36 37 38 39 40 41 42 43 44 47 50 51 53 54 56 57 58 59 60 61 62 63 65 66 67 70 72 73 74 75 76 78 79 81 82 83 84 86 87 88 90 91 93 94 95 96 97 98 0
-1 -2 -4 -5 -6 -7 -8 -9 -10 -11 -12 -13 -14 -15 -16 -17 -18 -19 -22 -24 -25 -27 -28 -29 -30 -31 -32 -33 -34 -35 -36 -37 -38 -39 -41 -42 -43 -45 -47 -49 -51 -52 -53 -55 -56 -57 -58 -59 -60 -62 -63 -65 -66 -68 -70 -71 -73 -74 -78 -79 -80 -83 -84 -86 -88 -90 -93 -94 -95 -97 1 2 3 4 5 6 8 9 11 12 14 15 17 18 20 21 22 23 24 26 28 30 31 33 35 36 37 40 41 42 47 48 49 50 54 55 56 57 58 59 60 61 63 64 66 67 69 70 71 74 75 76 77 78 80 81 82 84 85 86 87 88 90 91 92 93 95 96 97 98 0
-2 -6 -7 -8 -9 -10 -12 -14 -15 -18 -19 -21 -22 -23 -27 -28 -29 -32 -34 -35 -37 -38 -39 -40 -41 -42 -43 -45 -46 -48 -49 -50 -51 -52 -53 -54 -55 -57 -58 -60 -61 -62 -67 -71 -72 -76 -78 -79 -80 -82 -83 -84 -85 -86 -87 -88 -91 -92 -93 -94 -96 -97 -98 3 7 8 10 11 13 14 16 17 18 19 20 21 22 23 26 27 28 30 31 33 35 36 38 39 40 41 42 43 44 45 46 47 48 51 52 54 55 56 57 58 59 60 65 69 70 71 72 75 76 78 79 80 81 82 84 85 86 87 89 91 92 93 94 95 96 98 0
-1 -2 -3 -4 -5 -6 -11 -12 -13 -14 -15 -16 -18 -19 -20 -21 -22 -23 -24 -25 -27 -28 -29 -30 -31 -32 -33 -34 -35 -37 -38 -39 -42 -44 -46 -48 -49 -50 -51 -52 -54 -56 -60 -62 -63 -64 -65 -66 -67 -68 -69 -70 -71 -72 -73 -74 -75 -76 -77 -79 -80 -85 -86 -87 -88 -89 -90 -91 -92 -93 -94 -96 -97 -98 1 2 3 5 7 8 9 10 11 12 13 14 15 17 18 20 21 22 24 26 28 30 31 33 34 35 36 37 40 46 47 48 49 51 52 53 59 60 61 62 64 65 66 67 69 70 71 74 75 76 77 79 80 83 85 86 87 88 89 91 93 94 97 98 0
-1 -2 -3 -4 -6 -7 -8 -11 -14 -15 -16 -17 -19 -20 -22 -23 -24 -25 -26 -27 -28 -29 -32 -33 -35 -36 -37 -38 -39 -41 -42 -44 -45 -47 -49 -50 -52 -53 -54 -56 -57 -58 -59 -60 -62 -63 -68 -70 -74 -77 -79 -80 -81 -82 -83 -84 -85 -91 -93 -95 -96 -97 2 3 5 6 7 10 11 12 13 14 15 16 17 18 19 21 22 24 26 27 28 29 31 32 35 37 40 41 42 44 45 46 48 51 52 53 55 57 58 59 60 61 62 64 65 66 67 68 69 72 73 75 76 77 78 79 80 82 83 84 85 86 87 88 89 91 94 95 96 98 0
-2 -3 -4 -6 -7 -9 -10 -12 -13 -14 -15 -16 -19 -21 -23 -25 -26 -28 -30 -32 -33 -36 -37 -38 -39 -41 -42 -43 -45 -46 -47 -48 -49 -50 -51 -52 -53 -54 -56 -58 -59 -60 -61 -62 -64 -67 -69 -70 -71 -73 -74 -75 -76 -77 -79 -81 -82 -83 -84 -85 -86 -88 -90 -91 -93 -95 -98 1 3 4 6 8 9 10 12 13 14 16 17 19 20 22 24 25 26 27 28 30 32 34 37 38 41 42 43 44 46 47 48 50 51 52 53 54 55 57 60 62 63 64 65 66 67 68 69 70 71 73 74 76 78 80 81 83 84 85 86 88 90 91 92 93 94 95 96 98 0
-1 -2 -3 -4 -6 -7 -8 -9 -10 -12 -17 -18 -19 -21 -23 -25 -27 -28 -29 -31 -32 -33 -34 -36 -39 -40 -41 -42 -43 -45 -46 -48 -49 -50 -51 -54 -55 -56 -57 -60 -61 -62 -64 -68 -69 -72 -73 -74 -75 -79 -80 -81 -82 -83 -85 -89 -90 -91 -92 -93 -94 -95 -96 -97 -98 1 3 4 5 7 11 12 13 14 15 16 17 18 19 20 21 22 25 26 27 29 31 32 33 34 35 36 37 38 39 40 41 42 43 45 46 48 50 51 52 53 55 56 57 59 60 62 63 64 65 66 70 71 73 74 75 76 78 79 80 81 83 84 86 87 88 89 91 92 93 94 95 96 97 98 0
654
99
0 0 0 0 0 0 0 0 0 0 0 0 0 0 0 0 0 0 0 0 0 0 0 0 0 0 0 0 0 0 0 0 0 0 0 0 0 0 0 0 0 0 0 0 0 0 0 0 0 0 0 0 0 0 0 0 0 0 0 0 0 0 0 0 0 0 0 0 0 0 0 0 0 0 0 0 0 0 0 0 0 0 0 0 0 0 0 0 0 0 0 0 0 0 0 0 0 0 1
99
-82 16 0
-16 22 0
-22 43 0
-43 80 0
-80 37 0
-37 41 0
-41 13 0
-13 24 0
-24 12 0
-12 59 0
-59 34 0
-34 39 0
-39 68 0
-68 69 0
-69 91 0
-91 72 0
-72 21 0
-21 98 0
-98 83 0
-83 66 0
-66 32 0
-32 63 0
-63 99 0
-99 38 0
-38 48 0
-48 93 0
-93 4 0
-4 7 0
-7 6 0
-6 79 0
-79 26 0
-26 36 0
-36 45 0
-45 31 0
-31 55 0
-55 35 0
-35 84 0
-84 61 0
-61 25 0
-25 85 0
-85 1 0
-1 81 0
-81 8 0
-8 92 0
-92 88 0
-88 54 0
-54 87 0
-87 5 0
-5 52 0
-52 89 0
-89 57 0
-57 78 0
-78 95 0
-95 67 0
-67 58 0
-58 51 0
-51 30 0
-30 40 0
-40 47 0
-47 17 0
-17 62 0
-62 64 0
-64 42 0
-42 3 0
-3 77 0
-77 11 0
-11 73 0
-73 15 0
-15 75 0
-75 18 0
-18 46 0
-46 9 0
-9 29 0
-29 90 0
-90 33 0
-33 10 0
-10 96 0
-96 94 0
-94 60 0
-60 70 0
-70 23 0
-23 50 0
-50 53 0
-53 19 0
-19 2 0
-2 71 0
-71 20 0
-20 14 0
-14 27 0
-27 49 0
-49 76 0
-76 86 0
-86 74 0
-74 44 0
-44 56 0
-56 97 0
-97 28 0
-28 65 0
-65 82 0
51
99
5342 8263 3088 7959 8594 7486 77 1883 3059 2017 4036 779 3959 238 7273 1561 1396 2284 9333 6587 6347 6578 3193 5375 5586 4086 6402 140 4882 2978 1997 7370 2659 8827 9517 5269 5780 2564 1115 974 287 704 2926 2306 2396 1768 4091 7503 4645 188 8510 4293 1515 205 8778 9001 4679 314 3261 2592 6051 1049 1144 3241 922 7289 1293 6828 2300 4645 8889 3682 3495 2651 4421 388 5299 3230 7911 8201 812 7162 1295 5786 1494 1046 5183 1705 5772 6686 2329 2194 6137 17 4032 4128 2651 2584 9176
99
-53 53 0
-23 23 0
-76 76 0
-38 38 0
-40 40 0
-1 1 0
-83 83 0
-30 30 0
-77 77 0
-24 24 0
-86 86 0
-63 63 0
-16 16 0
-92 92 0
-39 39 0
-69 69 0
-32 32 0
-79 79 0
-8 8 0
-14 14 0
-31 31 0
-44 44 0
-98 98 0
-4 4 0
-58 58 0
-34 34 0
-10 10 0
-72 72 0
-75 75 0
-91 91 0
-62 62 0
-51 51 0
-37 37 0
-55 55 0
-61 61 0
-82 82 0
-28 28 0
-22 22 0
-42 42 0
-68 68 0
-52 52 0
-84 84 0
-7 7 0
-47 47 0
-25 25 0
-90 90 0
-26 26 0
-67 67 0
-54 54 0
-49 49 0
-3 3 0
-60 60 0
-27 27 0
-5 5 0
-35 35 0
-48 48 0
-88 88 0
-85 85 0
-33 33 0
-59 59 0
-89 89 0
-18 18 0
-71 71 0
-93 93 0
-65 65 0
-46 46 0
-20 20 0
-9 9 0
-80 80 0
-13 13 0
-19 19 0
-87 87 0
-78 78 0
-64 64 0
-66 66 0
-95 95 0
-94 94 0
-45 45 0
-41 41 0
-2 2 0
-96 96 0
-12 12 0
-50 50 0
-6 6 0
-97 97 0
-70 70 0
-74 74 0
-29 29 0
-15 15 0
-81 81 0
-11 11 0
-99 99 0
-43 43 0
-57 57 0
-73 73 0
-17 17 0
-21 21 0
-36 36 0
-56 56 0
819
99
0 0 0 0 0 0 0 0 0 0 0 0 0 0 0 0 0 0 0 0 0 0 0 0 0 0 0 0 0 0 0 0 0 0 0 0 0 0 0 0 0 0 0 0 0 0 0 0 0 0 0 0 0 0 0 0 0 0 0 0 0 0 0 0 0 0 0 0 0 0 0 0 0 0 0 0 0 0 0 0 0 0 0 0 0 0 0 0 0 0 0 0 0 0 0 0 0 0 6
98
-89 3 0
-3 82 0
-82 56 0
-56 63 0
-63 94 0
-94 90 0
-90 45 0
-45 31 0
-31 76 0
-76 2 0
-2 24 0
-24 93 0
-93 5 0
-5 55 0
-55 70 0
-70 80 0
-80 59 0
-59 11 0
-11 25 0
-25 52 0
-52 42 0
-42 37 0
-37 86 0
-86 38 0
-38 15 0
-15 53 0
-53 33 0
-33 62 0
-62 74 0
-74 36 0
-36 39 0
-39 66 0
-66 78 0
-78 60 0
-60 73 0
-73 1 0
-1 34 0
-34 8 0
-8 99 0
-99 21 0
-21 54 0
-54 95 0
-95 41 0
-41 20 0
-20 85 0
-85 35 0
-35 19 0
-19 58 0
-58 28 0
-28 68 0
-68 92 0
-92 49 0
-49 7 0
-7 57 0
-57 47 0
-47 6 0
-6 87 0
-87 67 0
-67 10 0
-10 65 0
-65 98 0
-98 13 0
-13 88 0
-88 61 0
-61 43 0
-43 18 0
-18 14 0
-14 51 0
-51 50 0
-50 30 0
-30 29 0
-29 77 0
-77 12 0
-12 81 0
-81 9 0
-9 64 0
-64 46 0
-46 23 0
-23 72 0
-72 48 0
-48 22 0
-22 26 0
-26 97 0
-97 32 0
-32 79 0
-79 84 0
-84 40 0
-40 17 0
-17 69 0
-69 16 0
-16 83 0
-83 4 0
-4 44 0
-44 27 0
-27 91 0
-91 75 0
-75 96 0
-96 71 0
912
99
0 0 0 0 0 0 0 0 0 0 0 0 0 0 0 0 0 0 0 0 0 0 0 0 0 0 0 0 0 0 0 0 0 0 0 0 0 0 0 0 0 0 0 0 0 0 0 0 0 0 0 0 0 0 0 0 0 0 0 0 0 0 0 0 0 0 0 0 0 0 0 0 0 0 0 0 0 0 0 0 0 0 0 0 0 0 0 0 0 0 0 0 0 0 0 0 0 0 3
99
-3 67 0
-67 25 0
-25 52 0
-52 59 0
-59 75 0
-75 40 0
-40 29 0
-29 55 0
-55 45 0
-45 10 0
-10 53 0
-53 41 0
-41 47 0
-47 16 0
-16 94 0
-94 88 0
-88 57 0
-57 92 0
-92 70 0
-70 1 0
-1 15 0
-15 73 0
-73 11 0
-11 42 0
-42 30 0
-30 6 0
-6 76 0
-76 27 0
-27 9 0
-9 33 0
-33 23 0
-23 81 0
-81 80 0
-80 89 0
-89 48 0
-48 56 0
-56 18 0
-18 17 0
-17 46 0
-46 63 0
-63 90 0
-90 85 0
-85 61 0
-61 20 0
-20 58 0
-58 37 0
-37 66 0
-66 36 0
-36 77 0
-77 32 0
-32 84 0
-84 7 0
-7 51 0
-51 8 0
-8 82 0
-82 21 0
-21 54 0
-54 78 0
-78 72 0
-72 93 0
-93 12 0
-12 95 0
-95 43 0
-43 79 0
-79 87 0
-87 65 0
-65 97 0
-97 50 0
-50 64 0
-64 34 0
-34 13 0
-13 83 0
-83 91 0
-91 49 0
-49 71 0
-71 4 0
-4 98 0
-98 2 0
-2 19 0
-19 69 0
-69 74 0
-74 28 0
-28 35 0
-35 24 0
-24 86 0
-86 5 0
-5 44 0
-44 39 0
-39 68 0
-68 62 0
-62 99 0
-99 22 0
-22 38 0
-38 26 0
-26 60 0
-60 31 0
-31 14 0
-14 96 0
-96 -96 3 0
954
0
