99
0 0 0 0 0 0 0 0 0 0 0 0 0 0 0 0 0 0 0 0 0 0 0 0 0 0 0 0 0 0 0 0 0 0 0 0 0 0 0 0 0 0 0 0 0 0 0 0 0 0 0 0 0 0 0 0 0 0 0 0 0 0 0 0 0 0 0 0 0 0 0 0 0 0 0 0 0 0 0 0 0 0 0 0 0 0 0 0 0 0 0 0 0 0 0 0 0 0 7811
51
-1 -2 -3 -7 -8 -9 -10 -11 -13 -15 -16 -17 -19 -23 -24 -26 -28 -30 -31 -33 -34 -35 -36 -37 -38 -39 -40 -43 -44 -45 -47 -48 -49 -50 -51 -52 -53 -54 -55 -56 -58 -60 -61 -62 -63 -64 -65 -68 -69 -70 -73 -74 -75 -76 -77 -78 -80 -82 -84 -87 -89 -90 -91 -92 -93 -98 1 5 6 7 8 9 10 11 14 15 16 20 21 22 23 25 27 28 31 32 33 34 36 37 38 40 41 42 43 45 46 49 51 54 58 61 63 64 66 67 69 70 71 72 73 75 76 79 81 82 84 88 90 91 94 95 96 0
-1 -2 -3 -4 -5 -6 -8 -9 -12 -13 -14 -16 -17 -21 -22 -24 -25 -27 -28 -29 -30 -31 -34 -36 -37 -38 -39 -40 -41 -42 -44 -45 -48 -49 -51 -52 -53 -55 -56 -58 -59 -60 -61 -62 -64 -65 -66 -67 -72 -73 -75 -76 -77 -79 -80 -81 -83 -84 -85 -86 -87 -88 -90 -91 -93 -94 -95 -97 -98 2 3 5 8 9 10 11 13 15 16 17 18 19 21 23 24 25 26 27 28 30 31 32 33 35 38 39 40 41 42 44 45 46 48 50 52 53 55 56 57 59 60 62 66 67 69 71 72 73 74 75 77 78 79 81 83 84 85 86 87 88 89 90 93 94 96 97 98 0
-1 -2 -6 -9 -10 -11 -12 -14 -17 -19 -21 -22 -25 -27 -28 -30 -31 -32 -33 -36 -37 -41 -43 -44 -45 -46 -48 -50 -51 -52 -53 -54 -55 -56 -58 -59 -61 -65 -68 -69 -71 -74 -76 -77 -79 -80 -82 -83 -84 -85 -87 -88 -92 -94 -95 -96 -97 -98 1 2 4 5 6 8 10 11 12 13 14 16 18 20 21 24 25 26 28 29 30 31 32 33 34 36 37 38 39 42 43 45 46 47 49 51 52 53 55 56 57 58 59 61 64 65 66 68 69 72 74 75 76 78 79 81 82 83 84 85 86 87 89 91 92 93 97 98 0
-2 -3 -4 -5 -6 -7 -8 -10 -11 -13 -14 -16 -17 -18 -19 -20 -22 -23 -24 -26 -27 -28 -29 -31 -32 -33 -34 -35 -36 -38 -39 -40 -41 -42 -43 -46 -48 -49 -51 -52 -53 -54 -57 -58 -59 -60 -61 -63 -64 -65 -66 -68 -69 -70 -71 -74 -76 -77 -78 -81 -82 -84 -85 -86 -87 -88 -89 -90 -91 -92 -93 -94 -95 -98 1 2 4 5 6 8 9 11 12 13 15 16 17 20 22 23 25 27 28 29 30 31 32 34 35 36 37 38 39 43 45 46 50 51 55 56 59 60 62 64 65 66 67 69 71 72 74 75 76 84 85 86 87 88 93 95 96 97 98 0
-2 -3 -4 -6 -7 -8 -10 -11 -12 -13 -16 -17 -21 -22 -23 -24 -25 -27 -29 -30 -32 -33 -35 -36 -42 -43 -44 -45 -47 -50 -51 -53 -54 -55 -56 -57 -59 -60 -62 -63 -64 -66 -68 -73 -78 -79 -80 -81 -82 -84 -85 -87 -88 -89 -90 -91 -92 -96 -97 -98 1 2 3 4 8 9 12 13 14 15 16 19 21 22 23 25 26 27 28 29 32 33 34 35 38 39 40 41 45 46 48 49 50 52 53 54 55 56 58 61 62 63 64 67 68 69 70 71 72 74 75 78 79 80 81 82 83 85 88 91 92 94 96 97 0
-1 -4 -5 -8 -9 -11 -12 -15 -16 -17 -18 -19 -20 -21 -23 -24 -28 -29 -34 -36 -37 -43 -44 -46 -47 -48 -50 -51 -54 -55 -56 -57 -59 -60 -61 -62 -63 -67 -68 -69 -70 -71 -72 -73 -74 -77 -78 -79 -80 -82 -83 -86 -87 -88 -89 -93 -94 -95 -96 -97 -98 1 2 4 5 6 7 8 9 10 11 12 18 19 20 21 22 23 24 26 27 29 30 31 32 33 35 36 39 40 41 42 43 44 47 49 50 52 53 54 55 56 57 58 59 60 61 64 65 68 69 71 72 73 74 76 78 79 80 81 82 83 86 87 89 93 94 95 97 98 0
-1 -2 -6 -7 -9 -10 -11 -12 -14 -17 -19 -21 -23 -24 -25 -26 -27 -28 -29 -31 -34 -36 -37 -38 -40 -41 -43 -44 -45 -46 -48 -52 -53 -54 -56 -57 -59 -62 -63 -64 -65 -68 -69 -71 -72 -74 -76 -77 -78 -80 -81 -82 -84 -85 -86 -88 -89 -90 -91 -92 -93 -94 -96 1 2 3 4 6 9 10 11 12 14 15 16 18 19 22 23 29 30 32 34 35 36 39 41 44 45 48 50 53 55 56 60 61 62 63 64 66 67 68 69 71 72 73 75 76 77 78 79 80 81 83 84 85 89 90 91 92 93 95 97 98 0
-1 -2 -5 -6 -7 -10 -11 -14 -15 -18 -22 -23 -26 -30 -32 -35 -36 -37 -39 -40 -41 -44 -46 -48 -50 -52 -53 -54 -55 -56 -57 -58 -59 -60 -61 -62 -66 -67 -70 -72 -73 -74 -75 -78 -79 -81 -82 -84 -86 -87 -88 -89 -91 -92 -95 -96 -97 1 2 3 4 5 6 7 8 11 13 14 17 18 20 21 22 24 25 26 27 29 31 32 33 35 40 41 43 45 46 48 50 51 52 55 57 60 63 64 65 66 67 69 70 71 72 75 76 77 78 79 80 81 84 85 86 87 88 89 90 92 93 94 97 98 0
-2 -4 -5 -6 -8 -9 -11 -12 -13 -14 -15 -17 -18 -19 -20 -21 -23 -24 -25 -26 -27 -28 -29 -30 -31 -32 -33 -37 -41 -42 -43 -44 -45 -46 -48 -49 -52 -53 -54 -56 -58 -62 -64 -65 -66 -68 -69 -71 -72 -74 -75 -76 -79 -80 -81 -82 -84 -87 -88 -89 -90 -91 -94 -97 -98 2 3 4 5 6 8 9 10 11 13 16 18 19 20 22 23 24 27 28 29 31 32 33 34 36 37 38 39 42 45 46 48 49 50 51 53 54 55 56 57 58 59 60 62 63 64 65 66 67 68 69 70 72 74 76 77 78 79 81 82 83 88 89 90 91 92 93 95 97 98 0
-1 -2 -3 -4 -5 -6 -7 -8 -10 -12 -14 -15 -19 -20 -22 -23 -26 -27 -28 -30 -32 -34 -37 -38 -40 -41 -43 -44 -47 -48 -50 -52 -53 -54 -55 -57 -58 -61 -62 -63 -65 -66 -68 -72 -74 -75 -76 -77 -79 -80 -82 -83 -84 -85 -87 -89 -90 -91 -92 -93 -94 -96 -97 1 2 3 4 8 9 10 11 13 14 15 17 19 21 23 24 27 30 33 34 35 36 38 39 40 41 43 44 45 49 50 51 52 54 55 56 57 60 61 63 64 65 67 69 70 71 72 73 74 75 76 77 79 80 81 82 83 84 85 86 87 88 89 90 91 93 94 95 97 98 0
-1 -2 -3 -4 -5 -7 -8 -9 -11 -12 -13 -15 -16 -17 -18 -19 -20 -22 -23 -25 -26 -27 -28 -29 -30 -31 -32 -33 -34 -35 -36 -37 -38 -39 -40 -42 -43 -44 -45 -46 -47 -48 -49 -50 -51 -52 -53 -55 -56 -57 -58 -61 -62 -69 -70 -72 -74 -76 -77 -79 -80 -81 -82 -84 -85 -86 -87 -90 -93 -94 -95 -96 -97 -98 1 2 3 4 5 8 10 11 12 13 14 15 16 17 18 20 22 23 24 25 26 27 28 29 30 31 32 33 34 35 37 39 42 43 45 46 47 48 49 51 52 53 57 58 59 61 62 63 64 66 67 69 74 77 78 79 80 81 84 85 87 89 91 93 95 96 97 98 0
-1 -2 -5 -7 -9 -11 -13 -16 -18 -19 -21 -22 -23 -24 -25 -26 -27 -28 -29 -31 -33 -35 -37 -38 -40 -41 -42 -43 -45 -46 -48 -49 -50 -51 -52 -53 -54 -55 -57 -59 -60 -61 -63 -64 -65 -66 -67 -68 -71 -73 -74 -75 -76 -77 -79 -81 -82 -83 -84 -88 -89 -92 -93 -94 -95 -98 2 3 4 6 10 13 14 16 17 21 22 23 26 27 31 34 35 36 37 41 44 45 46 48 49 50 51 52 54 55 56 59 60 62 63 64 66 67 68 69 70 71 72 73 74 76 77 80 81 87 89 90 91 92 94 96 98 0
-1 -2 -4 -5 -7 -10 -11 -12 -16 -17 -18 -19 -21 -22 -23 -24 -27 -29 -30 -37 -38 -39 -40 -44 -45 -50 -51 -52 -53 -54 -55 -56 -57 -58 -59 -61 -62 -64 -65 -67 -68 -70 -71 -72 -73 -74 -75 -77 -78 -79 -81 -82 -86 -87 -89 -90 -92 -93 -94 -95 -96 -97 1 3 4 5 6 7 8 10 13 16 17 18 19 20 21 22 24 25 27 28 29 30 31 32 34 35 36 37 39 40 41 42 44 45 46 47 50 52 53 54 55 56 57 59 61 64 65 66 68 69 70 71 72 76 77 79 80 81 82 83 84 85 91 92 93 94 95 96 97 0
-1 -2 -3 -4 -5 -6 -7 -8 -11 -12 -13 -14 -15 -16 -17 -20 -21 -22 -24 -27 -28 -30 -32 -33 -34 -35 -37 -40 -41 -42 -43 -44 -46 -47 -48 -49 -51 -53 -54 -55 -56 -62 -63 -64 -70 -71 -73 -74 -77 -78 -79 -80 -81 -86 -87 -89 -90 -93 -94 -95 -96 -97 -98 1 2 4 5 6 8 9 10 11 12 13 14 15 16 17 18 20 21 23 24 25 28 30 31 33 34 36 37 39 40 41 42 44 47 48 49 51 52 53 54 58 61 64 66 67 70 73 74 75 76 78 79 80 83 85 86 88 91 92 94 95 96 0
-2 -4 -6 -7 -9 -10 -11 -15 -17 -18 -19 -21 -22 -24 -26 -27 -30 -31 -33 -35 -36 -37 -41 -43 -44 -45 -47 -50 -51 -52 -53 -55 -56 -57 -59 -62 -64 -65 -67 -68 -69 -70 -72 -73 -74 -75 -76 -79 -80 -81 -83 -84 -85 -87 -88 -89 -92 -93 -94 -95 -97 -98 2 3 4 6 8 10 11 12 13 14 15 16 18 19 20 22 23 25 27 28 29 30 31 35 39 40 41 42 44 45 47 48 50 54 55 56 57 58 61 63 65 66 69 70 71 72 73 75 76 77 78 79 82 85 88 89 92 94 95 98 0
-2 -3 -4 -6 -8 -12 -14 -17 -18 -19 -20 -24 -25 -26 -27 -28 -29 -30 -32 -34 -36 -37 -39 -40 -41 -42 -43 -44 -45 -46 -49 -51 -52 -54 -55 -57 -58 -59 -60 -61 -63 -66 -69 -70 -72 -73 -74 -75 -78 -80 -81 -82 -83 -84 -87 -88 -89 -90 -91 -92 -93 -94 -96 -97 -98 1 3 4 6 7 9 10 11 13 15 16 17 18 20 22 23 24 25 26 27 30 31 34 36 37 38 40 41 43 46 47 48 49 50 51 52 53 55 56 57 58 59 60 61 63 64 65 66 67 68 69 72 73 74 75 76 77 78 79 81 82 83 84 85 88 89 90 92 95 96 98 0
-1 -4 -5 -6 -8 -9 -10 -11 -13 -14 -17 -19 -20 -23 -25 -26 -28 -29 -30 -33 -34 -35 -36 -37 -39 -41 -45 -47 -51 -52 -53 -54 -55 -57 -60 -62 -63 -64 -65 -66 -67 -68 -69 -70 -72 -75 -77 -78 -79 -81 -83 -84 -86 -88 -91 -92 -94 -96 -98 1 2 3 4 5 6 7 9 11 12 13 15 16 17 18 19 20 22 23 25 26 29 31 32 33 34 35 36 37 38 40 41 42 43 45 48 49 50 51 54 56 57 59 60 61 63 64 65 67 68 69 70 72 74 75 76 77 78 79 80 81 82 83 84 85 86 87 89 90 92 93 94 95 98 0
-3 -5 -6 -7 -11 -12 -13 -14 -15 -16 -17 -18 -19 -21 -22 -23 -24 -25 -26 -27 -28 -30 -31 -32 -34 -35 -36 -37 -40 -43 -46 -47 -49 -50 -51 -52 -54 -56 -58 -59 -60 -61 -62 -63 -64 -65 -66 -67 -69 -70 -71 -73 -74 -79 -81 -82 -83 -84 -85 -86 -88 -92 -93 -94 -95 -96 -98 1 3 4 5 6 7 10 12 13 14 16 17 20 21 22 25 27 28 33 35 36 37 38 41 42 43 46 47 48 49 51 52 53 55 57 58 60 62 64 65 66 67 68 69 71 72 77 78 80 81 84 85 86 90 91 92 93 94 95 96 97 98 0
-1 -3 -4 -5 -6 -8 -10 -11 -12 -13 -14 -17 -24 -25 -26 -27 -28 -29 -32 -33 -36 -37 -38 -39 -40 -41 -42 -44 -45 -46 -47 -48 -49 -50 -52 -53 -54 -56 -57 -58 -60 -61 -62 -65 -66 -67 -68 -69 -70 -71 -75 -76 -77 -79 -81 -82 -83 -86 -87 -89 -90 -91 -93 -94 -95 -96 -97 -98 1 3 7 12 13 14 15 17 18 19 20 22 24 28 29 31 32 33 35 37 38 39 40 42 43 44 45 46 47 49 50 51 52 53 54 55 56 57 58 59 60 62 64 65 66 67 68 69 71 72 73 74 75 77 80 83 85 86 87 89 90 91 92 94 95 96 98 0
-1 -2 -3 -5 -7 -8 -9 -10 -11 -13 -16 -17 -18 -20 -22 -23 -25 -28 -29 -34 -35 -36 -38 -39 -41 -43 -45 -47 -48 -50 -51 -52 -53 -54 -57 -58 -59 -60 -61 -62 -63 -64 -65 -66 -67 -68 -69 -71 -72 -73 -78 -80 -81 -82 -83 -85 -86 -88 -89 -90 -91 -92 -93 -94 -95 -96 -97 1 2 3 5 6 7 8 10 11 12 13 14 15 16 17 18 19 20 22 23 24 25 27 28 30 31 32 33 34 35 36 38 39 41 43 44 47 49 50 51 53 55 56 57 58 59 66 67 69 71 72 73 75 76 80 81 82 83 84 86 87 89 91 93 95 96 97 0
-2 -4 -6 -9 -10 -11 -15 -16 -17 -19 -20 -21 -22 -26 -27 -29 -30 -31 -32 -35 -36 -37 -38 -39 -40 -42 -44 -46 -48 -51 -52 -55 -56 -57 -63 -64 -65 -66 -67 -69 -70 -71 -72 -73 -74 -76 -77 -78 -81 -82 -83 -84 -85 -86 -87 -89 -90 -91 -93 -95 -96 3 5 6 7 8 9 10 11 12 13 14 15 21 22 23 24 25 27 28 29 31 33 34 35 36 37 39 41 43 44 46 47 49 50 51 55 56 58 61 62 63 66 69 71 73 75 76 79 81 82 83 85 86 87 88 89 90 92 93 94 95 97 98 0
-1 -3 -5 -6 -7 -12 -13 -14 -15 -16 -17 -18 -19 -20 -22 -25 -26 -28 -29 -30 -31 -32 -33 -34 -35 -36 -37 -39 -40 -41 -42 -43 -45 -46 -47 -48 -49 -50 -52 -54 -55 -56 -59 -61 -62 -64 -66 -68 -72 -73 -76 -77 -78 -81 -82 -83 -84 -85 -86 -88 -89 -90 -95 -96 -98 1 2 3 4 5 6 12 16 17 18 19 20 21 22 23 24 25 27 28 29 30 31 33 34 35 37 38 39 40 43 45 47 48 49 50 51 52 53 54 56 57 58 59 60 62 64 65 66 67 69 71 72 76 78 81 82 83 86 87 88 89 90 91 93 94 95 97 0
-1 -2 -3 -5 -9 -10 -12 -13 -15 -16 -18 -19 -23 -26 -27 -28 -29 -31 -32 -33 -34 -35 -36 -37 -39 -40 -41 -43 -44 -47 -48 -49 -50 -53 -54 -55 -56 -58 -61 -62 -66 -68 -70 -72 -73 -75 -76 -77 -80 -81 -82 -84 -85 -86 -87 -88 -89 -91 -93 -95 -96 -97 -98 1 2 3 7 9 10 11 13 14 15 16 19 20 21 22 23 24 25 29 30 31 32 33 34 37 38 39 41 42 45 48 49 50 52 53 54 55 56 57 61 62 63 65 66 67 68 71 72 74 75 76 78 79 80 82 83 85 87 89 91 94 95 96 97 98 0
-2 -3 -5 -7 -8 -9 -10 -11 -12 -13 -20 -22 -23 -24 -25 -27 -28 -29 -30 -31 -32 -33 -34 -35 -36 -37 -39 -41 -43 -44 -45 -46 -48 -49 -50 -51 -53 -54 -55 -56 -57 -58 -59 -62 -63 -64 -66 -68 -69 -70 -71 -72 -73 -74 -75 -76 -77 -78 -79 -80 -81 -82 -84 -85 -86 -89 -90 -91 -92 -94 -96 -97 -98 1 2 3 4 5 7 9 11 12 13 14 16 17 19 20 22 23 24 25 26 28 29 30 32 36 38 39 40 42 44 46 47 51 52 54 56 58 59 60 61 62 64 65 66 68 69 70 75 77 79 80 81 82 83 84 85 86 87 88 90 91 94 95 97 98 0
-1 -2 -5 -6 -7 -8 -9 -10 -11 -12 -13 -14 -16 -18 -21 -22 -23 -24 -25 -27 -28 -30 -31 -34 -37 -38 -39 -40 -41 -42 -43 -44 -46 -47 -48 -50 -51 -52 -53 -55 -56 -57 -58 -60 -61 -62 -65 -66 -67 -69 -70 -72 -74 -75 -77 -78 -79 -80 -82 -84 -86 -87 -88 -90 -92 -94 -95 -96 1 2 3 4 7 8 9 10 11 12 16 17 18 20 21 22 24 25 26 27 28 34 35 36 37 38 40 41 42 43 44 48 49 51 52 53 54 55 56 57 58 61 62 65 66 67 68 70 71 73 74 76 78 79 80 83 84 87 88 89 91 93 94 95 96 97 0
-1 -2 -3 -5 -6 -7 -10 -11 -12 -15 -17 -18 -20 -22 -24 -26 -27 -29 -31 -32 -33 -34 -35 -36 -40 -42 -43 -44 -46 -47 -48 -49 -50 -51 -52 -53 -55 -56 -57 -58 -59 -62 -67 -73 -74 -75 -76 -77 -78 -79 -80 -81 -82 -85 -86 -87 -89 -90 -91 -92 -94 -95 -97 -98 1 3 7 9 11 12 14 15 16 17 18 20 21 22 23 24 25 26 30 31 33 34 35 37 38 39 40 41 42 46 47 48 51 52 53 54 55 56 58 59 61 63 64 65 66 67 68 72 74 75 77 79 80 81 83 89 90 91 95 96 97 98 0
-2 -3 -4 -6 -7 -10 -11 -13 -15 -16 -17 -18 -19 -20 -21 -23 -24 -25 -26 -29 -30 -31 -33 -36 -37 -40 -42 -45 -46 -47 -48 -50 -51 -52 -53 -54 -55 -57 -59 -60 -61 -62 -63 -65 -66 -67 -70 -72 -73 -76 -78 -80 -82 -83 -86 -87 -90 -91 -92 -95 -96 -97 -98 1 3 4 5 7 8 10 11 13 15 19 21 22 23 24 26 27 28 33 36 38 39 42 43 45 46 47 48 50 51 52 53 57 59 60 62 64 65 67 70 72 74 75 76 77 78 79 80 81 82 83 84 86 90 91 92 93 95 96 97 98 0
-2 -3 -4 -5 -9 -10 -11 -13 -14 -15 -16 -17 -18 -19 -20 -22 -24 -26 -27 -29 -30 -31 -33 -34 -35 -36 -38 -39 -42 -43 -45 -46 -47 -48 -49 -50 -51 -55 -56 -57 -58 -60 -61 -62 -63 -64 -65 -66 -70 -71 -73 -74 -77 -79 -80 -81 -82 -83 -84 -86 -88 -91 -92 -95 -96 -97 -98 1 2 6 7 8 9 10 12 13 14 15 16 18 19 20 22 24 25 27 28 29 30 31 32 33 35 37 38 39 40 44 45 48 50 51 54 57 58 59 60 61 63 66 68 69 70 72 73 75 77 78 79 80 82 85 86 87 88 89 90 92 93 94 96 98 0
-8 -9 -12 -15 -17 -19 -21 -22 -24 -27 -28 -32 -33 -34 -35 -36 -37 -39 -41 -42 -43 -44 -45 -46 -47 -48 -49 -50 -52 -53 -54 -56 -57 -58 -59 -61 -62 -64 -70 -71 -72 -75 -77 -78 -79 -80 -81 -82 -84 -85 -87 -88 -89 -91 -92 -93 -94 -95 -96 -97 1 2 4 7 9 10 12 13 14 16 17 18 19 21 23 24 25 27 28 30 32 33 34 35 36 37 40 41 43 46 47 49 51 54 56 57 58 60 61 67 68 69 70 71 72 74 76 79 80 81 83 84 85 86 87 88 89 90 92 93 95 96 97 0
-2 -3 -5 -6 -9 -12 -15 -16 -18 -20 -21 -22 -23 -24 -25 -26 -28 -29 -31 -32 -33 -34 -35 -36 -38 -39 -40 -42 -45 -50 -51 -52 -53 -54 -55 -56 -57 -58 -60 -62 -63 -64 -65 -66 -67 -69 -70 -71 -73 -74 -77 -78 -82 -83 -85 -86 -88 -92 -94 -95 -96 -98 1 2 3 4 5 6 8 9 10 11 12 13 15 16 18 21 23 25 26 27 28 29 30 35 36 37 39 41 42 43 44 45 46 47 49 50 51 52 53 56 58 59 63 64 66 67 71 72 73 74 77 78 79 81 82 84 85 87 89 90 91 93 94 95 96 97 0
-1 -2 -3 -4 -5 -6 -7 -13 -14 -16 -17 -18 -19 -21 -22 -23 -25 -26 -29 -30 -32 -35 -36 -37 -38 -40 -41 -42 -43 -44 -45 -46 -47 -48 -51 -52 -53 -54 -55 -57 -58 -60 -63 -64 -65 -66 -67 -68 -71 -72 -73 -74 -75 -76 -77 -80 -86 -87 -88 -90 -93 -94 -95 -96 -97 -98 1 3 4 7 10 11 12 13 15 18 19 21 22 24 27 28 30 31 32 33 34 35 36 37 39 40 42 44 45 46 47 48 49 50 52 53 54 56 57 58 59 63 65 68 70 71 73 74 75 78 79 81 83 84 85 86 87 89 90 91 92 93 95 96 98 0
-1 -2 -4 -5 -6 -8 -10 -11 -12 -14 -15 -17 -23 -24 -26 -28 -29 -30 -32 -33 -34 -35 -36 -37 -40 -41 -47 -49 -51 -53 -56 -57 -58 -60 -61 -62 -66 -68 -69 -70 -71 -72 -73 -74 -76 -79 -80 -82 -84 -85 -86 -87 -88 -89 -91 -92 -93 -94 -95 -96 1 2 3 4 5 9 10 11 12 14 18 20 21 23 24 26 28 29 30 31 32 33 34 35 37 38 39 42 43 44 45 46 49 51 52 53 54 55 56 58 59 60 63 64 65 66 67 68 69 70 71 72 73 74 76 79 80 82 85 86 87 88 89 90 91 92 94 95 97 0
-1 -4 -5 -6 -8 -9 -10 -11 -12 -13 -14 -15 -18 -19 -20 -21 -22 -23 -24 -25 -26 -27 -28 -30 -31 -32 -33 -34 -35 -36 -39 -40 -41 -42 -43 -44 -47 -49 -50 -52 -53 -57 -59 -60 -62 -64 -65 -66 -67 -69 -70 -74 -75 -76 -77 -78 -79 -80 -81 -82 -83 -84 -85 -86 -90 -92 -94 -96 -98 1 2 3 4 5 9 10 11 12 13 14 15 16 17 19 20 21 22 24 26 28 29 30 31 32 33 35 37 39 41 42 43 44 45 47 48 49 50 51 52 53 54 55 56 57 58 59 60 61 63 64 65 66 67 68 69 70 72 73 74 75 76 77 78 79 80 86 87 89 90 92 93 94 95 96 97 0
-3 -6 -8 -9 -13 -14 -15 -16 -17 -18 -19 -20 -21 -23 -25 -27 -29 -30 -33 -35 -36 -37 -39 -40 -41 -43 -46 -47 -48 -50 -51 -52 -53 -55 -56 -57 -59 -60 -61 -62 -64 -65 -67 -68 -69 -70 -71 -72 -76 -79 -80 -81 -82 -83 -86 -88 -89 -90 -91 -92 -93 -95 -98 1 2 3 5 6 7 9 11 12 13 14 15 17 18 19 20 21 22 23 25 27 28 29 30 31 32 33 34 38 40 41 44 45 47 49 50 51 55 56 57 59 60 66 69 72 73 74 75 76 79 82 83 84 85 87 88 89 92 93 94 95 97 0
-1 -2 -3 -4 -5 -6 -7 -8 -9 -11 -12 -13 -15 -16 -17 -18 -19 -20 -21 -22 -23 -24 -25 -27 -28 -29 -31 -32 -33 -34 -35 -36 -40 -41 -42 -44 -45 -46 -47 -48 -49 -50 -51 -52 -53 -54 -55 -56 -57 -59 -61 -62 -63 -65 -66 -67 -68 -69 -70 -71 -72 -73 -74 -76 -80 -83 -84 -86 -87 -90 -91 -92 -94 -96 1 2 3 4 5 6 7 8 11 13 14 15 16 18 19 20 21 22 23 24 25 26 29 30 31 33 34 37 40 42 44 49 50 51 52 53 55 56 57 58 60 62 63 64 65 66 68 69 70 71 72 74 76 79 80 82 83 85 86 89 90 91 92 96 97 0
-2 -4 -5 -7 -8 -9 -11 -13 -14 -15 -16 -17 -18 -20 -21 -22 -23 -24 -27 -29 -32 -33 -34 -35 -36 -40 -42 -43 -44 -45 -48 -50 -51 -52 -53 -57 -60 -63 -64 -65 -66 -67 -68 -69 -70 -71 -72 -73 -74 -75 -76 -78 -79 -80 -83 -85 -86 -87 -88 -89 -90 -91 -92 -93 -94 -96 -97 -98 1 3 4 5 6 8 11 12 13 15 22 23 25 29 31 32 33 34 37 39 40 41 43 45 46 50 51 52 53 54 55 57 58 60 61 62 65 72 73 74 75 77 78 80 82 83 84 85 87 89 92 93 94 95 96 97 98 0
-1 -2 -3 -4 -5 -6 -7 -8 -11 -13 -14 -15 -16 -17 -19 -23 -26 -27 -28 -29 -31 -32 -33 -34 -35 -36 -37 -38 -40 -42 -44 -46 -47 -49 -50 -52 -53 -54 -55 -56 -57 -62 -63 -65 -66 -67 -69 -70 -71 -74 -75 -76 -77 -78 -79 -80 -81 -82 -83 -85 -86 -87 -88 -89 -90 -91 -92 -93 -96 1 2 4 5 6 7 8 10 13 14 15 17 18 19 21 22 23 24 25 26 27 29 30 34 37 38 39 40 41 42 44 46 47 48 50 51 53 54 56 57 58 59 61 63 64 65 66 67 68 69 70 71 73 75 76 79 81 83 88 89 95 96 97 0
-2 -4 -5 -6 -7 -8 -9 -10 -11 -12 -13 -16 -17 -18 -20 -21 -22 -25 -26 -27 -28 -30 -33 -34 -35 -36 -37 -38 -41 -42 -44 -45 -46 -48 -49 -53 -54 -55 -57 -59 -60 -61 -62 -63 -64 -65 -66 -68 -69 -71 -72 -73 -74 -77 -78 -80 -81 -82 -83 -84 -85 -87 -88 -89 -90 -93 -94 -95 -96 -97 -98 1 4 6 7 8 9 10 11 12 15 17 19 20 22 23 24 25 27 28 29 30 31 33 34 39 40 41 42 44 45 46 47 48 50 52 53 55 56 57 58 59 60 61 63 64 65 66 67 70 71 72 74 75 78 79 80 81 83 84 85 86 87 88 89 90 91 92 93 95 96 97 98 0
-1 -2 -5 -6 -7 -9 -10 -12 -14 -15 -16 -17 -20 -21 -22 -23 -24 -27 -28 -29 -30 -32 -33 -35 -36 -37 -39 -40 -41 -43 -44 -46 -47 -48 -50 -51 -52 -53 -55 -56 -58 -59 -61 -63 -64 -65 -66 -67 -68 -69 -70 -71 -72 -73 -75 -76 -79 -80 -81 -82 -83 -84 -86 -87 -88 -89 -91 -92 -93 -94 -95 -97 -98 1 3 7 8 9 10 11 12 13 14 15 16 18 19 21 28 29 30 32 33 35 36 37 38 39 40 41 42 43 44 45 48 50 51 55 56 58 59 60 62 63 64 65 67 68 69 70 73 74 76 78 80 83 84 85 86 87 88 89 91 92 93 94 98 0
-2 -4 -5 -6 -8 -10 -12 -14 -15 -16 -17 -18 -19 -20 -21 -22 -23 -25 -28 -29 -31 -35 -37 -38 -39 -41 -42 -44 -45 -46 -48 -51 -52 -53 -54 -55 -56 -58 -59 -62 -63 -65 -66 -69 -70 -71 -73 -74 -76 -80 -82 -83 -84 -88 -90 -93 -95 -96 -97 -98 1 2 3 4 5 6 7 8 11 12 13 15 16 17 18 19 20 22 23 24 26 27 28 29 30 33 34 36 38 39 40 43 44 46 49 50 52 53 55 56 58 62 63 64 65 66 67 70 71 72 73 74 75 76 77 79 80 81 82 85 86 87 88 89 90 91 92 93 94 95 96 98 0
-2 -3 -4 -5 -9 -11 -14 -15 -17 -18 -19 -20 -22 -24 -25 -27 -29 -30 -31 -32 -34 -35 -36 -39 -40 -42 -43 -45 -46 -50 -51 -52 -53 -55 -62 -63 -64 -67 -70 -72 -73 -77 -78 -80 -82 -84 -86 -87 -88 -89 -90 -91 -92 -95 -97 1 2 3 4 5 6 7 8 10 11 12 13 15 16 17 19 20 21 25 26 30 31 32 33 34 35 36 39 40 41 42 43 44 45 46 48 49 52 53 54 55 56 57 58 60 62 63 65 66 68 69 70 71 72 73 74 80 81 86 87 88 89 90 91 93 95 96 98 0
-1 -3 -6 -9 -12 -13 -14 -15 -17 -18 -20 -21 -22 -23 -24 -25 -29 -30 -33 -36 -37 -38 -40 -43 -45 -48 -51 -52 -53 -55 -57 -59 -60 -62 -63 -65 -67 -68 -71 -75 -76 -77 -78 -79 -80 -82 -83 -84 -91 -92 -93 -96 -97 -98 1 3 4 5 6 7 9 13 16 19 22 23 24 26 27 29 31 32 33 34 35 37 39 40 42 43 44 45 48 49 50 51 52 53 54 55 56 59 60 61 62 63 64 65 66 67 68 69 70 73 74 75 76 77 78 80 83 84 89 90 91 93 94 96 97 98 0
-1 -2 -3 -4 -6 -8 -9 -13 -14 -16 -17 -18 -19 -21 -22 -23 -25 -29 -30 -31 -33 -34 -35 -38 -40 -41 -42 -43 -45 -48 -49 -50 -52 -53 -54 -56 -57 -58 -60 -61 -62 -64 -65 -66 -71 -72 -73 -74 -75 -76 -77 -78 -79 -81 -82 -83 -84 -85 -87 -88 -89 -90 -91 -92 -93 -94 -95 -98 3 5 7 9 10 12 13 16 17 18 21 22 23 24 25 27 31 33 34 35 36 37 40 42 44 45 46 47 48 51 52 55 57 58 59 61 63 64 66 67 71 72 73 74 76 77 78 79 81 83 84 86 87 89 90 91 93 94 95 96 97 0
-2 -3 -4 -5 -7 -8 -9 -11 -12 -14 -15 -17 -18 -19 -21 -23 -25 -26 -28 -29 -30 -31 -32 -36 -37 -38 -39 -40 -43 -44 -46 -47 -48 -49 -50 -53 -55 -56 -61 -62 -63 -64 -65 -66 -67 -69 -71 -74 -75 -77 -78 -79 -80 -83 -84 -86 -87 -88 -91 -92 -93 1 3 5 7 10 11 12 15 17 19 22 23 24 27 28 29 31 33 35 36 37 39 41 43 44 46 47 48 49 51 52 53 54 55 58 62 63 64 65 66 67 68 69 70 71 72 73 74 76 77 81 84 85 87 88 89 90 91 93 94 96 97 98 0
-2 -4 -5 -6 -8 -9 -10 -11 -13 -14 -16 -18 -19 -22 -23 -24 -25 -26 -27 -29 -30 -32 -33 -35 -36 -37 -39 -40 -41 -43 -44 -47 -49 -50 -51 -52 -53 -54 -57 -58 -59 -63 -65 -67 -70 -71 -72 -75 -77 -78 -79 -80 -81 -83 -84 -85 -89 -91 -92 -93 -94 -95 -98 1 2 3 6 7 8 10 12 13 14 17 18 19 20 23 24 25 26 27 28 29 30 31 32 33 34 35 39 40 43 44 45 46 47 49 51 52 53 55 56 57 58 60 61 63 66 67 68 69 70 71 72 73 74 76 78 81 82 83 84 85 89 92 94 95 96 97 98 0
-1 -2 -4 -5 -7 -8 -9 -11 -13 -14 -16 -17 -18 -19 -23 -24 -25 -26 -31 -32 -33 -34 -36 -38 -39 -40 -44 -45 -46 -47 -48 -51 -52 -53 -54 -55 -57 -58 -62 -63 -64 -67 -70 -72 -74 -75 -76 -77 -78 -79 -80 -81 -82 -85 -86 -87 -89 -91 -92 -94 -95 -97 -98 1 3 5 6 7 8 9 11 12 13 14 15 16 17 18 19 22 23 24 25 27 28 29 32 33 34 35 36 37 38 39 41 42 43 44 46 47 48 49 50 55 56 57 59 61 62 63 64 65 66 67 68 72 73 74 75 77 78 79 80 83 84 86 87 89 90 93 94 95 96 97 0
-2 -3 -4 -5 -7 -11 -12 -16 -17 -18 -20 -23 -26 -27 -28 -31 -33 -35 -37 -38 -39 -40 -42 -43 -45 -46 -47 -49 -50 -51 -53 -54 -55 -56 -60 -63 -64 -66 -69 -70 -71 -73 -75 -76 -79 -82 -83 -84 -85 -86 -87 -88 -90 -91 -92 -93 2 3 5 6 7 8 9 10 11 12 13 15 17 18 19 20 21 23 25 27 29 30 31 32 33 34 38 39 40 41 42 43 45 46 49 50 52 55 56 57 59 60 61 62 63 64 65 66 68 69 70 71 72 73 74 75 76 78 79 81 82 84 86 88 89 90 92 95 96 98 0
-2 -3 -5 -8 -9 -11 -12 -13 -14 -15 -17 -18 -21 -22 -23 -25 -26 -28 -29 -30 -32 -33 -37 -38 -39 -40 -41 -42 -43 -44 -46 -47 -49 -52 -53 -54 -55 -56 -57 -59 -60 -61 -64 -66 -67 -69 -71 -72 -74 -75 -77 -78 -79 -81 -83 -85 -86 -89 -90 -91 -92 -93 -94 -95 -97 -98 2 3 4 6 7 8 9 10 11 12 14 16 18 19 23 25 30 31 32 34 35 36 38 39 40 41 42 43 44 45 47 48 52 53 54 55 56 58 59 61 64 66 68 69 71 72 74 76 78 79 80 81 83 84 85 88 89 90 91 93 94 95 98 0
-1 -3 -4 -5 -6 -9 -10 -12 -13 -14 -16 -17 -19 -20 -22 -25 -26 -27 -28 -29 -31 -34 -35 -39 -40 -41 -42 -45 -46 -47 -51 -52 -53 -54 -55 -56 -57 -58 -59 -60 -61 -62 -64 -65 -66 -67 -68 -69 -72 -73 -74 -76 -77 -78 -79 -80 -82 -84 -85 -87 -89 -90 -91 -92 -93 -94 -95 -96 -97 -98 1 3 4 5 6 7 9 10 11 12 15 18 19 20 23 25 28 33 34 35 36 37 38 40 41 43 44 45 46 47 48 50 51 55 60 61 62 63 64 65 67 68 69 70 71 72 73 74 76 82 84 86 87 88 89 90 92 93 95 96 97 98 0
-3 -5 -6 -11 -12 -16 -18 -19 -21 -22 -23 -24 -26 -27 -28 -29 -30 -31 -32 -33 -34 -36 -38 -39 -41 -42 -43 -44 -45 -48 -49 -51 -52 -53 -55 -58 -59 -60 -61 -62 -63 -64 -65 -67 -68 -72 -74 -75 -78 -79 -80 -81 -83 -84 -86 -87 -91 -93 -94 -95 -97 -98 1 2 3 4 6 8 9 10 11 12 13 14 16 17 19 20 21 22 23 24 25 26 28 31 34 35 36 37 38 39 41 42 43 44 45 46 48 49 50 51 52 53 54 55 56 57 58 59 60 61 62 63 64 65 66 67 69 70 72 77 78 79 81 82 83 84 85 86 91 92 93 94 95 96 97 98 0
-1 -5 -7 -9 -10 -13 -14 -15 -18 -19 -22 -23 -25 -26 -28 -29 -30 -32 -33 -34 -35 -36 -38 -39 -40 -42 -44 -47 -48 -51 -52 -54 -57 -58 -60 -61 -62 -64 -65 -66 -67 -68 -70 -71 -72 -73 -74 -78 -79 -80 -83 -84 -85 -86 -87 -88 -89 -90 -93 -94 -95 -97 -98 2 4 6 7 9 10 11 12 13 14 16 17 18 19 20 21 22 23 24 25 27 28 29 30 31 32 33 35 38 39 40 43 45 46 48 50 51 54 56 57 58 59 61 63 65 66 68 69 70 71 72 73 74 75 76 77 78 80 82 83 84 87 88 93 94 95 96 98 0
193
99
0 0 0 0 0 0 0 0 0 0 0 0 0 0 0 0 0 0 0 0 0 0 0 0 0 0 0 0 0 0 0 0 0 0 0 0 0 0 0 0 0 0 0 0 0 0 0 0 0 0 0 0 0 0 0 0 0 0 0 0 0 0 0 0 0 0 0 0 0 0 0 0 0 0 0 0 0 0 0 0 0 0 0 0 0 0 0 0 0 0 0 0 0 0 0 0 0 0 1
99
-49 34 0
-34 99 0
-99 3 0
-3 69 0
-69 35 0
-35 95 0
-95 81 0
-81 94 0
-94 60 0
-60 16 0
-16 72 0
-72 39 0
-39 32 0
-32 51 0
-51 93 0
-93 74 0
-74 23 0
-23 47 0
-47 7 0
-7 10 0
-10 28 0
-28 6 0
-6 68 0
-68 79 0
-79 65 0
-65 91 0
-91 44 0
-44 36 0
-36 84 0
-84 86 0
-86 14 0
-14 64 0
-64 70 0
-70 24 0
-24 76 0
-76 9 0
-9 30 0
-30 77 0
-77 21 0
-21 29 0
-29 1 0
-1 52 0
-52 18 0
-18 57 0
-57 31 0
-31 5 0
-5 54 0
-54 80 0
-80 2 0
-2 42 0
-42 13 0
-13 22 0
-22 78 0
-78 75 0
-75 82 0
-82 4 0
-4 71 0
-71 92 0
-92 19 0
-19 83 0
-83 12 0
-12 33 0
-33 26 0
-26 43 0
-43 61 0
-61 58 0
-58 41 0
-41 73 0
-73 20 0
-20 62 0
-62 88 0
-88 90 0
-90 97 0
-97 45 0
-45 87 0
-87 15 0
-15 63 0
-63 38 0
-38 53 0
-53 89 0
-89 48 0
-48 55 0
-55 67 0
-67 66 0
-66 25 0
-25 17 0
-17 98 0
-98 11 0
-11 37 0
-37 56 0
-56 50 0
-50 96 0
-96 85 0
-85 27 0
-27 8 0
-8 46 0
-46 40 0
-40 59 0
-59 49 0
877
99
7246 2059 4220 3888 7101 4998 1889 9696 2704 1766 4578 1014 6294 2528 9059 7921 2639 8800 5408 294 1779 5088 1994 8029 7972 9756 3758 4732 1665 835 2892 5992 8141 400 709 7625 1967 5705 7878 558 7515 8568 6533 7105 833 8697 3754 5484 8676 2627 560 1612 8734 5034 1436 2260 2114 4708 61 933 3650 9643 3668 1613 3234 7362 6614 7726 4989 1276 47 3345 8550 5609 2106 8890 7585 4802 2302 6030 7044 9463 3291 6978 3192 8439 2598 581 84 2032 1521 5921 1596 392 6382 5374 6517 7467 7189
99
-50 50 0
-99 99 0
-3 3 0
-12 12 0
-33 33 0
-17 17 0
-54 54 0
-24 24 0
-38 38 0
-97 97 0
-53 53 0
-74 74 0
-41 41 0
-18 18 0
-22 22 0
-6 6 0
-52 52 0
-4 4 0
-58 58 0
-56 56 0
-26 26 0
-35 35 0
-8 8 0
-62 62 0
-77 77 0
-25 25 0
-84 84 0
-16 16 0
-94 94 0
-14 14 0
-1 1 0
-28 28 0
-90 90 0
-73 73 0
-78 78 0
-70 70 0
-19 19 0
-48 48 0
-46 46 0
-60 60 0
-66 66 0
-91 91 0
-29 29 0
-67 67 0
-79 79 0
-9 9 0
-21 21 0
-11 11 0
-47 47 0
-82 82 0
-75 75 0
-63 63 0
-44 44 0
-93 93 0
-5 5 0
-69 69 0
-45 45 0
-37 37 0
-71 71 0
-39 39 0
-64 64 0
-98 98 0
-89 89 0
-80 80 0
-27 27 0
-95 95 0
-76 76 0
-72 72 0
-68 68 0
-13 13 0
-55 55 0
-61 61 0
-23 23 0
-51 51 0
-31 31 0
-88 88 0
-15 15 0
-40 40 0
-86 86 0
-42 42 0
-32 32 0
-59 59 0
-85 85 0
-7 7 0
-43 43 0
-49 49 0
-96 96 0
-34 34 0
-81 81 0
-30 30 0
-65 65 0
-87 87 0
-83 83 0
-20 20 0
-36 36 0
-92 92 0
-57 57 0
-2 2 0
-10 10 0
414
99
0 0 0 0 0 0 0 0 0 0 0 0 0 0 0 0 0 0 0 0 0 0 0 0 0 0 0 0 0 0 0 0 0 0 0 0 0 0 0 0 0 0 0 0 0 0 0 0 0 0 0 0 0 0 0 0 0 0 0 0 0 0 0 0 0 0 0 0 0 0 0 0 0 0 0 0 0 0 0 0 0 0 0 0 0 0 0 0 0 0 0 0 0 0 0 0 0 0 5
98
-92 31 0
-31 48 0
-48 85 0
-85 23 0
-23 25 0
-25 39 0
-39 65 0
-65 94 0
-94 86 0
-86 90 0
-90 17 0
-17 4 0
-4 58 0
-58 80 0
-80 14 0
-14 60 0
-60 12 0
-12 42 0
-42 70 0
-70 56 0
-56 36 0
-36 20 0
-20 69 0
-69 29 0
-29 68 0
-68 24 0
-24 75 0
-75 62 0
-62 16 0
-16 77 0
-77 45 0
-45 63 0
-63 8 0
-8 50 0
-50 59 0
-59 64 0
-64 26 0
-26 91 0
-91 11 0
-11 37 0
-37 93 0
-93 21 0
-21 47 0
-47 49 0
-49 19 0
-19 18 0
-18 96 0
-96 89 0
-89 44 0
-44 10 0
-10 55 0
-55 33 0
-33 83 0
-83 95 0
-95 1 0
-1 9 0
-9 27 0
-27 97 0
-97 51 0
-51 30 0
-30 84 0
-84 7 0
-7 82 0
-82 5 0
-5 22 0
-22 79 0
-79 38 0
-38 53 0
-53 88 0
-88 41 0
-41 32 0
-32 74 0
-74 78 0
-78 57 0
-57 99 0
-99 87 0
-87 35 0
-35 46 0
-46 76 0
-76 98 0
-98 54 0
-54 15 0
-15 81 0
-81 3 0
-3 6 0
-6 71 0
-71 34 0
-34 61 0
-61 52 0
-52 40 0
-40 73 0
-73 43 0
-43 66 0
-66 67 0
-67 28 0
-28 13 0
-13 72 0
-72 2 0
913
99
0 0 0 0 0 0 0 0 0 0 0 0 0 0 0 0 0 0 0 0 0 0 0 0 0 0 0 0 0 0 0 0 0 0 0 0 0 0 0 0 0 0 0 0 0 0 0 0 0 0 0 0 0 0 0 0 0 0 0 0 0 0 0 0 0 0 0 0 0 0 0 0 0 0 0 0 0 0 0 0 0 0 0 0 0 0 0 0 0 0 0 0 0 0 0 0 0 0 3
99
-61 7 0
-7 9 0
-9 51 0
-51 95 0
-95 4 0
-4 78 0
-78 71 0
-71 63 0
-63 39 0
-39 91 0
-91 77 0
-77 85 0
-85 6 0
-6 70 0
-70 18 0
-18 52 0
-52 45 0
-45 60 0
-60 57 0
-57 99 0
-99 26 0
-26 22 0
-22 41 0
-41 25 0
-25 43 0
-43 73 0
-73 88 0
-88 21 0
-21 3 0
-3 86 0
-86 69 0
-69 1 0
-1 59 0
-59 89 0
-89 97 0
-97 84 0
-84 47 0
-47 53 0
-53 96 0
-96 44 0
-44 58 0
-58 36 0
-36 83 0
-83 28 0
-28 93 0
-93 35 0
-35 66 0
-66 74 0
-74 72 0
-72 27 0
-27 64 0
-64 87 0
-87 92 0
-92 94 0
-94 90 0
-90 33 0
-33 16 0
-16 24 0
-24 98 0
-98 30 0
-30 50 0
-50 5 0
-5 32 0
-32 34 0
-34 65 0
-65 75 0
-75 62 0
-62 68 0
-68 80 0
-80 37 0
-37 56 0
-56 29 0
-29 20 0
-20 10 0
-10 48 0
-48 8 0
-8 76 0
-76 79 0
-79 55 0
-55 67 0
-67 15 0
-15 17 0
-17 23 0
-23 81 0
-81 38 0
-38 13 0
-13 2 0
-2 14 0
-14 40 0
-40 12 0
-12 31 0
-31 49 0
-49 46 0
-46 82 0
-82 19 0
-19 11 0
-11 54 0
-54 42 0
-42 -42 61 0
972
0
