19
0 0 0 0 0 0 0 0 0 0 0 0 0 0 0 0 0 0 777
2
-1 -2 -3 -4 -5 -6 -7 -8 -9 -10 -11 -12 -14 -16 -17 -18 1 3 4 5 6 7 9 10 11 12 15 17 18 0
-1 -2 -4 -5 -7 -9 -11 -12 -13 -14 -16 1 2 3 4 5 6 9 11 12 13 14 15 17 18 0
203
19
0 0 0 0 0 0 0 0 0 0 0 0 0 0 0 0 0 0 1
19
-12 10 0
-10 2 0
-2 5 0
-5 1 0
-1 13 0
-13 8 0
-8 15 0
-15 7 0
-7 6 0
-6 17 0
-17 9 0
-9 14 0
-14 4 0
-4 19 0
-19 3 0
-3 16 0
-16 11 0
-11 18 0
-18 12 0
970
19
6927 2086 287 9575 4583 6016 5035 6963 9937 6755 668 1931 3390 7952 4680 711 5666 1704 2209
19
-10 10 0
-12 12 0
-2 2 0
-8 8 0
-6 6 0
-11 11 0
-16 16 0
-17 17 0
-3 3 0
-19 19 0
-15 15 0
-9 9 0
-14 14 0
-7 7 0
-4 4 0
-13 13 0
-1 1 0
-5 5 0
-18 18 0
735
19
0 0 0 0 0 0 0 0 0 0 0 0 0 0 0 0 0 0 7
18
-17 2 0
-2 18 0
-18 14 0
-14 8 0
-8 3 0
-3 15 0
-15 11 0
-11 5 0
-5 13 0
-13 10 0
-10 7 0
-7 12 0
-12 4 0
-4 19 0
-19 6 0
-6 9 0
-9 16 0
-16 1 0
986
19
0 0 0 0 0 0 0 0 0 0 0 0 0 0 0 0 0 0 3
19
-13 14 0
-14 16 0
-16 12 0
-12 18 0
-18 15 0
-15 3 0
-3 19 0
-19 8 0
-8 7 0
-7 4 0
-4 2 0
-2 11 0
-11 10 0
-10 5 0
-5 1 0
-1 17 0
-17 6 0
-6 9 0
-9 -9 13 0
951
0
