19
0 0 0 0 0 0 0 0 0 0 0 0 0 0 0 0 0 0 4707
14
-1 -3 -4 -5 -6 -8 -10 -11 -14 -16 -17 6 8 9 11 13 14 15 16 17 18 0
-2 -3 -4 -5 -6 -8 -9 -10 -12 -13 -14 -15 -16 5 7 9 10 11 14 15 18 0
-1 -2 -3 -4 -5 -6 -7 -8 -14 -16 -17 3 5 6 7 8 9 11 12 15 16 18 0
-1 -3 -6 -7 -9 -10 -12 -13 -15 -17 1 2 5 6 8 13 14 15 17 18 0
-1 -2 -3 -4 -6 -8 -10 -12 -13 -16 -17 1 3 4 7 8 9 11 13 14 15 17 18 0
-3 -5 -6 -7 -9 -10 -11 -12 -13 -15 -16 -17 -18 1 2 3 5 6 7 9 10 11 12 13 14 15 17 18 0
-1 -2 -5 -6 -7 -9 -10 -11 -12 -14 -16 -17 1 2 3 4 5 6 7 9 10 12 13 14 15 0
-1 -2 -3 -4 -6 -7 -8 -10 -12 -13 -14 -15 -16 -18 3 4 5 7 10 11 12 13 14 16 17 18 0
-1 -3 -4 -7 -10 -13 -14 -15 -16 -17 -18 2 5 6 7 8 9 11 13 14 15 17 18 0
-1 -3 -4 -5 -7 -12 -14 -15 -16 -17 2 3 4 5 8 10 13 15 17 18 0
-1 -3 -4 -5 -7 -8 -12 -14 -15 -17 2 3 4 7 8 10 11 14 15 16 0
-1 -2 -4 -5 -7 -8 -9 -11 -13 -14 -16 -17 -18 1 5 6 7 12 16 17 18 0
-1 -2 -3 -6 -7 -8 -9 -11 -12 -13 -14 -15 -16 -18 1 4 5 6 7 9 10 11 12 15 16 17 0
-2 -3 -4 -5 -6 -7 -9 -10 -11 -12 -13 -14 -15 -16 -17 -18 1 2 3 6 7 8 10 11 12 15 17 18 0
544
19
0 0 0 0 0 0 0 0 0 0 0 0 0 0 0 0 0 0 1
19
-13 4 0
-4 15 0
-15 12 0
-12 3 0
-3 19 0
-19 16 0
-16 6 0
-6 11 0
-11 1 0
-1 17 0
-17 8 0
-8 2 0
-2 14 0
-14 5 0
-5 10 0
-10 7 0
-7 9 0
-9 18 0
-18 13 0
971
19
1771 3982 5482 987 4432 699 3946 5034 8133 4949 9085 6681 6222 1062 9676 1948 1663 2204 694
19
-13 13 0
-19 19 0
-5 5 0
-10 10 0
-8 8 0
-17 17 0
-6 6 0
-16 16 0
-7 7 0
-11 11 0
-15 15 0
-12 12 0
-14 14 0
-3 3 0
-2 2 0
-4 4 0
-18 18 0
-9 9 0
-1 1 0
996
19
0 0 0 0 0 0 0 0 0 0 0 0 0 0 0 0 0 0 1
18
-10 5 0
-5 1 0
-1 19 0
-19 6 0
-6 17 0
-17 4 0
-4 15 0
-15 18 0
-18 9 0
-9 16 0
-16 2 0
-2 3 0
-3 12 0
-12 8 0
-8 13 0
-13 14 0
-14 7 0
-7 11 0
973
19
0 0 0 0 0 0 0 0 0 0 0 0 0 0 0 0 0 0 3
19
-6 8 0
-8 7 0
-7 9 0
-9 16 0
-16 13 0
-13 4 0
-4 10 0
-10 15 0
-15 3 0
-3 14 0
-14 11 0
-11 1 0
-1 5 0
-5 18 0
-18 12 0
-12 17 0
-17 2 0
-2 19 0
-19 -19 6 0
940
0
