19
0 0 0 0 0 0 0 0 0 0 0 0 0 0 0 0 0 0 136
4
-1 -3 -4 -6 -7 -10 -11 -13 -15 -16 -17 -18 1 3 4 5 7 8 9 10 11 12 13 15 17 18 0
-2 -4 -6 -10 -13 -16 -18 1 2 4 5 7 8 9 10 12 14 16 17 18 0
-1 -3 -6 -7 -9 -10 -11 -12 -13 -14 -15 -16 1 2 4 5 6 8 10 11 12 15 17 18 0
-1 -2 -4 -5 -6 -7 -8 -10 -14 -15 1 3 5 6 7 9 10 11 12 13 15 16 18 0
446
19
0 0 0 0 0 0 0 0 0 0 0 0 0 0 0 0 0 0 1
19
-11 12 0
-12 8 0
-8 19 0
-19 2 0
-2 4 0
-4 10 0
-10 15 0
-15 13 0
-13 3 0
-3 5 0
-5 9 0
-9 14 0
-14 18 0
-18 7 0
-7 1 0
-1 16 0
-16 6 0
-6 17 0
-17 11 0
349
19
1651 3767 5299 12 7816 701 6991 1100 4041 9779 5239 7711 104 8013 4018 1430 5425 9308 2139
19
-3 3 0
-12 12 0
-15 15 0
-19 19 0
-7 7 0
-18 18 0
-10 10 0
-14 14 0
-4 4 0
-2 2 0
-16 16 0
-9 9 0
-11 11 0
-1 1 0
-13 13 0
-6 6 0
-5 5 0
-8 8 0
-17 17 0
427
19
0 0 0 0 0 0 0 0 0 0 0 0 0 0 0 0 0 0 9
18
-8 3 0
-3 14 0
-14 10 0
-10 18 0
-18 17 0
-17 6 0
-6 11 0
-11 9 0
-9 5 0
-5 1 0
-1 13 0
-13 4 0
-4 2 0
-2 15 0
-15 16 0
-16 12 0
-12 7 0
-7 19 0
915
19
0 0 0 0 0 0 0 0 0 0 0 0 0 0 0 0 0 0 4
19
-17 14 0
-14 7 0
-7 15 0
-15 10 0
-10 13 0
-13 4 0
-4 16 0
-16 19 0
-19 6 0
-6 9 0
-9 3 0
-3 1 0
-1 11 0
-11 12 0
-12 18 0
-18 8 0
-8 5 0
-5 2 0
-2 -2 17 0
958
0
