19
0 0 0 0 0 0 0 0 0 0 0 0 0 0 0 0 0 0 156
10
-1 -2 -3 -4 -5 -7 -8 -9 -10 -11 -13 -14 -15 -18 4 5 7 8 9 11 12 17 0
-6 -7 -8 -9 -10 -11 -13 -16 -17 -18 3 5 6 8 9 10 11 13 14 16 17 18 0
-1 -4 -5 -7 -8 -9 -10 -11 -12 -13 -17 -18 1 3 4 5 6 7 8 9 10 11 12 13 14 15 17 0
-1 -4 -6 -8 -9 -10 -13 -15 -16 -18 1 3 5 8 9 10 11 12 15 16 17 0
-1 -2 -3 -4 -5 -6 -7 -8 -9 -12 -13 -14 -16 -17 -18 2 3 4 5 7 9 10 11 12 13 14 15 17 0
-1 -2 -3 -4 -5 -6 -7 -8 -9 -11 -12 -13 -14 -16 -18 1 2 3 4 5 6 8 9 10 11 12 15 16 0
-2 -3 -4 -5 -7 -8 -10 -12 -13 -14 -15 -16 -18 2 5 7 8 9 10 11 13 15 16 17 18 0
-1 -4 -6 -8 -9 -10 -11 -12 -13 -14 -16 -18 1 3 5 7 8 9 10 11 12 14 16 0
-1 -2 -3 -4 -5 -6 -7 -8 -9 -10 -13 -14 1 2 3 4 5 6 7 8 13 14 15 16 18 0
-1 -2 -3 -4 -6 -7 -9 -11 -12 -13 -14 -15 -16 -17 -18 1 5 6 7 8 14 15 16 17 18 0
489
19
0 0 0 0 0 0 0 0 0 0 0 0 0 0 0 0 0 0 1
19
-7 19 0
-19 18 0
-18 10 0
-10 1 0
-1 3 0
-3 5 0
-5 6 0
-6 16 0
-16 9 0
-9 15 0
-15 13 0
-13 2 0
-2 4 0
-4 12 0
-12 11 0
-11 14 0
-14 17 0
-17 8 0
-8 7 0
477
19
8395 8822 1231 8043 7634 9355 7814 949 4261 1626 8265 3842 9604 7688 1327 3443 4896 513 609
19
-1 1 0
-19 19 0
-7 7 0
-3 3 0
-12 12 0
-15 15 0
-16 16 0
-9 9 0
-11 11 0
-4 4 0
-6 6 0
-2 2 0
-17 17 0
-5 5 0
-13 13 0
-18 18 0
-8 8 0
-10 10 0
-14 14 0
678
19
0 0 0 0 0 0 0 0 0 0 0 0 0 0 0 0 0 0 3
18
-1 10 0
-10 9 0
-9 12 0
-12 4 0
-4 8 0
-8 18 0
-18 6 0
-6 17 0
-17 19 0
-19 2 0
-2 3 0
-3 13 0
-13 5 0
-5 7 0
-7 14 0
-14 16 0
-16 15 0
-15 11 0
950
19
0 0 0 0 0 0 0 0 0 0 0 0 0 0 0 0 0 0 1
19
-11 19 0
-19 3 0
-3 1 0
-1 8 0
-8 4 0
-4 6 0
-6 16 0
-16 15 0
-15 9 0
-9 14 0
-14 2 0
-2 18 0
-18 12 0
-12 13 0
-13 5 0
-5 17 0
-17 7 0
-7 10 0
-10 -10 11 0
966
0
