19
0 0 0 0 0 0 0 0 0 0 0 0 0 0 0 0 0 0 3760
15
-1 -2 -3 -4 -6 -7 -8 -9 -12 -14 -16 -17 6 7 9 10 11 12 13 14 15 16 18 0
-1 -2 -5 -6 -7 -8 -10 -11 -12 -14 -15 -17 -18 1 2 4 5 6 8 10 11 12 13 15 16 17 18 0
-1 -2 -5 -6 -7 -8 -9 -10 -11 -12 -13 -14 -15 -16 -17 1 2 3 4 5 7 9 10 11 14 15 16 0
-4 -5 -7 -8 -10 -11 -12 -13 -14 -16 -17 -18 1 2 3 4 5 6 8 9 10 11 13 14 15 17 18 0
-1 -3 -4 -7 -8 -9 -10 -11 -15 -18 1 2 3 4 6 7 12 13 15 16 17 18 0
-2 -4 -5 -6 -8 -12 -13 -14 -16 1 4 5 6 7 8 10 11 12 13 16 17 0
-1 -2 -3 -4 -5 -6 -7 -9 -10 -11 -12 -13 -15 -17 -18 1 4 5 6 9 11 12 14 15 16 17 0
-1 -2 -5 -6 -8 -10 -13 -15 -16 -17 1 2 3 4 5 6 10 11 12 13 14 15 17 0
-1 -2 -4 -5 -7 -8 -9 -10 -11 -13 -14 -15 -16 -17 3 4 5 7 8 10 12 13 14 16 17 18 0
-2 -4 -6 -7 -10 -11 -13 -17 -18 3 4 7 9 12 14 15 17 0
-2 -3 -6 -8 -9 -10 -11 -12 -13 -15 -16 -17 1 3 4 5 6 8 9 11 13 14 15 17 18 0
-4 -5 -6 -7 -8 -9 -10 -13 -14 -15 -16 -17 1 3 4 5 11 13 14 16 17 18 0
-1 -2 -6 -8 -10 -13 -14 -15 -16 -18 2 4 5 6 8 11 12 14 15 16 17 0
-1 -2 -4 -5 -6 -7 -8 -10 -12 -15 -18 1 2 3 5 6 7 11 13 15 18 0
-1 -3 -4 -5 -8 -9 -11 -15 -16 -17 -18 1 2 3 4 6 8 9 11 13 14 15 0
833
19
0 0 0 0 0 0 0 0 0 0 0 0 0 0 0 0 0 0 1
19
-11 12 0
-12 19 0
-19 17 0
-17 16 0
-16 3 0
-3 8 0
-8 2 0
-2 7 0
-7 5 0
-5 6 0
-6 14 0
-14 9 0
-9 13 0
-13 1 0
-1 18 0
-18 4 0
-4 10 0
-10 15 0
-15 11 0
6
19
2893 1505 5846 3671 536 236 7164 3317 6879 8464 2115 73 3018 1145 7224 5498 2163 3963 4014
19
-13 13 0
-9 9 0
-6 6 0
-17 17 0
-3 3 0
-12 12 0
-16 16 0
-1 1 0
-7 7 0
-4 4 0
-5 5 0
-15 15 0
-10 10 0
-18 18 0
-8 8 0
-2 2 0
-19 19 0
-14 14 0
-11 11 0
573
19
0 0 0 0 0 0 0 0 0 0 0 0 0 0 0 0 0 0 5
18
-8 15 0
-15 13 0
-13 12 0
-12 1 0
-1 7 0
-7 4 0
-4 3 0
-3 5 0
-5 19 0
-19 11 0
-11 18 0
-18 2 0
-2 16 0
-16 6 0
-6 14 0
-14 10 0
-10 9 0
-9 17 0
938
19
0 0 0 0 0 0 0 0 0 0 0 0 0 0 0 0 0 0 1
19
-8 15 0
-15 6 0
-6 16 0
-16 4 0
-4 10 0
-10 12 0
-12 11 0
-11 3 0
-3 18 0
-18 2 0
-2 13 0
-13 19 0
-19 5 0
-5 9 0
-9 14 0
-14 7 0
-7 1 0
-1 17 0
-17 -17 8 0
951
0
