99
0 0 0 0 0 0 0 0 0 0 0 0 0 0 0 0 0 0 0 0 0 0 0 0 0 0 0 0 0 0 0 0 0 0 0 0 0 0 0 0 0 0 0 0 0 0 0 0 0 0 0 0 0 0 0 0 0 0 0 0 0 0 0 0 0 0 0 0 0 0 0 0 0 0 0 0 0 0 0 0 0 0 0 0 0 0 0 0 0 0 0 0 0 0 0 0 0 0 6620
4
-1 -2 -3 -4 -5 -6 -7 -8 -9 -10 -11 -13 -14 -15 -18 -19 -21 -22 -23 -24 -26 -27 -29 -31 -32 -33 -34 -38 -39 -40 -41 -42 -43 -44 -45 -47 -48 -49 -50 -51 -53 -54 -56 -57 -60 -61 -62 -64 -65 -66 -67 -68 -69 -72 -73 -74 -75 -76 -77 -78 -79 -80 -82 -85 -86 -87 -88 -89 -93 -94 -95 -96 -97 -98 2 4 7 8 9 10 11 13 14 17 18 19 20 21 22 23 24 25 26 27 28 29 30 34 35 36 37 38 39 40 41 42 44 46 48 50 52 53 55 57 60 63 64 65 66 67 73 75 76 77 79 80 82 83 84 85 87 89 90 91 92 93 94 98 0
-1 -3 -6 -7 -10 -11 -12 -13 -14 -15 -16 -17 -18 -19 -20 -21 -22 -23 -24 -25 -26 -27 -28 -29 -30 -31 -33 -34 -35 -36 -37 -38 -39 -40 -42 -43 -44 -45 -46 -49 -50 -53 -55 -56 -57 -63 -64 -66 -67 -68 -69 -70 -71 -74 -76 -77 -78 -81 -82 -83 -85 -86 -87 -89 -92 -94 -95 -96 -98 1 2 3 4 5 6 8 9 10 11 13 15 16 17 20 21 22 23 26 27 30 33 34 35 37 40 41 42 47 48 49 51 52 54 55 59 60 62 63 64 65 68 69 70 71 72 73 74 75 76 77 79 81 83 84 85 86 89 91 93 95 96 0
-3 -4 -5 -6 -9 -10 -11 -12 -13 -15 -16 -17 -18 -19 -22 -23 -24 -25 -26 -29 -31 -33 -34 -37 -38 -40 -41 -42 -43 -44 -47 -48 -49 -50 -51 -53 -54 -55 -56 -57 -58 -60 -64 -65 -66 -67 -69 -70 -71 -72 -73 -75 -77 -78 -79 -80 -81 -82 -84 -85 -86 -88 -89 -90 -91 -94 -95 2 3 7 8 9 10 12 13 15 16 18 20 23 24 26 27 28 29 32 33 35 38 42 43 44 45 47 48 49 50 51 53 54 55 57 58 59 60 62 63 65 68 69 70 71 74 75 76 77 78 79 80 84 85 88 89 90 92 93 94 95 0
-1 -3 -4 -5 -6 -7 -9 -10 -12 -14 -16 -19 -21 -22 -24 -26 -27 -29 -31 -32 -33 -35 -36 -37 -38 -39 -40 -42 -43 -44 -45 -46 -47 -48 -51 -52 -53 -54 -56 -57 -59 -61 -62 -63 -64 -65 -66 -67 -69 -71 -73 -74 -79 -80 -82 -83 -84 -85 -86 -88 -93 -94 -95 -96 -97 -98 1 2 3 4 5 6 7 8 12 13 14 20 22 23 24 25 26 27 29 30 32 33 34 35 36 37 38 39 41 42 43 46 47 48 49 51 52 53 54 56 57 59 60 61 64 65 66 67 69 70 71 72 74 76 78 80 81 82 85 87 88 90 91 92 93 94 95 98 0
867
99
0 0 0 0 0 0 0 0 0 0 0 0 0 0 0 0 0 0 0 0 0 0 0 0 0 0 0 0 0 0 0 0 0 0 0 0 0 0 0 0 0 0 0 0 0 0 0 0 0 0 0 0 0 0 0 0 0 0 0 0 0 0 0 0 0 0 0 0 0 0 0 0 0 0 0 0 0 0 0 0 0 0 0 0 0 0 0 0 0 0 0 0 0 0 0 0 0 0 1
99
-73 21 0
-21 49 0
-49 16 0
-16 3 0
-3 57 0
-57 63 0
-63 53 0
-53 50 0
-50 46 0
-46 2 0
-2 19 0
-19 27 0
-27 79 0
-79 36 0
-36 9 0
-9 15 0
-15 98 0
-98 37 0
-37 22 0
-22 29 0
-29 56 0
-56 26 0
-26 38 0
-38 41 0
-41 55 0
-55 11 0
-11 87 0
-87 88 0
-88 59 0
-59 68 0
-68 5 0
-5 30 0
-30 66 0
-66 51 0
-51 81 0
-81 20 0
-20 40 0
-40 95 0
-95 42 0
-42 58 0
-58 10 0
-10 28 0
-28 60 0
-60 90 0
-90 62 0
-62 70 0
-70 1 0
-1 82 0
-82 25 0
-25 14 0
-14 86 0
-86 97 0
-97 4 0
-4 61 0
-61 45 0
-45 80 0
-80 33 0
-33 72 0
-72 18 0
-18 84 0
-84 91 0
-91 48 0
-48 93 0
-93 34 0
-34 31 0
-31 77 0
-77 78 0
-78 8 0
-8 7 0
-7 17 0
-17 24 0
-24 13 0
-13 94 0
-94 47 0
-47 75 0
-75 64 0
-64 96 0
-96 65 0
-65 69 0
-69 54 0
-54 71 0
-71 67 0
-67 74 0
-74 39 0
-39 85 0
-85 12 0
-12 89 0
-89 6 0
-6 76 0
-76 44 0
-44 52 0
-52 23 0
-23 99 0
-99 32 0
-32 35 0
-35 92 0
-92 83 0
-83 43 0
-43 73 0
852
99
3561 1843 4325 398 1324 1620 2518 7378 3320 5227 6817 5714 1442 1593 5763 2503 933 7324 8290 4286 839 7525 1072 3792 2171 6694 8671 2742 3144 6446 6807 6540 3659 6824 8039 7526 5176 544 1432 7697 3255 5432 9352 8827 4685 1611 4454 5173 9623 4688 1449 3303 2190 8288 5301 7813 4200 2091 3360 5585 5851 9336 1394 754 1096 8892 3804 883 3189 8445 2443 1886 7259 231 3693 4683 6290 2926 2243 9251 121 7910 2743 3546 9578 5648 7328 781 3629 8725 1251 1928 8748 7447 1868 3723 1320 966 430
99
-95 95 0
-57 57 0
-46 46 0
-81 81 0
-79 79 0
-43 43 0
-75 75 0
-60 60 0
-83 83 0
-33 33 0
-51 51 0
-6 6 0
-70 70 0
-10 10 0
-62 62 0
-76 76 0
-54 54 0
-67 67 0
-49 49 0
-85 85 0
-53 53 0
-52 52 0
-98 98 0
-41 41 0
-31 31 0
-73 73 0
-87 87 0
-22 22 0
-58 58 0
-96 96 0
-24 24 0
-86 86 0
-5 5 0
-45 45 0
-9 9 0
-61 61 0
-2 2 0
-40 40 0
-93 93 0
-80 80 0
-59 59 0
-55 55 0
-94 94 0
-26 26 0
-18 18 0
-21 21 0
-29 29 0
-97 97 0
-91 91 0
-8 8 0
-47 47 0
-4 4 0
-39 39 0
-19 19 0
-99 99 0
-88 88 0
-90 90 0
-36 36 0
-12 12 0
-23 23 0
-71 71 0
-32 32 0
-64 64 0
-16 16 0
-37 37 0
-30 30 0
-34 34 0
-69 69 0
-84 84 0
-74 74 0
-89 89 0
-77 77 0
-48 48 0
-11 11 0
-27 27 0
-50 50 0
-92 92 0
-42 42 0
-65 65 0
-7 7 0
-25 25 0
-1 1 0
-35 35 0
-15 15 0
-38 38 0
-20 20 0
-13 13 0
-14 14 0
-68 68 0
-17 17 0
-66 66 0
-82 82 0
-3 3 0
-44 44 0
-28 28 0
-78 78 0
-63 63 0
-72 72 0
-56 56 0
158
99
0 0 0 0 0 0 0 0 0 0 0 0 0 0 0 0 0 0 0 0 0 0 0 0 0 0 0 0 0 0 0 0 0 0 0 0 0 0 0 0 0 0 0 0 0 0 0 0 0 0 0 0 0 0 0 0 0 0 0 0 0 0 0 0 0 0 0 0 0 0 0 0 0 0 0 0 0 0 0 0 0 0 0 0 0 0 0 0 0 0 0 0 0 0 0 0 0 0 4
98
-87 97 0
-97 34 0
-34 47 0
-47 52 0
-52 80 0
-80 70 0
-70 5 0
-5 48 0
-48 62 0
-62 66 0
-66 67 0
-67 32 0
-32 83 0
-83 25 0
-25 43 0
-43 33 0
-33 72 0
-72 74 0
-74 94 0
-94 24 0
-24 90 0
-90 78 0
-78 27 0
-27 88 0
-88 99 0
-99 31 0
-31 71 0
-71 15 0
-15 86 0
-86 3 0
-3 96 0
-96 45 0
-45 44 0
-44 38 0
-38 75 0
-75 51 0
-51 42 0
-42 82 0
-82 63 0
-63 37 0
-37 35 0
-35 49 0
-49 98 0
-98 40 0
-40 57 0
-57 95 0
-95 12 0
-12 53 0
-53 64 0
-64 41 0
-41 13 0
-13 84 0
-84 10 0
-10 11 0
-11 9 0
-9 20 0
-20 89 0
-89 23 0
-23 36 0
-36 68 0
-68 59 0
-59 19 0
-19 54 0
-54 17 0
-17 2 0
-2 69 0
-69 18 0
-18 56 0
-56 77 0
-77 8 0
-8 1 0
-1 22 0
-22 58 0
-58 65 0
-65 26 0
-26 7 0
-7 91 0
-91 39 0
-39 55 0
-55 29 0
-29 6 0
-6 61 0
-61 85 0
-85 4 0
-4 16 0
-16 30 0
-30 21 0
-21 60 0
-60 81 0
-81 46 0
-46 93 0
-93 50 0
-50 92 0
-92 79 0
-79 14 0
-14 28 0
-28 73 0
-73 76 0
978
99
0 0 0 0 0 0 0 0 0 0 0 0 0 0 0 0 0 0 0 0 0 0 0 0 0 0 0 0 0 0 0 0 0 0 0 0 0 0 0 0 0 0 0 0 0 0 0 0 0 0 0 0 0 0 0 0 0 0 0 0 0 0 0 0 0 0 0 0 0 0 0 0 0 0 0 0 0 0 0 0 0 0 0 0 0 0 0 0 0 0 0 0 0 0 0 0 0 0 4
99
-23 83 0
-83 36 0
-36 13 0
-13 61 0
-61 52 0
-52 66 0
-66 29 0
-29 1 0
-1 9 0
-9 59 0
-59 34 0
-34 28 0
-28 54 0
-54 41 0
-41 62 0
-62 32 0
-32 94 0
-94 99 0
-99 38 0
-38 17 0
-17 74 0
-74 63 0
-63 98 0
-98 82 0
-82 64 0
-64 57 0
-57 30 0
-30 2 0
-2 69 0
-69 93 0
-93 48 0
-48 25 0
-25 88 0
-88 47 0
-47 14 0
-14 35 0
-35 81 0
-81 21 0
-21 11 0
-11 86 0
-86 44 0
-44 68 0
-68 72 0
-72 15 0
-15 58 0
-58 80 0
-80 53 0
-53 6 0
-6 26 0
-26 89 0
-89 65 0
-65 43 0
-43 91 0
-91 87 0
-87 31 0
-31 45 0
-45 78 0
-78 77 0
-77 5 0
-5 71 0
-71 75 0
-75 8 0
-8 60 0
-60 12 0
-12 50 0
-50 92 0
-92 95 0
-95 19 0
-19 37 0
-37 73 0
-73 18 0
-18 96 0
-96 76 0
-76 49 0
-49 39 0
-39 7 0
-7 90 0
-90 85 0
-85 4 0
-4 46 0
-46 27 0
-27 16 0
-16 56 0
-56 67 0
-67 70 0
-70 24 0
-24 33 0
-33 79 0
-79 84 0
-84 55 0
-55 97 0
-97 3 0
-3 22 0
-22 20 0
-20 10 0
-10 51 0
-51 42 0
-42 40 0
-40 -40 23 0
962
0
