99
0 0 0 0 0 0 0 0 0 0 0 0 0 0 0 0 0 0 0 0 0 0 0 0 0 0 0 0 0 0 0 0 0 0 0 0 0 0 0 0 0 0 0 0 0 0 0 0 0 0 0 0 0 0 0 0 0 0 0 0 0 0 0 0 0 0 0 0 0 0 0 0 0 0 0 0 0 0 0 0 0 0 0 0 0 0 0 0 0 0 0 0 0 0 0 0 0 0 2644
38
-1 -2 -3 -4 -5 -6 -7 -8 -9 -10 -11 -13 -14 -15 -17 -20 -22 -23 -25 -27 -29 -30 -32 -33 -34 -35 -36 -38 -39 -40 -44 -45 -47 -48 -51 -52 -56 -57 -58 -59 -60 -63 -64 -65 -66 -68 -69 -70 -71 -74 -75 -77 -78 -79 -82 -83 -85 -86 -88 -90 -91 -92 -93 -94 -96 -97 1 2 3 5 7 8 9 11 12 13 16 17 19 22 23 24 26 31 35 39 42 44 45 46 48 49 50 51 53 54 56 57 58 59 60 61 62 64 65 66 67 68 70 72 74 75 76 77 78 79 80 81 84 86 87 88 92 93 96 97 0
-1 -2 -3 -4 -5 -6 -7 -9 -10 -11 -13 -14 -15 -16 -17 -18 -20 -21 -23 -25 -26 -31 -32 -33 -35 -36 -37 -39 -42 -44 -46 -47 -48 -49 -50 -53 -55 -56 -57 -59 -60 -62 -63 -64 -65 -68 -69 -70 -73 -74 -75 -78 -80 -81 -82 -84 -85 -87 -88 -89 -90 -92 -94 -95 -96 -97 -98 2 3 4 5 6 7 10 11 13 14 15 18 19 22 23 25 26 27 28 30 32 36 37 39 40 41 46 49 50 51 53 55 56 57 58 59 60 61 62 63 64 66 67 68 69 71 72 74 75 77 79 80 82 83 84 85 86 87 88 92 94 95 96 97 98 0
-1 -3 -4 -5 -6 -7 -8 -10 -11 -13 -15 -16 -17 -18 -20 -22 -23 -25 -26 -27 -28 -29 -31 -32 -33 -34 -36 -37 -38 -43 -44 -45 -46 -47 -50 -51 -52 -53 -54 -55 -56 -58 -60 -62 -63 -64 -65 -66 -69 -70 -72 -75 -77 -80 -81 -82 -83 -84 -87 -88 -89 -94 -95 -96 -98 2 4 5 6 8 9 13 15 16 20 22 24 25 27 28 29 30 34 35 36 37 38 39 41 43 44 45 50 53 54 55 56 57 58 59 63 64 66 67 70 71 72 74 77 78 79 80 82 83 85 86 87 88 89 90 92 94 95 96 97 98 0
-2 -3 -4 -7 -8 -10 -11 -14 -15 -16 -17 -18 -19 -20 -21 -24 -26 -27 -28 -29 -30 -31 -32 -33 -35 -37 -38 -39 -40 -42 -43 -46 -47 -49 -50 -51 -53 -55 -56 -57 -58 -61 -62 -63 -64 -65 -66 -69 -70 -71 -73 -76 -79 -81 -82 -83 -84 -85 -86 -87 -88 -91 -92 -93 -94 -96 -98 2 4 5 6 7 9 11 12 14 16 17 18 19 20 22 23 24 26 27 28 29 30 31 34 35 36 37 38 39 41 42 43 45 46 47 48 49 50 51 52 54 55 56 58 60 61 62 64 66 67 68 69 70 71 72 73 74 75 76 78 80 81 82 83 85 86 87 88 89 90 92 93 94 95 96 97 98 0
-1 -3 -5 -6 -8 -9 -10 -11 -12 -13 -14 -15 -18 -19 -20 -24 -25 -28 -33 -38 -39 -41 -42 -43 -44 -45 -46 -50 -51 -52 -53 -58 -60 -62 -63 -64 -65 -66 -67 -68 -70 -71 -72 -73 -75 -79 -80 -82 -83 -84 -85 -86 -87 -88 -90 -91 -95 -97 1 2 3 4 5 8 9 10 11 13 14 15 16 17 18 19 20 21 22 28 29 30 31 33 34 38 41 42 48 49 51 52 54 55 56 57 58 59 60 62 63 64 66 67 69 70 72 74 75 76 77 78 81 86 87 88 89 91 93 97 98 0
-1 -2 -3 -4 -5 -7 -8 -12 -13 -18 -20 -21 -23 -24 -25 -26 -27 -28 -29 -30 -33 -37 -38 -39 -42 -43 -45 -46 -49 -53 -54 -55 -57 -59 -62 -63 -64 -65 -66 -68 -69 -72 -73 -74 -75 -76 -77 -79 -80 -82 -84 -91 -92 -94 -95 -96 -97 -98 1 2 3 4 5 7 8 10 11 13 14 15 18 20 22 23 25 26 27 28 29 30 33 35 36 37 38 39 41 43 45 46 48 49 51 52 53 54 58 61 62 63 64 67 68 72 73 78 79 80 81 82 83 85 86 90 92 94 96 97 0
-1 -2 -5 -7 -10 -11 -12 -13 -16 -17 -19 -20 -21 -22 -23 -24 -26 -27 -28 -29 -30 -31 -32 -33 -35 -36 -38 -39 -40 -42 -43 -44 -45 -46 -47 -48 -50 -52 -54 -56 -57 -58 -60 -61 -62 -63 -64 -65 -67 -68 -69 -70 -71 -72 -73 -74 -76 -78 -81 -82 -85 -86 -87 -89 -90 -92 -93 -94 -95 -97 -98 1 2 3 5 6 7 8 9 10 11 12 13 14 17 18 21 22 24 25 28 29 30 33 34 35 36 40 41 42 44 46 47 48 49 50 51 52 53 54 57 59 61 62 63 64 65 67 69 70 71 75 80 81 82 83 84 85 86 87 89 91 92 94 95 96 0
-1 -4 -5 -6 -7 -8 -9 -10 -11 -14 -15 -16 -17 -18 -20 -22 -23 -24 -25 -29 -31 -32 -33 -35 -36 -37 -38 -40 -42 -43 -44 -45 -47 -49 -51 -54 -55 -56 -57 -58 -59 -60 -61 -62 -66 -69 -72 -74 -75 -76 -77 -80 -81 -82 -86 -88 -91 -92 -93 -94 -95 -96 -97 -98 2 3 4 7 9 12 15 17 18 19 21 23 25 27 28 29 30 31 32 34 35 36 37 38 39 40 42 45 47 48 49 52 56 57 58 59 60 62 64 65 67 68 69 70 71 73 74 75 76 79 80 81 83 84 86 88 90 91 92 94 95 96 98 0
-1 -3 -4 -5 -6 -7 -8 -9 -10 -13 -14 -15 -16 -17 -18 -19 -20 -21 -23 -25 -26 -28 -29 -31 -32 -33 -35 -36 -39 -40 -41 -42 -43 -44 -45 -46 -47 -48 -49 -50 -51 -54 -56 -57 -58 -62 -64 -66 -67 -68 -69 -71 -75 -81 -82 -84 -85 -86 -87 -89 -90 -92 -96 -97 -98 1 3 4 5 6 7 8 10 11 12 14 16 17 18 19 21 23 24 26 28 29 31 32 34 36 38 39 40 41 43 45 46 47 50 51 53 56 57 59 62 63 64 65 66 67 69 70 71 72 74 75 76 77 79 80 81 83 85 86 89 90 91 94 96 98 0
-1 -2 -3 -5 -6 -7 -9 -10 -11 -12 -16 -17 -18 -19 -20 -22 -23 -24 -25 -26 -27 -28 -29 -30 -31 -32 -33 -35 -36 -39 -41 -42 -43 -45 -47 -48 -49 -50 -52 -53 -54 -55 -56 -57 -58 -59 -60 -62 -63 -64 -65 -66 -67 -69 -71 -72 -73 -74 -75 -77 -79 -80 -82 -83 -88 -90 -91 -92 -94 -97 -98 1 2 3 5 7 8 9 10 11 15 16 17 18 19 20 22 23 26 27 28 29 30 31 33 34 35 36 37 38 39 40 42 43 44 46 49 51 52 56 58 60 61 62 64 66 67 68 70 71 72 73 74 75 76 77 79 80 81 82 83 85 87 88 89 91 92 93 94 95 96 97 0
-2 -4 -7 -10 -12 -14 -15 -16 -17 -23 -24 -25 -26 -27 -28 -29 -31 -32 -33 -34 -36 -37 -38 -40 -42 -44 -46 -48 -50 -52 -53 -54 -55 -56 -58 -59 -62 -63 -64 -65 -66 -67 -68 -69 -71 -73 -74 -76 -78 -79 -81 -82 -84 -85 -86 -87 -89 -91 -93 -94 -95 -96 -98 1 2 3 4 6 7 8 11 13 14 15 17 19 20 21 23 24 26 27 28 30 31 32 34 35 38 39 40 45 48 49 51 52 54 56 57 59 60 61 62 63 64 66 69 70 72 74 76 77 78 79 81 82 84 87 88 90 91 93 96 98 0
-1 -3 -4 -6 -7 -8 -9 -10 -12 -13 -14 -15 -16 -19 -21 -22 -23 -24 -25 -26 -27 -28 -29 -30 -31 -33 -34 -36 -37 -41 -42 -43 -45 -48 -50 -51 -52 -53 -55 -56 -57 -59 -60 -63 -64 -66 -68 -71 -72 -75 -76 -77 -78 -79 -80 -81 -82 -83 -84 -85 -87 -88 -89 -90 -91 -92 -93 -94 -97 -98 3 4 5 6 9 11 12 14 15 17 19 21 22 23 24 25 26 29 30 31 32 33 34 35 36 40 42 43 44 45 46 47 48 50 52 53 54 56 58 60 62 63 64 65 67 68 69 70 72 74 75 77 78 79 81 82 83 85 86 87 90 91 92 94 95 96 0
-1 -2 -3 -4 -5 -6 -7 -9 -10 -11 -12 -13 -14 -17 -19 -20 -21 -22 -23 -26 -27 -28 -29 -31 -32 -34 -36 -37 -38 -39 -45 -47 -48 -50 -52 -55 -56 -57 -59 -63 -66 -71 -72 -75 -77 -78 -79 -81 -82 -83 -84 -85 -87 -90 -92 -94 -95 -96 -97 -98 3 4 10 11 12 13 14 15 16 17 23 25 26 27 28 29 32 34 35 36 38 40 41 42 44 47 48 49 50 51 52 54 57 58 59 60 61 63 64 65 66 67 68 69 70 72 74 75 76 77 78 80 82 83 86 87 88 90 92 93 95 96 98 0
-1 -4 -6 -7 -8 -11 -12 -13 -16 -17 -18 -19 -20 -21 -22 -24 -26 -28 -30 -31 -32 -33 -34 -35 -36 -37 -38 -40 -41 -42 -44 -45 -46 -47 -48 -50 -52 -53 -54 -56 -58 -59 -60 -63 -64 -65 -66 -67 -68 -71 -72 -73 -74 -75 -76 -77 -78 -82 -83 -84 -87 -88 -89 -91 -94 -95 -96 -97 1 2 4 5 6 7 9 10 11 17 19 20 21 22 23 25 26 27 28 29 30 32 33 34 36 37 38 40 41 43 44 46 48 50 52 53 54 55 56 57 58 59 60 61 62 63 64 65 66 67 68 69 70 71 72 75 76 77 78 80 81 83 84 85 86 88 89 90 92 95 96 98 0
-2 -3 -4 -7 -8 -9 -12 -14 -15 -16 -17 -18 -21 -22 -24 -26 -27 -28 -30 -35 -36 -38 -41 -42 -45 -46 -49 -52 -53 -54 -55 -56 -59 -62 -63 -64 -67 -69 -70 -72 -76 -78 -80 -81 -82 -83 -85 -87 -88 -89 -90 -92 -93 -94 -95 -97 1 4 6 7 8 9 12 13 15 18 19 20 21 24 25 26 27 29 32 33 35 36 37 38 39 40 41 43 45 47 48 49 50 51 55 56 57 58 59 61 64 65 66 67 68 71 72 73 74 76 77 79 80 81 84 87 89 92 93 96 97 98 0
-2 -3 -4 -9 -10 -11 -12 -14 -16 -17 -18 -23 -24 -25 -27 -29 -31 -33 -34 -35 -37 -38 -40 -44 -45 -46 -47 -49 -50 -52 -54 -55 -57 -58 -59 -60 -62 -63 -64 -65 -67 -68 -70 -73 -74 -75 -76 -77 -79 -80 -81 -82 -83 -85 -86 -87 -88 -89 -90 -91 -92 -93 -95 -96 -98 1 2 3 6 8 9 10 11 12 14 15 16 17 18 20 22 23 24 25 26 27 28 29 30 31 34 36 42 45 46 47 49 50 51 52 53 54 55 56 58 59 61 62 63 67 68 71 72 73 74 75 76 77 81 82 85 89 90 91 92 93 94 95 96 0
-1 -2 -3 -4 -5 -6 -7 -8 -10 -12 -13 -15 -17 -18 -19 -20 -23 -25 -26 -27 -28 -29 -30 -31 -32 -34 -35 -39 -40 -41 -42 -43 -46 -47 -48 -50 -52 -53 -55 -57 -58 -59 -60 -62 -64 -65 -68 -70 -71 -72 -73 -74 -76 -77 -78 -79 -81 -83 -84 -86 -88 -89 -90 -91 -92 -96 -97 -98 3 4 5 6 7 10 11 12 13 14 15 16 17 20 21 25 26 31 32 33 35 36 37 39 40 41 45 46 47 50 51 52 53 57 58 60 63 66 67 68 69 72 73 74 78 80 81 83 84 85 86 87 88 89 90 91 92 93 95 96 97 98 0
-1 -3 -4 -7 -8 -9 -11 -15 -17 -18 -19 -20 -22 -23 -26 -28 -29 -30 -31 -32 -34 -35 -36 -37 -39 -41 -42 -44 -45 -46 -47 -49 -50 -51 -52 -53 -54 -55 -56 -57 -58 -59 -60 -61 -62 -63 -65 -66 -68 -69 -71 -72 -73 -74 -75 -76 -79 -80 -81 -82 -83 -87 -88 -89 -90 -91 -92 -93 -94 -95 -96 -97 2 7 8 9 10 12 13 14 15 16 19 20 21 23 24 25 27 30 31 32 34 35 36 37 38 39 40 41 42 44 46 47 48 49 50 51 54 55 56 57 58 59 60 61 62 63 64 65 67 68 69 70 71 72 74 75 76 77 79 80 81 82 83 84 85 86 87 88 89 90 92 93 94 95 96 97 98 0
-1 -2 -3 -4 -6 -7 -8 -9 -11 -12 -14 -15 -19 -20 -21 -22 -23 -24 -25 -28 -29 -30 -31 -32 -33 -34 -36 -40 -42 -43 -44 -46 -47 -51 -52 -55 -57 -58 -60 -63 -64 -65 -66 -67 -68 -69 -70 -71 -72 -73 -74 -75 -78 -84 -86 -89 -90 -91 -92 -93 -94 -95 -96 -97 1 4 5 7 8 13 14 15 18 19 23 24 25 26 27 31 32 33 35 36 37 38 40 41 42 43 44 45 47 50 51 53 54 55 57 59 63 64 65 66 67 70 71 72 75 76 78 80 81 85 86 87 89 90 91 92 94 97 98 0
-1 -2 -4 -6 -9 -10 -12 -13 -15 -16 -17 -18 -19 -20 -21 -22 -23 -25 -26 -28 -29 -32 -36 -37 -38 -39 -40 -42 -43 -44 -45 -46 -47 -49 -50 -51 -52 -53 -54 -55 -57 -59 -61 -62 -63 -64 -66 -67 -69 -71 -72 -73 -74 -75 -76 -77 -78 -80 -81 -83 -84 -86 -88 -91 -92 -93 -94 -96 -98 1 2 4 5 6 7 10 11 12 13 16 17 18 19 21 22 23 24 25 26 27 30 32 33 34 35 36 37 38 39 40 41 44 45 47 48 49 52 53 54 55 56 57 58 59 60 61 62 65 67 70 72 73 75 76 77 78 80 81 82 83 84 85 86 87 89 90 91 92 96 97 0
-1 -2 -4 -5 -6 -10 -11 -12 -13 -14 -16 -18 -20 -21 -22 -23 -25 -28 -30 -31 -32 -33 -34 -36 -37 -38 -42 -43 -44 -45 -46 -47 -48 -49 -50 -53 -54 -55 -56 -58 -63 -64 -66 -67 -69 -70 -71 -73 -74 -75 -77 -78 -80 -82 -83 -84 -86 -91 -93 -95 -98 1 2 3 4 5 6 7 8 10 11 12 14 15 16 17 20 21 22 23 25 26 27 33 35 37 38 39 40 43 47 48 49 51 53 55 56 57 61 63 64 66 67 68 69 70 71 72 73 74 75 76 78 79 80 81 82 84 85 86 87 88 90 93 95 96 97 98 0
-1 -4 -7 -8 -10 -11 -12 -13 -15 -16 -17 -18 -19 -20 -22 -23 -25 -26 -27 -28 -31 -32 -33 -34 -35 -38 -39 -40 -41 -43 -44 -45 -47 -48 -49 -50 -51 -52 -53 -54 -55 -58 -60 -61 -62 -63 -64 -65 -66 -67 -68 -70 -72 -73 -74 -76 -79 -80 -82 -83 -84 -85 -86 -87 -88 -89 -90 -93 -95 -96 -97 -98 3 4 5 6 7 9 10 11 12 13 17 19 21 23 24 25 31 32 33 35 37 38 39 40 41 42 43 44 45 46 50 51 54 55 56 57 58 59 60 61 64 65 66 68 69 70 71 72 73 74 75 78 80 81 83 89 91 92 95 96 97 0
-2 -5 -8 -10 -11 -13 -14 -16 -17 -18 -19 -20 -23 -24 -25 -26 -27 -28 -31 -32 -33 -34 -35 -36 -37 -39 -40 -43 -44 -47 -49 -50 -51 -53 -54 -55 -57 -58 -59 -60 -61 -62 -64 -67 -68 -69 -71 -72 -74 -77 -79 -80 -81 -82 -84 -85 -87 -88 -90 -92 -93 -94 -96 2 4 5 6 7 8 9 11 12 13 14 15 16 17 19 20 23 25 27 29 30 31 34 37 38 40 41 42 43 44 45 46 48 50 51 56 57 58 59 62 63 64 65 67 68 71 73 74 75 76 77 78 79 83 84 85 88 89 91 92 94 95 96 98 0
-1 -4 -5 -6 -7 -8 -9 -10 -12 -13 -15 -17 -20 -21 -22 -23 -26 -27 -28 -29 -30 -31 -32 -34 -35 -36 -37 -38 -39 -45 -46 -47 -49 -52 -53 -56 -57 -58 -59 -60 -61 -63 -64 -65 -66 -69 -70 -72 -75 -76 -78 -79 -85 -86 -87 -88 -90 -92 -93 -98 2 3 4 7 8 9 10 11 15 16 17 21 23 26 27 28 31 34 35 36 39 41 43 44 46 47 48 50 52 53 54 55 56 58 59 61 62 65 67 72 73 74 75 77 80 81 82 84 85 86 87 89 90 92 93 95 97 0
-1 -2 -4 -5 -6 -7 -8 -9 -10 -11 -14 -16 -18 -20 -21 -22 -23 -28 -30 -31 -33 -34 -35 -36 -37 -38 -39 -40 -41 -42 -43 -44 -45 -46 -47 -48 -49 -51 -52 -54 -55 -59 -60 -61 -63 -67 -68 -69 -70 -71 -72 -74 -75 -76 -77 -78 -80 -81 -82 -83 -84 -85 -87 -88 -90 -91 -92 -97 -98 1 2 3 4 5 7 8 9 15 17 19 21 22 23 24 25 26 27 29 30 32 33 34 36 37 40 45 46 47 48 50 51 52 54 55 56 59 61 62 63 65 66 68 69 71 72 73 75 77 79 84 86 87 89 90 91 92 94 95 96 0
-4 -6 -8 -9 -10 -12 -13 -16 -17 -18 -20 -22 -23 -27 -28 -30 -31 -33 -34 -35 -36 -37 -38 -41 -42 -43 -44 -46 -48 -50 -51 -55 -56 -58 -60 -61 -62 -63 -65 -68 -69 -70 -71 -72 -73 -77 -78 -79 -80 -81 -84 -85 -87 -88 -89 -90 -91 -92 -94 -96 -97 -98 1 2 3 4 6 7 8 13 14 15 17 18 20 21 22 24 25 28 29 30 32 33 35 36 37 39 40 41 42 43 45 46 47 48 49 50 51 52 54 55 57 59 61 67 68 69 70 71 72 73 74 77 79 80 83 84 87 89 90 91 92 93 97 98 0
-1 -2 -4 -5 -7 -8 -9 -10 -11 -12 -13 -14 -15 -16 -17 -18 -20 -22 -23 -24 -25 -26 -28 -29 -30 -31 -34 -35 -36 -39 -40 -41 -43 -47 -48 -51 -52 -53 -56 -57 -58 -60 -61 -62 -63 -66 -68 -69 -70 -72 -77 -78 -79 -83 -85 -86 -87 -88 -89 -90 -91 -92 -93 -95 -96 -97 2 3 4 7 8 10 11 13 14 15 18 19 21 22 23 24 25 27 31 32 34 35 36 37 41 44 45 46 47 49 50 51 54 55 56 59 60 61 62 63 64 67 68 69 70 71 72 74 75 76 78 79 80 81 82 83 84 87 88 89 96 97 0
-1 -3 -4 -5 -6 -8 -9 -10 -11 -13 -14 -15 -16 -17 -18 -19 -20 -21 -23 -26 -27 -31 -34 -35 -36 -37 -40 -41 -42 -45 -46 -47 -48 -49 -50 -51 -53 -54 -56 -57 -58 -59 -60 -63 -65 -69 -71 -72 -73 -74 -76 -77 -79 -80 -81 -82 -83 -84 -86 -87 -89 -91 -92 -95 -97 -98 1 2 3 5 7 8 10 12 13 14 16 18 20 21 23 24 25 26 27 28 29 30 31 32 34 35 36 37 38 39 40 41 42 44 45 46 48 49 50 53 54 55 58 59 62 63 65 66 67 68 69 70 72 73 74 75 76 77 79 82 83 84 85 86 87 88 89 90 91 92 94 95 96 97 0
-2 -3 -4 -9 -10 -11 -12 -14 -15 -16 -18 -19 -26 -27 -29 -30 -31 -32 -33 -34 -35 -37 -38 -39 -41 -43 -44 -45 -50 -51 -52 -53 -54 -55 -56 -57 -59 -60 -61 -63 -65 -66 -67 -71 -73 -75 -77 -79 -80 -83 -84 -85 -86 -88 -89 -90 -92 -93 -94 -95 -98 2 5 8 9 10 11 12 13 14 15 16 18 19 20 23 25 29 30 31 32 34 35 38 40 41 42 43 44 45 46 49 50 51 52 53 54 56 57 58 60 61 63 64 65 69 72 74 78 79 80 82 83 84 85 86 87 88 89 91 92 97 0
-1 -2 -7 -11 -12 -13 -14 -17 -18 -19 -20 -21 -22 -26 -27 -30 -32 -33 -34 -35 -36 -37 -38 -40 -41 -42 -44 -45 -46 -49 -50 -51 -53 -55 -56 -58 -59 -60 -61 -62 -63 -64 -67 -68 -69 -73 -74 -75 -77 -78 -81 -83 -84 -86 -88 -90 -92 -93 -95 -96 -97 -98 1 2 3 4 6 7 8 9 10 13 14 15 17 18 19 21 23 24 26 27 28 29 32 33 34 38 39 41 42 44 45 46 47 49 50 51 52 53 54 55 56 58 60 61 62 64 66 69 71 72 74 75 77 78 79 81 82 83 84 87 88 89 91 92 93 95 97 98 0
-1 -3 -4 -5 -6 -7 -9 -10 -13 -14 -16 -19 -21 -22 -23 -24 -25 -26 -29 -30 -33 -34 -36 -38 -39 -40 -42 -43 -44 -45 -46 -48 -50 -51 -52 -55 -56 -57 -58 -59 -62 -63 -69 -72 -73 -74 -75 -76 -77 -78 -80 -82 -83 -86 -88 -89 -91 -92 -97 2 3 4 6 7 8 9 11 13 14 19 20 23 24 25 27 28 33 34 35 37 39 40 41 42 43 44 46 48 50 51 52 53 54 55 59 65 68 69 70 71 72 73 74 76 77 80 81 82 84 85 86 87 88 89 90 93 95 97 0
-1 -2 -3 -4 -6 -7 -8 -10 -14 -15 -18 -20 -21 -24 -26 -29 -30 -32 -35 -37 -39 -41 -42 -43 -44 -45 -46 -48 -49 -50 -53 -54 -55 -56 -59 -60 -61 -63 -65 -66 -68 -69 -74 -75 -77 -78 -79 -81 -83 -84 -85 -86 -87 -89 -90 -91 -92 -93 -94 -95 -96 -98 1 2 3 6 7 11 13 15 17 18 19 22 24 25 28 29 30 31 32 33 34 36 39 40 43 45 48 49 51 52 53 55 56 59 60 61 62 63 65 67 68 69 70 71 72 74 75 76 78 79 80 83 85 86 88 89 90 92 94 95 96 97 0
-1 -3 -6 -10 -12 -13 -15 -16 -17 -20 -21 -22 -23 -25 -26 -27 -30 -31 -32 -34 -35 -37 -38 -40 -41 -42 -44 -45 -46 -47 -48 -50 -51 -52 -53 -54 -55 -56 -57 -58 -59 -60 -61 -64 -65 -66 -68 -73 -75 -76 -77 -79 -81 -82 -83 -84 -90 -91 -92 -93 -95 -96 -97 2 4 5 6 7 8 9 12 13 14 15 17 18 20 21 22 24 25 26 27 29 30 31 33 34 35 36 37 38 40 42 43 45 47 48 49 50 52 53 54 57 58 59 60 61 62 63 65 66 68 69 70 71 72 73 74 75 77 78 79 82 83 84 86 87 88 91 92 93 94 95 97 0
-1 -7 -8 -9 -10 -11 -12 -15 -16 -18 -20 -21 -22 -23 -26 -27 -28 -29 -30 -31 -32 -33 -34 -35 -36 -37 -39 -40 -42 -44 -45 -46 -51 -52 -53 -54 -55 -56 -57 -58 -59 -60 -62 -64 -69 -71 -72 -73 -74 -75 -76 -77 -78 -79 -80 -81 -82 -83 -85 -86 -87 -88 -91 -93 -97 -98 1 2 3 5 6 7 8 9 10 11 12 14 15 16 18 19 21 24 25 26 28 30 32 34 35 38 39 40 41 42 43 44 45 46 47 48 50 53 54 55 57 58 61 62 63 64 65 66 68 69 70 71 74 75 79 80 82 83 84 85 86 87 91 92 93 94 96 98 0
-1 -2 -4 -5 -6 -7 -8 -9 -10 -11 -12 -13 -14 -16 -17 -18 -20 -21 -25 -27 -28 -30 -31 -32 -37 -38 -42 -43 -45 -48 -49 -51 -52 -53 -54 -55 -57 -60 -61 -62 -63 -64 -65 -67 -69 -70 -72 -74 -75 -76 -77 -80 -81 -82 -84 -85 -87 -88 -91 -93 -95 -98 3 4 6 9 12 13 16 17 18 19 21 22 24 26 27 28 29 30 31 33 34 35 39 41 42 43 44 45 46 47 48 50 51 52 53 55 57 58 60 61 62 63 65 67 68 69 71 74 75 76 78 79 81 82 84 85 86 90 91 92 94 95 97 0
-1 -3 -4 -5 -6 -7 -8 -9 -10 -11 -14 -15 -17 -19 -20 -21 -22 -24 -25 -27 -28 -30 -33 -34 -35 -38 -39 -41 -42 -44 -45 -46 -47 -49 -50 -52 -54 -55 -56 -57 -60 -62 -63 -67 -68 -69 -70 -72 -73 -74 -75 -76 -77 -78 -79 -80 -81 -82 -83 -84 -85 -86 -87 -88 -89 -90 -91 -93 -94 -96 -97 1 3 4 6 7 9 12 15 16 17 18 19 20 22 24 25 26 29 30 31 33 35 36 37 38 39 40 41 43 46 47 48 50 52 53 55 58 61 62 64 65 66 68 70 71 72 73 75 76 77 79 80 82 83 85 87 88 89 90 91 92 93 94 95 96 97 98 0
-2 -4 -5 -8 -10 -11 -13 -16 -17 -20 -22 -23 -25 -28 -29 -30 -32 -35 -37 -38 -39 -40 -41 -47 -51 -56 -59 -61 -63 -64 -65 -66 -68 -70 -71 -74 -76 -77 -78 -79 -80 -84 -85 -88 -89 -90 -91 -94 -95 -97 4 6 7 9 10 11 13 15 16 17 18 20 21 22 23 24 25 28 29 30 31 33 34 35 38 39 43 44 45 46 48 49 50 51 52 54 57 58 59 60 61 64 66 68 69 70 72 73 74 75 76 77 78 79 80 81 83 84 85 87 88 89 90 93 94 97 98 0
-1 -2 -3 -4 -6 -7 -8 -11 -12 -13 -14 -15 -16 -18 -19 -20 -22 -24 -25 -26 -28 -30 -31 -33 -34 -36 -37 -38 -39 -40 -41 -42 -43 -44 -45 -46 -48 -50 -53 -54 -56 -58 -60 -62 -68 -69 -70 -72 -73 -74 -79 -80 -81 -82 -83 -84 -86 -87 -88 -89 -90 -91 -92 -95 -98 1 2 3 4 5 7 8 9 10 11 12 15 17 21 22 23 24 25 26 30 32 34 35 37 38 39 41 42 43 44 46 48 49 50 51 53 54 55 56 58 59 60 61 62 63 65 66 67 68 72 73 75 76 77 79 80 81 83 85 86 88 89 90 92 93 94 96 0
743
99
0 0 0 0 0 0 0 0 0 0 0 0 0 0 0 0 0 0 0 0 0 0 0 0 0 0 0 0 0 0 0 0 0 0 0 0 0 0 0 0 0 0 0 0 0 0 0 0 0 0 0 0 0 0 0 0 0 0 0 0 0 0 0 0 0 0 0 0 0 0 0 0 0 0 0 0 0 0 0 0 0 0 0 0 0 0 0 0 0 0 0 0 0 0 0 0 0 0 1
99
-76 46 0
-46 55 0
-55 96 0
-96 85 0
-85 19 0
-19 37 0
-37 99 0
-99 44 0
-44 78 0
-78 6 0
-6 38 0
-38 67 0
-67 61 0
-61 52 0
-52 86 0
-86 40 0
-40 41 0
-41 90 0
-90 18 0
-18 88 0
-88 49 0
-49 73 0
-73 53 0
-53 17 0
-17 39 0
-39 56 0
-56 4 0
-4 79 0
-79 68 0
-68 93 0
-93 66 0
-66 58 0
-58 23 0
-23 62 0
-62 63 0
-63 47 0
-47 83 0
-83 26 0
-26 43 0
-43 36 0
-36 13 0
-13 48 0
-48 72 0
-72 97 0
-97 64 0
-64 25 0
-25 75 0
-75 91 0
-91 24 0
-24 2 0
-2 94 0
-94 21 0
-21 45 0
-45 29 0
-29 98 0
-98 22 0
-22 69 0
-69 7 0
-7 92 0
-92 65 0
-65 50 0
-50 27 0
-27 15 0
-15 80 0
-80 33 0
-33 77 0
-77 82 0
-82 81 0
-81 51 0
-51 20 0
-20 54 0
-54 84 0
-84 60 0
-60 30 0
-30 10 0
-10 28 0
-28 12 0
-12 14 0
-14 57 0
-57 5 0
-5 34 0
-34 3 0
-3 11 0
-11 35 0
-35 95 0
-95 87 0
-87 9 0
-9 71 0
-71 8 0
-8 32 0
-32 74 0
-74 42 0
-42 16 0
-16 31 0
-31 1 0
-1 89 0
-89 70 0
-70 59 0
-59 76 0
618
99
2732 5943 1412 1519 600 1934 1448 8055 9318 2465 9542 6553 1034 5636 5840 4527 1274 1349 4814 8579 9954 447 3007 2714 2696 1246 140 2273 338 7651 115 2950 8134 778 4530 6411 6562 5051 2498 710 4430 4094 5367 1068 8062 9987 9669 5344 1116 1360 1381 4054 3702 9452 1416 9917 9380 3580 4811 7372 9165 7467 3707 3676 3418 1280 9803 2470 6747 619 9140 8383 4201 1983 5533 5969 6475 1926 7643 9596 1341 6017 2794 5869 3022 1808 6813 2269 1656 1554 2546 4397 5014 4604 809 4688 9233 303 5159
99
-91 91 0
-88 88 0
-54 54 0
-51 51 0
-48 48 0
-6 6 0
-69 69 0
-45 45 0
-23 23 0
-64 64 0
-17 17 0
-82 82 0
-86 86 0
-68 68 0
-71 71 0
-95 95 0
-38 38 0
-50 50 0
-37 37 0
-87 87 0
-3 3 0
-36 36 0
-24 24 0
-60 60 0
-19 19 0
-28 28 0
-5 5 0
-40 40 0
-56 56 0
-85 85 0
-16 16 0
-84 84 0
-8 8 0
-4 4 0
-11 11 0
-35 35 0
-20 20 0
-70 70 0
-1 1 0
-30 30 0
-63 63 0
-99 99 0
-49 49 0
-52 52 0
-61 61 0
-44 44 0
-43 43 0
-34 34 0
-21 21 0
-59 59 0
-78 78 0
-92 92 0
-29 29 0
-39 39 0
-10 10 0
-53 53 0
-67 67 0
-57 57 0
-2 2 0
-14 14 0
-83 83 0
-55 55 0
-90 90 0
-79 79 0
-72 72 0
-47 47 0
-46 46 0
-7 7 0
-25 25 0
-12 12 0
-96 96 0
-80 80 0
-18 18 0
-15 15 0
-42 42 0
-75 75 0
-98 98 0
-97 97 0
-27 27 0
-81 81 0
-73 73 0
-65 65 0
-74 74 0
-31 31 0
-66 66 0
-26 26 0
-22 22 0
-13 13 0
-33 33 0
-93 93 0
-76 76 0
-41 41 0
-89 89 0
-94 94 0
-32 32 0
-9 9 0
-77 77 0
-58 58 0
-62 62 0
178
99
0 0 0 0 0 0 0 0 0 0 0 0 0 0 0 0 0 0 0 0 0 0 0 0 0 0 0 0 0 0 0 0 0 0 0 0 0 0 0 0 0 0 0 0 0 0 0 0 0 0 0 0 0 0 0 0 0 0 0 0 0 0 0 0 0 0 0 0 0 0 0 0 0 0 0 0 0 0 0 0 0 0 0 0 0 0 0 0 0 0 0 0 0 0 0 0 0 0 8
98
-95 8 0
-8 12 0
-12 54 0
-54 13 0
-13 21 0
-21 84 0
-84 72 0
-72 71 0
-71 33 0
-33 80 0
-80 56 0
-56 42 0
-42 57 0
-57 4 0
-4 96 0
-96 7 0
-7 35 0
-35 58 0
-58 62 0
-62 26 0
-26 34 0
-34 76 0
-76 89 0
-89 81 0
-81 97 0
-97 70 0
-70 77 0
-77 74 0
-74 86 0
-86 52 0
-52 19 0
-19 87 0
-87 41 0
-41 85 0
-85 90 0
-90 59 0
-59 5 0
-5 25 0
-25 18 0
-18 48 0
-48 3 0
-3 67 0
-67 63 0
-63 68 0
-68 44 0
-44 40 0
-40 60 0
-60 9 0
-9 37 0
-37 17 0
-17 31 0
-31 55 0
-55 61 0
-61 11 0
-11 47 0
-47 66 0
-66 51 0
-51 30 0
-30 29 0
-29 27 0
-27 28 0
-28 15 0
-15 82 0
-82 94 0
-94 20 0
-20 92 0
-92 49 0
-49 50 0
-50 83 0
-83 78 0
-78 6 0
-6 75 0
-75 64 0
-64 88 0
-88 79 0
-79 69 0
-69 43 0
-43 14 0
-14 24 0
-24 53 0
-53 98 0
-98 2 0
-2 45 0
-45 73 0
-73 91 0
-91 16 0
-16 32 0
-32 10 0
-10 23 0
-23 46 0
-46 39 0
-39 1 0
-1 99 0
-99 93 0
-93 38 0
-38 36 0
-36 65 0
-65 22 0
987
99
0 0 0 0 0 0 0 0 0 0 0 0 0 0 0 0 0 0 0 0 0 0 0 0 0 0 0 0 0 0 0 0 0 0 0 0 0 0 0 0 0 0 0 0 0 0 0 0 0 0 0 0 0 0 0 0 0 0 0 0 0 0 0 0 0 0 0 0 0 0 0 0 0 0 0 0 0 0 0 0 0 0 0 0 0 0 0 0 0 0 0 0 0 0 0 0 0 0 4
99
-82 8 0
-8 51 0
-51 57 0
-57 27 0
-27 92 0
-92 69 0
-69 17 0
-17 4 0
-4 73 0
-73 22 0
-22 85 0
-85 48 0
-48 1 0
-1 37 0
-37 24 0
-24 35 0
-35 72 0
-72 83 0
-83 6 0
-6 70 0
-70 98 0
-98 90 0
-90 42 0
-42 54 0
-54 93 0
-93 84 0
-84 81 0
-81 2 0
-2 36 0
-36 47 0
-47 14 0
-14 7 0
-7 94 0
-94 63 0
-63 13 0
-13 34 0
-34 45 0
-45 65 0
-65 31 0
-31 30 0
-30 67 0
-67 76 0
-76 78 0
-78 53 0
-53 61 0
-61 29 0
-29 68 0
-68 19 0
-19 49 0
-49 97 0
-97 11 0
-11 86 0
-86 28 0
-28 62 0
-62 59 0
-59 5 0
-5 3 0
-3 41 0
-41 23 0
-23 12 0
-12 95 0
-95 55 0
-55 79 0
-79 50 0
-50 66 0
-66 60 0
-60 46 0
-46 89 0
-89 32 0
-32 91 0
-91 39 0
-39 10 0
-10 52 0
-52 15 0
-15 26 0
-26 38 0
-38 71 0
-71 74 0
-74 88 0
-88 44 0
-44 80 0
-80 33 0
-33 9 0
-9 64 0
-64 18 0
-18 25 0
-25 96 0
-96 58 0
-58 56 0
-56 43 0
-43 21 0
-21 75 0
-75 87 0
-87 16 0
-16 77 0
-77 40 0
-40 20 0
-20 99 0
-99 -99 82 0
940
0
