99
0 0 0 0 0 0 0 0 0 0 0 0 0 0 0 0 0 0 0 0 0 0 0 0 0 0 0 0 0 0 0 0 0 0 0 0 0 0 0 0 0 0 0 0 0 0 0 0 0 0 0 0 0 0 0 0 0 0 0 0 0 0 0 0 0 0 0 0 0 0 0 0 0 0 0 0 0 0 0 0 0 0 0 0 0 0 0 0 0 0 0 0 0 0 0 0 0 0 7778
23
-1 -3 -6 -7 -9 -10 -11 -12 -14 -16 -17 -18 -19 -20 -21 -22 -23 -24 -25 -26 -28 -29 -32 -34 -35 -37 -38 -39 -42 -43 -45 -47 -48 -49 -50 -52 -53 -54 -55 -57 -60 -61 -63 -64 -65 -67 -68 -72 -73 -74 -76 -77 -78 -79 -82 -84 -85 -86 -87 -88 -90 -92 -93 -96 -97 2 3 5 7 8 9 10 11 12 14 17 18 20 21 22 24 25 27 28 30 31 32 34 35 36 37 38 41 42 44 46 48 49 50 52 53 54 58 59 60 61 62 63 64 65 66 67 68 71 72 73 74 75 76 77 78 81 82 83 84 85 86 87 88 91 93 94 95 96 97 0
-1 -3 -4 -5 -11 -12 -13 -15 -16 -18 -19 -21 -23 -24 -25 -26 -28 -30 -31 -32 -34 -35 -38 -41 -42 -44 -45 -46 -47 -48 -49 -50 -51 -52 -53 -54 -55 -56 -57 -58 -60 -64 -65 -66 -67 -70 -72 -75 -77 -78 -80 -81 -82 -83 -84 -85 -86 -87 -88 -89 -90 -91 -92 -93 -97 1 2 4 5 6 8 9 10 11 12 13 15 16 17 18 19 22 24 25 26 29 30 31 32 33 34 35 36 37 38 40 42 44 45 46 47 48 52 53 54 55 56 58 60 64 65 68 69 70 71 75 79 81 82 83 84 86 87 88 89 90 91 92 93 94 97 0
-1 -7 -9 -10 -11 -13 -16 -18 -19 -21 -24 -27 -29 -30 -31 -32 -35 -37 -38 -43 -46 -48 -51 -52 -54 -56 -57 -58 -60 -61 -63 -64 -65 -66 -67 -74 -78 -79 -80 -81 -82 -86 -87 -88 -90 -93 -96 -97 -98 1 5 6 8 9 10 11 12 14 15 16 17 18 19 20 21 22 23 24 25 27 28 30 31 32 33 35 36 38 39 42 45 47 49 50 52 54 56 57 58 59 62 63 67 70 71 72 76 77 79 82 83 84 85 86 87 88 90 92 93 94 95 96 98 0
-3 -5 -6 -8 -9 -10 -11 -12 -13 -14 -18 -21 -22 -23 -25 -26 -27 -28 -29 -33 -34 -35 -36 -37 -38 -39 -40 -41 -42 -44 -45 -46 -49 -50 -51 -52 -53 -56 -57 -58 -59 -60 -61 -62 -66 -67 -68 -69 -70 -71 -74 -75 -78 -79 -81 -82 -83 -86 -87 -88 -89 -92 -94 -95 -97 -98 2 3 4 7 9 10 11 18 19 21 22 23 24 26 27 32 33 34 37 38 39 40 41 43 44 46 47 50 53 55 56 58 59 60 61 62 63 64 65 66 67 70 71 73 75 78 79 80 83 85 86 88 89 90 91 92 97 98 0
-1 -2 -3 -4 -6 -8 -9 -12 -13 -16 -18 -20 -22 -23 -24 -25 -26 -27 -32 -33 -34 -35 -39 -40 -42 -43 -44 -45 -46 -48 -49 -50 -51 -52 -55 -58 -59 -60 -63 -64 -65 -66 -67 -69 -72 -73 -74 -75 -76 -77 -78 -79 -80 -81 -82 -83 -84 -85 -86 -90 -91 -92 -93 -97 1 2 3 6 7 8 9 10 12 14 15 20 21 23 25 27 29 32 34 35 36 37 38 39 40 41 42 46 47 48 49 50 51 52 53 54 55 56 58 59 60 61 62 63 65 67 68 69 70 71 72 73 74 76 77 78 81 82 83 84 86 87 89 94 95 96 97 98 0
-2 -3 -6 -7 -8 -9 -10 -12 -13 -14 -15 -16 -17 -18 -19 -20 -23 -24 -25 -27 -28 -30 -32 -33 -34 -35 -36 -37 -39 -40 -42 -43 -44 -45 -46 -47 -49 -50 -53 -54 -57 -58 -59 -60 -61 -62 -63 -64 -65 -67 -71 -73 -75 -76 -78 -79 -80 -81 -82 -83 -84 -86 -87 -88 -89 -90 -91 -92 -93 -94 -97 -98 3 4 5 6 7 8 9 10 11 13 15 16 18 19 22 23 24 25 26 27 29 30 32 34 35 36 37 38 39 40 42 43 44 45 46 47 49 50 52 55 56 57 59 60 61 62 63 64 66 67 70 71 73 76 77 78 79 80 81 83 84 85 86 87 88 89 90 92 94 97 98 0
-2 -4 -5 -6 -7 -9 -12 -13 -14 -15 -19 -20 -21 -22 -23 -24 -25 -26 -27 -28 -29 -30 -32 -33 -34 -35 -36 -37 -38 -39 -40 -41 -42 -43 -44 -45 -46 -48 -50 -51 -52 -53 -54 -55 -57 -60 -61 -62 -65 -66 -69 -72 -74 -76 -77 -78 -79 -83 -84 -86 -88 -90 -91 -92 -93 -94 -95 1 2 7 9 10 11 12 13 16 17 18 19 20 22 23 27 28 30 31 33 34 35 37 40 41 42 43 44 45 46 47 49 50 52 54 55 56 57 59 64 65 66 67 68 69 71 74 76 77 78 79 80 81 82 83 84 87 88 90 91 93 94 95 96 98 0
-1 -4 -5 -6 -11 -12 -13 -14 -15 -16 -17 -19 -20 -21 -22 -24 -26 -27 -29 -31 -32 -33 -35 -36 -38 -39 -40 -46 -47 -48 -49 -51 -52 -54 -55 -57 -58 -60 -61 -63 -66 -68 -70 -72 -73 -74 -75 -77 -79 -82 -83 -86 -87 -90 -93 -94 -95 -96 1 2 6 7 12 13 15 16 17 19 21 24 27 29 30 34 35 37 38 39 40 41 42 43 44 45 46 48 49 53 55 56 57 59 60 61 62 63 64 65 67 68 69 71 72 73 74 75 76 77 78 79 82 84 86 87 88 89 91 95 97 98 0
-3 -4 -7 -8 -9 -11 -12 -13 -14 -19 -20 -21 -22 -23 -24 -25 -26 -27 -29 -32 -36 -37 -39 -40 -41 -42 -43 -44 -45 -46 -48 -49 -50 -51 -53 -54 -56 -57 -58 -59 -62 -63 -65 -66 -67 -68 -69 -71 -72 -77 -78 -79 -81 -82 -83 -84 -85 -90 -92 -94 -95 -96 -97 -98 1 3 4 5 6 7 9 10 11 12 14 15 16 17 18 19 21 24 26 28 29 30 31 32 33 35 38 40 41 42 44 46 48 54 55 56 57 58 59 60 62 63 64 65 69 70 71 74 75 76 78 79 81 82 83 84 85 86 88 89 90 91 92 94 95 96 97 98 0
-3 -4 -5 -7 -8 -9 -10 -11 -12 -13 -14 -15 -17 -18 -19 -20 -21 -22 -23 -24 -25 -26 -27 -30 -31 -32 -34 -38 -39 -40 -41 -42 -43 -44 -45 -46 -48 -49 -50 -51 -52 -53 -54 -55 -57 -58 -59 -61 -63 -64 -65 -66 -67 -69 -70 -72 -74 -77 -78 -79 -81 -82 -85 -86 -87 -88 -89 -92 -93 -95 -96 -97 -98 2 4 5 8 9 11 12 13 15 17 19 21 23 24 25 30 31 32 34 36 37 38 39 40 42 43 44 45 46 47 48 51 52 53 55 57 60 63 66 67 72 76 78 80 82 84 86 88 89 91 93 94 95 96 0
-1 -2 -4 -5 -6 -7 -8 -9 -11 -12 -13 -14 -15 -16 -17 -20 -21 -22 -31 -34 -35 -36 -37 -38 -39 -40 -41 -43 -45 -47 -49 -50 -55 -56 -58 -60 -61 -62 -63 -64 -65 -66 -67 -68 -70 -71 -72 -73 -75 -76 -79 -80 -81 -82 -86 -87 -88 -89 -92 -93 -95 -96 2 3 5 6 10 11 13 14 15 17 18 19 20 21 23 25 26 27 28 29 32 33 35 36 37 38 39 40 42 43 44 45 46 47 48 49 51 52 53 54 55 56 58 59 60 63 64 65 66 67 68 69 70 72 73 74 75 76 77 80 81 82 83 85 86 87 88 90 92 93 94 97 0
-1 -2 -3 -4 -5 -6 -9 -10 -14 -16 -18 -21 -24 -25 -27 -28 -29 -31 -32 -34 -35 -36 -37 -38 -41 -43 -44 -45 -47 -50 -51 -52 -53 -54 -56 -58 -61 -62 -64 -65 -66 -68 -69 -70 -71 -74 -76 -78 -79 -80 -81 -83 -84 -85 -86 -87 -88 -91 -92 -94 -95 -96 2 4 5 7 10 11 13 14 17 18 19 21 22 23 26 27 28 30 31 32 35 36 38 39 40 42 43 44 45 46 47 48 51 53 55 56 57 58 59 60 61 62 63 65 66 69 70 73 74 76 77 78 80 81 82 83 85 86 87 89 92 93 94 95 0
-4 -6 -7 -8 -11 -13 -14 -15 -16 -18 -20 -21 -22 -23 -24 -26 -28 -29 -31 -32 -34 -35 -36 -39 -40 -41 -42 -43 -44 -45 -46 -47 -51 -53 -55 -58 -59 -60 -61 -62 -64 -65 -68 -69 -71 -72 -73 -74 -75 -76 -78 -79 -81 -82 -84 -85 -87 -88 -89 -91 -93 -98 1 3 7 9 12 13 14 15 18 19 23 24 25 26 27 28 29 31 32 33 34 35 36 37 38 39 40 41 43 44 45 46 47 49 50 52 53 54 55 57 60 61 62 64 65 66 67 71 72 73 75 76 77 78 80 82 85 86 87 89 90 93 94 95 98 0
-1 -2 -3 -4 -5 -6 -7 -8 -9 -11 -12 -15 -16 -18 -19 -20 -23 -25 -29 -30 -31 -32 -34 -35 -37 -38 -39 -40 -41 -43 -47 -49 -52 -54 -55 -57 -59 -62 -63 -67 -68 -69 -70 -71 -72 -75 -77 -79 -80 -81 -82 -83 -84 -85 -88 -92 -93 -94 -96 -97 1 2 3 4 6 7 9 10 11 12 13 14 15 17 18 21 22 23 24 25 28 30 31 32 34 37 38 39 41 44 46 47 48 49 50 55 56 57 58 61 62 63 64 66 68 69 70 71 72 74 75 76 78 79 80 82 83 84 86 87 89 91 92 93 94 96 97 0
-1 -3 -6 -7 -12 -13 -15 -16 -17 -18 -19 -20 -21 -24 -25 -30 -31 -32 -33 -35 -36 -37 -38 -40 -41 -42 -44 -46 -47 -48 -50 -51 -52 -53 -54 -55 -56 -58 -60 -61 -62 -63 -64 -65 -67 -69 -70 -71 -73 -74 -77 -78 -79 -80 -81 -84 -85 -86 -87 -88 -89 -90 -92 -94 -96 -97 -98 2 3 4 5 6 7 8 9 11 13 14 16 18 21 22 24 25 26 27 29 30 31 32 33 34 35 36 37 38 39 41 42 44 45 46 48 50 51 52 53 54 55 57 58 60 61 64 65 66 67 69 70 71 72 73 74 75 76 77 78 81 83 84 86 87 88 89 90 91 93 94 95 96 97 98 0
-1 -3 -4 -6 -8 -9 -10 -11 -12 -13 -14 -16 -17 -19 -20 -21 -22 -23 -25 -28 -29 -33 -34 -35 -36 -38 -39 -41 -45 -46 -47 -48 -49 -50 -52 -53 -55 -57 -58 -59 -60 -61 -62 -64 -65 -67 -68 -69 -70 -71 -72 -73 -74 -76 -78 -80 -82 -83 -87 -88 -89 -90 -92 -93 -95 -96 1 2 4 5 7 9 11 12 13 18 19 20 21 22 23 28 29 30 32 33 34 36 37 38 39 40 41 43 45 47 50 51 52 53 56 57 58 59 62 64 65 66 67 69 70 71 74 75 79 81 83 84 85 86 88 90 91 92 93 95 96 97 98 0
-2 -3 -4 -5 -6 -7 -8 -10 -12 -14 -15 -16 -18 -19 -20 -23 -24 -25 -26 -27 -28 -29 -30 -31 -32 -33 -35 -37 -38 -39 -40 -41 -42 -43 -45 -46 -47 -48 -51 -52 -53 -54 -57 -58 -62 -63 -64 -66 -67 -68 -73 -74 -75 -77 -78 -79 -80 -82 -83 -84 -86 -88 -89 -90 -92 -93 -95 -96 1 5 6 13 15 17 19 20 21 22 26 28 30 31 32 33 35 36 37 38 39 40 41 42 43 44 45 46 47 52 53 54 55 56 57 58 59 61 62 63 64 65 67 69 70 71 73 77 78 81 82 85 86 88 89 94 95 96 98 0
-4 -5 -6 -7 -8 -9 -11 -12 -13 -14 -15 -16 -20 -21 -22 -24 -25 -26 -28 -29 -30 -33 -34 -35 -36 -38 -39 -40 -42 -44 -46 -47 -48 -50 -51 -52 -53 -54 -56 -57 -60 -63 -66 -67 -70 -72 -73 -74 -75 -76 -77 -78 -79 -80 -81 -83 -84 -85 -86 -88 -90 -92 -94 -96 -98 1 4 5 6 7 8 9 11 12 13 15 16 18 19 21 22 23 25 26 27 28 29 30 31 33 34 35 36 37 38 39 40 41 42 43 44 46 47 48 49 50 52 53 54 55 56 57 59 60 61 63 64 65 66 71 72 74 75 76 80 83 86 87 89 90 91 92 93 94 96 97 0
-3 -5 -6 -7 -8 -9 -10 -12 -13 -15 -17 -19 -21 -22 -24 -27 -28 -29 -32 -33 -34 -36 -37 -38 -39 -41 -42 -43 -45 -46 -49 -50 -51 -52 -53 -55 -56 -58 -59 -61 -63 -65 -66 -67 -68 -70 -71 -72 -75 -76 -78 -79 -80 -81 -83 -84 -85 -87 -88 -89 -90 -91 -93 -94 -95 -96 -98 2 3 4 5 6 8 9 10 14 16 20 21 22 23 25 27 28 29 31 32 33 34 38 39 41 44 45 49 50 51 53 54 55 56 57 58 59 61 62 63 64 67 68 69 70 71 72 74 75 76 78 80 81 83 85 86 88 89 91 93 94 95 96 98 0
-2 -4 -5 -6 -7 -8 -9 -11 -12 -13 -15 -17 -19 -21 -22 -23 -25 -26 -31 -32 -34 -43 -44 -45 -46 -47 -51 -53 -57 -58 -59 -60 -61 -62 -63 -66 -67 -68 -69 -70 -74 -75 -76 -77 -78 -79 -80 -81 -82 -83 -85 -87 -89 -93 -94 -96 -97 -98 1 2 3 5 6 7 12 13 15 16 18 19 20 21 22 23 25 26 29 30 32 33 34 35 36 37 38 39 40 41 42 43 44 45 46 48 49 50 52 53 54 55 56 57 59 60 61 62 63 64 65 67 68 70 72 73 74 75 76 77 78 79 80 82 83 84 85 87 88 89 91 94 95 96 97 98 0
-1 -2 -3 -6 -7 -12 -15 -16 -17 -19 -20 -21 -23 -25 -26 -27 -29 -31 -32 -33 -34 -36 -37 -38 -40 -41 -42 -43 -45 -46 -48 -50 -52 -53 -56 -57 -58 -59 -62 -63 -66 -67 -68 -70 -71 -72 -75 -78 -80 -82 -84 -85 -87 -88 -89 -90 -91 -92 -96 -97 1 2 3 4 5 9 11 13 14 15 18 21 22 23 24 25 26 27 29 30 31 35 37 38 39 41 42 43 47 48 50 52 54 58 59 60 61 62 63 64 66 68 69 70 71 72 75 76 80 81 82 84 87 88 90 91 93 94 95 96 97 0
-1 -2 -4 -5 -7 -8 -9 -10 -11 -13 -14 -15 -16 -17 -19 -20 -21 -22 -25 -26 -27 -31 -32 -34 -35 -36 -37 -38 -39 -40 -45 -46 -48 -49 -50 -51 -52 -54 -55 -56 -57 -58 -59 -60 -61 -62 -63 -64 -65 -66 -68 -69 -70 -72 -73 -74 -75 -76 -77 -78 -79 -85 -87 -88 -91 -92 -95 -97 1 2 3 5 6 7 9 11 12 13 14 16 17 23 24 25 26 27 29 31 32 34 35 36 38 40 42 43 44 46 47 49 50 53 54 55 56 58 64 65 66 67 68 69 70 71 72 73 75 77 78 79 81 82 83 85 86 87 89 90 91 92 93 95 96 97 98 0
-2 -3 -4 -5 -7 -8 -9 -10 -11 -12 -13 -16 -19 -20 -23 -24 -27 -28 -29 -31 -33 -36 -38 -40 -41 -42 -45 -46 -48 -50 -51 -53 -54 -55 -57 -58 -59 -61 -63 -64 -65 -69 -71 -72 -73 -74 -75 -76 -77 -79 -80 -82 -83 -84 -85 -86 -88 -89 -90 -91 -92 -93 -95 -98 1 2 4 7 8 9 10 14 16 17 18 19 21 22 23 24 25 26 27 29 30 31 32 33 34 36 38 39 41 42 43 44 46 47 48 50 51 54 55 56 57 59 60 61 64 65 67 69 70 71 72 74 75 76 77 78 79 80 81 82 84 85 86 87 88 90 91 92 95 98 0
983
99
0 0 0 0 0 0 0 0 0 0 0 0 0 0 0 0 0 0 0 0 0 0 0 0 0 0 0 0 0 0 0 0 0 0 0 0 0 0 0 0 0 0 0 0 0 0 0 0 0 0 0 0 0 0 0 0 0 0 0 0 0 0 0 0 0 0 0 0 0 0 0 0 0 0 0 0 0 0 0 0 0 0 0 0 0 0 0 0 0 0 0 0 0 0 0 0 0 0 1
99
-63 47 0
-47 26 0
-26 52 0
-52 13 0
-13 88 0
-88 10 0
-10 89 0
-89 76 0
-76 81 0
-81 59 0
-59 21 0
-21 9 0
-9 43 0
-43 48 0
-48 44 0
-44 99 0
-99 1 0
-1 94 0
-94 71 0
-71 20 0
-20 42 0
-42 22 0
-22 78 0
-78 30 0
-30 92 0
-92 62 0
-62 32 0
-32 40 0
-40 6 0
-6 85 0
-85 34 0
-34 4 0
-4 57 0
-57 23 0
-23 90 0
-90 29 0
-29 68 0
-68 37 0
-37 16 0
-16 55 0
-55 83 0
-83 46 0
-46 73 0
-73 87 0
-87 80 0
-80 5 0
-5 24 0
-24 54 0
-54 93 0
-93 86 0
-86 33 0
-33 2 0
-2 17 0
-17 75 0
-75 72 0
-72 56 0
-56 25 0
-25 64 0
-64 91 0
-91 67 0
-67 36 0
-36 84 0
-84 79 0
-79 97 0
-97 11 0
-11 8 0
-8 74 0
-74 82 0
-82 50 0
-50 77 0
-77 60 0
-60 15 0
-15 14 0
-14 58 0
-58 12 0
-12 49 0
-49 66 0
-66 3 0
-3 39 0
-39 35 0
-35 18 0
-18 28 0
-28 65 0
-65 27 0
-27 45 0
-45 95 0
-95 98 0
-98 53 0
-53 70 0
-70 61 0
-61 96 0
-96 38 0
-38 41 0
-41 51 0
-51 69 0
-69 19 0
-19 7 0
-7 31 0
-31 63 0
44
99
5168 5817 4194 9823 605 2227 4303 2175 9110 3419 7219 5652 1031 4873 3921 530 6465 9455 5330 6163 5080 6895 5380 3478 7804 2425 85 3815 1643 35 977 5234 6996 9487 3080 1218 2415 647 3668 9983 5708 4668 249 7592 3129 287 3421 508 295 319 890 623 1199 4645 6594 7291 8961 5661 163 5589 7918 1878 3867 866 8535 9818 3533 4330 900 1874 8884 8044 2586 260 7464 3634 2327 8319 1615 757 6399 633 4822 6868 5117 1238 1343 3250 1586 1852 2685 6094 3201 6629 7598 2502 5407 5364 2553
99
-80 80 0
-20 20 0
-62 62 0
-74 74 0
-23 23 0
-15 15 0
-45 45 0
-19 19 0
-22 22 0
-6 6 0
-79 79 0
-46 46 0
-61 61 0
-67 67 0
-41 41 0
-81 81 0
-14 14 0
-26 26 0
-39 39 0
-96 96 0
-40 40 0
-35 35 0
-75 75 0
-47 47 0
-44 44 0
-48 48 0
-92 92 0
-11 11 0
-72 72 0
-57 57 0
-7 7 0
-9 9 0
-94 94 0
-93 93 0
-50 50 0
-32 32 0
-37 37 0
-16 16 0
-21 21 0
-3 3 0
-59 59 0
-65 65 0
-12 12 0
-38 38 0
-82 82 0
-17 17 0
-18 18 0
-77 77 0
-66 66 0
-87 87 0
-51 51 0
-53 53 0
-85 85 0
-52 52 0
-24 24 0
-29 29 0
-30 30 0
-98 98 0
-76 76 0
-28 28 0
-34 34 0
-27 27 0
-60 60 0
-10 10 0
-5 5 0
-64 64 0
-56 56 0
-90 90 0
-54 54 0
-36 36 0
-71 71 0
-43 43 0
-97 97 0
-84 84 0
-25 25 0
-13 13 0
-4 4 0
-49 49 0
-86 86 0
-63 63 0
-99 99 0
-83 83 0
-69 69 0
-1 1 0
-55 55 0
-42 42 0
-33 33 0
-58 58 0
-70 70 0
-95 95 0
-78 78 0
-68 68 0
-91 91 0
-2 2 0
-73 73 0
-89 89 0
-88 88 0
-31 31 0
-8 8 0
63
99
0 0 0 0 0 0 0 0 0 0 0 0 0 0 0 0 0 0 0 0 0 0 0 0 0 0 0 0 0 0 0 0 0 0 0 0 0 0 0 0 0 0 0 0 0 0 0 0 0 0 0 0 0 0 0 0 0 0 0 0 0 0 0 0 0 0 0 0 0 0 0 0 0 0 0 0 0 0 0 0 0 0 0 0 0 0 0 0 0 0 0 0 0 0 0 0 0 0 8
98
-22 19 0
-19 67 0
-67 92 0
-92 86 0
-86 13 0
-13 6 0
-6 26 0
-26 34 0
-34 46 0
-46 24 0
-24 36 0
-36 87 0
-87 62 0
-62 58 0
-58 2 0
-2 75 0
-75 47 0
-47 97 0
-97 54 0
-54 23 0
-23 38 0
-38 88 0
-88 20 0
-20 94 0
-94 66 0
-66 68 0
-68 91 0
-91 41 0
-41 39 0
-39 77 0
-77 9 0
-9 14 0
-14 40 0
-40 73 0
-73 64 0
-64 29 0
-29 12 0
-12 89 0
-89 28 0
-28 51 0
-51 74 0
-74 3 0
-3 76 0
-76 5 0
-5 27 0
-27 72 0
-72 83 0
-83 49 0
-49 16 0
-16 11 0
-11 80 0
-80 21 0
-21 48 0
-48 59 0
-59 52 0
-52 70 0
-70 42 0
-42 30 0
-30 71 0
-71 95 0
-95 17 0
-17 96 0
-96 56 0
-56 65 0
-65 7 0
-7 8 0
-8 33 0
-33 61 0
-61 25 0
-25 37 0
-37 18 0
-18 55 0
-55 98 0
-98 93 0
-93 50 0
-50 31 0
-31 57 0
-57 85 0
-85 10 0
-10 15 0
-15 44 0
-44 82 0
-82 81 0
-81 32 0
-32 90 0
-90 53 0
-53 1 0
-1 60 0
-60 79 0
-79 43 0
-43 35 0
-35 45 0
-45 99 0
-99 78 0
-78 4 0
-4 63 0
-63 69 0
-69 84 0
994
99
0 0 0 0 0 0 0 0 0 0 0 0 0 0 0 0 0 0 0 0 0 0 0 0 0 0 0 0 0 0 0 0 0 0 0 0 0 0 0 0 0 0 0 0 0 0 0 0 0 0 0 0 0 0 0 0 0 0 0 0 0 0 0 0 0 0 0 0 0 0 0 0 0 0 0 0 0 0 0 0 0 0 0 0 0 0 0 0 0 0 0 0 0 0 0 0 0 0 4
99
-93 67 0
-67 56 0
-56 54 0
-54 5 0
-5 72 0
-72 98 0
-98 43 0
-43 42 0
-42 66 0
-66 16 0
-16 73 0
-73 44 0
-44 21 0
-21 57 0
-57 14 0
-14 30 0
-30 29 0
-29 85 0
-85 74 0
-74 47 0
-47 7 0
-7 23 0
-23 95 0
-95 12 0
-12 64 0
-64 81 0
-81 32 0
-32 55 0
-55 63 0
-63 38 0
-38 97 0
-97 53 0
-53 46 0
-46 68 0
-68 17 0
-17 25 0
-25 94 0
-94 45 0
-45 3 0
-3 31 0
-31 92 0
-92 58 0
-58 77 0
-77 22 0
-22 37 0
-37 34 0
-34 50 0
-50 91 0
-91 80 0
-80 48 0
-48 62 0
-62 41 0
-41 36 0
-36 59 0
-59 8 0
-8 1 0
-1 86 0
-86 11 0
-11 13 0
-13 2 0
-2 89 0
-89 87 0
-87 78 0
-78 96 0
-96 6 0
-6 20 0
-20 79 0
-79 9 0
-9 75 0
-75 15 0
-15 39 0
-39 40 0
-40 88 0
-88 76 0
-76 35 0
-35 51 0
-51 52 0
-52 18 0
-18 71 0
-71 82 0
-82 99 0
-99 61 0
-61 10 0
-10 24 0
-24 65 0
-65 83 0
-83 69 0
-69 33 0
-33 19 0
-19 90 0
-90 60 0
-60 28 0
-28 4 0
-4 84 0
-84 49 0
-49 26 0
-26 27 0
-27 70 0
-70 -70 93 0
955
0
