Case 1: dead after 0 transitions
Places with tokens: 99 (1227)

Case 2: still live after 60 transitions
Places with tokens: 37 (1)

Case 3: still live after 954 transitions
Places with tokens: 1 (5515) 2 (5596) 3 (3753) 4 (2967) 5 (1874) 6 (335) 7 (5757) 8 (5031) 9 (5258) 10 (3871) 11 (5141) 12 (2933) 13 (8333) 14 (4830) 15 (5486) 16 (3674) 17 (8337) 18 (2718) 19 (6545) 20 (4298) 21 (7143) 22 (3734) 23 (4023) 24 (4729) 25 (2389) 26 (6808) 27 (1374) 28 (1791) 29 (9062) 30 (2081) 31 (8620) 32 (1528) 33 (9840) 34 (8225) 35 (659) 36 (4767) 37 (1447) 38 (2604) 39 (7302) 40 (5340) 41 (3616) 42 (2272) 43 (1339) 44 (2347) 45 (3464) 46 (1159) 47 (7505) 48 (3295) 49 (790) 50 (3135) 51 (9716) 52 (5638) 53 (943) 54 (9865) 55 (4975) 56 (2767) 57 (3097) 58 (7263) 59 (5793) 60 (1066) 61 (5937) 62 (8569) 63 (3988) 64 (1327) 65 (2161) 66 (3378) 67 (4921) 68 (1409) 69 (9772) 70 (2790) 71 (9976) 72 (4404) 73 (8204) 74 (2350) 75 (8631) 76 (9469) 77 (6334) 78 (3376) 79 (3480) 80 (3433) 81 (1772) 82 (8801) 83 (8936) 84 (4529) 85 (7772) 86 (1564) 87 (8197) 88 (3852) 89 (5094) 90 (7464) 91 (4592) 92 (4837) 93 (5980) 94 (5140) 95 (4819) 96 (7598) 97 (7541) 98 (9590) 99 (1893)

Case 4: dead after 56 transitions
Places with tokens: 10 (1)

Case 5: dead after 263 transitions
Places with tokens: 80 (1)

