Case 1: dead after 0 transitions
Places with tokens: 99 (2999)

Case 2: still live after 665 transitions
Places with tokens: 37 (1)

Case 3: still live after 633 transitions
Places with tokens: 1 (5491) 2 (600) 3 (2220) 4 (5081) 5 (4485) 6 (958) 7 (1961) 8 (7860) 9 (5279) 10 (7916) 11 (987) 12 (2680) 13 (4788) 14 (4648) 15 (113) 16 (9706) 17 (451) 18 (2041) 19 (4084) 20 (9036) 21 (7671) 22 (5148) 23 (9536) 24 (2671) 25 (4334) 26 (7526) 27 (4546) 28 (7127) 29 (4573) 30 (3642) 31 (1058) 32 (9246) 33 (6226) 34 (2510) 35 (211) 36 (235) 37 (954) 38 (1209) 39 (329) 40 (3252) 41 (4052) 42 (399) 43 (1274) 44 (6353) 45 (5237) 46 (736) 47 (7416) 48 (4259) 49 (1293) 50 (9886) 51 (1486) 52 (3685) 53 (2474) 54 (2718) 55 (8985) 56 (7394) 57 (2924) 58 (5441) 59 (9433) 60 (1543) 61 (1480) 62 (8755) 63 (2696) 64 (2106) 65 (977) 66 (2131) 67 (6858) 68 (2348) 69 (4996) 70 (5) 71 (7574) 72 (2939) 73 (9299) 74 (9844) 75 (900) 76 (1339) 77 (1173) 78 (2716) 79 (2759) 80 (325) 81 (4539) 82 (6919) 83 (4445) 84 (608) 85 (230) 86 (2101) 87 (7140) 88 (4640) 89 (4631) 90 (8098) 91 (1647) 92 (3164) 93 (1367) 94 (4995) 95 (7994) 96 (1796) 97 (744) 98 (1889) 99 (7546)

Case 4: dead after 96 transitions
Places with tokens: 92 (3)

Case 5: dead after 459 transitions
Places with tokens: 7 (1)

