Case 1: dead after 0 transitions
Places with tokens: 99 (2644)

Case 2: still live after 618 transitions
Places with tokens: 66 (1)

Case 3: still live after 178 transitions
Places with tokens: 1 (2732) 2 (5943) 3 (1412) 4 (1519) 5 (600) 6 (1934) 7 (1448) 8 (8055) 9 (9318) 10 (2465) 11 (9542) 12 (6553) 13 (1034) 14 (5636) 15 (5840) 16 (4527) 17 (1274) 18 (1349) 19 (4814) 20 (8579) 21 (9954) 22 (447) 23 (3007) 24 (2714) 25 (2696) 26 (1246) 27 (140) 28 (2273) 29 (338) 30 (7651) 31 (115) 32 (2950) 33 (8134) 34 (778) 35 (4530) 36 (6411) 37 (6562) 38 (5051) 39 (2498) 40 (710) 41 (4430) 42 (4094) 43 (5367) 44 (1068) 45 (8062) 46 (9987) 47 (9669) 48 (5344) 49 (1116) 50 (1360) 51 (1381) 52 (4054) 53 (3702) 54 (9452) 55 (1416) 56 (9917) 57 (9380) 58 (3580) 59 (4811) 60 (7372) 61 (9165) 62 (7467) 63 (3707) 64 (3676) 65 (3418) 66 (1280) 67 (9803) 68 (2470) 69 (6747) 70 (619) 71 (9140) 72 (8383) 73 (4201) 74 (1983) 75 (5533) 76 (5969) 77 (6475) 78 (1926) 79 (7643) 80 (9596) 81 (1341) 82 (6017) 83 (2794) 84 (5869) 85 (3022) 86 (1808) 87 (6813) 88 (2269) 89 (1656) 90 (1554) 91 (2546) 92 (4397) 93 (5014) 94 (4604) 95 (809) 96 (4688) 97 (9233) 98 (303) 99 (5159)

Case 4: dead after 40 transitions
Places with tokens: 22 (8)

Case 5: dead after 297 transitions
Places with tokens: 99 (1)

