Case 1: dead after 0 transitions
Places with tokens: 99 (8340)

Case 2: still live after 80 transitions
Places with tokens: 42 (1)

Case 3: still live after 592 transitions
Places with tokens: 1 (3911) 2 (5394) 3 (442) 4 (5988) 5 (9329) 6 (4522) 7 (5921) 8 (8228) 9 (5414) 10 (467) 11 (3379) 12 (2476) 13 (4693) 14 (7052) 15 (5648) 16 (7723) 17 (5814) 18 (7251) 19 (690) 20 (8421) 21 (4024) 22 (2661) 23 (205) 24 (1452) 25 (7595) 26 (8743) 27 (1863) 28 (4206) 29 (3200) 30 (6837) 31 (1178) 32 (5776) 33 (462) 34 (5465) 35 (2776) 36 (4522) 37 (9942) 38 (7470) 39 (3247) 40 (9106) 41 (7992) 42 (2549) 43 (9165) 44 (269) 45 (3367) 46 (4056) 47 (6933) 48 (9187) 49 (7323) 50 (253) 51 (4194) 52 (9698) 53 (2102) 54 (8270) 55 (8220) 56 (1478) 57 (2922) 58 (934) 59 (121) 60 (7880) 61 (8184) 62 (6894) 63 (6725) 64 (8020) 65 (2764) 66 (3290) 67 (5749) 68 (4960) 69 (5511) 70 (6749) 71 (121) 72 (1242) 73 (7532) 74 (3684) 75 (128) 76 (6593) 77 (864) 78 (2418) 79 (1120) 80 (6551) 81 (9452) 82 (5191) 83 (5430) 84 (4852) 85 (2244) 86 (8294) 87 (5627) 88 (9870) 89 (749) 90 (1575) 91 (5000) 92 (9625) 93 (6395) 94 (4506) 95 (683) 96 (122) 97 (9608) 98 (6222) 99 (8266)

Case 4: dead after 402 transitions
Places with tokens: 91 (6)

Case 5: dead after 437 transitions
Places with tokens: 18 (1)

