Case 1: dead after 0 transitions
Places with tokens: 99 (6620)

Case 2: still live after 852 transitions
Places with tokens: 61 (1)

Case 3: still live after 158 transitions
Places with tokens: 1 (3561) 2 (1843) 3 (4325) 4 (398) 5 (1324) 6 (1620) 7 (2518) 8 (7378) 9 (3320) 10 (5227) 11 (6817) 12 (5714) 13 (1442) 14 (1593) 15 (5763) 16 (2503) 17 (933) 18 (7324) 19 (8290) 20 (4286) 21 (839) 22 (7525) 23 (1072) 24 (3792) 25 (2171) 26 (6694) 27 (8671) 28 (2742) 29 (3144) 30 (6446) 31 (6807) 32 (6540) 33 (3659) 34 (6824) 35 (8039) 36 (7526) 37 (5176) 38 (544) 39 (1432) 40 (7697) 41 (3255) 42 (5432) 43 (9352) 44 (8827) 45 (4685) 46 (1611) 47 (4454) 48 (5173) 49 (9623) 50 (4688) 51 (1449) 52 (3303) 53 (2190) 54 (8288) 55 (5301) 56 (7813) 57 (4200) 58 (2091) 59 (3360) 60 (5585) 61 (5851) 62 (9336) 63 (1394) 64 (754) 65 (1096) 66 (8892) 67 (3804) 68 (883) 69 (3189) 70 (8445) 71 (2443) 72 (1886) 73 (7259) 74 (231) 75 (3693) 76 (4683) 77 (6290) 78 (2926) 79 (2243) 80 (9251) 81 (121) 82 (7910) 83 (2743) 84 (3546) 85 (9578) 86 (5648) 87 (7328) 88 (781) 89 (3629) 90 (8725) 91 (1251) 92 (1928) 93 (8748) 94 (7447) 95 (1868) 96 (3723) 97 (1320) 98 (966) 99 (430)

Case 4: dead after 292 transitions
Places with tokens: 76 (4)

Case 5: dead after 617 transitions
Places with tokens: 40 (1)

