Case 1: dead after 0 transitions
Places with tokens: 99 (3994)

Case 2: still live after 51 transitions
Places with tokens: 90 (1)

Case 3: still live after 819 transitions
Places with tokens: 1 (5342) 2 (8263) 3 (3088) 4 (7959) 5 (8594) 6 (7486) 7 (77) 8 (1883) 9 (3059) 10 (2017) 11 (4036) 12 (779) 13 (3959) 14 (238) 15 (7273) 16 (1561) 17 (1396) 18 (2284) 19 (9333) 20 (6587) 21 (6347) 22 (6578) 23 (3193) 24 (5375) 25 (5586) 26 (4086) 27 (6402) 28 (140) 29 (4882) 30 (2978) 31 (1997) 32 (7370) 33 (2659) 34 (8827) 35 (9517) 36 (5269) 37 (5780) 38 (2564) 39 (1115) 40 (974) 41 (287) 42 (704) 43 (2926) 44 (2306) 45 (2396) 46 (1768) 47 (4091) 48 (7503) 49 (4645) 50 (188) 51 (8510) 52 (4293) 53 (1515) 54 (205) 55 (8778) 56 (9001) 57 (4679) 58 (314) 59 (3261) 60 (2592) 61 (6051) 62 (1049) 63 (1144) 64 (3241) 65 (922) 66 (7289) 67 (1293) 68 (6828) 69 (2300) 70 (4645) 71 (8889) 72 (3682) 73 (3495) 74 (2651) 75 (4421) 76 (388) 77 (5299) 78 (3230) 79 (7911) 80 (8201) 81 (812) 82 (7162) 83 (1295) 84 (5786) 85 (1494) 86 (1046) 87 (5183) 88 (1705) 89 (5772) 90 (6686) 91 (2329) 92 (2194) 93 (6137) 94 (17) 95 (4032) 96 (4128) 97 (2651) 98 (2584) 99 (9176)

Case 4: dead after 354 transitions
Places with tokens: 71 (6)

Case 5: dead after 219 transitions
Places with tokens: 96 (1)

