Case 1: dead after 0 transitions
Places with tokens: 99 (1770)

Case 2: still live after 723 transitions
Places with tokens: 93 (1)

Case 3: still live after 52 transitions
Places with tokens: 1 (4324) 2 (4841) 3 (7855) 4 (3247) 5 (1752) 6 (1232) 7 (2606) 8 (853) 9 (6751) 10 (912) 11 (2384) 12 (7945) 13 (497) 14 (625) 15 (7706) 16 (6927) 17 (6914) 18 (2195) 19 (2881) 20 (9337) 21 (6700) 22 (9517) 23 (12) 24 (1997) 25 (2349) 26 (5827) 27 (397) 28 (8392) 29 (5517) 30 (7005) 31 (242) 32 (6467) 33 (8003) 34 (1878) 35 (4455) 36 (7094) 37 (2936) 38 (7619) 39 (6702) 40 (7162) 41 (9420) 42 (1653) 43 (4561) 44 (5843) 45 (7399) 46 (1552) 47 (4391) 48 (910) 49 (4931) 50 (1564) 51 (8774) 52 (278) 53 (2120) 54 (7707) 55 (73) 56 (7358) 57 (4264) 58 (253) 59 (5106) 60 (5802) 61 (5965) 62 (5969) 63 (2336) 64 (3518) 65 (8927) 66 (29) 67 (5956) 68 (8124) 69 (5658) 70 (3967) 71 (2097) 72 (6472) 73 (1775) 74 (1109) 75 (7267) 76 (446) 77 (7626) 78 (2634) 79 (3617) 80 (8871) 81 (52) 82 (1250) 83 (517) 84 (9431) 85 (7322) 86 (536) 87 (8732) 88 (7066) 89 (8686) 90 (3717) 91 (1769) 92 (1649) 93 (7564) 94 (2084) 95 (3919) 96 (8647) 97 (448) 98 (1268) 99 (1855)

Case 4: dead after 196 transitions
Places with tokens: 2 (4)

Case 5: dead after 39 transitions
Places with tokens: 15 (1)

