Case 1: dead after 0 transitions
Places with tokens: 99 (1170)

Case 2: still live after 69 transitions
Places with tokens: 30 (1)

Case 3: still live after 827 transitions
Places with tokens: 1 (7821) 2 (1084) 3 (8848) 4 (2241) 5 (9282) 6 (2288) 7 (520) 8 (4780) 9 (7083) 10 (8841) 11 (9598) 12 (6131) 13 (6260) 14 (9556) 15 (2572) 16 (7646) 17 (535) 18 (7571) 19 (4746) 20 (9203) 21 (1599) 22 (5123) 23 (5379) 24 (253) 25 (7935) 26 (8812) 27 (9998) 28 (5692) 29 (5123) 30 (6840) 31 (11) 32 (1949) 33 (9543) 34 (88) 35 (188) 36 (8252) 37 (8039) 38 (2515) 39 (7702) 40 (7383) 41 (4215) 42 (5536) 43 (4184) 44 (2597) 45 (84) 46 (5687) 47 (8508) 48 (4374) 49 (522) 50 (9155) 51 (59) 52 (9852) 53 (9080) 54 (5274) 55 (6822) 56 (7979) 57 (9825) 58 (6384) 59 (3730) 60 (2781) 61 (1812) 62 (5704) 63 (6532) 64 (9946) 65 (4958) 66 (2781) 67 (9549) 68 (9094) 69 (5166) 70 (9216) 71 (9191) 72 (346) 73 (9802) 74 (1027) 75 (4369) 76 (4167) 77 (7344) 78 (5253) 79 (4600) 80 (5849) 81 (9551) 82 (559) 83 (1863) 84 (4249) 85 (6119) 86 (2655) 87 (9935) 88 (3381) 89 (8478) 90 (2) 91 (938) 92 (1828) 93 (7173) 94 (8) 95 (2989) 96 (1060) 97 (6698) 98 (4994) 99 (396)

Case 4: dead after 552 transitions
Places with tokens: 39 (8)

Case 5: dead after 149 transitions
Places with tokens: 50 (1)

