Case 1: dead after 0 transitions
Places with tokens: 99 (7778)

Case 2: still live after 44 transitions
Places with tokens: 67 (1)

Case 3: still live after 63 transitions
Places with tokens: 1 (5168) 2 (5817) 3 (4194) 4 (9823) 5 (605) 6 (2227) 7 (4303) 8 (2175) 9 (9110) 10 (3419) 11 (7219) 12 (5652) 13 (1031) 14 (4873) 15 (3921) 16 (530) 17 (6465) 18 (9455) 19 (5330) 20 (6163) 21 (5080) 22 (6895) 23 (5380) 24 (3478) 25 (7804) 26 (2425) 27 (85) 28 (3815) 29 (1643) 30 (35) 31 (977) 32 (5234) 33 (6996) 34 (9487) 35 (3080) 36 (1218) 37 (2415) 38 (647) 39 (3668) 40 (9983) 41 (5708) 42 (4668) 43 (249) 44 (7592) 45 (3129) 46 (287) 47 (3421) 48 (508) 49 (295) 50 (319) 51 (890) 52 (623) 53 (1199) 54 (4645) 55 (6594) 56 (7291) 57 (8961) 58 (5661) 59 (163) 60 (5589) 61 (7918) 62 (1878) 63 (3867) 64 (866) 65 (8535) 66 (9818) 67 (3533) 68 (4330) 69 (900) 70 (1874) 71 (8884) 72 (8044) 73 (2586) 74 (260) 75 (7464) 76 (3634) 77 (2327) 78 (8319) 79 (1615) 80 (757) 81 (6399) 82 (633) 83 (4822) 84 (6868) 85 (5117) 86 (1238) 87 (1343) 88 (3250) 89 (1586) 90 (1852) 91 (2685) 92 (6094) 93 (3201) 94 (6629) 95 (7598) 96 (2502) 97 (5407) 98 (5364) 99 (2553)

Case 4: dead after 40 transitions
Places with tokens: 84 (8)

Case 5: dead after 365 transitions
Places with tokens: 70 (1)

