Case 1: dead after 0 transitions
Places with tokens: 99 (2029)

Case 2: still live after 913 transitions
Places with tokens: 63 (1)

Case 3: still live after 356 transitions
Places with tokens: 1 (1906) 2 (1336) 3 (8978) 4 (5812) 5 (5296) 6 (2087) 7 (1233) 8 (3554) 9 (428) 10 (8712) 11 (3349) 12 (430) 13 (391) 14 (1826) 15 (3022) 16 (1572) 17 (3191) 18 (5706) 19 (9336) 20 (3740) 21 (2885) 22 (6652) 23 (9474) 24 (1839) 25 (729) 26 (7676) 27 (9358) 28 (6839) 29 (9970) 30 (157) 31 (1093) 32 (710) 33 (235) 34 (6866) 35 (4589) 36 (5882) 37 (9226) 38 (1635) 39 (5597) 40 (991) 41 (1274) 42 (7586) 43 (479) 44 (9366) 45 (2139) 46 (9359) 47 (7639) 48 (8613) 49 (3273) 50 (9113) 51 (836) 52 (2670) 53 (4043) 54 (2022) 55 (5557) 56 (1029) 57 (1116) 58 (756) 59 (2606) 60 (6300) 61 (8591) 62 (2352) 63 (3739) 64 (1009) 65 (831) 66 (184) 67 (2612) 68 (5850) 69 (1429) 70 (6300) 71 (4177) 72 (7072) 73 (6141) 74 (3914) 75 (3920) 76 (2906) 77 (1787) 78 (3147) 79 (3189) 80 (8859) 81 (5738) 82 (439) 83 (3985) 84 (4271) 85 (6485) 86 (3952) 87 (3926) 88 (9601) 89 (2938) 90 (2302) 91 (4297) 92 (2753) 93 (2043) 94 (6023) 95 (1289) 96 (6917) 97 (1767) 98 (1873) 99 (3952)

Case 4: dead after 86 transitions
Places with tokens: 79 (1)

Case 5: dead after 462 transitions
Places with tokens: 4 (1)

