Case 1: dead after 0 transitions
Places with tokens: 99 (7278)

Case 2: still live after 68 transitions
Places with tokens: 9 (1)

Case 3: still live after 754 transitions
Places with tokens: 1 (3354) 2 (9881) 3 (611) 4 (6654) 5 (388) 6 (4768) 7 (5623) 8 (6317) 9 (9564) 10 (3835) 11 (5996) 12 (129) 13 (5657) 14 (7257) 15 (8385) 16 (11) 17 (5769) 18 (2589) 19 (7781) 20 (5686) 21 (3676) 22 (4365) 23 (4305) 24 (5820) 25 (7728) 26 (408) 27 (2409) 28 (2013) 29 (6828) 30 (2075) 31 (7444) 32 (156) 33 (2130) 34 (7942) 35 (7639) 36 (2234) 37 (206) 38 (9402) 39 (4776) 40 (311) 41 (9028) 42 (294) 43 (2194) 44 (1925) 45 (6489) 46 (2403) 47 (7269) 48 (6336) 49 (3456) 50 (9580) 51 (2096) 52 (4843) 53 (904) 54 (4034) 55 (2721) 56 (5085) 57 (516) 58 (1183) 59 (9579) 60 (9756) 61 (5371) 62 (202) 63 (8426) 64 (4744) 65 (2417) 66 (6650) 67 (8243) 68 (3739) 69 (7814) 70 (1822) 71 (7744) 72 (8144) 73 (4525) 74 (2155) 75 (9530) 76 (7202) 77 (5568) 78 (7816) 79 (9255) 80 (2710) 81 (8898) 82 (6199) 83 (535) 84 (5995) 85 (4581) 86 (5989) 87 (6618) 88 (5360) 89 (4685) 90 (100) 91 (7604) 92 (8471) 93 (3781) 94 (5910) 95 (3587) 96 (26) 97 (2625) 98 (8974) 99 (5104)

Case 4: dead after 36 transitions
Places with tokens: 97 (4)

Case 5: dead after 227 transitions
Places with tokens: 34 (1)

