Case 1: dead after 0 transitions
Places with tokens: 99 (2159)

Case 2: still live after 499 transitions
Places with tokens: 97 (1)

Case 3: still live after 509 transitions
Places with tokens: 1 (3268) 2 (3380) 3 (2684) 4 (9883) 5 (3400) 6 (5312) 7 (1758) 8 (1862) 9 (411) 10 (8097) 11 (7374) 12 (8701) 13 (1756) 14 (2634) 15 (2178) 16 (2017) 17 (6747) 18 (7656) 19 (356) 20 (197) 21 (3504) 22 (1509) 23 (4070) 24 (915) 25 (3805) 26 (3613) 27 (4870) 28 (2640) 29 (8193) 30 (9167) 31 (4738) 32 (4129) 33 (7759) 34 (2598) 35 (2173) 36 (494) 37 (8334) 38 (3129) 39 (1091) 40 (373) 41 (4770) 42 (912) 43 (7769) 44 (8962) 45 (5323) 46 (7112) 47 (1304) 48 (7581) 49 (2124) 50 (5128) 51 (2972) 52 (4997) 53 (702) 54 (6965) 55 (7192) 56 (7324) 57 (9446) 58 (419) 59 (4860) 60 (1731) 61 (7509) 62 (8605) 63 (7450) 64 (8008) 65 (1423) 66 (6583) 67 (4341) 68 (7676) 69 (5263) 70 (5985) 71 (8843) 72 (4090) 73 (7208) 74 (1791) 75 (6613) 76 (7653) 77 (8430) 78 (5079) 79 (860) 80 (1937) 81 (711) 82 (4042) 83 (2334) 84 (805) 85 (684) 86 (5575) 87 (177) 88 (623) 89 (2212) 90 (6941) 91 (3512) 92 (7400) 93 (6019) 94 (5823) 95 (1812) 96 (8121) 97 (1758) 98 (9965) 99 (6252)

Case 4: dead after 525 transitions
Places with tokens: 2 (7)

Case 5: dead after 441 transitions
Places with tokens: 29 (1)

