Case 1: dead after 0 transitions
Places with tokens: 99 (7811)

Case 2: still live after 877 transitions
Places with tokens: 98 (1)

Case 3: still live after 414 transitions
Places with tokens: 1 (7246) 2 (2059) 3 (4220) 4 (3888) 5 (7101) 6 (4998) 7 (1889) 8 (9696) 9 (2704) 10 (1766) 11 (4578) 12 (1014) 13 (6294) 14 (2528) 15 (9059) 16 (7921) 17 (2639) 18 (8800) 19 (5408) 20 (294) 21 (1779) 22 (5088) 23 (1994) 24 (8029) 25 (7972) 26 (9756) 27 (3758) 28 (4732) 29 (1665) 30 (835) 31 (2892) 32 (5992) 33 (8141) 34 (400) 35 (709) 36 (7625) 37 (1967) 38 (5705) 39 (7878) 40 (558) 41 (7515) 42 (8568) 43 (6533) 44 (7105) 45 (833) 46 (8697) 47 (3754) 48 (5484) 49 (8676) 50 (2627) 51 (560) 52 (1612) 53 (8734) 54 (5034) 55 (1436) 56 (2260) 57 (2114) 58 (4708) 59 (61) 60 (933) 61 (3650) 62 (9643) 63 (3668) 64 (1613) 65 (3234) 66 (7362) 67 (6614) 68 (7726) 69 (4989) 70 (1276) 71 (47) 72 (3345) 73 (8550) 74 (5609) 75 (2106) 76 (8890) 77 (7585) 78 (4802) 79 (2302) 80 (6030) 81 (7044) 82 (9463) 83 (3291) 84 (6978) 85 (3192) 86 (8439) 87 (2598) 88 (581) 89 (84) 90 (2032) 91 (1521) 92 (5921) 93 (1596) 94 (392) 95 (6382) 96 (5374) 97 (6517) 98 (7467) 99 (7189)

Case 4: dead after 115 transitions
Places with tokens: 2 (5)

Case 5: dead after 432 transitions
Places with tokens: 42 (1)

