Case 1: dead after 0 transitions
Places with tokens: 99 (3028)

Case 2: still live after 558 transitions
Places with tokens: 76 (1)

Case 3: still live after 749 transitions
Places with tokens: 1 (2830) 2 (7058) 3 (2464) 4 (6980) 5 (3034) 6 (3812) 7 (5222) 8 (8303) 9 (3857) 10 (232) 11 (7363) 12 (4111) 13 (6160) 14 (9986) 15 (8264) 16 (4719) 17 (481) 18 (6779) 19 (4050) 20 (7241) 21 (3433) 22 (2220) 23 (5119) 24 (2693) 25 (5395) 26 (5578) 27 (3312) 28 (4060) 29 (3965) 30 (9416) 31 (3567) 32 (6738) 33 (9169) 34 (6601) 35 (9747) 36 (1524) 37 (5080) 38 (9942) 39 (3665) 40 (4798) 41 (6410) 42 (9487) 43 (6213) 44 (992) 45 (3688) 46 (3653) 47 (850) 48 (5538) 49 (1725) 50 (279) 51 (7286) 52 (5989) 53 (6674) 54 (9499) 55 (4833) 56 (5052) 57 (4082) 58 (8192) 59 (9128) 60 (4459) 61 (462) 62 (2529) 63 (901) 64 (8959) 65 (2033) 66 (9468) 67 (5601) 68 (6414) 69 (1286) 70 (2452) 71 (6997) 72 (688) 73 (9657) 74 (7877) 75 (4637) 76 (8222) 77 (8491) 78 (9286) 79 (6607) 80 (74) 81 (5514) 82 (6755) 83 (4234) 84 (143) 85 (5760) 86 (4123) 87 (641) 88 (2602) 89 (2315) 90 (7703) 91 (2554) 92 (4346) 93 (4301) 94 (6813) 95 (8515) 96 (6820) 97 (8533) 98 (8052) 99 (3813)

Case 4: dead after 396 transitions
Places with tokens: 34 (9)

Case 5: dead after 279 transitions
Places with tokens: 15 (1)

