93 30
587 -685 36 852 603 -576 356 -483 266 505 89 -441 -334 624 -685 -688 903 232 -397 653 -368 -608 -72 170 -75 -38 217 82 713 482 
810 526 -998 -261 -167 -288 295 315 824 -125 497 714 -480 763 -427 -489 -45 435 616 908 835 327 -780 -877 -942 990 -109 -231 457 -243 
-391 -798 621 -792 -858 -179 622 457 -564 617 -526 -634 767 -120 -206 159 443 -189 -253 -59 586 -33 -248 129 853 190 -74 292 -982 872 
616 410 896 -308 916 -939 503 -430 269 -9 435 835 683 432 -517 971 504 -71 540 -147 -261 -353 -444 455 -437 -283 -548 -904 748 -845 
421 -336 -450 131 38 359 199 462 916 609 -67 -974 420 -529 -263 -137 461 -503 -696 66 -542 -644 196 185 750 -498 -622 553 656 -726 
-579 84 -151 8 483 511 452 235 958 -629 -842 802 -394 705 -154 -345 -859 -428 158 748 -548 -238 -494 968 -172 379 -271 780 -857 -235 
-566 -454 -945 399 -767 152 -65 -427 -350 -879 -334 -364 -588 861 880 446 658 -557 -152 -177 -330 -372 -502 945 -905 -967 -668 -899 -235 -729 
-672 -477 -526 738 -20 76 -397 120 26 -82 -137 -864 -295 -544 967 -725 -284 399 591 -647 329 768 268 -721 -100 -954 -649 56 -915 -890 
465 -263 -457 730 559 297 -261 675 168 481 -756 -654 -117 -831 -788 920 -713 -621 -168 -547 -362 -701 431 910 -135 -305 -359 -998 426 236 
-555 -176 382 -982 995 257 -343 -632 -445 -821 -457 346 606 393 760 -502 772 469 475 -482 -379 767 -418 425 292 643 -523 643 -696 -282 
265 -531 -779 -527 -61 -736 -580 17 -167 -442 174 -147 216 -324 262 330 564 -667 647 893 43 114 -765 -529 464 -271 959 709 -169 740 
-157 -400 -932 -956 -330 177 201 405 -311 -878 407 331 483 -846 853 205 429 -529 391 -422 623 -360 145 137 -37 -109 116 213 -537 973 
759 841 737 -672 -406 -824 799 -822 -825 448 -28 188 -581 -848 122 -881 -781 215 924 -674 -870 -705 162 -256 -894 -133 -845 -300 625 -964 
-714 -349 270 -582 -630 -752 -676 -687 295 835 742 -54 -428 -666 -229 108 -53 -321 797 -702 857 144 388 14 -822 123 -407 126 997 -534 
-129 751 -877 846 -988 720 886 -954 -935 -472 -936 -909 -114 761 -911 649 -910 519 494 345 169 -108 -754 445 -129 -114 798 51 -21 -948 
807 -435 -776 373 -346 -984 272 -463 333 -692 346 356 457 -685 838 -696 -44 -274 -746 -135 -485 516 -673 679 866 716 0 -472 134 686 
515 93 899 805 -623 -154 -297 -729 747 743 55 424 -746 -275 578 -309 631 -708 739 -341 -65 -213 -486 713 904 -813 -372 -281 993 -749 
746 772 -681 -761 -976 -967 -251 42 -849 -460 -228 -246 765 -478 902 -437 -789 291 -760 -241 535 -952 135 852 -93 -192 940 -50 -954 180 
90 -473 642 -289 223 -204 -75 834 -918 -470 484 871 92 529 -299 164 658 887 588 -926 50 -488 40 927 35 861 94 -671 -350 -110 
391 -436 787 -243 -186 486 164 843 252 760 72 -499 -753 -265 -909 -892 776 485 913 -520 925 -414 -916 -561 319 -634 382 236 692 -381 
-413 -602 -393 839 -94 -501 702 -32 718 -923 716 -365 744 379 -104 654 792 -693 895 -948 -148 983 -346 489 239 973 -270 -57 477 -901 
-5 -320 246 -285 -834 477 226 -453 194 150 -364 201 861 -981 146 749 -664 802 -605 -977 864 -62 -854 -502 -113 336 -413 -375 -998 200 
-421 498 -948 -674 532 624 -860 -315 -919 85 -838 -160 543 -769 295 -329 813 890 453 476 -258 -73 -443 255 -204 -404 -512 31 607 683 
928 418 -962 -825 -640 566 453 -779 737 872 -401 224 926 806 6 -273 -238 -608 -158 -758 -647 324 -690 -229 676 779 -479 930 769 -403 
-117 -20 -101 -388 -306 804 -675 224 192 -86 157 254 -370 772 23 95 -302 -670 -698 718 584 -826 -646 -654 -546 -380 759 -675 602 -74 
955 180 944 195 370 -160 -124 -783 413 244 -659 120 272 15 -421 697 203 180 699 -545 556 921 -584 -251 690 -34 468 -455 -59 -786 
-425 -833 -444 42 -42 -984 -833 -412 776 -828 -537 457 -635 -362 482 -461 -351 -568 -333 -882 -504 -865 -6 -759 -263 -273 -888 -113 56 466 
-810 967 -769 -139 -234 568 964 980 -823 385 1 -105 834 280 -864 -260 556 786 757 -968 600 851 -783 104 -311 725 -796 493 820 -226 
-509 -153 305 605 -310 -15 455 726 179 398 120 -273 24 -767 -968 -215 -299 547 324 -621 -846 321 96 -325 400 -748 546 -681 33 -106 
925 339 -708 465 688 -805 -975 602 481 140 459 894 -684 614 804 -965 848 -604 -787 258 -13 -785 -194 444 773 -992 218 -293 763 -459 
695 -526 829 950 -451 -361 -966 232 -596 -456 -550 785 531 636 917 13 -210 -228 -14 657 0 -686 -958 462 -991 -688 158 152 490 -557 
446 -120 -81 169 75 -674 59 -766 407 715 946 500 348 526 835 -127 -93 -834 525 -388 -634 695 -971 -999 119 -280 548 229 531 -3 
-795 214 225 792 992 -620 959 309 960 425 -529 -83 -132 -380 446 812 148 -604 870 -721 -726 419 -108 -704 676 -847 -388 629 -769 -573 
-149 549 998 316 -898 -996 691 666 -543 -143 100 468 955 -922 -894 755 696 209 -578 -226 -314 -935 93 -550 148 130 -810 913 -648 796 
-343 67 64 -760 -397 -341 139 446 -417 516 -934 283 431 395 -351 174 -613 -858 498 -827 248 421 139 -492 -707 424 702 918 995 -30 
-605 -666 683 -228 -439 784 -764 -371 770 852 -739 -887 656 -213 -920 -217 -518 -547 463 487 -764 -718 -373 -701 542 -745 -253 -10 571 36 
-78 -677 -300 91 188 791 -50 -684 -318 -775 490 -841 340 801 620 -311 279 -945 -322 362 343 -115 -26 462 -33 144 37 -468 -954 955 
-15 -253 908 -716 -171 419 613 603 -713 91 -331 -8 -373 -961 -307 -380 -202 124 -27 -821 -170 623 -405 897 -704 994 779 -461 -327 761 
879 -177 393 -99 -936 -58 -131 -362 350 80 844 -50 564 481 -659 -333 -16 539 -521 -579 442 -636 824 -542 274 9 -70 -186 -713 -924 
259 103 885 26 -308 -536 -321 -537 276 -661 -114 -210 -122 -379 -856 -372 -840 -275 132 685 -299 -507 -323 -31 686 60 997 -896 -644 -558 
-948 -805 969 990 -735 -843 -240 -707 376 562 -894 316 -803 -2 -677 952 56 609 -92 -141 -382 -350 650 602 -761 -406 -34 -412 -901 523 
-497 286 578 112 -187 53 475 -729 159 596 -276 -740 479 -833 -716 -409 -668 142 -643 681 777 222 -591 419 -740 132 -65 152 354 -220 
-755 -460 745 -895 240 124 398 966 -470 -184 431 -300 931 895 580 925 -597 225 810 512 -721 411 -977 -762 -502 -329 453 -643 -626 402 
-399 498 -413 354 211 549 -177 -697 -837 -633 934 704 570 55 -924 578 -505 125 137 645 803 -729 -843 144 -497 995 -332 -218 60 667 
-357 -656 291 -281 -700 93 -58 848 518 -969 -154 -367 -551 8 -217 -541 952 -499 -159 -423 -441 -406 -887 -23 -729 -930 -865 924 -40 -711 
-872 39 -833 827 607 -453 121 46 728 890 158 6 -682 876 -72 728 494 -399 918 169 -166 55 -771 440 -14 -690 -994 623 -792 122 
206 -346 227 105 -686 -759 799 -570 -727 -36 275 -851 -786 -997 -717 -752 414 -442 343 521 -953 93 523 -927 -430 -216 -344 -464 -78 619 
-925 -810 493 808 -700 313 555 -939 -518 480 -228 991 -194 -16 799 -961 -491 -668 -191 -644 649 -621 -718 401 -678 -355 190 -383 33 -891 
218 -120 -314 -235 702 532 -189 303 306 228 -664 848 892 736 224 106 -263 745 -172 -14 201 673 -514 -778 208 -2 177 -477 -742 859 
-985 -233 -497 -224 59 -78 968 -620 -328 -238 -143 608 -127 -113 927 965 883 116 -349 529 -24 800 -993 222 605 -548 -183 -437 935 733 
734 895 945 -564 25 -245 809 4 452 -241 -757 267 -99 768 -562 757 -35 -855 350 966 -122 -657 217 871 667 -823 975 -181 276 -608 
-29 -271 65 -732 -617 -372 -561 575 151 -910 105 -690 100 -718 -223 -340 -491 -950 -881 897 -55 728 -839 988 -816 31 -124 109 -454 -804 
89 22 -737 777 -740 -318 -431 209 505 774 367 533 368 -169 -196 623 -541 477 -673 -138 989 775 -868 -175 -651 -961 -429 79 354 -721 
951 -890 706 -396 -846 -661 -186 305 -969 930 464 199 568 117 -992 -716 825 458 -133 490 36 -208 734 -206 -337 -661 -767 848 -325 -143 
-385 -119 -194 -93 980 -702 52 384 -984 -534 673 662 124 779 234 666 -718 93 -844 -390 258 -948 -691 946 538 363 -566 -68 -58 -616 
625 -597 657 802 408 585 874 -424 429 847 410 420 919 630 -764 217 909 -260 -66 841 470 -279 832 -711 -48 626 843 584 -443 -611 
316 -146 379 262 -960 -910 571 498 -710 -241 -875 -526 867 120 -127 -54 961 -471 201 866 571 -192 117 -147 428 875 71 -823 342 -509 
664 614 -166 -150 -269 -518 -187 722 -975 580 -996 -594 -188 -561 -789 -323 856 -694 794 -957 854 -922 -14 666 971 -113 -241 -438 136 910 
-938 -188 300 398 -920 437 -929 846 -649 -631 944 -41 -567 926 226 655 59 -101 402 61 712 -368 908 910 298 -449 -418 358 -288 412 
685 875 513 898 -777 -113 815 -474 -375 876 -17 95 258 -187 937 502 -297 842 -645 522 -504 -84 -973 -521 3 402 -116 296 -280 -612 
-184 267 -147 390 -305 101 642 575 -25 341 -552 826 133 -35 -659 -28 211 -834 -821 -616 994 -557 -125 928 994 81 611 28 -624 589 
-400 983 -994 -722 -160 -24 473 -603 518 -921 599 651 195 225 944 -102 -213 622 896 -274 887 -528 -567 253 185 271 973 -524 37 835 
732 -348 -579 273 91 910 -787 425 663 -5 -743 671 136 -1 820 569 585 -722 867 -935 -729 767 961 732 152 -528 -940 -991 733 -982 
-49 -466 635 -969 601 736 55 -830 -162 -735 -896 -274 181 -561 210 9 642 90 551 -815 -163 -274 257 488 -702 594 886 -683 346 -672 
986 603 -677 -122 787 269 -533 -260 521 914 714 760 -803 -346 897 126 -452 -847 581 524 291 92 -63 -620 -587 97 931 923 395 -606 
-427 994 -453 670 719 355 -547 -161 -901 239 -246 -762 137 -91 597 235 -76 -171 -178 608 -379 342 581 934 -681 -539 476 883 955 623 
0 -222 -980 -335 -359 -262 -459 -579 -848 -396 -207 -161 193 -681 3 -15 753 -378 232 -3 -655 701 810 289 452 40 -345 215 285 677 
-703 -203 -259 698 647 115 -868 -358 787 571 661 -108 -475 -266 615 412 -191 228 -168 895 308 -36 -467 769 333 -923 -808 201 -7 -221 
-606 -145 255 55 985 84 -834 -528 59 -13 291 967 547 -809 -977 -998 -493 318 345 -618 -669 -708 -448 -582 -23 -541 -332 618 650 -863 
437 945 688 106 -580 -725 -179 23 665 754 -434 -305 -52 -889 403 -314 696 -156 -2 -156 772 159 234 -713 -188 705 -786 -37 664 -601 
-606 -40 3 553 1 -35 751 -694 896 -468 -944 -672 510 -235 -746 404 845 952 -602 811 -913 -586 -918 -458 84 -793 -776 215 116 785 
465 342 -681 -985 -612 867 -963 -560 274 732 -885 90 -373 449 -685 206 73 54 744 -202 738 -423 416 460 100 484 682 -619 -700 533 
961 510 584 -131 -190 37 -426 502 907 155 844 -359 -827 569 -350 958 -348 -127 796 468 764 422 5 -300 -666 31 -520 -558 -685 -473 
-464 -941 208 729 -637 677 43 458 459 891 -636 279 -315 856 -745 305 381 -417 -774 -602 186 -904 594 -510 469 -443 -469 -586 -752 373 
-632 295 181 313 951 -118 -20 662 216 -129 385 426 336 523 85 -62 105 27 756 -596 988 -506 -168 -184 178 -942 -916 948 103 -791 
-814 -24 176 29 -839 -529 -609 186 -326 -8 -444 -901 450 -453 86 144 -604 720 -510 158 -304 156 995 647 927 -451 -749 108 -448 -743 
-447 -367 -248 914 404 -768 853 524 207 -832 52 802 5 822 660 582 -642 -756 107 -1000 667 818 -201 392 711 -573 727 415 574 -374 
491 -245 562 -860 697 -646 -564 104 850 122 416 -332 -444 733 -860 953 -687 210 2 938 0 -686 -549 -480 418 553 -529 946 88 342 
395 915 -732 68 146 269 -163 -263 751 -227 -506 -737 441 -930 -543 -303 952 -437 -688 537 -265 -353 460 -296 -853 -993 -646 965 787 -373 
-69 -311 289 48 -302 -294 -968 -671 123 471 -987 -936 -725 835 115 839 -909 38 762 420 -616 945 -8 -123 -296 944 386 647 -683 308 
348 -330 -458 322 -680 488 47 998 -180 250 -195 700 983 -576 199 544 -555 -554 162 372 -319 -547 99 -990 -694 675 -454 -685 -247 -959 
77 -384 -590 123 274 -393 -423 -605 562 -304 983 -33 730 303 -323 301 -44 749 776 212 -330 -413 774 -484 -152 -106 392 -367 -133 -167 
-840 180 9 -193 -292 -189 312 417 940 90 -61 -97 -63 729 346 -566 366 999 -551 929 -604 -1000 519 -230 -800 -836 399 -892 -936 -344 
916 250 774 984 -223 -613 83 869 206 823 -456 -413 -678 -691 -799 95 165 211 -653 -409 797 917 464 -550 -627 514 840 -126 -960 819 
-686 959 -532 -946 -980 -394 -276 -950 783 -23 -962 -61 550 -935 -161 -976 -992 -599 532 -509 -60 -763 570 433 85 50 -736 915 902 -712 
-29 780 -689 -466 202 -996 -351 -715 -588 4 -537 -105 559 75 909 161 -166 977 -75 -401 -611 -830 24 -137 551 781 -534 -935 -408 37 
81 277 913 631 -905 221 -904 829 366 797 848 419 -349 -72 -487 585 598 -91 563 -248 -71 -118 281 344 967 487 508 -848 -776 838 
285 448 -670 801 960 -868 577 -363 -275 -7 -566 6 24 -722 -948 -76 547 19 313 -964 803 -484 -828 289 816 76 394 124 657 -908 
-618 722 408 987 160 -411 265 626 614 -290 -271 232 910 9 -620 -548 10 273 -393 433 845 -34 -992 -441 445 -596 -565 -761 -743 -50 
894 799 605 -317 319 927 340 760 -875 115 -67 910 -884 482 -895 61 -196 -602 276 217 236 -611 -294 -716 -381 591 -820 -412 176 -95 
-773 -698 -133 58 196 931 -20 -652 -571 -638 586 949 671 -977 -42 719 -180 -885 169 -236 -525 3 -422 414 969 -267 -11 605 -549 48 
681 -350 -695 -21 -95 -227 -363 -710 949 -238 476 -628 609 833 372 -88 -73 118 183 281 561 478 638 728 -391 -693 962 57 988 -983 
-497 536 -884 18 443 -826 86 -801 277 -642 -380 721 321 461 -93 -641 -317 450 759 128 809 369 -19 123 974 494 -398 605 -964 89 
30 4
363 691 -187 323 
-407 919 541 403 
-982 -354 -487 447 
744 -405 -771 407 
-761 964 -413 -210 
165 107 -885 950 
-828 795 255 -37 
812 -432 -340 766 
763 76 -978 133 
926 40 -101 -399 
-44 376 514 -512 
-912 -814 -331 948 
-464 448 -411 724 
-83 -492 414 434 
-318 588 739 -67 
-65 -42 -6 295 
-544 -939 -453 -950 
-230 -636 -11 102 
166 42 -174 398 
514 239 -228 660 
435 -529 32 -974 
271 -531 -142 315 
-405 -983 -15 48 
-512 -139 12 -809 
339 -12 -379 106 
453 708 -747 316 
616 861 -704 897 
-716 458 -614 46 
8 -152 -502 62 
-75 -67 735 759 
