88 77
-735 808 -889 672 870 531 -449 110 777 228 -461 194 398 637 -628 -815 954 5 835 77 -896 -963 133 -945 909 -796 154 -973 -859 649 -397 -828 -291 -273 787 827 827 -490 -256 658 -245 -729 186 861 -925 -16 -901 -709 857 161 862 -872 516 -170 501 535 880 662 -314 192 421 -245 886 -44 -294 307 201 -88 23 -554 -344 -31 72 937 -652 -403 -679 
-381 986 -621 -274 382 440 155 593 -64 -689 624 -478 -310 -87 -331 474 481 124 -954 864 843 -576 209 -192 -132 894 485 -167 802 490 970 -538 -786 978 737 -881 484 151 668 833 -636 107 -351 -261 -230 427 -196 -614 -942 -880 -765 -841 -399 17 158 -176 192 171 -810 -491 410 867 172 579 -744 -37 733 662 -517 -701 805 -54 170 306 19 35 -420 
614 172 926 840 -456 162 -600 -885 -669 -107 -915 -582 374 -854 403 344 -776 92 -568 -805 -68 512 -422 666 517 398 326 -935 732 -83 -254 537 879 -259 79 -7 -756 -757 457 -574 511 -288 129 -799 -968 -805 -115 -378 864 -687 -770 989 -946 -702 -78 -710 693 509 -885 -885 -384 -393 -192 -440 -879 -824 -653 -658 -59 742 -429 -995 188 -394 -62 783 -920 
256 154 -934 117 -189 -69 23 -632 89 -648 883 506 60 371 -730 599 -103 454 -925 -671 68 -156 831 763 -68 814 902 -445 -272 -822 -710 -673 -974 546 701 28 795 -823 -431 -141 -33 819 -595 -643 434 901 67 -808 908 -182 -528 -550 937 -264 -476 -987 164 -445 595 -708 693 32 -565 757 280 924 55 -257 96 -946 -286 614 -213 411 -608 741 -56 
729 698 -452 -697 -970 -583 -14 464 105 69 -900 -666 296 -931 -130 -723 828 122 225 570 754 -609 -874 -454 -828 436 -870 -746 -488 -956 107 597 791 -829 -470 -942 656 772 -303 560 477 -231 -393 651 839 44 -446 417 -586 -466 -468 64 635 -289 -168 66 -718 -403 -921 -921 642 368 230 -975 -457 -315 -661 -538 258 -791 -96 -239 -98 -487 -241 -598 118 
-488 -673 -489 550 -719 -419 403 160 285 -690 575 -112 -122 -764 822 81 -195 143 629 -415 -278 583 -422 530 -702 647 299 -429 77 187 -885 -401 200 270 122 -252 553 -83 842 -409 -414 -272 153 -59 151 -678 -181 -755 -397 -866 -105 -195 952 -955 550 -230 -283 525 871 -572 -643 164 167 -887 38 182 735 200 431 -205 414 489 -874 -651 808 843 -664 
928 -49 -850 -326 -950 545 -765 -136 381 835 -431 -724 395 -435 -135 369 834 -987 -677 -8 -880 -464 -918 -885 808 230 14 -384 -843 245 -23 -991 287 -823 877 505 460 -773 -341 -399 -344 663 -113 589 904 -605 490 944 -948 349 -273 231 3 -364 -749 -843 723 410 -609 42 -839 791 -57 329 -962 769 -432 250 -741 748 78 125 574 -419 -21 241 957 
307 127 -892 10 -281 -580 731 168 -461 313 228 -50 -78 -558 -646 697 775 -978 -119 998 -224 -495 99 -400 -388 -366 818 -985 -790 239 -913 482 -524 -720 467 -154 -788 -438 -868 279 982 325 -879 302 -953 592 777 284 -852 708 297 -145 -675 -506 749 -110 -749 528 -582 -39 -280 -878 -47 -802 702 -795 982 -203 227 145 113 791 -140 -976 -252 -531 -928 
-670 735 -693 94 -750 -367 -832 320 -519 -672 -438 -742 -895 -757 -657 -946 380 -371 313 714 -393 500 50 -523 297 -141 -351 229 128 -859 83 -635 -257 -76 -131 -811 -960 -471 -559 -254 -528 4 608 -312 -309 -499 959 5 438 716 364 -529 -132 -777 659 681 -326 986 -180 610 -657 -548 647 606 750 -225 -133 938 759 744 -181 -870 309 448 -261 757 -168 
-710 -751 371 -522 -522 607 790 125 -763 -912 407 -467 -850 65 914 52 417 -462 788 105 -6 -547 308 -771 -73 86 -688 431 765 995 -390 751 -711 831 803 -715 -13 89 485 963 215 -558 535 -504 743 167 -483 86 427 76 -321 -377 -53 570 -341 27 -690 665 445 -891 868 -94 -451 -808 833 958 490 779 -486 -349 -234 180 -747 465 722 484 -340 
167 956 31 227 220 357 -976 -421 -581 280 -822 549 -611 -312 -319 634 -979 -887 42 75 -471 402 -591 -395 389 769 -742 -505 -924 -65 -982 999 -871 694 918 449 -198 -784 -212 33 759 690 -847 -652 730 585 -918 -86 687 -541 -289 -177 -923 354 989 538 -346 -676 -805 -491 68 454 -784 126 -92 -109 -541 541 831 727 530 -809 70 33 -361 66 -665 
152 -616 59 -498 981 -482 5 317 -830 633 -206 590 -575 369 -554 -824 -128 496 -86 385 635 -882 -625 -813 -397 -835 -797 -606 -82 310 -583 956 254 883 692 -142 -538 767 -636 -169 523 -645 661 902 -473 211 579 -295 -444 176 435 -73 -825 -961 638 925 939 738 191 -207 -657 -715 767 290 834 83 -594 404 -385 -22 837 -389 628 701 -374 246 -521 
297 68 -562 954 106 -432 463 686 350 -557 742 71 -406 -223 587 -225 -868 -467 -95 77 480 -703 812 615 119 -591 -942 -523 -954 683 -395 -408 -581 -575 496 59 964 859 176 -423 -605 486 -27 415 909 -446 889 -397 -365 -677 -992 -986 -525 661 -223 -970 143 253 212 -858 669 558 -548 802 -111 514 -57 174 -664 890 -957 110 -570 47 595 700 995 
153 67 149 562 560 984 -779 994 834 -213 -108 -88 -940 -248 -992 380 -516 50 45 -605 -146 714 -853 797 -250 527 -216 0 -634 -472 197 -75 -592 -256 124 593 790 -143 -414 102 655 356 858 811 13 -233 235 -950 429 -544 882 -855 783 -79 907 827 727 -579 -516 23 194 27 -510 -327 -579 -360 -527 -72 -557 -479 310 -840 629 -286 351 -96 -961 
-248 61 223 -903 446 -664 795 59 -218 -844 970 -620 -763 -668 -60 -291 -476 940 281 -503 661 298 447 -928 51 600 126 604 189 -117 -528 -973 -924 -960 435 -73 -109 360 449 27 686 145 370 -761 -722 71 -592 973 -371 522 -149 -20 -196 866 478 -187 925 -720 -670 92 830 967 241 913 -717 731 126 400 615 297 195 150 436 -265 -533 870 -127 
909 225 -133 -181 452 857 -818 792 -866 333 457 -504 183 -374 877 -756 -262 157 -175 -212 -458 -968 -339 3 723 -198 246 -530 -736 605 -726 -859 -785 -751 158 -551 -205 -167 150 -865 -472 773 150 523 -780 240 -522 -704 796 -853 171 951 -806 489 -573 463 606 -980 785 100 451 -880 491 691 820 711 736 812 -610 917 -563 137 327 -228 386 -593 -385 
-5 689 -894 -330 -414 550 -531 414 -566 -915 -574 -157 818 592 -417 -744 -211 -239 690 180 -406 -393 847 -611 308 332 -641 -189 524 -682 -277 368 -221 -268 -647 815 300 -852 982 779 865 -942 -187 -439 -155 75 -953 488 378 -637 -437 215 100 -868 360 25 574 393 -615 -347 -565 -854 152 -208 -688 -360 206 -385 96 499 -999 407 -617 -727 640 744 731 
-934 259 730 560 10 -10 774 876 -441 335 -696 -421 -388 -178 452 595 -971 -915 278 -87 644 392 846 -538 -204 -785 -804 -347 91 873 377 -674 213 -836 646 72 990 442 -600 -982 256 397 -683 323 -977 -697 504 74 -591 -749 -5 -264 -286 896 53 102 582 -49 -878 -527 -320 -725 -701 -75 51 -423 677 712 487 -816 -970 -394 175 42 -843 -898 392 
251 -966 -70 148 786 -810 996 88 958 -901 472 -13 642 239 405 -592 -68 350 -728 -995 723 110 650 493 -33 -937 936 155 477 2 580 225 -189 -576 -870 -537 769 -113 -186 -257 -391 -615 708 -207 -800 -387 -89 915 -651 994 -370 -917 -767 -759 885 -264 336 291 984 157 479 -125 -51 992 454 757 626 -846 153 -578 -700 623 905 -602 -606 905 -128 
388 753 -960 429 -72 641 181 380 -321 -288 143 858 738 -290 -738 -696 -960 305 205 -323 -194 -646 -787 993 -788 471 -288 -73 -374 -902 579 315 -518 -710 896 -275 471 232 -221 76 -121 -667 -549 358 -947 290 899 542 610 40 578 -304 -491 -838 -320 -174 -784 407 426 779 -51 836 -345 360 -567 250 -901 -580 -824 -757 -452 -360 -695 -293 -172 219 347 
-419 391 -804 704 -85 -906 -714 961 -118 482 -477 403 -979 452 -180 -824 840 -67 -288 -984 120 -999 -349 -782 -270 -326 568 734 698 -286 -685 661 421 -591 -792 -941 -784 704 -216 -277 98 668 -99 -645 -177 -249 -797 578 559 -276 714 -912 -706 -846 -887 -227 -267 -701 694 -980 -534 285 -461 193 -365 744 -373 417 -863 633 -291 281 -230 -826 -889 -798 391 
715 104 819 655 765 655 -184 -541 -851 759 -127 973 384 791 798 771 220 -651 -391 960 -459 140 836 -604 -695 446 518 -86 520 -981 -384 -101 776 -815 -508 -526 -88 -842 -88 671 -684 565 -217 -80 776 -490 777 -563 -599 689 965 114 -400 611 452 851 -584 98 775 923 346 -642 43 357 -666 -791 652 -658 373 -440 168 -949 -51 -470 -74 727 677 
441 679 -576 -486 526 -757 35 305 314 -825 -348 -835 -974 -906 -61 -589 506 781 -629 -708 886 515 -195 -292 -931 -383 -451 -383 447 -346 763 173 280 607 -780 679 -379 -571 874 159 391 231 321 721 454 138 91 -868 -985 669 615 292 257 226 -378 132 -4 442 -514 856 -405 16 610 -295 -868 137 -319 58 -242 -406 -770 -444 -606 923 -559 989 -747 
-197 652 509 540 -908 128 -524 -687 624 464 214 -866 -468 710 -295 583 -549 70 65 509 462 496 10 976 275 -615 -762 516 -436 428 374 695 146 -820 126 -318 -487 478 -811 911 -827 293 106 842 -611 974 942 970 -369 621 -531 562 -219 951 -834 -893 471 -94 -930 357 -687 298 791 469 -618 149 -9 -319 -364 -631 814 -142 106 -788 616 -39 -169 
-676 845 -355 -379 497 -587 84 -857 -368 127 -528 -194 273 -733 -308 -894 -333 887 359 191 -754 464 880 318 -663 -759 -477 277 77 -328 -334 -318 874 431 520 -588 -392 352 810 602 -511 533 719 -863 414 -65 865 -809 447 -723 -364 -587 -626 256 -665 -883 982 -980 -471 705 -576 786 542 -156 638 683 226 -540 -148 791 813 -936 -460 -312 983 -58 241 
296 -530 -871 150 -382 597 817 655 -800 207 747 504 -719 525 403 -227 -643 -651 535 930 395 724 846 340 -878 340 -24 -65 -529 657 936 882 -72 664 -977 -576 -2 -670 -901 424 -984 64 -608 935 349 951 245 860 674 -514 -718 -643 -746 997 649 -904 -375 -952 563 588 -572 -540 988 -87 -475 554 -942 677 313 946 -583 465 -992 -351 83 907 59 
270 334 869 841 -543 622 198 291 750 573 432 932 -767 128 -686 909 601 364 126 -328 -118 -808 685 891 45 325 -990 -865 811 -372 -883 978 667 166 -335 618 -520 -62 -505 203 -986 18 36 -742 598 -713 -775 -765 312 95 761 -232 -736 700 -175 331 -212 -698 -957 175 341 451 -141 -823 -811 -298 -602 -116 -360 -842 423 -42 310 81 -884 -987 -49 
-799 -967 462 -920 301 -957 639 261 163 -697 -29 359 -475 -772 326 136 -783 262 698 69 -939 365 105 668 -477 222 27 949 17 -672 -581 582 -427 281 613 721 335 642 691 305 711 393 649 197 -904 -555 -627 268 -99 -481 -917 866 524 79 -601 698 816 196 852 -964 11 776 -715 -656 187 -652 -478 -228 -292 448 -547 -533 783 -803 -58 -1 -951 
790 220 -552 -673 -44 148 -603 369 802 703 506 -635 -447 -857 163 -59 -451 378 40 -165 -561 -549 -671 860 -205 -891 -772 -637 -275 161 -212 112 -424 -342 -971 -672 -801 911 -730 -34 480 -855 277 346 493 813 945 -150 -587 -252 -892 926 899 937 -25 696 -763 -109 -757 283 207 356 309 404 -207 -703 -694 583 -297 -109 812 683 -961 -100 -397 -824 656 
814 -209 239 121 633 -372 -357 -936 484 855 743 540 -546 -495 848 -915 -923 866 -259 186 167 144 12 -941 343 447 510 -679 34 -821 118 675 -702 132 238 -126 -446 89 -54 -58 -364 -631 -239 -542 -192 949 -486 -978 381 -982 -365 -820 -347 -114 152 -611 564 -680 -559 917 -735 -587 -20 316 689 425 206 854 -777 -381 644 -394 368 -828 -865 654 -689 
-80 207 -646 292 582 -241 -818 723 -787 81 412 514 367 -677 635 -638 -181 -349 180 -622 -619 663 -305 -64 -15 -144 -578 930 480 248 -456 -556 634 -295 -55 338 -67 -520 -185 -231 -252 -574 216 -39 316 -763 -270 -483 -685 -974 -300 30 737 -942 707 -123 -868 -57 -873 -928 998 -892 -776 343 -54 -673 -973 15 -297 -906 -383 -2 988 -416 185 640 -619 
422 -92 -726 229 81 -862 -723 789 -235 956 813 875 879 58 -717 990 -581 774 191 -343 -294 -336 626 -450 -943 643 507 -931 -427 -697 256 805 278 88 -240 -470 -663 -408 -745 552 91 -47 401 -793 -814 845 18 207 -186 -278 598 -98 785 -248 -860 152 -478 628 -488 -930 648 154 -446 386 -563 -58 -471 825 161 -244 67 370 -967 -342 185 -9 -841 
-742 7 194 -148 812 -478 -238 -484 -749 -435 -787 801 -242 349 -824 450 154 476 180 -844 -713 715 -869 161 392 859 -691 -247 783 525 -732 -825 360 -56 -482 -442 4 44 956 467 -743 -123 694 436 968 706 210 -679 784 -762 -731 386 689 575 -360 -974 627 -27 990 -894 952 -331 -586 -311 47 31 -996 -421 -294 828 613 -785 162 324 -885 597 -358 
159 709 759 -878 794 218 544 -67 717 -121 523 885 -742 64 109 -227 -712 -716 629 -650 -30 36 259 -458 -38 964 -585 -809 -879 -749 379 76 -133 776 500 -151 62 -306 -332 483 636 -911 196 726 66 665 -527 -698 -432 -394 308 -937 -567 -515 406 -879 -883 -814 35 -66 -778 134 111 854 415 228 358 -290 -532 310 -968 -212 -283 -387 901 238 -283 
-511 838 -421 -349 214 813 649 366 15 989 961 -450 -905 -180 49 -919 -642 -489 -528 -333 -480 695 279 474 -755 -700 510 161 -28 39 -587 -198 -511 772 -908 -502 -119 -456 100 -88 -684 367 -896 -523 378 -407 22 659 -768 -3 643 447 -555 -817 -498 -559 697 830 -237 822 558 -911 3 -885 -591 4 -455 956 26 445 240 254 561 132 500 -374 -332 
-46 711 -117 631 377 293 395 -725 804 617 72 -110 912 -895 141 -62 76 896 254 248 493 323 227 -529 5 262 777 257 37 -681 -315 -532 -416 266 955 985 690 -433 -962 -615 -912 2 -263 305 -238 82 -19 552 -433 -956 252 -737 55 -440 -603 144 791 -580 -863 393 761 479 622 155 474 -327 41 910 368 58 -511 -440 875 560 842 446 -710 
-548 -976 -215 -558 -233 412 -963 -725 609 139 -314 -84 -661 -275 756 680 -186 -404 -951 -840 -181 46 351 539 -660 748 991 779 -437 -236 608 34 -343 -932 589 893 -319 8 107 -944 -265 781 -391 570 171 -329 -616 -438 -861 584 -659 -814 584 146 -956 -740 -561 -297 743 -966 -118 383 112 -703 -112 -198 -837 889 -229 582 -896 606 -816 3 528 187 -27 
69 109 872 254 -550 399 -751 -248 717 212 -486 -407 -406 56 111 -313 -685 533 240 -983 -734 -724 13 315 415 149 -546 -810 837 772 -953 -673 -176 -980 -694 -897 -54 696 -483 -829 -825 104 -787 724 -755 809 563 281 679 472 486 364 -612 -360 321 731 987 -382 359 432 202 -692 -492 419 -496 -771 646 -82 -592 -352 236 -479 903 759 -35 -265 903 
-478 -979 -504 -203 320 -181 1 -321 70 -514 -271 354 -322 -223 38 -629 -559 -292 567 -515 -361 678 -157 291 -226 968 -918 22 474 -461 281 401 124 -875 -468 -205 726 488 448 308 94 955 391 -532 -479 -443 351 -496 -278 -441 853 111 -589 577 -762 940 539 584 198 156 -664 -138 -604 -77 -817 595 958 -998 -638 -637 -95 -972 -423 -976 -908 -912 132 
-758 933 -655 272 -949 -508 925 -504 -785 -785 -717 -722 500 813 -335 -310 863 399 -923 -558 -768 100 -750 -309 550 -676 244 -673 -538 575 712 -785 72 559 294 -613 -974 763 48 335 -839 262 -96 736 -91 -297 -355 -328 -443 -478 -482 -18 -925 423 338 -566 313 105 415 791 -812 418 -966 570 -89 453 -666 2 -205 -684 32 928 -394 -77 -261 297 -382 
-755 -537 -327 -272 -251 328 -406 -220 992 -892 -666 -925 97 188 522 594 -972 558 715 -608 -945 -661 -771 55 326 165 530 -257 655 843 -784 -556 -891 -312 -890 -984 208 -599 943 780 165 -402 -72 492 362 -974 783 -312 877 222 -803 234 -747 -469 54 741 105 775 189 154 -640 858 -771 513 873 -839 -810 -474 -916 58 101 50 -97 -647 -761 844 -818 
-950 943 -513 -427 465 118 -610 688 -977 866 -363 -971 157 443 -415 -304 78 -359 -733 -129 687 610 -175 -65 -797 -221 414 -233 -579 -148 876 51 732 545 -914 20 766 -929 738 678 510 700 -929 306 576 385 12 229 -80 -68 -543 577 117 625 338 306 91 -670 -295 -620 -415 -161 -509 -317 128 -225 894 -46 -962 -561 -912 224 -654 -6 -852 -488 568 
602 801 -951 151 989 612 293 -270 -484 -49 493 636 281 -934 733 367 599 -711 -300 718 686 -906 -521 697 862 -592 615 -767 -172 819 288 -595 -997 250 -846 893 341 -893 -379 77 -949 18 473 332 33 489 -884 -211 -516 -969 16 -435 280 -818 764 199 -458 -407 49 228 691 813 336 -905 687 351 -470 152 156 -906 -936 -785 -443 515 -100 -204 625 
975 -584 -156 -824 -829 -546 855 661 -498 807 431 397 770 408 275 479 -64 -271 -82 380 22 -392 -943 9 38 886 -832 850 -120 -48 300 -958 835 889 796 608 -904 -715 -110 876 -593 209 555 -325 -74 -142 902 191 774 604 585 -6 -887 36 -912 -348 -54 487 -536 -693 715 715 700 -629 461 -681 877 -257 -885 303 -905 -154 792 403 -767 -887 -726 
-519 -939 -228 -777 -537 849 770 -369 -555 -387 -826 138 99 366 -440 -684 -969 971 -891 -747 -374 590 795 470 -557 13 -870 401 -349 -438 -530 -808 -429 -713 -195 -743 107 -802 -564 817 -619 352 839 -754 786 876 496 137 -581 -558 -72 -540 794 -359 540 -672 393 -226 -303 755 -181 -786 67 -248 -358 -299 -485 630 -63 88 -721 -234 139 -624 -146 -785 -324 
-968 332 868 -385 329 -629 641 639 772 -757 786 -711 -304 -77 453 66 -940 944 416 421 615 -3 -362 720 -986 -924 -426 464 -585 -236 996 -503 539 -764 284 -662 -264 390 -635 577 -72 -272 -365 715 380 823 -129 -545 -58 -68 -886 316 389 60 -577 -481 -94 -605 -39 -454 11 -480 -74 -655 909 -65 -70 -10 583 -189 278 88 557 -462 59 776 -150 
822 698 44 -262 -576 701 -745 39 -384 907 232 -270 -174 -888 562 900 -981 43 844 854 949 741 186 446 -600 574 -980 378 -455 -526 950 482 215 -68 -672 297 -701 962 78 932 -16 321 -878 655 220 138 -96 -900 493 541 -13 -643 -945 -187 526 20 797 293 -714 313 879 689 -530 -228 707 -112 563 -565 462 -928 -391 -442 356 442 -715 657 215 
311 -355 -182 -115 -380 -404 139 517 706 59 818 283 482 -372 784 922 207 552 -433 945 651 -627 776 841 -561 352 291 -362 -643 -887 -625 476 600 -929 -923 -525 23 97 888 -306 -859 279 544 -455 -499 -840 488 850 692 93 836 -854 -841 214 375 155 631 -437 -908 -933 466 134 -509 690 132 -545 790 -279 -194 -24 796 899 533 667 950 448 -978 
-480 -679 96 -727 -797 -797 5 -645 -394 561 380 145 179 -960 830 481 -828 -349 801 -733 518 -11 -748 -895 -677 -673 -228 -773 -849 -788 -40 29 254 -550 -117 469 212 340 -213 -736 -795 -370 -250 -364 -114 -127 213 -877 187 -456 -221 222 427 58 575 600 -944 -87 -561 957 108 89 -776 -717 -567 -987 460 496 663 111 -764 220 -37 150 -178 -8 517 
141 680 -273 899 522 -850 444 -667 268 64 748 929 -47 823 693 664 694 25 392 728 416 331 499 -221 -805 -569 -663 -336 657 -353 726 193 -947 -896 638 -299 513 -838 773 606 245 -961 853 757 -112 -902 -437 92 -437 18 738 949 -732 -977 85 -462 -607 -371 575 -307 -41 526 -187 -824 -599 229 278 743 -892 -608 -718 -707 -501 693 -7 -508 126 
-767 -379 -47 -720 572 -981 663 985 625 718 -405 -839 -275 901 -968 -705 -442 157 484 -599 974 385 -686 -291 903 -566 -342 359 394 -206 150 -957 -781 -915 718 -147 159 -294 -426 647 -56 -138 358 -229 -976 131 730 482 -371 55 811 549 132 471 -465 -318 -983 -379 716 576 613 -41 579 822 -695 -133 74 -358 -110 -344 218 374 -883 374 -853 383 -531 
-911 -564 -1000 -117 -966 -393 532 -98 -642 -412 -404 -853 -837 -371 256 766 273 691 545 -470 341 927 -642 -947 428 -805 -211 232 37 498 813 413 680 -140 137 -279 14 -1 623 -107 -48 491 594 -105 -155 -924 -146 -625 -10 766 -598 191 -491 -604 834 809 -802 705 -283 -528 -900 467 924 -920 -114 316 -387 -129 -388 -901 -18 -416 933 858 -514 -811 842 
185 945 -99 753 -84 714 -625 66 817 -978 -738 454 -988 486 -723 -798 486 5 869 702 -517 -581 244 -630 931 -647 -600 291 -325 118 -19 -973 -235 994 -317 -25 85 -391 659 -827 974 -6 851 461 -484 696 808 -321 275 928 588 -35 -200 -180 -383 531 -961 136 -363 100 -315 307 -522 199 606 -951 695 -382 50 -818 947 613 867 -291 961 26 914 
146 -679 -437 -302 -315 151 757 381 -488 253 -276 -585 -686 462 671 -464 -626 -856 -914 -515 45 -911 953 -583 -429 630 634 -56 -287 -385 805 732 -322 -441 511 140 -613 -357 541 97 -537 673 -721 963 993 987 -531 708 -628 -228 -656 90 808 -342 564 627 -194 -876 -820 -363 668 -522 231 868 562 -709 -590 -105 -196 -669 -210 956 913 -811 -781 107 -69 
198 661 441 -136 -358 -442 94 976 -934 348 489 -504 871 -412 594 359 -914 279 -720 -121 -691 844 12 -482 -188 287 -202 -467 368 -271 951 -295 -748 31 -585 -856 521 7 383 846 152 -24 -895 985 101 889 375 -774 -546 -227 762 -859 -573 -746 -780 -534 -599 -872 -473 -731 -662 -545 -417 546 -352 -93 838 246 -958 363 -169 -934 -835 -800 949 -951 -698 
-956 60 524 399 -222 -296 900 -744 311 229 -456 -488 -815 -121 -433 716 903 -228 -960 -640 -838 -18 936 -980 299 -548 -596 -544 -451 556 -497 -13 -293 410 -601 216 973 564 -325 -110 -617 -567 159 202 947 -273 -156 -322 -655 36 121 700 747 23 -745 -400 574 -216 -485 -678 166 61 -331 691 -840 631 -655 -463 -186 165 -509 218 463 -25 -855 -762 -859 
-299 556 -649 675 -960 614 925 623 -567 442 181 716 -190 -127 -302 -333 -334 833 -257 451 685 515 -60 70 -606 -428 919 6 -90 684 724 -656 338 -946 -272 -281 505 463 -373 -404 749 11 -812 110 194 372 -607 284 -62 -980 959 482 210 -123 871 52 -27 950 162 164 816 81 942 906 -530 803 -479 533 757 -36 877 253 873 976 69 602 -881 
493 623 794 741 990 -54 623 64 -177 -814 -616 -11 625 674 482 -820 528 809 -739 530 164 465 -973 -818 533 -916 23 311 -446 527 -261 -317 -396 -221 -252 -925 542 873 402 317 792 382 -998 58 -435 -96 198 706 33 656 -383 -220 -697 88 347 -693 705 831 -188 861 -535 58 -778 197 -112 -874 -221 -764 678 -909 -959 259 -583 131 387 700 241 
-605 -517 -150 27 -551 -740 -914 820 175 565 -124 905 -657 442 693 -531 720 917 189 -277 335 62 -880 -868 -415 -538 857 -854 440 330 -269 630 -588 -570 -20 760 796 -744 375 357 302 -857 384 373 483 676 -731 758 -250 -81 -61 299 -281 -915 -545 -87 522 -792 599 547 565 168 -968 -556 11 -399 -784 -98 -286 285 -826 288 300 11 777 -227 292 
-345 -41 795 -745 -819 -896 697 997 -584 -199 -235 631 -944 117 76 -204 548 385 131 -497 -589 590 -58 627 497 -923 191 -206 24 -90 -647 682 -931 -878 -219 -711 421 394 349 -238 -136 87 167 432 -59 795 541 667 -570 103 411 761 276 -113 488 598 -338 811 -552 663 199 927 480 204 382 558 652 -764 449 -102 575 -683 84 -465 569 -68 -273 
-767 -595 818 -682 98 -797 144 -227 -663 571 -668 91 -368 644 580 14 -884 -356 354 368 -174 -152 -31 841 -8 -954 535 -956 970 -543 932 -26 -289 -587 530 -739 -117 932 -963 869 389 -727 708 -895 -836 -902 705 -424 517 451 501 -115 856 545 152 -973 429 -213 0 -511 -719 520 -513 -365 -275 -963 -510 -846 -968 -474 -617 -235 172 -440 -289 -361 -137 
404 757 218 -381 -370 -115 332 -361 654 -528 -327 -753 246 167 -990 -742 486 982 893 -477 -739 27 -867 -509 -351 615 819 100 -943 -499 -827 -983 120 712 670 -644 -972 -78 118 -232 360 -126 -397 168 -81 133 -561 -545 -253 -16 557 -966 -739 -587 951 498 -531 -811 553 199 204 645 195 746 79 -429 891 -583 847 -565 801 433 279 -907 -969 -642 958 
401 225 -441 -730 -74 665 -136 564 -745 135 -337 -879 120 -49 779 96 351 42 -462 545 126 -535 -365 -827 -112 647 -341 835 -878 175 971 -133 884 -177 553 -775 192 -581 -858 283 106 757 657 246 -88 155 -166 -585 -300 -639 -359 358 -576 673 -640 -321 -614 -464 766 -348 -256 643 -394 -195 133 -463 -977 -718 -507 411 909 -582 -379 969 752 -11 -674 
471 -661 -41 716 576 744 21 -462 490 394 -75 673 -877 210 625 -1000 969 -921 -19 -659 448 -80 -918 -739 -769 723 857 -831 700 820 228 -782 -566 182 185 -706 -576 -475 -920 -437 -948 983 127 -100 -856 512 852 722 -613 -347 -973 -892 179 260 537 258 -671 -478 -928 454 725 -972 811 -372 205 3 -635 -797 184 569 -955 852 192 593 -219 -605 -121 
-978 467 -235 -480 -422 -841 -559 -798 355 294 729 153 -703 423 -645 61 -86 -140 690 -825 -343 195 691 -15 989 -299 85 669 -866 574 -640 -615 694 807 473 -543 -451 -751 221 -235 421 -261 -51 -227 -585 -379 392 107 78 229 31 128 -318 -582 805 961 264 32 -107 -597 504 -221 -135 565 -690 248 -248 981 710 984 -497 -571 -30 990 -253 727 766 
-733 262 503 -282 -489 -935 -224 598 -797 305 -670 241 61 -995 -989 -954 556 694 867 -48 -403 759 -732 957 -523 -784 -471 -654 -328 678 -290 -83 -455 -467 969 635 802 696 -704 -629 71 592 -149 530 -986 868 -965 -912 881 -32 283 371 -528 449 422 -902 -112 -537 -518 493 145 -916 347 -580 -705 -588 538 693 398 -378 -745 954 892 -294 -171 642 -383 
-45 -50 -130 -310 751 -650 -689 919 28 -988 -842 -431 989 782 956 272 -131 725 -493 -292 -716 17 588 403 -904 -82 -21 426 -442 647 616 103 -703 -79 -616 430 -790 -84 -581 -741 -272 997 679 -80 -822 703 341 -113 -573 -444 394 -902 404 -937 617 888 -903 475 294 -981 -227 -999 398 208 183 510 838 743 -775 675 -591 -684 806 -431 -650 532 -715 
293 -911 -908 -829 -448 -487 -641 -563 338 -862 -874 158 584 500 437 310 596 459 100 156 -260 352 -149 -987 565 824 -119 -458 -223 844 -953 -954 214 -759 -808 775 -718 -24 -956 -777 -644 -351 661 -926 -243 -661 -735 -694 -786 871 522 553 -205 -434 867 -266 601 -728 20 775 668 47 991 -234 908 435 -701 7 -223 879 -943 937 637 940 77 891 736 
-923 -793 304 722 74 651 -266 556 -967 486 -348 -888 -503 -773 -702 682 297 -219 157 -641 841 189 -181 -234 -697 957 235 315 637 -378 -783 -805 888 -145 -511 757 -196 -832 314 830 -713 62 -794 504 -461 807 -770 -812 -320 -816 642 -907 530 -787 490 135 -762 -414 343 768 -806 -185 -83 966 702 689 917 -495 630 255 -530 -414 849 529 244 659 -961 
32 948 -751 430 90 -786 488 -363 621 556 702 -571 742 194 -781 205 -550 647 807 894 4 -413 -3 254 832 -903 718 -848 -520 487 609 -765 142 -917 89 -470 505 -423 464 -404 -765 -422 211 -467 274 -169 -563 -211 517 -218 712 287 -14 -396 -495 909 -675 -812 588 378 555 -169 -375 664 -584 -404 -603 -821 22 538 947 -258 -920 140 332 724 -546 
-532 965 434 513 -973 528 -309 705 -753 918 -36 -644 918 -284 393 354 811 291 999 103 -833 252 27 425 -919 -517 -61 -317 617 -29 -908 370 -39 963 -540 -795 341 568 -407 -950 973 -333 -687 -874 -440 -452 275 -475 -933 39 438 420 -501 -570 -63 778 63 623 419 78 -358 -880 244 997 39 -400 251 795 -523 839 465 100 805 960 -475 963 -126 
462 -142 603 721 -690 -913 -380 857 -596 453 -431 516 -232 246 495 -666 -999 -837 -800 142 -414 -209 521 138 741 -5 -247 -752 -682 -607 539 411 529 -115 13 227 -145 -424 -606 992 36 -593 -363 -657 -676 -684 208 678 -696 355 -805 277 483 -568 -872 -339 139 -449 255 -858 572 -852 726 -20 -786 -916 995 -551 274 907 5 217 888 -761 -288 393 -218 
-411 -777 -927 804 -461 782 932 -373 -946 -208 -202 287 485 -721 270 634 -451 363 412 444 631 -555 428 640 911 612 331 -16 -555 568 617 939 161 -20 784 -954 883 -815 933 -335 -327 729 -836 443 133 -687 -944 -807 958 99 100 307 918 379 -157 -593 -517 952 927 739 -334 -59 -392 -859 657 265 795 965 -533 -788 -723 557 -398 -341 -904 951 743 
733 -202 480 566 247 155 -644 -447 -68 -520 810 889 -807 -148 729 292 -383 -98 43 -165 757 -119 -343 -573 22 -393 39 -481 733 721 -614 548 -965 965 39 -835 156 -518 -467 -640 -942 -400 854 -544 543 -485 762 164 -733 -94 -923 520 -57 -157 682 -957 200 969 696 169 -856 656 -980 994 66 904 -506 -389 -83 -456 480 843 899 -731 -835 -888 642 
-188 -193 571 -782 -564 524 369 280 -496 -239 -189 -854 -949 887 -103 820 -388 517 747 331 133 -986 360 -879 526 765 26 648 799 -394 -151 -295 430 991 15 -921 182 439 -132 192 -55 309 444 -620 182 284 -123 425 -978 238 149 -850 -188 -690 -532 -673 404 -885 -923 920 70 890 -741 -386 -686 370 218 -582 773 -578 -893 -857 37 -98 404 78 -366 
-896 -649 127 574 702 298 499 510 -361 -481 832 945 722 917 -83 -96 271 534 519 -569 1 882 -381 948 -310 -995 -204 -323 581 -700 -769 246 874 694 -707 51 893 -800 -62 -101 -664 -231 204 174 -294 912 -275 -232 -448 930 77 -922 259 625 -583 -152 930 -687 -912 -984 -991 -507 -512 571 -798 -423 -899 421 -45 385 914 -638 -487 2 -21 -862 -420 
-353 17 -236 -158 -696 -89 -266 288 814 -26 796 446 617 692 767 315 -211 -918 568 -527 506 -843 -482 729 292 -4 620 898 835 964 -90 -449 155 353 637 335 -658 -81 208 -143 -736 32 -250 -682 -132 -986 362 89 982 -334 -234 -387 -416 110 -877 -553 112 873 -896 -308 -750 -831 353 -709 218 181 74 462 797 731 -900 -35 -527 688 -226 -829 546 
-802 560 -987 -458 -285 941 -367 -717 -960 815 803 -49 -418 583 942 -935 872 -180 -135 -234 533 99 -729 -210 180 -271 236 -776 -306 414 -756 -733 -874 842 -698 391 52 -796 82 -165 -398 728 -345 -104 -714 -232 -992 -610 -910 -545 -736 246 328 914 -413 -729 -862 -792 -474 -323 -383 11 250 -521 -284 15 261 736 -308 -925 58 -624 -115 -282 554 19 264 
12 -437 475 -425 193 -56 786 839 893 313 -974 445 -792 -684 744 451 -609 516 -842 -446 376 -807 392 932 483 -496 874 714 -798 -251 840 -85 538 518 630 -418 458 985 -271 458 -484 -639 134 -788 122 317 -447 -998 -750 -622 952 -202 -755 26 -535 260 764 -628 -943 -817 852 110 559 760 748 169 -999 -895 468 -532 -595 697 440 -508 346 -247 133 
634 -320 735 156 -212 37 40 -267 -847 -262 980 357 695 94 -108 131 976 129 -329 -553 589 -437 870 -540 -904 -947 956 -40 776 408 -118 -14 833 -82 -534 -381 939 -810 -622 440 -107 211 -485 -585 280 679 -125 759 -624 180 -592 549 -375 659 342 469 -730 665 -550 -986 -472 967 456 -856 876 273 130 -974 102 785 -822 63 -274 -900 -285 -807 -984 
341 738 714 504 -671 -918 142 -795 -69 -743 -755 -915 681 589 -57 441 -33 -5 864 -813 434 17 399 629 495 778 482 596 301 -526 356 333 977 -245 530 -289 641 927 -278 -663 618 550 868 -203 757 59 501 453 -280 826 194 349 -390 301 -61 881 -871 248 904 -160 -769 -655 976 -255 -223 -764 -233 -419 394 293 -577 -962 -440 967 -93 -410 -234 
-259 312 -653 602 479 -331 -894 -849 -721 949 65 -443 397 794 -279 216 -536 -236 540 303 -539 -526 -677 85 -347 24 -597 -339 914 -510 -423 258 330 -824 -548 -179 752 -846 -566 -69 63 446 -835 -515 -928 -593 -265 801 622 72 -684 177 984 -742 608 -341 599 -293 73 -575 -928 -536 -667 770 -820 -469 871 185 -586 464 -530 -268 725 549 478 -552 555 
256 3 514 -35 -570 -781 -607 -444 216 -732 275 -926 64 766 957 -839 -994 594 -177 -775 460 -676 -666 969 744 -28 -908 616 19 -389 -419 164 -891 340 -668 -245 -765 705 -762 432 4 832 308 912 -207 213 -345 565 779 489 847 -709 -319 771 509 961 161 -761 -543 -254 559 -516 854 420 -939 -973 445 609 298 -924 -632 -91 533 523 -648 -473 531 
-13 520 -292 -760 -623 28 -681 -909 -747 244 133 -396 -116 -203 -759 210 26 298 883 -72 198 -505 263 833 -890 270 715 -28 189 678 224 561 -558 921 -251 -132 -990 -772 840 457 889 -556 -33 -711 525 759 -650 -508 780 81 -455 -680 -9 568 341 928 -802 -270 -150 280 142 310 195 800 777 -480 -183 -368 373 297 805 -277 807 -154 213 -313 -63 
207 -95 -276 298 -333 206 -134 701 -726 -414 80 -491 667 -951 -790 391 -48 216 -421 432 -649 80 -404 305 -471 213 707 984 16 -640 295 593 -315 -607 -526 -20 584 -135 -775 785 132 -441 729 -943 833 786 770 -897 -708 950 -904 -304 -492 -94 7 -354 438 257 -601 403 124 632 864 -412 -511 -112 -352 -997 264 -973 842 394 110 -755 882 -899 508 
267 455 -625 466 -585 495 400 -847 -601 441 -139 -249 946 895 -336 -368 -780 -293 18 -869 116 -213 318 -565 164 -344 -160 927 -791 259 974 645 973 -143 -770 826 513 25 -312 -652 470 267 -355 644 637 4 -392 -858 -643 623 371 -197 390 382 -738 889 -444 393 668 753 -90 454 862 -46 351 521 388 172 -35 110 -752 455 -72 -427 318 -491 -115 
-131 -78 -683 476 -795 64 -87 910 -209 -591 555 -853 -427 -956 971 923 -304 -812 -948 -645 -681 -39 -480 451 -187 849 129 -843 239 -336 722 520 -188 -394 885 -953 69 208 -914 228 -218 -351 -345 -80 438 67 -123 -593 -836 -776 316 903 610 -938 -129 -838 71 499 -70 741 703 -836 -429 568 558 -100 942 -794 854 76 928 15 -4 -282 -218 -403 785 
62 56 411 368 19 24 189 547 658 671 -516 -469 588 -518 0 128 921 -672 99 709 429 648 435 688 -598 -40 -936 -215 822 -175 -136 976 751 -998 871 996 700 521 -861 -462 181 -951 -849 -54 -714 473 525 -536 272 17 -622 -191 -176 -469 -891 28 548 223 56 -700 -677 -962 682 555 781 -572 -693 913 939 -552 418 549 760 886 -516 940 -232 
77 93
646 -544 712 575 716 506 30 415 -589 -414 -126 667 484 -58 589 743 746 -838 496 30 -641 -145 953 348 -575 -729 146 -260 -309 616 826 -476 657 -129 665 384 -917 854 302 -276 -506 -439 -406 230 -729 -554 994 -605 722 -540 -831 417 -678 -571 269 -708 -934 718 -677 -75 -365 -122 -203 -576 359 -35 -517 -419 -203 -448 -792 250 -522 -518 -842 295 920 -275 68 -791 312 65 -537 -285 309 188 495 722 979 -605 204 664 462 
879 560 443 -945 788 -553 -481 68 238 -908 -687 -710 -867 941 229 -946 -670 -421 -461 -347 -310 42 733 -679 -677 248 677 -459 829 92 -67 274 -661 -460 -34 787 409 532 460 685 -343 -853 602 524 -983 -56 -918 418 686 -163 568 -79 -697 195 -504 475 -101 223 -275 632 341 -13 155 -8 -847 471 207 329 -537 874 -578 331 -40 -428 171 578 502 -66 -115 876 -71 772 544 260 127 905 475 -218 387 428 338 868 -494 
-646 -564 -344 394 403 216 -805 -236 306 -901 -427 707 647 -163 53 909 535 118 -588 -470 -681 83 550 -821 -684 125 65 -564 -585 -484 368 -307 -953 631 426 237 928 -593 -833 760 -414 -291 -206 100 -35 -679 -947 118 604 -755 130 906 959 -903 -290 -270 573 -648 -429 334 -951 627 -10 525 853 -956 581 -733 -284 -274 -3 -916 -363 843 -965 977 -339 -362 -814 -504 851 410 -515 576 18 634 -907 845 907 -493 597 -528 -263 
-129 556 -581 -983 -805 -478 -988 217 251 175 696 -928 381 -311 -414 415 -597 796 508 759 -27 -946 5 602 270 323 -157 -218 694 399 187 432 -952 -837 -721 413 -716 538 103 -809 128 -309 -189 -563 -885 33 352 220 834 194 -199 429 -954 -467 -240 127 717 528 -931 -409 697 -487 -314 932 -746 -357 336 -856 -969 -269 -187 708 100 43 902 -29 -179 -66 34 379 210 733 -648 431 885 -494 -646 -680 752 36 659 884 980 
-102 122 47 -47 563 -457 706 301 -139 -411 154 -257 693 232 539 -277 374 -894 -492 643 197 161 -44 -501 -91 170 685 -19 214 -228 -88 -705 332 750 -567 -558 -771 -357 -172 -292 42 -480 -80 696 610 -142 -996 493 -237 -91 -1 -388 178 715 196 110 -739 233 806 846 -368 -943 -920 306 -219 235 -247 847 -785 -827 -907 -915 -728 333 783 201 265 556 622 -677 -213 661 -907 -105 700 62 968 391 276 975 348 153 -872 
-279 -738 -875 494 -119 983 130 66 924 -914 -55 136 165 990 -903 -668 -803 -423 -451 327 522 269 635 826 739 -681 463 944 -765 214 776 -953 -771 -511 848 911 -833 715 81 62 -55 -987 -218 -893 559 405 288 -711 605 -250 -741 78 524 -608 -960 821 610 153 -804 682 -738 156 881 164 836 953 555 287 -555 13 -906 986 612 -684 542 -994 -300 -100 -953 817 166 -52 222 -374 337 565 -81 -10 -510 375 -392 25 407 
471 -690 -935 -713 -689 239 536 -523 -442 392 -640 20 -942 151 -684 -356 -36 -60 564 285 371 956 -559 580 -28 910 -398 -708 -952 -998 -905 967 -466 661 300 -115 378 -126 384 -572 -962 30 -794 -175 536 219 -901 622 -676 -96 986 397 -780 894 -419 971 -891 486 132 -120 -604 -407 -870 -890 729 672 390 191 898 -578 -16 -659 987 130 517 404 -563 -431 541 275 789 -829 970 -581 550 -547 -781 -130 17 -49 627 -787 -428 
815 796 -821 -480 374 895 21 -688 -247 -928 198 951 715 325 229 377 -223 176 114 477 -890 -322 370 -351 31 -578 -649 -721 978 566 -29 191 83 34 622 -84 -833 -193 518 219 493 504 87 -679 -431 94 492 -795 -669 -803 -172 -178 -849 -228 216 -802 -290 -395 -949 -441 533 934 -141 29 493 983 -936 772 -717 926 -453 -85 944 -977 -727 266 844 327 -593 -376 -65 379 976 32 792 -115 485 -892 785 303 -443 66 418 
219 -91 790 357 594 -463 -815 250 -749 763 -375 -836 958 -109 801 292 -502 521 -662 -723 388 527 393 -105 -615 962 -85 768 -827 858 -681 -433 -355 -896 -893 739 -294 -288 330 732 -713 847 732 -648 526 -513 -586 961 813 -672 -93 261 238 857 739 390 -857 -777 620 386 224 -411 -386 -554 -61 989 539 847 -951 -98 -537 225 -958 271 -916 764 -940 -222 977 -965 985 652 892 703 834 213 -555 572 305 -901 382 817 117 
-516 -672 654 -969 899 -425 -591 165 -942 384 -478 956 226 -846 -736 -981 359 907 -6 998 -425 -756 -61 -568 -213 200 32 -787 215 -711 452 335 -9 -620 -914 -881 427 -835 -399 22 309 -98 -219 813 -768 180 -228 442 -541 859 919 -501 662 844 985 -360 -123 -461 732 948 450 -107 -333 -220 431 2 -992 676 -115 888 -488 406 -577 440 995 60 66 493 584 24 721 873 488 482 -188 34 73 -278 952 -530 -73 -370 709 
-629 -250 -594 -4 738 747 -626 -784 781 -484 524 807 198 -779 -350 -240 -350 -484 814 -41 -2 -553 833 -826 -216 -116 757 -641 386 777 579 -312 898 -27 355 -411 -323 -537 388 -452 -186 134 -369 277 -79 417 807 -863 -627 832 980 93 -639 -630 -751 -841 -474 -920 -750 -384 918 -566 -614 338 -493 361 -180 -317 218 -84 -368 -197 -118 639 -824 754 -800 769 723 814 -923 476 -958 220 -134 203 -374 -803 386 775 -711 883 546 
722 844 635 -540 -152 416 -771 -462 -302 -248 -542 -191 749 -113 -362 -597 -101 -674 894 338 -855 -592 844 -734 -816 132 48 886 63 -686 961 -706 761 786 348 -817 -181 -423 -484 892 1 437 -516 580 -598 -548 -567 -325 729 816 -262 429 -19 -395 -428 320 691 -330 -343 -758 186 421 -942 -269 503 -223 733 28 -821 157 776 848 -686 575 638 -358 -20 374 -255 7 -526 128 570 -451 577 746 189 -900 -373 -887 -704 -636 -561 
57 -979 -264 501 820 -395 -958 974 -170 344 -714 27 -978 -61 603 -915 -489 -567 935 -979 -601 -971 826 -258 600 654 -705 31 373 28 558 261 23 106 501 137 -510 269 665 542 153 -268 -905 -475 441 -575 -1 -700 373 919 -460 20 -963 83 -451 266 -716 -736 -704 -759 -206 -362 591 310 776 211 995 -372 562 -643 -199 593 577 -906 -758 -135 -70 -304 -705 121 825 35 213 -514 -278 -274 -531 -145 41 794 -121 192 -472 
-299 160 -775 817 -130 -199 791 781 220 -950 -639 133 -13 -457 397 -377 -695 418 -204 -917 -442 -574 -733 -667 971 -270 -268 -306 821 -404 -580 159 -878 120 -138 845 563 975 -496 699 -766 -363 756 972 614 -713 75 857 -332 689 -979 18 136 -109 43 -744 -907 -59 32 490 -599 -456 293 542 -780 -977 -11 371 107 958 -751 -700 104 -750 -556 -865 580 -623 -87 -761 152 -413 476 88 288 -63 94 -391 386 -131 -355 262 461 
898 -989 -962 948 813 -338 -438 493 429 -896 -928 -746 503 -1000 -217 136 -739 -239 -117 686 592 985 99 711 -333 532 17 -294 978 370 730 -198 -621 -161 -793 -790 -565 313 171 -878 916 679 -458 899 942 -248 889 168 164 -630 331 685 -192 -340 284 276 -734 534 -392 -138 892 759 430 167 18 -593 417 -531 -544 -338 -162 802 492 253 671 -488 -962 940 624 972 925 715 -831 894 -964 -707 -309 -576 -844 874 -522 526 932 
-188 -679 173 855 -820 -301 -554 -859 342 -213 676 -996 -134 -77 124 960 556 -797 253 -144 -18 483 777 235 -876 -745 -925 915 -71 -542 553 577 -255 -283 -925 -454 -82 -873 -116 -319 199 -567 369 -852 -75 -966 24 267 -960 -967 -413 118 -422 329 357 598 -390 -966 20 -409 908 885 -337 -996 -778 -488 306 292 286 275 552 -36 -934 706 608 165 440 476 755 983 48 -965 725 -283 583 733 -854 -61 -811 -566 924 -922 313 
-633 -6 316 123 795 -830 -932 -526 -80 -991 -498 -776 -740 -470 -931 -518 -848 -346 60 452 625 828 136 -627 -475 -782 -228 -17 -16 626 -182 554 -288 -689 313 312 934 378 -838 -956 -890 304 576 -601 -736 -89 958 724 -688 -919 -157 805 963 -609 -300 -844 203 898 73 94 868 606 -437 -203 232 -663 -581 -202 -48 50 -57 -613 -371 45 -679 -463 -154 -834 240 -100 98 419 -861 409 168 391 51 -28 69 309 -560 76 -914 
986 -929 116 743 -418 -709 -357 531 -284 554 190 -4 -673 337 -436 181 -345 -902 347 -769 -691 452 249 -823 -628 604 997 396 288 939 -305 757 828 -512 -354 -972 -650 -720 -944 -603 -763 -549 -953 -532 574 -848 -910 -665 75 564 -999 95 414 911 526 815 357 -377 -832 423 -226 562 -63 659 764 197 -182 -856 202 -174 462 -65 -272 -830 77 -426 164 -545 474 -974 66 -90 862 -887 -273 875 -578 -976 -294 381 -677 432 421 
-773 233 -850 -93 663 -30 -117 722 906 267 -119 -902 -744 536 -193 -202 630 988 -209 675 25 531 -554 423 864 -429 -668 -43 229 -401 669 -323 16 -769 479 -295 -339 -35 -763 -251 -881 97 859 974 100 207 -830 -561 -245 -113 -714 -713 -428 670 991 -225 327 -717 -75 283 -937 -267 583 16 -296 795 -754 549 -721 35 -995 -548 761 487 844 850 -129 12 -138 -699 536 -355 -177 998 527 -919 378 543 -361 392 -663 -729 92 
-477 198 163 764 -763 -830 -65 -154 -756 189 -50 -479 -508 165 -370 816 167 658 160 -92 -819 -703 7 -589 -678 -257 -722 104 -359 -774 -626 -165 -93 738 176 -173 -379 -907 305 840 720 -709 692 318 -382 575 860 191 22 -769 281 -264 -601 -506 690 823 859 -40 -443 723 990 -402 -5 -644 348 627 63 -315 -845 973 -32 -785 -41 -448 -619 -1000 280 -897 257 -364 226 -171 -280 42 884 -220 832 -861 451 -596 -325 -114 -849 
-883 -364 264 -555 864 -840 362 -201 -109 647 771 522 -284 746 39 414 -256 648 264 259 -100 -444 -219 202 180 89 48 -775 -814 793 -12 -252 -735 977 246 -904 882 289 -725 729 511 -68 619 -433 -738 539 -860 636 -231 -970 802 -31 -372 -107 -402 370 -930 756 549 375 -381 22 506 389 177 -661 -466 796 -383 69 767 337 921 359 879 319 408 767 166 -454 641 -954 987 -731 700 -907 -465 -380 -823 -694 954 -844 -409 
-965 -310 -102 340 682 137 -359 277 -630 878 -72 792 337 -713 371 104 -1 -90 -576 641 510 -135 901 -459 -694 -369 -599 -113 850 119 728 421 -241 411 779 -637 373 -323 791 -730 -375 577 324 149 914 -180 -623 343 -478 859 534 -63 -426 102 -789 847 -292 -218 -393 -602 -91 -555 -757 167 -853 470 -944 -26 421 789 -994 507 985 991 -737 -327 -687 69 595 781 721 429 -411 585 103 -166 141 -718 500 -883 -648 567 874 
-357 293 -77 -825 129 897 -747 -991 646 646 -595 930 944 -769 857 631 634 575 882 931 -572 -717 689 -167 43 165 -522 -631 155 -270 602 314 -494 462 754 378 -186 -777 167 -574 -726 -633 884 -802 957 -834 -608 -629 196 -993 77 817 -103 -775 -688 -93 259 -343 338 -668 -120 751 -170 669 -399 238 924 -755 877 168 37 -96 -760 425 -168 -989 941 -318 -987 678 -22 -358 536 -238 -733 -688 -433 574 -679 -477 272 893 -563 
-59 -299 -214 -960 -594 -727 -409 -404 -451 -696 -222 888 -556 -127 153 -728 149 -657 639 516 -169 -839 -752 666 814 455 561 614 -198 -346 347 129 -258 13 -310 -985 -652 -927 257 -51 399 294 -672 643 -655 135 -567 487 -850 -105 911 -342 224 -103 -64 151 525 93 165 833 -634 365 -521 492 577 -777 -492 799 -951 -901 -430 72 -268 919 708 -528 -586 17 -85 817 181 533 862 261 -628 352 588 705 -317 -276 625 -782 -385 
-980 168 454 -682 603 545 -865 790 864 -349 563 -986 981 -61 -345 -995 -648 454 -114 -510 705 499 -436 -413 709 220 -992 -790 -293 590 -142 -915 205 -521 104 53 -687 -488 -849 -783 152 -356 -120 156 630 760 17 -468 -988 -606 -218 -995 51 -297 -952 317 -414 103 365 -455 -15 -188 -921 -88 310 -196 -471 -378 400 994 -248 580 715 484 -753 -178 -92 -760 -539 317 605 408 290 174 258 529 272 -158 -899 -234 847 -729 -73 
218 -709 760 160 558 674 241 -735 215 -847 421 -192 -636 510 -413 -795 -834 667 -794 938 656 -183 -179 -329 906 -660 -262 879 833 -386 -274 485 377 982 -571 851 -587 714 -354 -339 -658 578 654 -111 963 -17 -219 33 656 -372 417 629 -446 4 -942 986 169 -332 -514 48 879 -174 -539 963 -968 -817 551 -553 -934 -551 789 -774 -352 -364 486 -12 57 601 -357 -974 6 879 693 -508 -155 650 -91 -749 -169 -15 324 935 -728 
36 -524 552 32 -66 823 -716 -763 -553 -930 720 -652 173 261 34 -624 533 -835 -65 921 -196 218 80 993 483 382 170 -725 -438 -603 910 -59 491 451 -434 -600 891 -229 -335 -563 -403 -430 -279 995 888 387 531 -258 873 -445 -369 513 796 -600 -783 -977 391 -298 -202 526 983 -854 -693 -466 368 -646 -565 569 -513 -708 -601 203 -446 -649 763 84 -518 104 -817 -69 880 933 571 229 326 -681 462 215 -273 3 545 -984 -623 
-391 199 490 -998 529 -56 843 465 579 798 791 -402 230 -336 -480 -723 -516 429 48 735 940 635 -770 -590 -417 577 -896 770 -290 -63 -416 415 892 -838 -958 193 -927 -3 933 -119 -42 -626 -217 -758 936 -338 -690 600 -569 -553 -315 320 126 519 -685 376 168 128 -445 -808 -608 623 479 617 -535 -724 -323 -867 64 -383 191 -432 287 911 790 -611 644 -419 -361 -908 -783 -781 225 442 -204 806 157 97 -118 884 151 -870 -864 
-94 -948 -488 634 820 676 -521 -505 -50 146 -563 -443 -536 906 -897 -719 135 99 935 -590 394 -691 -699 935 -799 -396 -12 365 117 -731 415 405 372 832 -525 998 -884 -961 -954 -657 -742 198 -56 -945 -477 -980 -551 -775 -382 153 -69 -286 -109 -864 330 509 529 607 -919 -679 -165 -924 -497 489 -437 -478 -110 292 682 629 578 -434 926 -77 -374 -793 -154 -189 -654 -701 -248 -558 -648 -407 136 627 -880 -64 732 598 -887 -409 -451 
-771 -686 -717 -159 -837 990 318 -921 494 516 -962 -78 -1 -743 964 698 -552 178 310 -929 -523 -683 -816 -481 29 191 310 -662 -189 -261 -691 740 408 465 203 -548 275 14 -293 -934 -988 227 -619 638 -715 768 -354 310 -110 -974 748 -768 -821 -742 381 -63 -921 224 -983 533 955 552 212 -839 620 196 -888 228 177 -182 -77 -323 44 471 669 281 811 -444 -595 -812 122 360 -148 -686 875 -849 218 -442 -695 -870 -417 83 -919 
-938 101 -702 593 -255 324 659 -562 -502 798 -90 785 -759 653 -52 -55 -897 -7 -966 919 -881 -226 447 302 749 -211 982 -278 -555 -478 -818 178 -513 -857 -393 849 -254 134 815 193 999 -540 271 377 -80 -627 -144 -999 200 458 -943 -222 -372 650 -355 300 -581 -208 -151 674 -598 -439 -932 881 -342 337 818 929 990 519 -574 755 808 637 -2 -708 -412 -524 -662 928 183 216 -495 291 681 -632 581 -116 769 -246 -234 -5 -305 
876 -363 460 720 749 -375 636 733 205 802 379 -42 658 -932 -509 -979 668 85 -680 469 284 -174 -767 -3 193 975 246 -745 34 -921 538 -353 627 -93 827 56 -958 997 -440 -840 833 -856 -110 -441 681 496 -506 -844 -436 904 -823 -983 204 -564 245 688 -325 -29 -316 -122 -942 -830 954 -961 -346 -755 535 666 -521 -130 -915 614 795 -997 -176 -267 -69 -268 -692 320 -4 -742 139 796 -575 -442 -314 -901 -721 -935 667 181 -383 
623 145 -647 13 -630 -920 95 -378 -84 -684 368 932 821 -180 216 -767 494 -499 -390 -988 660 -747 388 -76 -150 -291 965 453 104 -458 -211 -665 760 807 692 -256 659 -939 -338 -602 311 917 156 -238 -148 462 -250 241 471 131 -23 109 46 -561 923 811 238 721 -281 -138 -407 826 101 668 404 -875 392 -665 -160 -745 -465 -433 502 343 -892 94 -455 207 393 981 -377 275 837 765 -64 562 -695 496 -614 923 -281 -152 84 
-318 -939 904 -118 -157 -818 491 -7 -923 890 489 371 771 48 -655 164 -617 -487 3 -586 -424 -234 909 738 358 516 -247 -536 771 -513 -491 -447 -92 229 -605 -973 -40 -979 -638 85 -184 984 -947 68 -64 726 -14 -907 29 556 229 -261 -840 805 918 -789 434 86 656 607 -720 774 -380 328 -55 -594 -603 103 -500 494 -683 -563 -296 -384 49 18 599 -176 -600 -397 522 -20 946 -465 -821 -151 -82 5 111 855 412 454 186 
-811 940 624 -824 471 -841 -818 -487 -121 941 -742 844 -565 334 -924 -225 -282 -579 -680 182 320 -799 475 -886 330 -50 -650 -956 205 -475 150 554 -429 -857 -526 -679 617 -401 -465 -395 386 32 -430 -20 559 828 -860 -959 942 -600 -246 -568 -575 -52 965 -371 769 -193 134 -934 66 98 -425 168 -312 956 -665 -186 346 934 708 568 -313 840 589 34 -506 52 840 -75 962 64 2 408 918 202 149 -517 149 -808 -401 184 -787 
-163 577 -628 -531 947 -524 420 -828 -555 211 827 844 827 581 563 520 -644 9 50 169 431 280 -417 503 -957 677 925 -850 -672 568 743 199 -259 -725 764 -231 -492 -172 -914 223 546 -939 -11 619 -93 -768 -998 -309 462 287 528 652 -804 227 373 429 -849 -69 -6 613 353 -712 31 118 -54 -706 -493 -92 407 670 -70 -367 951 -222 992 -837 743 -184 956 -87 384 -254 265 -574 271 765 -703 -978 -426 801 987 305 -846 
-408 -25 149 -115 691 -521 -170 164 633 944 -380 -261 81 257 629 911 -45 676 -134 -260 -502 -350 435 -752 -996 -948 -380 -112 141 -9 -310 -469 -336 -856 -759 588 -672 352 712 -717 -994 -7 944 -715 -500 770 -208 -29 697 -184 308 -23 -146 -362 -217 472 873 -259 -361 806 -921 -649 -376 36 -888 281 428 688 269 -408 -879 412 661 -115 907 335 -7 -229 -876 699 -92 -96 -223 142 167 203 39 733 956 -659 -194 -898 -55 
435 964 437 -409 467 -715 -351 84 916 90 951 358 67 -337 464 -975 756 26 319 571 -587 888 -651 221 809 -838 40 -580 4 -607 385 106 402 421 -586 183 -739 -68 232 843 -929 809 285 440 -908 371 80 -900 -989 824 -729 325 -849 34 309 -392 -519 -424 -383 -909 -247 216 -904 897 669 404 399 -450 -208 -662 331 124 590 632 -60 677 -9 272 423 386 851 312 -21 395 -363 -314 566 352 499 -902 -399 -393 20 
940 41 391 443 551 40 -523 900 710 675 -67 268 -625 -267 883 -635 381 -435 -374 -390 -94 -989 357 496 -372 496 748 -834 7 -354 -735 -353 -764 -674 164 421 -871 -103 868 -704 872 -711 87 -849 -220 393 299 758 -206 -822 -771 -352 717 -9 -789 -473 -580 843 -635 -189 -489 -910 713 879 88 653 528 -142 95 -182 -718 332 -343 564 -399 847 -15 -906 -251 353 -313 -234 643 -417 321 -80 772 -829 -65 879 435 -215 979 
-749 487 303 561 -672 66 267 339 -972 -439 -463 976 -277 -235 -779 -642 -698 -55 974 -523 -103 52 -948 -314 548 745 -260 124 -987 766 233 706 -101 707 -251 -506 -514 -205 184 444 269 271 -457 -715 824 -167 -839 657 -912 -50 854 -573 -725 376 258 -523 844 -45 -279 -52 947 -402 -214 -548 481 612 -151 -193 -673 -996 -64 -846 735 -275 693 353 -478 566 578 340 43 -51 865 -887 -635 -729 -346 517 -543 -424 -990 981 -478 
442 869 -630 733 867 -284 964 -582 18 107 -626 64 731 900 491 769 228 409 -978 -255 14 518 -880 301 -104 -813 94 -215 672 145 -959 107 -452 -302 307 -234 -584 797 974 -375 64 770 7 -886 609 556 91 653 -949 -155 -216 -87 -199 -498 -353 748 916 127 -343 910 661 -469 792 -796 666 -24 271 -554 395 718 388 947 941 861 -955 -45 -666 -844 -679 558 770 -593 -135 -213 854 145 -97 203 -573 466 -419 -873 -691 
-245 -560 -617 749 -800 502 -380 755 508 -625 912 416 499 -751 -123 771 836 -338 236 -141 -434 665 -481 -932 646 406 64 -899 -475 -62 716 -958 38 739 42 -211 -879 865 -952 106 -159 -426 952 -542 -867 1 615 -863 -859 -95 271 292 -645 48 781 229 -619 -242 725 42 112 192 868 634 -985 521 -585 -255 820 919 474 -362 261 -991 260 75 -301 384 -879 998 559 -613 -225 14 -402 807 -611 471 135 -898 481 -143 58 
272 -471 445 -44 392 -668 83 -672 -79 627 432 256 -56 -70 -221 -308 -365 -437 42 -855 -478 532 9 606 -875 679 -949 -204 -641 924 -805 220 265 -142 261 773 42 -773 233 -994 54 -855 -80 185 724 355 514 96 228 -675 615 -100 736 -377 460 484 -349 900 -887 195 -472 781 -400 13 724 695 -551 787 934 -941 668 -299 894 -347 -578 -184 -996 -473 31 -312 490 703 -893 0 -931 190 -943 359 -40 -950 616 -963 689 
542 -40 -426 -408 96 -272 726 613 692 292 286 -751 -241 609 790 -248 271 516 -964 750 281 103 956 -432 -254 222 848 -212 -190 946 665 163 -634 -405 -401 509 869 243 -811 398 -714 -952 193 552 -16 274 923 -287 241 -41 -573 726 -445 -997 456 593 -596 -116 662 567 613 -931 368 884 941 -672 271 -725 -33 186 953 457 -399 850 341 234 366 -438 -562 942 -73 17 -522 -931 5 -905 -403 -184 802 707 466 -574 -967 
-926 -695 799 -213 721 -898 155 -140 -595 -567 734 -771 -888 -557 -417 -141 -961 -568 -425 183 153 -708 120 792 -749 883 221 -50 90 252 116 -600 169 -259 697 -440 -396 325 -428 -531 867 686 -282 594 -13 466 -112 -603 553 -592 -475 -837 -199 766 385 -942 534 -79 569 -777 939 731 389 792 -551 420 -852 -787 -990 732 878 627 -875 176 744 952 -869 171 292 -866 146 511 783 618 -873 52 63 396 58 32 -764 292 -340 
-825 -147 -333 -404 -811 799 528 -990 -630 -878 -548 156 6 -611 -72 -600 -427 -61 901 -560 60 -883 668 -196 629 -950 -849 821 103 68 431 -138 -118 117 -768 -824 537 538 890 110 -456 743 210 750 -312 -389 440 -543 -519 598 -719 -820 -752 -392 -808 -992 -838 -133 577 943 735 531 207 -575 -599 181 679 -890 359 406 51 620 -114 645 -85 355 607 844 -991 399 -273 -269 540 -770 675 -586 -24 347 -358 265 -852 898 -65 
-136 860 -267 79 -29 880 206 -40 -86 -476 54 979 -571 801 -763 -909 -632 -244 -405 -370 37 157 -194 -420 -526 -365 -763 -915 924 -681 -187 -720 -612 -610 -631 514 -887 -78 -376 -717 -578 723 658 -497 -450 -758 314 -661 -459 863 -86 -929 -703 -404 -220 -621 801 -687 -171 301 -83 -7 399 -406 198 -835 727 -902 -610 -889 -357 -319 -165 362 952 91 232 -560 -372 192 733 116 199 953 529 1 839 594 -579 826 -524 48 -990 
524 489 -732 702 -383 -139 -288 283 966 433 -854 600 -480 194 -529 -676 -566 -431 666 392 -638 793 437 444 -268 96 -82 -259 -249 570 414 438 -985 -197 871 -612 546 -132 796 198 456 208 -923 -755 572 -394 322 -863 320 -351 880 -260 -416 775 -294 -853 -99 711 -542 873 30 703 -720 -946 -750 -355 -86 -247 -183 -652 -187 474 -237 145 746 -925 -968 686 -579 607 -662 -266 666 851 296 -38 -31 436 -235 36 -812 -918 440 
-261 478 948 -539 -794 246 908 892 -668 -285 604 -480 235 835 -527 -293 896 -505 -98 -752 -889 -575 -428 -623 -326 225 -191 98 239 -740 103 125 -491 703 831 632 32 -878 -563 -700 -570 16 550 -889 -408 965 367 -995 -27 -167 119 -278 -885 -963 -936 -461 -33 -269 -614 -643 -625 931 57 -10 887 -165 648 659 -911 -793 -923 938 912 -750 431 833 -322 331 229 166 -380 -485 513 416 971 -283 -202 326 -831 -1 -714 447 -146 
-831 -698 841 -825 -916 -267 -578 626 109 -197 996 91 673 63 964 -617 603 -388 -738 -489 -892 -731 202 559 626 22 882 39 -132 -979 -978 -30 45 280 320 -818 679 -112 -447 315 235 135 -964 -753 -362 655 -230 409 -211 75 733 -876 972 266 -367 -193 795 832 -353 -853 -333 -969 420 372 -960 -25 593 -477 -889 -927 -939 179 -759 210 -552 931 216 -122 425 -420 74 795 -453 -860 -276 -456 -757 834 -103 333 197 -509 -789 
-548 -41 827 -959 217 -266 -288 -110 -593 -992 -636 -880 403 690 897 -960 332 859 -390 -950 -45 -192 975 540 839 -447 577 548 244 172 343 413 581 641 -543 809 312 -890 -933 -448 -526 -933 132 40 706 -415 -833 998 -454 678 -439 180 -181 -316 317 83 816 764 -907 -301 -242 -724 481 -95 -822 -551 -196 -721 715 -311 877 -342 18 -33 -900 40 -648 252 502 465 439 -524 387 337 427 176 53 42 -934 -478 -908 478 449 
-418 648 877 625 -186 -538 796 -645 -730 -834 792 -520 578 772 -663 -580 -51 398 682 -837 524 622 568 -564 650 113 -103 109 -771 102 958 903 -8 -141 12 772 -846 -91 40 -225 -745 230 -671 -773 526 4 787 -698 459 623 72 30 614 -541 -974 -27 -229 -377 151 626 963 309 779 -984 244 331 -220 -70 564 513 170 -241 -893 -435 -866 19 -118 771 -115 -834 702 609 -380 281 -550 -327 -730 782 -196 752 -436 -241 -978 
247 524 -5 136 -680 446 268 -876 -236 -549 -525 -878 938 -138 -152 -835 170 303 493 430 -869 -666 83 -48 -838 -195 384 612 100 689 -417 917 806 186 -873 -162 514 -239 -815 362 964 786 564 -804 -378 -270 99 881 418 818 -694 691 -602 -987 -235 256 476 238 -622 122 -694 334 -441 -624 -472 -371 -57 -420 -592 502 -991 -978 -389 488 -951 -406 89 137 -148 -787 81 382 478 134 -646 -823 -346 -286 984 819 -628 -904 -20 
-902 -383 -425 773 -644 -416 -804 700 4 692 -936 -753 -188 -805 338 -917 -652 -119 329 383 -646 -112 541 -17 -325 -834 894 -58 -31 -409 -571 -768 -162 612 674 327 -417 204 -651 -180 -140 -45 897 73 -417 113 -643 84 347 -876 381 -634 -33 -504 -543 700 611 -283 812 -274 754 -502 776 911 433 -439 -487 -443 -673 802 303 9 -850 -859 143 -592 -432 691 643 -693 -91 -92 -335 -276 -139 -194 330 -37 344 -652 933 600 878 
941 -533 369 556 -825 916 182 84 923 850 -597 -951 755 411 158 -287 -103 253 473 -165 -670 -3 -262 850 635 -863 -574 259 -670 -529 -357 988 472 821 -306 -634 -906 -613 -653 -11 -882 453 -55 685 -701 222 -119 -473 -292 609 -729 180 340 -359 -424 -143 342 220 554 300 -905 -908 592 533 -204 62 941 -648 -114 950 -524 -485 323 339 317 515 -865 846 -278 -996 483 969 -806 -439 356 -690 -706 -792 -169 -475 475 -103 236 
-630 -465 977 856 478 439 490 280 -227 -47 845 947 865 -835 -285 -913 773 -519 -760 54 -117 -131 81 954 162 532 176 -377 291 -643 277 40 171 -784 583 445 957 -747 -989 235 777 209 804 -220 456 -590 788 441 -599 -226 738 -898 -959 -969 -363 -595 878 49 368 -291 -643 871 -314 723 -499 -341 -673 361 -316 -51 476 -433 96 -899 -680 -144 -864 -828 959 343 884 640 -589 -383 194 79 -851 -91 -485 -273 -431 -303 -835 
-878 -139 198 122 615 -173 487 745 295 396 -675 -453 -466 32 287 993 843 780 400 589 937 -957 -630 -74 686 -976 826 415 -668 -262 203 -246 22 -903 536 -759 350 -968 780 -11 333 380 252 163 602 916 264 -284 -450 290 -547 -437 175 -407 206 -812 -740 -234 981 836 216 -828 692 -308 -85 715 -31 -719 -682 -855 210 -367 -395 -13 948 -274 -551 -339 -781 -177 695 553 661 840 219 893 519 -538 -287 -936 589 784 389 
-122 403 -549 953 -942 -38 -884 -441 -69 592 259 392 -358 782 166 645 -941 968 667 108 -806 720 -101 -715 488 -756 -637 -844 -530 330 -819 674 969 657 31 488 -41 -631 -399 235 105 750 -252 942 185 977 930 -892 -691 -432 -31 662 -211 183 -564 708 722 630 803 511 -513 276 930 -682 965 -219 800 607 -191 -23 504 -375 249 -411 813 -993 -681 -779 -86 -656 -748 -78 -25 -36 9 832 131 -750 418 -996 830 -872 180 
-268 918 -614 561 -281 726 -329 -743 31 -119 -872 -877 92 533 611 237 131 693 511 -864 -58 71 824 -985 -154 -424 181 -495 -298 -211 -600 869 -606 947 598 -442 -577 -695 8 -489 -827 -68 -735 592 -517 -717 977 -382 -750 829 -647 -616 -844 -296 -144 990 -674 -653 502 -682 908 -378 919 665 116 336 -974 699 -74 705 682 -270 -30 842 -324 -536 -630 -655 66 239 -182 -903 40 -476 101 -846 110 -89 610 -996 -739 -630 583 
-894 -451 936 -12 549 -139 -167 803 86 -203 403 222 9 -415 -814 -398 -10 -354 -405 -301 721 787 493 -607 -932 -328 -758 889 -212 -607 277 -2 617 -111 75 -743 -662 649 983 -593 513 -112 -959 354 50 -361 311 875 -838 -83 207 758 141 -767 -597 654 624 -170 -994 -645 921 188 -402 -263 -172 -724 266 -437 -169 52 -418 -528 344 532 645 485 -738 -696 -898 891 565 583 -78 250 -219 -165 469 -106 133 914 251 -943 -692 
820 -771 -303 -455 550 -52 547 -556 -609 -299 208 -923 -727 -458 431 691 -70 -304 972 575 852 -227 360 210 -295 -380 592 -29 451 746 -958 606 818 -452 -451 -126 -249 -646 -296 506 802 518 -329 734 -377 13 -599 -166 -10 869 -91 560 667 -344 966 -950 307 351 613 114 -528 355 518 149 -402 -736 277 -715 727 204 531 -673 -924 918 459 -291 902 -334 -166 -132 -924 36 -353 -208 709 186 110 -698 992 -129 -709 -629 514 
-339 -682 491 928 500 -286 -916 526 776 -854 668 591 -337 486 -776 861 -868 -438 720 -868 -443 368 375 -838 -228 296 -513 -71 -740 348 612 849 -191 41 -601 928 781 -69 -130 931 -391 -632 -262 -391 153 207 -663 -475 -237 -654 -3 -779 -639 338 941 178 -923 651 -965 711 -227 -256 -922 -284 199 -857 -144 373 -186 -152 -621 767 261 706 -737 -485 -37 623 167 887 -992 -359 61 296 624 829 795 -284 -210 -465 132 512 -998 
286 -695 165 486 -919 -704 -376 -363 162 -589 -710 -683 834 -651 813 -226 -419 -262 -23 267 599 183 -339 857 -505 231 634 158 700 640 -372 252 558 966 906 118 -602 366 -607 2 415 -171 796 384 -882 386 823 -790 -831 -934 259 -964 -235 387 972 213 -998 219 -406 686 -870 -823 245 699 -776 -205 -308 336 406 930 584 -234 -838 -365 780 863 -143 -320 -944 -234 -908 -161 239 -471 -390 -391 541 -213 558 253 -3 598 -334 
501 897 158 -507 -406 243 -132 -191 68 148 -39 -200 -108 -988 -359 736 518 609 346 -404 -959 387 989 -162 305 -505 -220 681 199 -789 -19 -852 -338 474 622 -884 529 -217 -767 -528 -692 159 -510 -29 961 762 -601 677 636 931 495 -61 -280 -88 -786 -455 -157 388 568 741 751 875 875 -962 619 -250 -45 -843 834 -192 -24 -278 -606 -657 -566 -302 -896 503 -160 -473 985 -644 -835 225 60 -474 260 -12 343 586 -834 346 -97 
-169 -118 -734 548 -611 196 -7 340 -523 -104 -952 -482 13 745 -755 -118 979 461 -241 -265 340 -53 -899 -459 213 441 886 837 114 -1 -50 782 -43 623 687 -159 873 489 542 -290 -705 122 -368 856 369 -683 493 -313 -331 -522 -924 -499 -75 -158 527 -756 -611 -142 888 -123 580 -638 555 579 -898 213 318 874 -431 923 -193 -326 -106 966 -179 -967 963 617 793 512 791 -798 -658 883 -427 490 -993 -153 741 -358 800 928 -521 
496 936 88 -150 322 870 935 732 690 -207 95 -750 -397 420 887 -534 -645 -118 -53 63 -103 -651 161 797 937 -410 -673 230 -826 -872 -564 -571 976 -514 932 288 -354 -17 64 -29 693 590 133 539 -839 95 475 -560 -956 502 881 710 -843 -414 -400 533 -358 171 797 -520 -367 536 -702 164 -677 -396 31 -758 370 -543 -483 -754 173 365 548 904 98 -955 -466 -741 -325 -521 -197 388 60 700 678 69 -605 886 -569 -541 -783 
150 395 -995 -536 -766 209 -962 -762 325 -537 405 545 295 164 530 -413 -210 -682 -508 344 181 336 561 -522 -964 556 -187 237 -512 471 31 382 -740 285 -840 432 -64 818 -27 -751 -526 820 415 634 -366 173 801 135 -381 -771 -478 789 518 -137 -572 540 -136 379 988 -993 736 292 867 -623 -686 514 492 -565 743 347 615 -804 -976 -275 -171 -864 953 600 -627 -269 -789 -582 -913 456 484 138 -377 933 618 505 -220 -974 238 
-202 -391 -526 222 -927 915 320 -930 -190 -500 -642 -744 -773 624 154 -639 763 638 -606 -594 484 577 -407 614 -720 352 -166 -342 -257 419 -51 611 260 631 -568 -710 -831 995 -888 -658 -640 -564 -192 913 660 -410 -32 -716 -113 -276 698 -492 245 -495 -303 -779 -63 -744 -557 574 118 257 377 -683 552 -186 -660 -947 -4 -811 938 -707 -786 -338 409 595 738 639 -805 921 957 -274 -61 982 964 967 600 -536 -876 -521 519 -416 101 
-696 781 -401 841 -227 773 672 -343 1 -897 -795 418 -5 -718 -329 459 341 931 552 859 -451 -794 987 -343 -53 -459 -953 -541 -332 -689 600 915 -81 274 6 -337 -138 332 538 240 -641 -450 206 -378 -85 803 596 969 -386 607 -230 -222 529 -85 -388 252 549 400 -550 -379 -23 322 460 -70 45 912 404 386 -297 408 435 -183 310 -368 430 304 710 -93 594 163 964 -168 -522 -501 -494 665 336 -107 460 771 234 355 -244 
-615 -298 801 283 -146 -800 442 121 883 -925 140 256 -659 -673 10 100 -214 -486 -847 781 854 820 -131 -409 617 -129 476 793 -957 -962 -461 -602 587 -979 560 353 437 114 -369 212 962 867 945 179 540 -807 -582 76 658 -333 731 113 -208 -675 -897 -902 258 -911 809 244 91 975 -882 495 -495 42 -705 791 -900 179 -182 -192 575 -86 -352 488 -427 562 -262 903 992 -11 -328 58 478 295 -517 -623 493 -209 -316 629 657 
-924 -900 910 275 852 469 324 -4 970 -303 709 978 -287 418 -826 -414 820 -687 -723 -945 648 -29 -865 -151 813 888 213 -142 -64 -122 -652 589 309 -138 -755 -712 163 301 -270 380 -160 333 -246 -622 -546 -899 119 664 -874 -217 934 133 741 529 -553 249 804 30 430 72 -51 -923 -8 216 794 610 834 729 -81 220 -793 917 -245 -681 -248 312 -740 -6 17 -926 257 388 810 -694 -477 539 219 -107 -26 453 -413 951 412 
954 971 202 892 617 518 269 225 -661 -228 -322 -539 149 711 -661 -288 146 526 182 460 -32 880 375 -821 -663 -669 -58 106 533 -786 -967 839 398 -189 -614 -958 756 -895 909 -656 290 -135 608 -522 -383 -785 -492 -748 -949 -188 764 831 -573 322 468 -413 -989 711 195 -7 246 341 -589 438 -489 -839 -751 996 -502 907 -864 -763 -919 -27 -637 -60 -655 -488 427 319 655 235 -995 -222 37 582 200 789 -671 478 325 810 -368 
273 672 575 847 789 -90 -949 -622 -261 -305 326 9 10 398 -775 559 -343 -41 745 884 509 -271 -514 -402 -923 -21 521 812 801 -588 -795 331 -486 -811 316 173 350 -334 813 -234 155 -878 893 -952 -530 -582 -211 -686 140 225 58 -188 929 -65 986 -186 -506 -761 -555 890 -727 -57 -94 -416 72 -867 -348 472 -915 -84 437 -371 -559 512 450 624 506 462 166 -734 487 -96 715 -666 446 -273 -450 -314 -509 -334 387 517 -932 
-186 490 -75 226 926 736 410 -645 -227 -616 -465 390 -319 -565 375 86 979 670 134 195 -68 -668 -46 365 -613 835 -956 226 740 -597 19 482 26 -460 -973 690 -752 -585 -598 -594 685 -336 -653 -238 -530 -782 695 -166 -175 -308 -760 -504 271 219 928 -890 601 -32 90 828 198 403 782 -299 -709 184 627 -786 -659 465 80 606 275 -636 67 588 47 559 118 -275 31 -135 735 125 -865 -614 -504 -544 161 -307 318 697 799 
533 333 -741 656 -833 523 287 -70 -409 -780 -91 -424 349 -777 -130 300 -552 -66 -376 197 971 835 -677 532 232 577 69 -196 -701 -406 -31 633 -903 184 46 114 -528 117 364 305 191 654 921 -509 -206 245 110 907 -729 646 -556 172 269 125 -933 -505 -146 -458 -37 -95 617 -156 -484 969 -907 -938 836 -471 931 -825 943 474 -172 -410 836 333 955 326 -683 -425 -125 438 823 140 -140 787 531 848 -190 508 43 713 -745 
-634 -287 409 -317 913 -475 940 -847 -5 -50 -227 219 -12 732 -643 96 562 -533 -970 501 246 -87 924 -838 -466 -533 902 287 -724 -435 -580 438 983 138 577 -278 -640 363 259 -175 8 355 -208 318 -976 42 -612 330 -655 39 -976 84 686 292 293 -170 -554 525 994 -70 -370 905 -447 -835 -577 173 -648 -541 11 -515 39 411 710 -908 382 468 322 85 193 -688 -100 -749 334 -744 -410 654 -114 672 -28 927 251 -451 -966 
791 -415 212 709 -365 407 -860 -310 610 -224 455 429 601 -819 709 -45 535 949 474 585 -411 -8 41 6 48 752 -31 318 -901 -406 -353 937 -162 -605 436 -301 147 902 -360 -331 115 69 46 -907 -708 854 -758 745 182 704 -671 -479 -26 821 -304 -570 -894 -189 80 366 199 662 -344 1 -985 736 -461 -384 231 556 756 437 728 -305 583 -538 -157 -912 -38 430 939 681 -532 733 -866 -562 868 -658 652 158 213 522 891 
