37 76
-580 911 659 848 -546 225 -413 -373 -281 941 -897 -821 -336 36 -687 604 233 776 -890 -630 59 -65 -212 696 -68 630 57 773 -670 -712 -336 605 284 -145 -624 156 -738 362 -690 216 -245 368 916 -657 -376 547 -198 -547 -434 457 -812 659 -288 231 -53 918 78 702 -223 4 -262 603 703 316 -647 137 689 13 555 -134 -843 63 -114 -874 351 -974 
944 931 -399 980 -635 -282 -391 -25 600 -487 -452 -222 -108 -51 -703 774 229 18 -383 180 -134 693 -946 -595 -657 -328 -720 138 -599 312 616 189 544 -4 15 -696 -76 473 -402 -323 905 654 -604 277 565 -404 -557 -731 748 661 -324 -963 105 410 157 995 752 -179 -856 240 322 974 917 -759 -608 -812 -646 -319 -28 426 539 -963 -68 701 -387 -216 
-280 -413 -497 583 -409 -930 -998 -976 -452 272 -152 199 -969 65 -476 -999 945 255 -144 -499 -888 -634 477 -105 508 768 742 78 105 575 862 961 -746 -807 923 -666 941 418 -509 -893 -820 -16 134 881 12 27 972 -579 -464 20 -271 576 911 792 317 866 -730 484 681 506 968 -933 -881 74 -665 -826 -687 -951 568 -708 -419 -144 257 274 720 121 
182 -796 888 260 -907 -76 -242 220 -577 -398 -876 -422 728 -418 -709 -760 416 682 -327 217 -669 -685 -487 775 126 -623 562 -563 -765 -803 -227 679 -385 35 -319 -282 122 648 561 936 558 109 921 615 859 325 -331 -816 -533 -972 355 856 -654 -808 985 938 392 -388 -38 852 842 762 -683 -701 -963 833 -162 987 -139 663 753 -324 -811 497 -955 625 
375 305 605 -309 -209 352 -459 -19 523 -596 -341 249 -738 963 -309 396 -995 -464 -624 709 761 -683 -840 395 -178 -838 -425 -624 236 -875 910 -912 724 299 286 559 -891 -154 919 722 -793 40 -378 -900 215 878 -865 268 -539 -120 -633 -683 987 -152 757 -897 719 665 -38 -884 42 994 478 -147 90 -53 -643 -427 -668 -193 258 270 -754 -253 659 -901 
157 678 61 430 378 874 -367 -21 267 194 -17 333 767 -53 546 264 -231 976 717 -402 928 -392 -604 -571 422 707 334 -583 -8 -570 248 302 -426 -445 478 745 964 925 214 304 272 -6 -658 -322 -315 809 -649 -900 -305 886 977 -468 431 667 906 -888 993 890 -463 -981 -467 552 -272 -19 539 412 -759 373 -373 697 -689 -422 -205 -168 808 27 
-838 -694 -366 -112 -475 -356 852 -464 991 -932 551 -252 783 -358 -267 -468 -76 531 -32 -608 -684 490 982 -694 278 343 -413 307 -484 165 -793 -598 694 -713 -726 108 -221 347 782 784 40 -526 692 -781 -122 590 -63 -524 -505 876 930 -528 217 -796 413 -96 334 -657 -134 977 931 89 -93 -875 672 -377 616 920 96 731 213 -250 978 -123 616 -149 
-514 300 638 507 76 -179 -195 -861 977 -621 -745 -641 716 664 -867 526 960 107 -414 -653 -702 -557 930 -531 6 -61 211 809 -524 -242 539 -346 -63 748 -830 -423 700 158 -823 994 150 -289 -389 -609 -459 299 835 -432 -661 132 -530 -645 -494 435 -350 113 -613 988 80 -368 -360 389 -394 154 -554 248 -585 -762 -97 166 863 390 174 303 -942 393 
-28 800 -188 -527 -773 -52 -673 967 -567 -226 672 -338 -760 -163 -30 -507 -620 529 656 561 -956 -411 565 107 492 -546 70 357 146 -565 786 -717 -864 -562 137 -712 601 282 -997 366 -977 -340 -718 138 -315 -449 -653 495 -191 267 689 530 420 -866 -414 -834 -756 -419 166 -855 -790 -275 997 582 128 813 505 813 -675 966 -340 -200 652 86 -766 15 
-39 601 682 -426 -458 -822 -367 933 -386 -280 296 -535 440 204 -248 985 -835 266 739 411 -915 246 76 -472 383 -759 -535 -115 968 68 -328 -253 -338 -364 528 498 -531 -137 -887 626 -678 -242 287 -350 326 931 -413 556 -299 493 66 184 111 -383 170 -639 -889 523 -565 -699 122 878 -566 240 266 408 -484 -597 140 713 912 913 287 -634 461 -797 
654 -535 -177 220 552 11 -116 455 814 -939 -196 992 -500 -669 360 -440 -533 810 -174 -387 374 -388 54 -279 -548 -855 511 -454 678 -232 268 -334 -550 231 613 320 -353 -929 -359 -161 1 507 -311 781 359 -870 -117 542 -605 723 775 434 170 -183 -906 484 197 -705 -915 261 -985 365 468 953 -831 -556 -37 -48 -270 559 559 -217 290 138 -838 -464 
384 -745 -119 655 266 191 674 -745 -274 230 437 -443 -257 162 434 -758 -598 -803 -101 -961 842 -423 -884 356 200 771 712 569 -505 -837 790 -415 159 -317 -148 -556 408 582 842 308 234 236 122 -830 -110 -69 -410 -879 -633 -289 -821 267 398 429 237 756 43 -588 -821 76 169 582 533 168 620 566 -933 515 -44 -175 -9 577 773 -142 -195 84 
-59 113 -254 -717 22 -772 -533 -489 -427 -247 888 360 129 58 -111 -984 -864 882 -417 974 286 -73 574 -155 712 -664 833 -42 472 -239 919 196 -527 -755 -979 -746 830 -757 772 -454 838 -140 324 824 -317 -772 545 933 -45 -889 989 -791 -897 -34 -194 -829 282 786 -63 -901 -581 481 207 -536 31 -650 463 852 -88 -107 109 -324 -133 855 -503 252 
-951 -221 931 203 -612 574 -202 995 597 -11 -334 -333 -525 408 -130 328 -250 -967 957 682 -108 -987 817 35 -260 -46 574 341 138 -438 288 -804 -773 278 607 34 1 -401 -318 -334 -583 -991 -94 -497 -630 -542 -943 726 721 -767 538 240 843 -926 986 285 -94 -391 -193 510 796 900 -496 -271 -736 398 446 2 -437 -462 -454 -224 -670 -851 823 -18 
249 679 -848 283 -989 610 93 -636 -597 628 -430 -8 -414 -318 761 -947 -439 974 -654 833 866 -781 -601 -253 -654 765 -315 -141 -6 -834 24 7 198 607 741 -256 -651 -668 -690 -659 363 99 98 -466 611 406 467 603 585 -17 -756 710 -377 -772 -573 974 -642 -549 91 901 647 767 429 244 -262 339 -200 766 -113 -562 -506 595 948 -135 -511 -266 
-833 653 198 -304 291 -848 24 774 -56 321 104 -247 -890 -750 916 -435 -350 758 734 796 893 923 767 -709 -407 -855 956 77 -578 -373 663 -601 556 702 72 933 305 -344 974 -341 -339 267 -752 989 84 -390 9 -733 -749 -645 948 759 -41 734 -988 641 859 -691 552 -123 785 -652 397 555 -29 -526 291 208 57 768 -460 443 653 -526 291 -349 
798 -996 914 -897 50 952 -842 -867 432 -827 63 -345 124 -575 -782 -622 772 -758 697 -631 187 529 -705 -677 -588 -752 -668 192 994 61 903 305 -563 928 565 152 535 -958 -771 982 847 359 -858 852 22 -835 435 -436 -144 85 502 -935 -898 -399 370 -628 -726 -353 -811 417 -430 -283 374 -111 -472 -99 -404 713 777 835 -896 666 941 -259 403 -30 
-1 -694 994 -212 -754 910 -631 243 -270 -931 118 285 -254 774 -192 -922 -842 -158 -232 -903 -503 -532 334 759 737 -893 503 449 722 -210 157 728 624 800 -1000 -840 420 237 860 -209 -256 411 147 -412 -794 -772 652 118 -346 939 691 531 806 -572 -733 251 -504 346 -6 -877 166 -301 -819 -706 353 -762 331 -535 826 681 -74 -26 -368 -412 -321 -357 
764 -134 -191 -69 537 -312 65 854 425 -626 580 365 -749 911 386 617 753 -12 410 -484 761 389 -282 -985 -582 810 -785 110 -230 127 948 -359 -499 567 -472 -644 713 642 889 -438 -712 -78 616 -43 -211 570 102 153 698 664 -292 -6 -222 -875 126 -277 -886 522 -464 896 -346 -731 -503 374 -463 -996 -713 -15 -100 -703 -60 983 -933 711 -584 -132 
-451 964 -658 556 -277 296 -901 544 -318 493 909 -901 -892 -802 624 -219 -869 589 183 -70 192 -128 728 323 -293 -980 537 -955 -292 -363 -822 920 -678 677 -381 -517 282 939 608 -874 642 181 890 -511 558 -751 679 -573 -62 -624 -59 -931 289 588 -349 -376 862 284 -384 508 353 -842 -200 850 -979 164 988 189 336 442 114 756 714 -714 -723 67 
897 409 -706 -285 931 21 715 775 158 664 319 825 -787 40 -415 196 -812 447 874 -621 -322 -246 817 761 -188 -324 -806 -173 -463 -456 287 75 292 -402 -244 -562 550 -907 529 704 861 -901 -844 78 959 345 -299 69 363 -757 -618 -558 -91 -514 -213 -647 -624 -230 -882 -983 -127 -670 -553 -881 113 -167 -951 139 -877 -200 720 -960 -569 -82 -486 -480 
-578 -105 -701 -153 767 303 6 422 -247 505 353 483 730 -357 856 383 -400 -803 829 873 766 -382 -450 577 97 -779 399 -129 -61 168 906 -267 -192 -439 724 -78 23 646 -878 -311 835 594 587 737 -453 -760 0 270 487 800 -647 -624 628 480 98 -38 41 613 -474 -954 -341 -78 843 -249 -322 855 -370 447 797 -922 496 -942 -100 482 802 298 
699 -471 -628 -67 -114 -492 180 -36 -421 508 -307 -51 -125 639 -930 -453 133 -957 -75 -180 944 -838 524 -524 -585 663 -870 793 42 -767 -611 -586 866 965 -42 -621 -964 256 85 341 235 509 -968 178 407 -164 -690 -808 106 884 753 174 -595 42 147 -405 782 258 647 373 -219 -378 -716 -67 -72 565 -330 762 -933 461 853 -493 715 -148 970 737 
-435 147 142 -909 -638 -643 -682 -508 -17 -306 861 -246 234 975 -864 -736 919 -471 271 535 -732 -864 114 521 -847 -125 347 -402 -123 929 -709 -302 93 -307 935 -506 421 -139 76 133 -52 495 32 971 -621 949 -388 609 -554 -988 375 268 543 207 -476 775 -569 425 -257 814 -225 -381 243 45 158 930 -96 711 -997 -412 107 443 461 -843 343 628 
-207 109 19 769 940 764 -765 708 -159 -902 899 -674 -683 -552 761 -581 -958 362 -533 -486 -487 25 -191 -112 -133 -476 492 -483 266 103 -681 175 555 639 -771 854 863 -644 732 568 -478 -312 -904 -507 -349 151 898 45 742 623 298 -479 566 250 723 -232 975 -630 166 595 -6 -371 730 -109 -982 -255 275 121 -504 -470 360 622 218 -655 -566 740 
-375 -81 497 157 674 -646 -999 -998 -691 -945 29 391 93 929 -702 901 167 -96 -808 -344 966 430 -116 -654 -690 206 -607 -289 992 462 161 819 782 7 446 513 -320 66 766 -962 85 -707 887 -300 653 719 983 411 119 40 -137 181 -9 -820 480 217 827 -127 -353 -188 717 455 -315 858 -213 -152 -590 -222 566 -240 -285 -541 -104 159 -230 937 
-871 -948 -291 -755 611 -212 -783 244 885 -956 648 -57 -11 -501 -984 195 698 531 111 273 728 -23 -332 -855 109 763 -336 -222 860 -677 -4 -595 -40 497 428 -493 -781 5 269 -244 407 93 -869 -126 -443 -845 -826 -266 508 -613 -762 -607 205 644 -259 172 -643 124 -645 -508 -86 793 -872 776 -143 -586 -979 822 -593 -742 580 -842 -106 -881 673 116 
947 322 641 899 -770 -954 258 -240 -222 430 -541 485 -675 -549 158 543 -582 -478 -429 -445 -499 -46 -473 -580 -706 -12 -212 -744 346 -988 -893 -13 -73 -113 943 228 679 253 828 -329 -178 865 272 -693 839 -929 209 861 547 -434 279 -156 308 990 -317 -178 282 507 79 459 -965 -622 -968 489 -616 -621 -310 -912 -130 -456 -5 -433 -630 -651 -133 -539 
849 177 -502 53 -97 -76 747 276 -34 -47 151 229 729 -698 181 -761 -31 385 136 605 -672 197 -199 446 860 14 40 -594 270 -543 13 -931 420 376 483 478 900 701 551 155 130 -700 -243 55 -956 269 901 132 -572 -310 876 -233 -651 -546 -27 104 441 -57 -135 -402 -206 -130 -979 618 -488 141 -685 642 -389 944 -956 546 -38 510 -979 -66 
-941 -823 55 43 123 -28 331 -610 -768 598 213 229 -627 -755 840 -539 30 -556 515 -572 -107 -569 -461 568 -308 806 -343 -353 588 -680 925 -287 653 -798 -925 -526 575 9 -723 -660 41 20 -623 749 687 -219 -740 605 -279 -790 199 883 -702 -305 394 728 687 614 830 188 177 489 311 919 -100 927 -830 227 -264 990 650 -840 -969 -15 -206 -504 
153 442 -418 -451 -803 536 18 735 -567 476 48 810 -741 -663 -612 -433 97 -661 -750 602 -314 345 -677 468 366 205 -613 -854 -492 -604 942 366 -495 673 725 -740 672 503 299 -432 -960 39 365 -586 426 -650 -374 946 451 -93 743 -815 20 552 134 431 888 -802 743 42 966 -666 -225 855 -16 181 -999 228 251 527 -389 -738 64 440 -630 -572 
322 -329 -544 -148 385 795 -51 148 -434 819 -325 -53 -464 -231 -489 577 950 -482 861 988 -898 -308 419 -916 854 -265 601 834 721 -10 -754 -116 204 -47 567 -588 -991 -373 956 347 571 594 -829 912 508 277 -430 -379 -340 309 -993 691 -429 190 -86 -20 56 360 -771 594 -806 794 178 567 447 -738 -810 -716 636 -485 -452 158 405 -338 86 -411 
741 570 -432 335 -352 706 637 -43 -394 -779 -650 748 -213 -726 -1 -777 -827 747 204 -293 -683 70 405 -205 154 129 438 -363 322 -481 -806 -924 -93 289 9 23 -647 654 -49 -389 928 -186 -945 -332 -907 -941 728 -534 -152 466 -937 753 -108 720 -468 -967 115 168 497 824 395 -468 585 -236 717 -670 630 278 -432 -335 462 -693 761 795 -786 -995 
143 -130 -225 433 -852 -106 -280 -398 -90 -267 276 -546 110 -186 -938 -561 120 942 -342 413 317 -620 -210 834 -563 -270 993 303 761 -756 10 -531 -543 -431 812 -234 969 -304 -999 -636 -543 269 -188 346 -300 580 -372 -814 -655 -68 358 151 -647 -848 -919 645 -8 714 -624 -83 -840 -431 -981 -243 210 -875 824 -993 -522 631 193 369 510 127 933 597 
717 -71 -149 986 269 559 707 -134 -486 -387 256 181 -615 -416 -172 -929 622 -639 -486 245 -836 -319 -662 230 -419 645 -952 159 -604 515 206 -73 193 -579 619 205 982 -481 971 -417 152 -476 762 60 120 -979 36 -484 82 -924 926 526 -571 -210 426 -894 148 -225 -826 728 797 51 -489 -647 664 -662 677 -571 386 -317 566 156 -805 -100 671 881 
588 -423 72 603 -323 -877 -848 942 774 -893 240 442 324 319 644 -717 -721 -316 40 -975 -294 517 768 920 346 563 -389 -726 -998 318 56 460 766 443 248 -250 -649 470 -522 751 -681 233 -523 808 -11 61 762 -520 -237 -383 -470 -840 558 57 -972 -768 6 312 610 -542 206 306 379 596 -714 219 957 -796 -520 -892 890 423 304 871 -623 -93 
-241 -656 -82 -273 -943 383 -972 -425 269 -692 -710 -477 -835 -278 -925 58 -592 -513 35 -765 364 146 -98 349 -521 -714 67 416 88 438 490 -493 -247 -463 -262 -657 -911 -839 126 -620 -145 182 -455 11 745 -240 -169 28 710 -259 -123 608 104 -360 -668 -903 -34 -957 -918 -367 616 -82 -550 -256 -707 264 773 402 -630 69 -271 -407 300 848 -519 -177 
76 18
-733 -219 382 488 -330 -613 -141 -271 -780 806 -272 -173 676 -762 194 488 774 -104 
-718 -495 172 504 -112 533 331 52 988 860 498 -286 -697 -629 491 -395 506 -448 
735 508 -652 48 351 428 586 687 272 463 666 656 39 -452 -78 718 933 569 
-465 635 116 -145 247 294 579 -211 -758 322 -913 -704 -153 -252 355 113 -581 525 
-400 -386 -384 138 176 382 -397 -808 -776 -561 294 -4 780 -925 296 -223 -72 443 
577 563 -900 177 -814 268 583 924 684 893 -264 768 97 976 480 -907 360 43 
-244 -151 -764 56 178 -856 327 -558 -103 -485 803 722 -786 -802 322 667 -444 -489 
-410 195 -548 -428 131 -925 -890 435 156 -431 -393 -632 -341 -228 171 811 549 23 
924 784 -915 826 563 -917 -328 581 -401 51 -878 38 4 422 -338 973 502 397 
-333 -418 -730 770 53 -873 540 559 722 -877 -394 -791 207 -706 127 557 929 -278 
547 666 -800 -415 -494 -529 984 -84 -780 -138 -941 -941 252 -127 836 -26 960 -877 
693 60 -57 259 -413 -295 -268 -851 -680 885 -142 -791 585 443 -127 -688 433 -913 
-624 12 -786 740 75 319 -117 333 -905 -217 14 546 -981 -991 962 -106 657 -325 
-872 -906 14 -338 -247 -764 830 28 847 -731 -876 230 101 -441 449 1 252 456 
-607 906 -545 259 -706 920 -823 332 -992 865 966 46 162 -209 -953 834 475 708 
-950 835 395 -388 106 -16 -860 627 914 593 -324 -153 -168 510 560 894 311 652 
58 -310 -403 -902 278 60 23 283 -654 -328 650 740 -140 -824 740 -407 -688 -893 
-415 339 -982 -433 34 133 649 -268 -709 319 -19 -445 204 -14 -301 -488 450 885 
-26 -805 -865 727 967 157 536 -634 704 881 29 -993 518 504 574 -873 -818 -189 
-164 -758 65 690 -435 802 -910 18 -668 -453 -528 -889 -559 -300 727 -42 517 -616 
732 -602 -792 766 568 -665 110 -771 -716 36 728 -892 775 -650 375 874 -436 -7 
-346 -383 -425 642 -119 48 505 -703 640 289 962 35 -864 -617 -553 -372 932 197 
-428 211 -608 -773 595 -450 -233 -990 734 -736 -771 331 -575 528 -609 690 -316 -821 
945 -215 567 -579 952 898 895 -724 106 972 -672 86 -125 -45 -981 108 730 -607 
539 -866 -221 -167 -982 169 885 -730 569 959 974 -849 -384 -154 -858 173 -398 611 
578 -720 229 456 826 -17 0 -372 -499 -465 -154 90 195 167 -621 -739 -620 81 
612 -998 583 2 -677 -738 669 -370 -333 -982 -1 518 -575 -388 -380 -845 460 -720 
-392 904 -737 -650 106 -525 172 -154 -459 -588 -749 641 -910 225 755 -534 475 -343 
-112 726 802 -969 390 -769 563 938 -739 639 712 -253 110 -389 -20 574 -748 -803 
-414 277 -554 -937 807 -655 468 -699 -43 706 -752 658 697 17 640 414 839 228 
593 -978 28 978 -258 292 853 -984 720 545 -82 186 -952 -344 205 414 604 517 
-591 -698 -18 110 165 -228 -621 601 -631 -13 594 -530 -461 827 107 14 -431 -234 
-629 -588 -126 -807 861 570 150 -411 -398 -240 -12 630 -859 521 -485 203 616 182 
426 871 995 247 -477 55 175 350 29 -58 557 -937 -886 -915 -404 -778 -327 943 
-645 335 -915 -556 43 -149 861 -828 41 473 -723 391 907 -988 -644 -581 665 244 
-289 -635 446 519 735 651 -178 721 735 769 -262 -350 -719 738 818 -281 345 -926 
139 -413 49 -510 849 -992 991 -972 958 -432 100 639 284 169 -602 -123 -888 -176 
448 -925 807 165 -744 72 989 240 -510 250 891 -6 771 918 297 -832 377 -698 
597 -317 473 -72 -182 -797 -600 188 -763 -243 30 -258 -716 -414 24 533 208 -198 
717 -629 716 617 996 655 -530 897 -348 231 -434 104 -965 -935 -660 -548 -13 492 
-57 740 370 762 -533 440 -495 -839 715 740 687 619 976 201 -394 -142 464 644 
-209 -136 -990 787 -974 462 -831 -779 977 739 -305 -270 245 8 -340 619 -584 -511 
-361 -189 -299 222 -668 -770 -275 123 -145 88 860 149 112 266 235 62 -544 489 
-921 -125 -566 -881 -175 252 533 93 407 883 -526 -175 -684 73 977 693 180 901 
168 -920 490 878 -922 658 629 -325 485 -494 -16 633 -225 -711 -487 622 403 476 
965 -965 983 582 -846 -121 992 -883 140 -119 -272 -234 484 -474 -801 -373 -530 684 
669 492 -950 62 -185 -604 -170 -767 728 333 946 438 -782 518 916 -742 -803 628 
-692 874 767 103 -902 554 396 943 607 776 -496 -482 -318 845 443 -592 708 -556 
669 584 -906 -514 -670 -4 -487 -283 -337 -220 261 -641 -114 -641 -321 -363 -10 -600 
-75 -763 -721 -937 524 -12 340 -358 44 -136 -759 613 633 918 -673 -41 998 519 
390 815 261 -31 -301 111 -46 979 -750 64 -943 -480 958 470 261 -193 926 358 
-877 -686 370 -731 5 823 623 -525 -157 -836 710 488 527 966 -260 -979 224 291 
-74 -866 -526 -738 515 -738 -852 -237 446 -676 274 115 -316 -475 -421 -438 -637 -551 
614 -304 -524 594 -967 445 74 -781 -198 193 699 -226 113 -334 -417 553 669 -377 
694 -671 -826 725 31 975 500 -952 151 186 -322 660 -434 -994 -715 -964 -288 731 
-350 -781 -78 977 -995 305 -84 -373 160 -568 86 617 987 -552 -170 -126 41 -881 
537 825 307 693 719 128 -973 120 28 -390 -36 -941 -36 38 56 -780 327 -103 
-542 142 758 -406 -491 812 -43 884 708 87 985 -568 -900 777 355 513 359 643 
37 60 -158 -659 741 711 497 556 960 -103 -638 -391 -463 -573 -529 47 -846 -378 
-248 149 657 228 -592 -67 -57 699 -313 -581 -410 -240 -776 -774 -991 -72 627 -388 
640 -931 -738 -15 -621 622 -872 666 -25 792 30 -898 -713 580 1 140 757 529 
568 -654 -647 -700 -414 -883 681 828 766 -958 634 -469 -433 -963 229 -478 -998 -392 
-2 -852 -638 254 401 -705 182 -111 -866 -962 -951 -935 -233 50 -574 -579 -186 -679 
565 295 -987 63 -318 -109 328 -867 524 -392 190 688 -707 122 -456 -356 56 127 
-712 320 271 -271 158 187 -634 163 303 527 -873 760 -280 709 -696 32 609 353 
266 612 -859 695 -349 -28 144 -274 -225 495 74 -795 -350 387 212 -509 -991 -90 
-848 451 945 -812 -74 -688 -656 697 20 941 -765 225 -634 360 879 478 70 336 
-755 363 -714 -123 -312 -33 -869 319 -200 -205 156 -719 708 759 860 -817 691 82 
-700 -466 883 73 389 -181 238 -574 123 -402 -982 569 -90 -896 -416 -637 -714 924 
640 977 820 -62 -158 -73 281 -527 -256 -962 -647 -874 258 -858 496 -368 -150 -304 
288 -90 177 -693 -407 587 705 397 -757 -256 -602 -555 920 -37 767 702 -35 -57 
632 247 -382 -372 93 -687 -272 -512 216 -520 531 -642 715 646 -256 -826 597 -876 
360 -539 -898 514 141 391 -603 201 837 634 -659 591 717 373 -61 106 608 -615 
-973 -647 -664 406 -117 400 -476 241 16 -30 731 964 -512 20 719 598 -104 671 
-763 413 -489 -426 -603 -110 162 57 -515 196 -487 442 331 928 -278 -338 -214 175 
-971 -747 236 -112 -112 222 553 -601 363 -972 71 -778 679 -338 651 571 578 630 
