89 4
705 778 449 -474 
-263 201 -972 978 
330 332 -140 -706 
524 349 -86 322 
126 -832 135 -246 
552 -229 105 255 
290 74 -148 -441 
-973 418 -990 127 
12 180 597 -967 
-602 -684 988 -687 
-935 -262 140 -92 
-177 984 97 643 
-984 14 -162 468 
367 -901 -750 -134 
-996 277 923 -826 
-644 27 79 206 
-850 -440 408 301 
607 986 -640 -294 
521 -924 30 -242 
599 -63 -161 592 
268 491 -423 -461 
-731 -229 -533 500 
412 513 633 188 
766 -379 263 -276 
-993 -481 -348 522 
749 -123 -263 182 
-574 195 497 -942 
-210 592 412 850 
804 -434 783 -992 
-365 82 -562 -781 
121 917 -308 49 
803 -470 770 787 
-697 321 -418 -184 
-42 -389 814 -228 
-500 287 -466 794 
-454 -547 958 640 
375 -127 72 -926 
594 377 -592 562 
-198 -870 -627 -562 
-543 -799 -553 506 
-177 38 785 928 
819 629 696 -875 
368 976 -307 -962 
469 143 32 -270 
332 -614 -611 -670 
952 424 -660 214 
729 -472 -29 890 
-830 433 -450 73 
717 -827 562 -631 
365 955 895 -873 
-284 -611 -987 -908 
374 -593 -408 737 
93 210 470 -634 
-33 343 -473 -663 
237 -9 -729 173 
-867 915 977 -775 
-566 808 12 507 
-390 37 794 -484 
-703 -608 -210 -810 
-475 -123 -530 516 
-559 -976 538 -600 
877 -626 748 -62 
-434 -865 384 752 
986 687 -970 -991 
-209 917 21 175 
-748 -325 722 -196 
-768 351 -351 955 
-598 -231 -325 -461 
688 -290 -158 -657 
140 -892 -655 -662 
180 -920 -89 -54 
-719 908 885 -215 
434 -715 965 -868 
738 788 878 -419 
471 371 -298 -756 
-531 418 855 -714 
-718 -350 -347 804 
-109 -205 606 -136 
983 -87 -525 -157 
858 -604 -105 -310 
77 432 -987 -470 
-804 -119 871 -247 
32 -941 852 304 
870 -182 297 86 
-497 -266 572 782 
-983 -271 -307 -540 
-593 -773 493 387 
701 -755 819 171 
-201 77 -643 289 
4 71
114 -588 232 529 -7 724 847 -499 -457 698 42 463 -416 -386 741 88 -601 -61 -922 -748 886 637 755 -686 512 290 -476 -25 982 980 650 851 231 -306 -992 180 -981 -195 -559 -598 -478 -607 -197 571 -440 -572 -926 887 109 91 -249 -386 -46 602 -486 113 -699 348 286 119 -127 355 -148 -847 400 -755 155 496 -45 536 191 
133 339 359 863 137 760 -618 -900 414 -950 -774 286 -810 231 109 -304 498 -860 -328 -160 270 215 -255 64 -437 -396 232 -480 893 887 -83 288 -298 162 516 -272 770 -985 -133 -469 -347 535 -629 339 -190 556 669 958 318 373 351 882 372 -256 -329 -387 -711 -819 -696 264 -221 335 435 924 566 -186 -881 -250 143 -804 -468 
-921 -268 -3 724 -657 -165 -262 51 -277 -597 -1 648 -884 129 164 -19 987 -781 657 -860 90 234 629 -862 -852 395 -295 -863 -713 -170 608 -880 -455 68 450 -179 -727 458 553 -954 -496 -733 603 396 327 -851 682 -294 -94 994 841 437 782 634 -704 -669 7 79 593 -895 -451 -831 -405 560 264 -245 -434 -625 185 6 49 
-529 -189 172 657 675 378 -432 475 742 715 -836 732 690 -868 187 135 -658 -827 952 -569 807 -480 630 -299 -893 -340 -430 139 274 680 102 10 166 782 -704 521 900 910 -574 991 -294 -243 266 148 -892 317 -299 -317 522 -449 -432 -318 829 -506 -481 -491 -958 -610 -959 -224 509 669 -796 955 -238 -215 565 -629 -873 874 523 
