101 31
90 244 -96 -861 -104 74 -942 290 -84 749 -920 -83 -65 -282 381 -284 -445 491 617 -254 218 -630 -910 319 694 -549 981 266 -224 -976 -987 
245 -4 1 -493 0 -691 694 -354 571 278 -460 -627 646 785 364 267 -548 -846 -832 529 -929 62 -169 -181 117 553 -861 100 -204 -850 -527 
-781 -934 483 641 730 -208 -373 -41 60 -209 429 -863 -48 -684 789 -471 -445 -528 394 29 -46 131 192 974 -408 282 174 198 -859 70 595 
941 -272 880 437 -611 -673 -550 394 -107 116 -233 42 -53 249 -947 452 -715 -545 346 -383 -374 964 -331 566 -123 900 167 606 -790 -527 -359 
-585 331 -891 639 731 -179 -313 -474 -782 327 -883 -454 774 -501 337 -469 -585 440 -105 -895 688 863 -498 973 746 53 -907 210 -193 -584 639 
68 -718 -875 490 224 685 937 77 44 843 -474 -144 800 -41 -791 464 -730 149 842 899 -291 -81 -236 -311 -588 -414 53 -989 853 -741 -360 
824 -240 700 -767 -746 -326 835 552 935 181 -691 26 -12 434 151 77 749 -204 421 -461 -790 583 -697 -528 -484 -639 -152 -369 -249 -72 -648 
-175 852 -332 -995 840 -958 725 166 372 877 -648 256 -901 354 -25 -116 990 -47 719 -863 314 132 6 350 -516 687 812 819 -423 -263 961 
464 -195 954 -712 -867 866 517 -726 -356 -781 856 -482 925 -15 353 183 608 726 -220 958 -272 456 -774 -510 -50 -48 476 -2 -613 -116 -656 
-358 -582 -238 -765 196 -683 -266 136 448 687 -498 768 -979 -150 963 -822 -789 522 875 -195 -790 -470 -475 -924 -524 45 612 -903 766 39 48 
-491 122 -210 -999 742 -255 155 -162 -622 -769 -75 -179 -852 911 -64 283 277 906 -958 454 244 -518 406 281 57 563 725 320 -594 -28 -671 
-931 -273 -822 68 -54 396 -634 -919 -928 748 -928 -792 55 405 -612 -312 159 -647 44 -736 -705 -46 630 -642 -245 -734 279 60 -949 900 -680 
176 -550 -553 -415 -45 141 -244 267 357 837 238 -118 63 -490 -878 -646 136 -152 671 329 268 -883 -33 -250 -855 181 -874 -615 572 -97 483 
-477 796 897 677 743 -859 713 559 -263 617 -732 -833 197 1 -928 -708 867 218 -194 -18 -838 814 298 722 787 -32 829 -914 -272 -468 -910 
466 604 541 -616 448 516 -239 984 -355 839 251 471 344 250 520 286 778 -545 164 760 831 -666 414 -740 996 228 -983 -292 81 -76 356 
-819 -967 -564 -708 -376 -416 929 -832 -448 -435 253 -443 821 -400 -32 27 280 85 260 -192 -592 -983 102 -972 316 44 -894 -611 26 840 -786 
-20 -600 -222 665 -705 -935 398 933 -72 442 -792 132 -338 -571 560 -561 -318 -699 661 204 -955 716 -331 881 -936 -798 691 -236 708 30 347 
532 -980 -214 467 718 399 658 226 409 290 -739 405 243 221 144 -897 -785 -907 -513 -943 -482 -629 853 -134 783 914 933 241 -910 -265 -830 
913 513 -692 268 -28 864 517 93 963 -301 -746 -957 861 130 796 318 134 -759 -452 -676 769 -253 650 259 -751 -152 -117 719 333 820 524 
700 803 -822 660 -569 -658 -311 -377 -208 -774 541 -499 98 919 649 242 502 348 388 -145 -347 -369 -558 -726 877 -286 277 25 582 15 -301 
-500 -459 840 -215 -196 -95 264 16 -402 -316 -274 367 461 932 -132 -31 -985 -942 698 -7 -265 -30 -352 -461 3 621 -284 733 -618 -333 -719 
-218 -80 -347 -359 213 988 978 -165 -947 83 433 360 767 -288 -369 99 801 -829 -456 -840 -450 -342 -645 -225 -786 -803 137 -800 504 904 542 
456 -795 -897 -268 541 -426 -628 292 -209 -983 -147 206 -112 -201 -884 -597 -587 -830 63 -975 -499 717 241 775 -702 -276 -720 -422 -99 111 761 
-177 47 -887 -800 441 205 -395 101 142 -725 667 -253 -859 -979 -321 -85 578 -214 -358 -591 533 978 -386 388 -448 -319 868 740 -632 -188 233 
-897 782 -36 264 -499 718 784 -727 765 407 536 -389 207 876 -968 -451 404 -630 297 868 994 140 -594 -712 684 -644 -971 527 -31 -405 -52 
-754 532 -958 -473 -339 -179 233 223 938 942 -680 301 -767 -264 556 216 715 254 45 203 501 -262 -882 858 179 159 -716 -378 -877 -880 -310 
-114 918 863 580 393 -83 344 -605 722 -575 654 -999 867 230 -794 -707 -875 -288 659 -175 -601 -953 322 -990 429 -809 -937 -752 75 91 711 
750 -78 -518 -104 796 697 658 85 -652 -960 949 -857 -543 242 -159 -447 -297 -663 469 490 -17 -42 -447 560 -671 240 156 859 -953 717 -756 
-369 143 911 98 -425 -94 -319 355 894 739 658 190 -673 -486 -463 619 545 673 218 -159 -165 446 287 -389 -130 -909 203 -165 994 835 -253 
640 -703 -27 734 -684 -636 -755 -10 -279 682 954 -385 -779 880 -582 -728 -805 -450 -475 -608 380 -2 -504 507 894 194 48 949 380 -170 -118 
6 -818 260 -920 -474 -310 -825 807 146 -917 498 111 976 577 -847 -998 144 -791 0 617 276 -433 -501 -237 610 81 -154 -545 438 -59 -290 
117 509 318 367 576 -320 -373 -632 630 -387 -687 -548 603 -707 -278 250 450 -47 -851 -305 -954 542 -960 -694 536 -773 700 -496 -694 888 528 
-270 -484 145 504 -932 772 915 -1 287 947 -273 291 -47 -746 445 281 -813 602 -558 512 499 -124 885 905 371 687 -834 823 378 327 -464 
-620 362 -522 442 581 178 253 440 607 -44 806 -769 282 -455 -537 -200 804 -268 650 460 -359 -124 -326 -974 658 558 208 340 299 811 751 
649 666 366 -243 639 -371 41 339 486 178 383 -89 741 -979 605 296 -249 310 -667 137 -970 -575 -645 -254 476 -510 484 979 -395 592 -325 
778 -487 -55 182 455 776 -426 -632 -914 -457 -863 793 -451 -182 -140 -429 -145 482 -796 654 496 585 526 830 434 -996 289 -21 463 -311 -596 
-254 -352 -328 473 698 -435 142 122 473 -714 -576 66 88 129 -106 -72 -284 -555 -336 824 343 -489 429 458 -505 -253 -599 103 557 781 726 
-711 -904 -968 -305 -30 18 663 -407 288 -269 2 -565 479 -842 -52 -192 -336 681 178 298 969 728 854 -727 -723 908 -499 -516 -323 480 405 
263 574 629 876 -522 781 998 749 929 401 350 -500 -864 48 873 -349 -495 52 169 -402 -665 367 122 -219 469 45 695 -521 92 -854 926 
159 946 -333 849 -606 -364 481 -593 -362 589 -669 -861 314 646 443 251 -991 -592 -611 715 -480 -176 371 51 -565 315 -556 847 667 -141 -890 
-179 755 -864 753 -908 -765 -190 38 227 -964 -347 -736 -264 484 -426 -38 -174 -323 278 50 457 -270 301 332 -276 849 -560 697 651 623 902 
-902 775 488 296 95 -474 854 663 -651 428 997 610 464 -618 -748 88 -939 -184 126 282 187 362 282 325 226 334 -129 -113 37 -235 -660 
-865 -436 -621 -921 -702 502 -80 373 188 773 192 234 588 -566 -155 -639 611 -574 -812 253 997 497 230 -799 -288 -738 -481 -227 -594 543 676 
314 -506 -105 440 -935 -808 860 104 -282 -440 62 617 275 122 -474 -434 594 -177 -325 -946 -462 -593 986 -75 15 840 -729 -327 643 -683 607 
-832 545 706 -368 -320 867 127 299 280 786 820 -567 -451 -697 -380 172 279 400 -267 -953 814 581 -865 513 -786 -245 -894 549 563 -776 653 
-371 161 -232 988 17 -894 32 -334 -437 -58 209 -808 -739 822 -912 436 -955 -982 803 -467 15 12 -898 445 939 860 -578 633 321 -988 -154 
782 626 639 -775 348 -15 102 455 -457 -62 956 123 -5 -382 -357 52 -208 -568 -51 -509 -722 -790 944 708 -989 674 292 -479 867 -494 -10 
723 15 -379 418 586 -951 633 340 -81 134 -742 -752 -600 805 -799 276 204 -448 -371 74 423 -255 192 -414 -176 -89 973 239 -710 -488 -352 
448 -40 -696 -817 -318 868 683 -785 404 561 456 -869 -884 415 688 -527 -104 -560 221 12 -776 601 -499 217 666 -934 -671 -364 -507 -526 65 
755 -678 477 243 263 -857 751 795 990 863 -363 -603 779 -617 282 -735 -246 129 775 15 -498 -706 687 -629 702 592 330 394 -528 -18 784 
-26 532 -772 -151 597 -251 650 418 -511 299 731 -477 -444 -796 777 79 419 -172 582 811 717 331 550 386 -493 758 220 472 873 -328 163 
974 318 -390 -770 5 473 449 113 327 -108 -512 241 946 -130 -819 -679 390 588 408 848 802 -945 809 551 138 -756 -343 -841 -373 -57 -331 
-838 226 -639 -754 -856 -6 -315 -588 -954 -332 157 292 74 -708 -550 335 -895 841 164 -867 -571 -411 398 -510 -7 350 14 368 -537 -643 -116 
973 333 -235 -839 -537 466 -18 -79 997 -977 834 692 143 -340 -473 817 65 888 719 -364 572 -418 668 754 -227 868 472 -494 786 869 -428 
-849 -358 466 783 -901 -627 676 489 278 108 454 -743 -304 -598 -656 -260 363 -149 -346 -881 212 -549 -525 -881 -461 371 -464 382 896 -265 -134 
537 -855 -188 115 -792 -718 88 -297 693 -276 -734 -351 337 -375 -644 -545 -861 655 949 -940 -894 -341 196 -436 -91 -425 -230 -347 -999 -545 200 
621 403 65 -607 966 7 836 113 689 -647 -598 462 -854 977 -504 221 -464 820 901 -536 56 944 1 -305 914 -408 -439 541 -756 -783 408 
-372 53 444 -640 -389 773 -186 681 415 460 -420 -903 536 920 818 -955 -858 346 694 950 -261 -805 -527 288 -542 -357 142 -401 561 395 -578 
771 -373 -772 -486 45 -999 -649 -933 762 586 -642 -857 0 408 -526 -996 567 190 -441 866 58 967 -139 -804 590 -537 785 -416 -798 -48 -437 
743 119 -498 729 -873 849 -588 420 943 -721 -549 641 162 -56 -761 914 -121 -617 -867 366 720 -648 418 271 427 771 -922 -646 134 -711 -15 
-731 -954 748 -52 820 -855 372 467 -540 -951 223 761 -453 -124 633 -963 175 -405 -932 -101 -361 600 137 838 -529 -92 184 -331 48 55 652 
-596 863 465 -485 893 -252 552 317 -130 319 803 -157 892 -234 -121 -518 -880 -975 -496 991 113 234 130 -107 123 111 -576 740 -306 -454 269 
-507 -198 531 337 300 889 211 -82 -363 637 445 -413 178 -547 969 -351 -525 -182 -400 461 7 790 687 357 -333 -361 437 727 -927 377 975 
814 650 -686 55 269 -762 -279 120 1 83 793 -650 291 293 979 507 -981 77 -926 564 -709 -467 947 -482 683 987 372 -773 304 676 -436 
-551 83 -861 -612 821 607 -510 -204 -164 843 -880 -23 -622 -231 -493 166 950 941 -912 -160 486 -910 9 -545 -305 858 -282 313 392 917 -537 
801 527 820 617 -751 -492 -339 7 -477 933 -94 83 838 9 381 -603 638 -383 255 -285 -851 -772 -310 130 418 170 -709 668 -465 675 524 
210 559 217 -808 -157 967 -837 785 -770 -67 204 -225 -283 102 483 -7 -365 -284 -28 617 111 -192 719 -341 849 100 -425 -794 516 -579 886 
-642 412 239 511 649 59 -375 900 -239 927 -246 -343 -151 637 -956 -823 -796 -924 -353 999 -894 299 -526 23 -932 445 926 527 482 119 -101 
-568 -845 -642 167 -919 -403 70 -84 198 181 817 642 -251 954 -827 245 -703 581 673 -392 -638 -845 -592 -423 269 726 687 -217 -680 -647 -564 
674 321 851 592 370 351 -739 -370 778 -167 839 716 -818 150 -504 450 835 117 965 97 934 941 -220 278 95 -585 -591 -402 487 -997 401 
604 -935 -375 -347 217 -971 -342 -15 363 -774 949 30 -839 421 517 -228 846 -747 507 700 -419 657 833 653 -380 -916 255 165 995 -521 -927 
-365 -66 -600 248 274 593 -742 -144 465 837 357 754 17 16 -737 651 430 -159 483 941 -670 380 -495 -652 -202 786 -858 -821 -454 -746 -34 
-528 -889 -693 -681 -538 626 -430 632 -54 820 -510 -959 56 105 328 613 -594 470 786 -411 -47 -98 471 -401 479 358 -694 183 -587 -697 702 
-988 594 -460 -149 -225 -933 -339 321 119 448 -780 -131 697 495 798 778 766 -984 315 -22 180 913 -263 -75 -478 -261 -170 -191 662 244 -539 
995 914 -418 -12 261 -969 768 763 -487 384 -437 -745 -772 818 544 871 -770 -286 -768 439 353 -360 -444 124 304 786 782 366 642 348 96 
13 47 591 -741 637 178 -105 -437 -108 -401 250 -527 102 -536 -554 -495 -930 -357 -390 -514 -32 718 -569 914 -148 -579 296 18 934 483 784 
-79 -12 791 963 435 -440 -119 -280 53 -97 -706 -995 -724 825 -424 700 -949 -359 -71 -164 -343 383 57 -901 387 916 -346 -581 301 -842 188 
-870 -194 853 -810 807 -403 -355 -477 -63 903 997 -132 -670 819 71 276 940 -617 -431 561 867 379 -180 -773 -805 207 -885 -365 -317 -295 -987 
22 787 -863 -889 226 -639 -15 -28 199 -246 375 270 -687 -864 -835 -854 614 911 603 110 -197 708 -37 462 28 -416 -98 -552 -981 -151 749 
-403 889 769 -334 1 -861 332 -249 436 110 -772 -897 -142 182 191 -940 936 580 364 577 952 174 457 705 687 595 977 136 420 487 -236 
705 -876 332 335 439 -804 -270 -723 -969 -713 -368 -578 245 169 51 264 -1 218 806 -405 -928 -409 451 441 581 917 777 326 -363 39 975 
44 -244 163 535 -414 873 944 -713 -242 -55 -573 -220 712 -669 -726 751 513 -842 888 -971 981 -81 -46 -799 -83 320 -999 757 199 733 -487 
-22 -71 -696 -830 -140 -60 -16 693 889 -42 293 881 210 323 720 -946 -861 -971 161 -39 -536 977 -984 -222 -751 299 -440 -397 432 173 -184 
-910 -752 356 -500 -280 536 -180 84 -605 640 -707 -908 -744 756 -282 372 125 -138 361 -616 39 -103 -489 -142 -769 -21 -67 -74 810 802 -97 
879 985 794 -44 640 974 -258 498 -914 -31 902 572 -660 50 -881 -23 311 303 -175 -313 115 376 -179 -337 -459 -15 -970 859 -974 296 -494 
357 -24 920 -816 754 76 -19 988 -977 -732 -392 -176 -470 950 -891 -354 -43 -608 -324 -276 -586 -70 -187 -162 754 -7 752 -470 -725 917 83 
-872 280 301 581 -295 5 -231 -325 -38 -710 -560 240 -647 -400 -645 171 -377 288 841 -165 -258 110 -987 -154 -44 183 438 675 -63 615 565 
84 126 -273 -428 697 974 -411 -803 576 529 203 776 -239 151 -92 897 90 -558 -780 -822 342 623 504 604 787 -409 -105 4 -829 960 -601 
-772 99 361 834 647 427 -138 618 -943 -906 -343 -789 54 -893 -558 208 674 -694 904 -759 -711 -509 -632 -213 88 371 -435 377 -885 392 34 
-319 -160 744 804 -486 -324 -27 -502 829 957 -780 489 145 112 -355 -525 251 -540 149 -783 -778 127 619 1 -688 -401 -80 -655 965 259 -6 
220 607 251 -709 900 -242 413 -499 34 421 794 369 810 309 -608 -215 754 414 17 834 228 739 244 -507 337 -643 955 -128 265 3 292 
-399 -999 -215 -636 131 -332 566 209 -548 949 58 -162 774 -957 -912 397 -99 806 -464 16 -840 -38 520 -976 155 -319 -100 -46 -212 606 -84 
-329 341 -817 -715 -541 -759 -166 -677 -752 698 908 -507 883 -677 -979 713 -769 -126 -280 -151 -583 48 -454 -466 -548 915 665 309 -386 348 -249 
-329 914 845 598 -195 335 -747 -770 883 -990 -849 670 -755 399 487 -17 888 -402 319 -929 818 324 306 -483 828 -194 -249 -896 -50 629 583 
-740 -452 607 -286 103 504 706 383 -135 953 879 -541 -749 458 844 -140 -190 933 498 -642 692 -702 361 -907 -646 -6 736 -787 446 49 -319 
183 -665 -860 468 588 42 -529 -733 734 387 -222 767 -995 -843 -491 -879 -312 254 713 835 -923 -257 -927 528 691 874 705 -280 285 -676 293 
665 -350 350 -954 -485 771 -682 953 -534 764 -685 -312 186 678 -550 629 -650 -964 10 -597 505 -163 871 -377 881 498 836 408 -928 225 -302 
-701 -75 -623 -983 250 362 -626 -908 126 -641 815 114 18 -984 -666 218 -718 99 -376 -353 -812 844 -34 -252 -643 388 -965 642 -137 -65 -977 
-217 610 252 412 -239 -23 459 -521 315 -602 827 816 -648 184 433 101 -194 628 -849 756 -860 -134 180 528 -929 -390 465 -826 793 -857 -948 
-591 52 698 424 -150 109 -470 853 -332 196 -966 -108 -649 -693 915 -19 -693 350 452 276 392 -894 -985 746 859 560 647 -720 -325 -493 863 
1 845 -464 964 432 213 -233 -11 -576 -738 199 529 563 -644 -170 250 501 319 -527 -999 921 75 -432 755 68 -970 494 -342 -87 -350 872 
31 53
421 -164 756 -266 717 -397 -924 818 116 -451 -885 -461 528 886 -289 -762 -33 475 127 -548 -249 -762 423 516 -725 -918 -894 765 965 -670 -385 647 320 -683 24 -966 165 -755 -978 -582 473 -680 -775 649 228 -418 -81 541 -347 -155 -14 676 180 
-335 511 -188 328 -673 723 -984 -54 68 -895 -264 -230 -270 675 -952 -351 251 -3 -892 871 409 -936 -630 549 -259 989 -167 -339 6 -721 169 -999 260 -225 -69 785 45 394 -847 -414 336 -346 545 -325 553 301 -345 489 85 -199 -551 54 -154 
-272 910 -403 777 -62 97 -767 -731 -271 659 62 -185 -897 -529 272 252 959 850 -637 -274 677 -517 -693 931 -945 895 -779 -670 104 544 62 632 571 -594 -846 -310 885 398 135 -548 382 -965 -644 705 489 -422 780 3 -951 -829 -329 -586 998 
-499 -766 -184 -191 504 830 -308 -11 113 -233 39 -801 -847 990 138 -641 343 -727 -895 -994 -888 -375 -805 -670 -524 828 556 -447 -358 117 -1 -381 863 -375 128 -470 379 -950 -775 710 116 -823 -389 548 -625 856 127 -473 -684 78 -483 -70 402 
526 -99 -795 163 -390 -99 -386 -511 -172 -333 -127 841 -986 290 371 879 531 642 628 594 61 -677 -493 993 -585 -750 966 -450 -114 712 970 578 -764 95 328 -511 -691 303 169 -673 -690 952 -421 -908 466 -72 579 524 -865 703 278 -334 857 
-575 291 622 85 -245 660 -948 561 218 501 -993 610 -903 19 -459 13 -7 -55 701 -182 -954 118 -489 182 -296 659 763 -520 -873 836 -772 534 -333 -626 -962 -39 -990 232 -858 335 -933 388 449 719 -814 -689 792 -894 -523 -841 386 592 -41 
-643 842 424 -981 -629 -797 -139 148 -344 -279 893 -230 249 410 891 -33 -54 -780 -496 258 -178 -335 -683 -844 -428 -815 -892 -775 -182 -218 552 -878 726 838 -478 473 498 684 -979 956 424 -336 101 -275 670 -328 867 233 708 927 732 296 -820 
37 -325 757 649 -488 -933 447 955 -783 -166 318 -631 -670 -294 473 -383 670 458 328 540 121 -843 726 181 850 169 -231 363 286 747 -811 469 -120 -23 558 -42 645 -369 621 -606 -980 -978 916 -465 998 970 629 559 322 579 624 509 -531 
-105 -997 118 -800 -779 119 -134 -438 -891 145 882 -33 -841 247 -907 -303 -183 427 -90 -626 -548 172 -352 -5 -327 -717 949 31 544 859 -222 -141 -558 -778 536 905 -32 -981 807 -903 978 -588 171 -764 -931 -601 -181 -605 703 819 912 -608 -627 
462 771 -681 -993 -948 666 -722 -807 -829 133 -941 829 -147 819 309 32 -515 490 -683 -421 -27 -889 -450 -925 -57 -989 243 -566 251 -777 953 -217 49 -623 53 532 520 -617 -458 118 -722 -933 -155 386 -664 608 684 -514 724 -212 -346 502 13 
271 -298 689 160 483 58 291 -851 -236 -511 -637 15 -959 -486 -896 -225 259 463 -177 -443 -50 770 504 81 -969 -233 -381 -6 53 -381 -595 757 938 178 175 -248 -845 431 848 671 -290 736 778 862 -180 640 411 872 -985 609 797 -32 -746 
769 -521 -2 543 -547 469 741 -564 36 6 -606 -271 -371 -219 471 124 -198 -485 -519 494 751 -862 -89 570 142 -259 -324 395 709 -490 359 698 -213 135 -727 -143 -970 990 -770 106 273 -69 -145 -485 -372 -101 727 358 388 -166 517 571 357 
5 370 -606 45 750 948 630 -46 -653 -303 803 -457 897 -712 -828 -213 116 845 262 242 -670 -893 657 217 -326 -721 536 484 -121 -854 959 -230 -311 -665 -36 915 -378 790 -255 -303 -324 536 -199 -627 -213 -300 -751 403 -767 857 -647 -64 -43 
549 -389 827 232 -458 907 162 89 -993 -609 -634 -584 253 897 634 909 202 323 216 -150 82 -205 389 -338 132 639 950 -292 891 394 -877 395 -146 16 -182 -385 981 -106 807 -264 13 933 -782 -839 925 681 -374 -5 -6 901 -511 -333 -104 
-471 248 674 482 615 269 -644 -308 -654 881 828 662 376 783 613 484 866 -118 155 508 -631 -138 -652 271 -21 -838 -903 -292 -658 884 -159 658 -75 -83 -352 -620 -991 -946 -325 -878 -423 -860 272 -347 -852 -831 932 522 -474 627 -180 -124 -190 
-776 80 -133 96 754 797 89 -233 -233 -629 -601 540 444 -370 659 -92 -300 -320 165 326 -701 575 707 -652 424 -206 -543 523 -406 -270 236 857 -606 215 -663 -561 762 -559 921 88 -636 936 -191 809 654 -890 -809 -808 -940 -701 927 -526 -857 
-351 -793 -985 -147 -663 -465 -391 648 485 -322 -634 -309 -944 496 -335 91 43 -44 936 594 130 -378 337 -86 -130 -184 231 -616 444 -906 308 230 542 42 446 758 448 -947 -521 -572 -179 -208 -480 -404 -877 746 462 955 149 450 -960 -390 -400 
-465 -625 -328 992 -354 486 -153 -525 -220 -939 -869 -402 68 961 606 927 -269 -66 -809 3 -325 223 747 617 -931 -771 117 902 -374 -153 -813 -630 -476 -423 689 691 992 -160 90 -496 -321 -468 -437 761 413 -329 -518 -674 -359 -283 -569 893 390 
940 483 -744 -894 -457 878 -955 213 -170 -203 984 988 471 -500 14 439 -197 -857 -212 -160 -766 -48 807 -595 712 244 645 -25 677 495 -812 -725 159 -935 905 385 -685 624 156 -20 20 840 898 913 530 721 843 539 -161 504 -899 -802 782 
-895 -655 411 -291 -397 -900 -956 -395 -268 721 -368 -145 -313 180 481 -134 514 642 -412 -294 645 320 169 562 -488 353 884 -27 -939 -868 -189 -263 838 -419 768 -386 -496 587 -487 398 112 314 -961 -203 468 914 -836 227 557 975 280 431 -765 
138 749 -914 810 -376 -502 -283 165 322 853 -469 280 -443 548 -670 -719 522 -834 -104 378 232 270 -455 -776 617 -216 231 536 763 -737 -468 795 -776 997 495 -834 264 676 374 96 -443 -147 235 -130 143 95 -142 -31 -767 443 -726 -950 500 
374 914 700 787 -722 189 11 142 944 137 436 898 -391 -948 141 249 -549 -191 526 175 691 -670 -640 277 953 -315 293 -967 -168 188 -503 741 366 -488 263 -634 6 286 158 -384 308 93 -266 -303 -64 -802 606 387 -873 -163 -408 726 -561 
-297 -953 -739 170 324 -857 680 476 632 862 946 -464 -332 49 284 -89 -654 -70 -711 -765 -191 -343 -629 -316 781 -487 319 208 -397 356 980 680 883 538 1 -935 311 -434 -617 -592 3 369 405 -94 -962 51 -853 827 832 54 -670 949 716 
102 122 -325 288 822 515 702 -726 45 688 -808 -962 -783 -72 -305 -795 -926 -897 -756 -888 -982 -459 237 -467 -508 -451 168 385 875 737 -431 -729 -572 -636 318 79 110 280 120 -261 344 -255 101 -257 -684 842 548 359 108 -522 488 172 -110 
-694 -743 858 988 -471 775 -484 975 111 257 185 155 -269 -555 -540 -808 -249 -56 -786 -433 337 120 -18 -388 911 688 612 -733 -634 -772 42 -624 -980 -34 -564 851 343 -464 -86 -212 885 -325 -805 964 -931 -297 836 732 198 -76 170 25 -441 
-615 -620 657 -401 378 -636 847 -394 975 216 109 835 867 -980 322 -305 -5 -862 -710 553 456 597 998 908 -370 794 -61 655 -683 103 -113 491 847 201 -919 434 620 -495 -696 -51 -709 -402 -896 -265 -334 385 336 41 815 157 -1 -251 -32 
174 -439 759 -352 555 564 -712 -957 767 -680 661 116 -652 62 848 -852 -287 -441 901 390 -266 -847 304 337 260 -778 749 -986 -653 517 400 618 734 -347 118 -234 754 439 331 -635 471 -116 813 382 670 87 801 -493 460 -76 -587 377 -427 
-408 -810 361 -995 -229 403 -506 491 -780 -735 -752 111 435 160 -120 661 -827 382 213 -982 -701 907 -42 350 956 621 137 475 405 885 940 -522 302 641 418 -605 935 -893 744 -291 -206 706 200 694 -6 511 -531 188 453 -661 -215 -770 518 
-649 -188 285 246 -531 -714 -26 -60 -531 886 -322 10 -263 -541 303 -638 341 -93 -397 -759 -550 859 -402 115 -454 207 -576 975 697 554 -741 -116 -230 -273 707 380 -201 -831 -732 392 997 145 -184 -779 391 -58 856 -139 -894 -287 -126 -128 -15 
-191 -275 -491 -679 276 -439 -180 -448 -576 -790 670 -998 913 -441 790 -28 -493 -611 90 -251 531 938 213 113 -479 -793 -297 80 776 869 -224 -529 -399 539 -184 -123 821 -34 -462 -936 -430 -253 -158 -896 624 353 -243 877 756 395 -784 -779 -555 
-36 -348 -751 125 -237 784 696 834 -126 -112 828 -635 225 836 932 570 184 300 -775 442 557 -702 581 -459 -150 -664 -232 876 899 -44 -339 175 -473 -326 -563 418 -43 -535 531 -795 513 152 -656 -109 -473 834 191 -165 94 -721 -837 -82 353 
