99 94
633 -967 -707 118 508 -978 765 735 -953 517 -99 -901 -372 300 488 -754 -564 -212 -736 -117 -63 798 -869 263 986 400 911 829 -795 -440 970 610 434 -567 -715 28 420 916 -263 287 635 544 883 824 -783 205 84 877 -686 661 940 356 -993 -252 424 228 -28 -455 297 -870 -7 766 120 -484 -250 981 -25 -877 794 -621 -551 420 78 -398 996 -753 -811 881 518 -387 -201 894 -74 -189 -674 -73 -115 588 -912 -707 -956 -922 -273 539 
-337 -885 158 -394 -85 -221 -75 948 -588 792 -330 -238 218 938 352 561 53 -684 -669 736 -490 -193 -522 -80 720 -395 38 -812 247 41 -112 -761 248 261 -111 -429 -103 740 844 719 66 -31 60 504 -467 -97 250 964 -119 299 -832 771 -171 735 -289 567 -629 -7 -354 645 -453 59 -844 251 -86 723 -471 85 -438 510 88 -725 -452 41 -985 718 467 -856 234 -397 -805 554 -779 526 490 -947 544 963 902 142 -144 -744 663 468 
179 447 -371 718 12 691 -139 265 929 -239 153 -762 -575 -838 630 -436 553 549 -494 58 985 -598 -515 816 771 -468 -393 -338 35 487 323 -100 -587 26 826 748 163 -586 755 477 -626 -423 641 -686 528 -460 941 -638 800 -173 -138 -463 -155 206 -953 -321 382 651 -824 912 65 -793 103 -340 -254 677 328 -537 -74 -618 -950 -317 169 -854 -835 -300 221 -107 865 -892 229 -443 -832 329 -463 -845 -209 -636 -358 24 992 -69 -448 -302 
-644 810 337 -120 -577 725 -403 -406 -667 321 328 -852 804 -188 -784 -27 -359 665 -400 578 791 -408 -316 336 -195 -810 14 -389 -632 -23 617 -352 -487 -449 -917 138 792 384 592 763 265 -176 68 824 -898 -22 -351 635 125 -967 715 -477 259 632 -504 14 25 541 772 394 775 753 339 617 550 -620 152 211 810 -498 214 704 -944 297 645 902 -237 45 -296 911 -587 508 572 47 -435 -32 835 -907 700 -63 -382 -384 917 -53 
-152 -428 988 927 -624 -116 317 825 584 -126 689 -861 515 -99 -580 -456 -244 -293 218 986 -323 -401 92 104 -850 -884 -147 426 529 307 122 -305 926 889 -110 -646 -69 733 10 -920 -754 440 -236 -651 406 134 400 448 230 100 -509 -804 -732 347 152 -776 -223 -964 -411 -576 -551 -709 -817 581 -290 817 -64 188 -112 -643 -648 -557 96 -629 -111 -775 -987 -600 424 -514 974 -187 -199 696 89 554 -710 -969 -828 -324 -213 -820 -638 114 
-949 -58 224 -220 47 -212 -872 -155 895 -158 -618 883 -15 -570 -695 524 -325 -934 -580 -796 723 -585 854 -796 904 607 143 -427 407 4 452 -355 -393 24 76 -391 -778 116 -501 -388 -809 -419 471 759 284 996 -550 890 497 44 888 -727 -87 577 -687 -926 397 551 -151 830 721 -655 406 -985 425 -172 762 -759 -995 -805 353 795 953 252 -147 496 328 250 -112 -631 -302 797 281 -803 -429 239 884 -804 -210 -88 875 -736 -222 -820 
-351 -395 11 803 897 -213 252 649 242 90 -180 -105 -866 693 -561 -414 563 625 -521 -157 -839 24 -22 -409 325 -839 -427 952 621 563 -63 -149 109 594 -203 75 -550 -232 -868 166 -475 448 825 230 -957 127 -216 531 618 347 -265 455 670 977 421 355 -707 50 -839 384 -393 -178 -362 536 450 -588 605 -475 509 343 -876 -966 -236 -155 -234 194 -573 213 -228 -91 238 -289 -710 -414 609 385 -964 -615 -749 734 -638 136 -991 9 
-902 -759 840 -717 29 714 50 -686 -515 141 -747 50 766 -527 488 240 961 -319 808 -12 -871 939 -406 287 -264 835 -367 -890 217 121 -414 -498 -924 -424 646 456 -19 -47 401 -114 781 -792 -671 -913 710 668 -456 439 -383 333 -19 -365 699 -103 -336 -172 -257 -776 605 -670 -843 393 451 -382 -52 -788 -954 -565 -861 -767 -527 -91 895 -751 992 -765 -120 -868 -196 147 852 722 -616 -796 -392 294 -324 23 -404 368 -928 569 -690 -703 
-628 784 330 -579 -354 -253 -423 996 -629 -129 -216 -815 -183 103 251 -873 828 -356 625 536 -320 -498 392 -519 375 369 -860 450 210 -669 -499 858 -763 -707 151 307 -905 -519 295 433 -985 -797 418 464 581 -749 -809 439 528 -919 -400 296 -804 825 -716 954 -841 698 769 -744 -837 -694 -823 -453 -250 -76 954 37 -760 -556 -13 -352 -323 -326 -156 135 29 334 -699 -238 704 -749 361 -648 837 30 676 960 708 249 -582 -135 -653 -957 
-214 -949 -730 -981 -244 685 203 -995 743 265 -715 -773 -346 -388 711 -272 571 -990 275 -879 197 658 -829 997 654 197 664 439 -664 957 609 281 -599 -956 -721 -134 420 -686 838 555 -118 52 886 -17 -479 -391 -389 -398 -76 846 514 764 -757 -4 574 -139 236 576 713 -213 82 812 -162 849 557 -355 -393 -837 122 -339 738 -25 885 297 -886 -66 892 -331 -13 -852 -491 -386 -187 -37 483 -16 621 -217 -171 458 433 990 -240 543 
-574 70 -50 654 -25 -61 582 -780 231 -295 -610 -32 487 943 527 -761 -939 -651 -664 106 452 839 -395 69 394 946 -158 -583 54 151 554 556 197 -946 -27 -609 -313 941 -703 -608 -851 -792 735 -751 -122 -181 -270 761 -901 -90 644 -902 295 456 218 -237 -757 95 537 -986 -143 -753 425 -68 -449 401 -824 856 -834 -450 -622 873 60 -563 -816 -460 47 -759 654 -190 795 -138 66 582 -907 -251 634 481 953 -74 180 -279 313 -339 
-588 743 551 41 -190 -271 262 257 178 -40 -965 -865 -72 690 105 66 459 -438 -114 494 -535 -538 -280 -937 11 169 348 462 891 762 -824 954 -205 198 535 -613 -952 -558 869 -740 663 -989 883 -393 -145 -239 286 -979 383 -743 -693 -651 -671 -302 -602 149 -409 -398 987 751 788 578 -844 -210 -225 335 -891 114 228 643 -460 -905 43 756 -852 876 -755 -966 -60 -525 212 967 -196 -236 610 -910 472 632 -379 692 400 99 -615 -713 
-986 -992 -513 796 -918 451 -851 -340 411 475 -858 753 110 -9 843 774 308 203 273 -404 -217 867 421 -738 -827 -457 -802 -121 385 63 354 995 166 89 -549 -253 765 -343 -229 805 -959 288 -210 -140 321 96 320 155 -554 926 975 416 693 505 337 -785 87 -677 424 739 -57 -2 -635 -516 -388 -80 -804 -738 -792 -758 215 -393 -960 -707 -99 67 -468 750 -492 -893 65 -300 -732 -5 718 -913 558 -533 148 587 -515 145 -118 -187 
-820 -708 -993 -738 -903 -524 -271 974 -168 504 -562 123 698 -568 -231 377 -832 469 -1 -12 650 501 10 812 -251 219 181 288 645 567 -558 -625 -673 -598 -407 -950 -694 -179 -383 -818 598 -542 -380 353 414 842 -210 891 522 -632 -570 -569 -71 471 -240 601 269 120 130 -446 407 846 134 642 -812 478 496 861 -712 -368 896 -318 186 875 554 200 896 17 -908 457 -579 310 895 308 -776 -265 -406 701 -130 -664 -477 -312 891 351 
-560 -474 613 -65 -35 -321 281 775 -906 -383 731 845 -905 983 -1000 -955 675 -962 478 86 818 -460 -33 958 174 81 1 -587 -688 -901 761 816 -122 500 -855 -361 -168 359 -856 -519 475 852 -239 -562 757 -265 431 -690 274 384 631 -368 -489 686 -634 -827 133 -963 -195 182 -736 370 -310 -421 401 -172 489 669 584 -66 -262 814 -426 -958 501 712 -134 -640 -101 -204 362 967 -417 -596 869 -517 710 -526 375 -648 586 387 -964 726 
965 -730 -1000 29 -724 -215 -937 -693 -759 -98 -640 -364 334 866 639 633 199 -913 916 -644 -337 2 -90 -461 -939 559 235 -165 577 755 636 798 882 891 -363 -120 298 -269 459 -441 -628 242 609 801 -892 388 -356 -725 664 599 646 71 -338 314 768 -131 334 -813 859 317 -295 -768 -504 -141 586 -959 -994 -820 -421 -764 621 -359 -533 -608 529 34 64 678 -663 877 712 -956 -1000 959 532 -628 -532 129 214 486 -643 -809 58 -559 
-440 -179 227 847 77 -942 536 -62 213 682 335 513 -632 -913 904 352 -706 -328 -466 -961 164 -644 921 961 -383 153 935 -353 42 -432 -580 -242 499 3 808 575 -216 594 -488 230 -677 450 -369 -403 -659 735 727 778 674 67 -366 -274 592 392 -362 -689 713 410 808 -72 -198 -879 -264 239 803 -866 334 552 567 195 547 952 86 584 -444 701 170 11 -910 700 526 343 829 618 710 217 -814 -897 138 479 690 -280 -43 -223 
-587 156 542 -187 431 706 836 990 610 -607 831 -332 388 247 -459 -262 483 -82 -214 956 -522 -708 444 7 997 -230 -674 877 748 -521 562 -743 252 -2 -787 -415 962 -971 -731 -566 -404 55 -530 -609 -583 -507 182 533 785 -856 974 233 21 -310 458 427 664 886 -101 -465 926 -275 715 769 515 -533 663 -439 640 -119 -716 239 -439 -572 -501 -383 779 989 -745 -269 -892 -461 498 -90 675 -946 -614 -532 242 317 -935 715 784 -654 
710 848 -140 716 326 102 719 -314 -969 -393 258 -322 -930 849 384 425 191 -3 -43 -987 -883 364 199 -241 -333 -621 -53 69 -846 -70 -645 63 348 -17 407 -886 -944 -97 234 468 -601 296 -866 959 223 -1000 226 320 693 -518 -469 391 712 915 201 708 172 -872 924 904 845 723 -714 -342 -300 -11 -334 11 -706 -931 -170 -452 11 90 -203 -898 -187 -146 72 490 -334 -637 190 18 -949 451 66 -825 -722 -686 476 29 -527 -114 
-230 -484 -728 -293 383 441 -168 344 -835 -620 -467 -202 16 691 585 -630 -229 -882 750 -624 759 380 -514 338 488 -737 -367 186 -861 -132 -809 549 541 622 -626 -536 694 650 118 647 438 485 -941 -285 790 757 403 148 -286 454 -143 744 221 255 -743 283 -522 676 317 -377 841 -707 807 781 649 -746 751 149 -339 872 -816 -461 -535 984 726 -533 -721 14 251 -571 69 -119 403 484 -280 -206 723 932 817 -818 985 226 -329 391 
248 993 918 829 419 138 46 249 -819 -781 -465 291 -898 -605 -733 -75 233 629 -612 543 235 -901 865 -564 598 805 371 -619 959 851 -284 468 -972 -697 -214 60 -334 366 -463 679 150 -240 319 960 -669 405 -693 -366 804 267 928 -512 -990 422 191 535 -520 -936 -685 241 -171 -319 -311 44 545 -297 -65 -742 -556 -743 748 -727 -749 -287 497 838 221 -343 -194 -963 309 -960 328 -939 -416 -227 -374 -342 -446 -958 602 794 -540 -380 
-771 853 -680 -406 893 -434 -720 -203 457 -409 -772 -337 -706 140 851 103 -827 175 676 -949 -995 -796 317 263 -438 -643 -340 -51 -738 137 147 133 -328 -456 993 -520 -38 498 -97 455 671 -359 713 210 -451 -852 574 950 -329 606 -279 277 150 694 -927 492 -680 632 989 -63 873 -268 -4 -292 50 -947 -444 344 -704 93 778 -502 -745 647 -543 -479 -426 509 710 430 796 339 -852 102 571 -861 451 -379 -853 -301 -913 -506 323 644 
-459 -448 788 460 889 739 -714 -473 870 212 -696 -951 334 -59 -703 631 -221 -200 -564 -170 244 85 84 516 -980 -934 684 454 616 51 -958 -766 360 970 5 -402 -313 160 -827 40 654 909 74 -729 566 -779 -809 -638 109 108 -288 752 187 890 -182 -673 -380 802 -430 -455 897 912 -992 692 -5 754 285 -23 839 -488 -492 -296 -199 926 517 -583 498 -246 271 310 -5 -111 367 -9 503 -641 980 446 595 758 69 68 66 -442 
-955 116 -41 -50 837 -137 817 35 619 191 -210 -913 514 40 361 -197 866 683 -298 -992 609 -347 -159 201 -214 -889 -511 189 141 336 146 573 215 360 -429 937 564 430 -323 -552 146 -763 -698 311 104 442 -27 -191 -921 -711 534 512 -193 -480 736 -157 -699 -908 -650 -624 -557 339 -949 252 -32 650 585 41 834 -392 131 575 -190 178 -247 239 255 376 -196 387 -138 536 -237 -918 -208 -638 542 -493 363 -244 -503 855 254 823 
275 -772 -8 -959 -977 -313 -360 -228 10 113 338 718 63 -466 400 -725 -89 490 -57 128 629 -651 -980 930 801 -335 -105 -393 -781 -583 -378 210 435 -924 53 -811 -354 250 973 -255 -500 -762 74 -910 -113 653 -638 89 -530 14 131 138 643 -262 412 887 -894 -874 126 908 540 414 452 910 803 -755 465 45 -50 203 -87 -431 -97 -75 -397 -876 -845 -925 -339 -84 -455 -506 -991 -532 55 929 582 651 473 105 -470 -939 988 -544 
111 -223 -534 590 851 467 167 -31 309 499 876 -137 -876 -210 -239 -231 -486 602 -448 -661 -759 320 -153 161 773 85 734 996 962 297 -406 404 895 885 402 608 916 302 -432 -699 -600 -993 730 -620 -923 -186 -430 -201 528 -787 26 900 500 796 -724 930 990 733 -391 -708 -481 -320 592 453 493 753 -527 203 603 838 -909 206 586 781 -637 211 751 -170 -514 -588 775 492 624 634 841 298 30 990 -437 -341 -63 667 -88 -429 
20 745 592 -116 128 918 240 -877 710 -283 -269 -811 -211 -804 745 -236 -388 -280 -744 -833 122 404 560 288 -396 650 355 839 447 201 629 232 351 520 -496 -768 -297 474 395 -194 -94 -878 860 -417 913 -648 -565 378 -906 -979 361 -818 -352 -981 -734 136 -72 -287 -913 -999 -549 -386 -834 -776 -439 971 469 964 -114 -306 -283 -99 127 -500 924 531 -9 -897 510 31 -494 -296 949 161 218 -377 646 201 736 -999 -827 -982 -851 -735 
172 939 666 618 -808 928 253 347 165 489 324 188 571 -182 631 280 969 -550 -535 884 801 480 -801 303 932 283 -571 666 -273 48 -675 154 998 138 -887 -532 304 492 731 -696 243 715 -581 -151 -622 138 329 -180 -876 -875 323 999 631 -573 -919 252 900 -58 -17 45 789 932 419 690 -620 107 -145 89 -170 -64 369 -386 536 857 602 -900 -920 -292 468 834 -168 215 167 -23 -690 -190 -530 -395 -593 338 805 -662 -674 191 
-778 -543 831 39 116 539 257 -476 -665 965 -133 -276 -966 -884 -890 -807 -751 611 -277 -360 287 3 -593 -651 -905 -861 -916 999 -959 696 466 -137 -353 142 638 -809 -912 -105 -999 -799 149 452 676 29 147 -670 -174 935 -472 6 -184 -544 545 -179 -816 -252 -965 733 -892 -483 -359 -400 -967 902 -42 -622 937 -654 -533 568 870 429 -13 -189 -52 243 -660 -266 518 -736 513 -876 -172 -217 470 430 299 -72 -972 -788 270 -452 -10 -983 
779 242 -925 132 409 -273 -84 148 -863 -415 840 187 -790 741 -481 -961 -598 490 -236 -363 -135 342 -602 622 872 -281 856 39 -398 -884 976 940 -847 37 733 317 -491 552 141 -909 769 262 -643 596 -698 -803 322 -715 852 -929 264 928 -194 915 -903 679 413 10 496 87 984 -155 -241 384 995 118 -675 20 -459 -828 276 -194 894 34 -230 -539 841 114 126 -767 478 982 278 718 75 -345 -393 -561 -332 298 -492 -668 73 -112 
698 -306 -393 300 -404 898 818 -229 -502 -739 33 927 -265 151 -710 364 43 971 -721 -585 -970 902 -823 11 471 -770 773 -403 -196 -539 -164 531 -342 398 455 385 -592 319 498 596 -281 215 -63 -589 956 370 -111 883 225 -693 416 473 -208 321 -609 -203 -798 -291 -442 -627 -816 499 -679 -873 776 -649 -70 -916 -255 -478 288 265 50 -619 -714 -824 -208 -3 -42 -561 23 375 280 246 492 -618 -923 895 816 483 -751 -927 -201 -587 
585 629 154 433 889 -907 -55 -845 -335 -543 -587 334 153 -107 -275 -448 594 -600 759 -966 -577 805 642 -562 372 -449 -167 -742 301 -943 458 -188 -237 52 632 550 -421 -908 -770 -724 191 917 390 -165 305 -319 585 -268 972 966 327 698 -211 -98 -359 481 -509 -689 741 -313 -669 -332 17 -825 -929 779 556 -677 -824 -559 -822 -190 -495 523 910 -493 -26 -890 -675 337 -723 401 -480 -961 -213 -727 778 -90 -38 85 763 -12 -118 -764 
-476 -841 -266 -508 236 -757 -680 948 483 96 719 220 -971 927 784 -37 17 110 -693 -895 938 -477 288 335 925 -235 -910 -149 164 937 -342 -232 843 828 -945 6 -207 -20 -188 -826 962 -356 98 784 146 -537 -712 -760 -148 900 -592 -226 380 -901 21 486 -694 -504 -510 184 -360 493 828 -744 -275 -419 882 664 243 534 611 -643 318 -930 913 -944 -673 274 965 -75 -856 -501 164 705 688 -718 176 343 -664 -348 -142 724 927 249 
-282 -628 -956 66 -857 948 -822 930 -626 -510 -927 -833 213 -990 -94 -455 528 -854 555 -198 -690 -512 668 605 411 971 -287 500 -102 247 -271 213 355 -228 -746 -267 -457 -367 158 680 -549 -290 -831 135 660 687 -508 947 544 -912 -130 -119 54 389 -903 327 238 648 -213 174 931 57 -747 488 152 -671 236 971 -903 631 -58 -145 -876 903 -633 -723 -72 192 893 713 45 541 761 449 452 662 -977 -202 -833 872 799 682 516 -942 
-555 -566 -241 593 -547 351 902 382 332 784 65 -57 -149 -390 -231 -772 421 562 527 -646 -749 -374 -896 -531 230 -910 104 817 -427 977 -170 -710 983 437 447 -363 -45 -457 293 -305 630 818 408 -620 853 -283 477 -902 -109 -457 -657 -481 486 171 -77 33 -763 -396 -351 -819 52 -117 288 553 -716 366 -512 678 -252 859 222 208 -195 334 -781 -552 28 663 -338 -60 -143 191 -924 -987 -40 -515 -635 -359 -699 -76 -208 802 70 -369 
-310 -217 803 -576 -757 682 585 324 185 -838 168 731 -279 665 -614 -617 -525 -47 -395 -700 470 258 -174 375 -804 -49 718 -503 527 42 -191 326 540 -19 -338 64 -393 -933 714 -470 223 -907 -303 -334 835 -303 53 -82 613 -295 392 219 734 -800 -948 -942 -270 -550 -552 -740 -299 172 574 -985 495 513 555 233 796 463 895 -220 -313 -326 -594 123 -824 -809 742 -748 619 -941 -718 -210 931 389 493 -379 -642 -78 491 404 395 448 
789 619 218 -723 -156 -799 -205 -48 -688 -981 -295 -129 -488 -963 -16 -221 821 -224 813 -983 538 -587 893 203 -337 -903 -519 -945 351 682 -920 110 -2 697 917 71 -305 -272 211 -172 500 -474 254 254 503 -559 500 -227 9 987 291 -894 -838 743 309 -375 120 -378 346 -935 -501 -667 -540 78 96 986 -887 -775 -524 -401 116 373 884 62 -915 221 371 -450 -182 -67 -852 -676 -234 759 888 461 98 -841 849 -29 745 -232 -856 -610 
-904 -280 101 -906 173 -567 61 -842 510 -454 936 -742 30 774 307 -787 -195 539 964 332 957 -66 493 -497 572 524 -814 633 14 580 766 909 -454 -844 915 -732 473 -543 -944 -532 -214 523 88 851 698 -256 -223 693 -590 15 -998 498 -335 192 -47 -636 -261 -878 51 -337 -430 517 -955 969 996 186 -205 -532 934 -808 -889 -614 800 464 588 289 -760 -206 -253 -881 819 305 -538 183 233 693 747 -972 72 -432 -980 -402 -164 -876 
932 907 862 594 -884 455 90 294 -232 327 -666 977 -197 891 192 -346 386 -430 -857 266 896 386 -451 -570 -907 40 -870 462 788 -691 84 -921 885 618 -817 -923 376 237 -48 322 -84 428 102 -650 -545 -151 26 419 134 -313 422 736 -257 -483 -187 -775 -59 -568 10 853 -364 -155 131 -104 -674 719 -769 617 653 390 909 -634 874 385 -25 391 686 69 -865 17 935 902 857 -228 796 157 74 -265 -716 27 -337 235 500 126 
-432 -83 648 -847 -330 -889 -779 200 -405 -583 -532 -83 -479 -180 689 788 614 440 -68 -634 343 -121 -801 -4 851 -551 778 -326 -495 89 -868 15 -397 784 -181 -647 861 904 630 62 257 227 -744 -536 -995 574 79 -575 712 -720 542 560 -296 775 752 898 280 -778 -113 476 -888 -425 708 -752 453 807 703 543 91 -910 856 -226 -616 -547 -697 -437 82 -893 -942 802 380 497 -315 -549 693 -602 71 -634 273 -27 42 330 525 606 
-13 202 877 524 203 970 -424 447 229 544 -922 45 177 238 105 484 944 847 -278 -188 249 32 -11 -869 -804 -687 823 -80 -587 156 407 772 -382 661 -285 -90 728 370 -771 966 964 990 454 -212 -818 536 888 826 178 -799 314 847 -142 854 -800 573 982 523 466 -50 -330 -103 -114 882 -935 -952 -112 236 -577 -959 352 623 92 -403 701 66 821 530 873 -837 320 -624 -651 -709 407 -810 -369 310 942 187 280 -57 -778 986 
555 961 -16 -36 555 72 -139 -932 716 -927 -698 264 325 632 640 -684 964 513 818 -13 -206 897 -238 104 745 -163 940 441 -109 451 -788 182 -907 248 79 -119 -276 -879 965 -738 246 -42 634 292 837 996 917 -987 223 802 704 131 -839 551 521 -781 934 170 -808 -242 -230 553 -942 501 -284 430 -755 678 -53 -81 -682 221 568 597 16 -372 597 576 669 765 -588 248 897 471 -957 -329 325 -352 286 -763 -198 786 166 932 
606 449 -271 413 660 875 -911 -166 543 -895 -535 -170 -273 -378 -722 82 880 741 218 442 -98 152 -425 807 -754 -474 -950 182 -775 812 638 -903 -486 -912 434 -916 -310 401 325 298 697 -205 418 -127 -832 -502 -441 596 -427 901 -742 32 879 -115 -563 -191 -373 782 -63 -331 -194 -699 522 -303 636 506 530 243 520 592 608 343 412 -37 602 -2 92 -575 968 -739 742 -76 75 -958 108 -673 158 123 550 831 -180 -262 241 52 
-766 372 -899 -952 870 -326 -10 -113 201 -166 -784 -160 -183 854 136 675 -423 52 345 587 373 248 -547 -458 737 -433 597 418 961 -819 346 114 -961 -566 -764 82 -456 -87 523 439 -552 -999 -19 378 -905 607 -705 695 3 547 -617 -383 320 -358 -103 697 -674 484 -911 238 -373 775 -943 567 904 -276 411 767 799 -360 -799 -496 -763 -627 -758 -909 -371 -894 -552 -426 174 -847 56 -929 245 896 -918 -96 -450 -414 82 -916 703 206 
-339 -262 949 -784 -40 519 -956 287 -82 -256 233 79 -192 977 -462 -585 826 -729 -672 -890 68 -739 -597 -334 230 149 647 -47 367 -764 775 -85 -664 291 -465 -816 -44 548 381 -266 -773 -766 -821 309 -777 -404 -130 -185 14 -541 483 490 -606 754 747 824 454 -179 868 425 -990 -3 890 23 376 300 -131 498 -25 -453 -155 -923 32 -84 899 393 535 765 -630 -200 252 -622 -498 -267 -789 -858 156 -310 -319 -45 538 978 273 928 
720 -600 -570 778 935 864 -903 775 -607 628 356 679 458 721 760 -677 -291 -684 -868 747 25 -193 968 -654 902 801 33 989 -701 -812 693 916 -366 -936 -503 -920 -970 816 -399 -258 683 380 113 282 535 983 -47 -97 -49 290 -170 390 237 -416 78 238 -511 -93 444 3 -666 -841 -458 802 -537 -450 -533 731 -239 -740 -424 984 762 -925 29 -642 -414 2 604 -143 -375 -439 177 -996 401 -303 232 -751 582 441 -261 254 -629 900 
828 -479 199 609 114 670 512 -373 775 830 -858 -861 257 250 -621 666 239 632 -814 259 359 997 -674 680 317 836 -996 588 -138 -666 683 945 62 -38 -774 139 -201 471 284 -747 -12 -904 -504 978 533 -361 227 -537 -413 397 786 887 -322 -120 -102 366 -508 -289 -725 978 341 -686 157 967 725 -891 -839 323 770 -882 315 2 -489 157 -809 -550 -288 380 -247 -288 -353 -889 -799 -531 559 574 -753 188 -810 376 -388 693 -640 603 
921 -833 -663 -103 11 -511 859 -532 696 106 842 -122 -245 -607 540 738 126 799 925 -241 -792 -291 -687 638 885 408 507 -406 -378 796 -546 -984 184 -353 850 -641 -983 253 554 -215 -712 629 -253 682 -819 -207 -657 849 361 -293 -877 -419 -562 -705 302 577 562 892 -421 -85 -623 31 280 546 465 -959 488 478 -726 607 694 -260 37 699 -500 -750 851 689 -430 -208 -286 -211 986 -856 -244 -869 76 -769 880 -434 814 148 -891 -107 
-154 -176 60 348 -253 799 -122 63 472 -818 662 -188 571 517 -920 -503 93 984 289 923 -310 968 -279 -967 -460 383 215 -40 -949 892 -21 792 816 -645 114 631 554 -343 549 -187 -263 -473 195 -472 936 -788 -591 -847 -168 784 735 -642 219 134 749 337 414 -310 253 433 635 -996 -390 -881 670 -949 778 -676 -890 -123 240 -199 -850 -563 517 -993 -387 -145 -760 273 363 -575 -989 942 757 -486 -512 -709 -158 -553 764 177 950 -869 
-981 -750 -457 -233 -948 -78 -113 74 526 884 802 -853 -253 -526 49 453 -28 689 845 82 -378 820 -241 699 -485 895 -680 895 -709 -17 580 -590 917 -759 -75 695 -287 -15 -979 -878 -552 -868 -404 -937 854 519 -805 807 -370 217 -905 268 -386 502 114 610 101 -170 -537 -855 -77 -59 845 -696 -592 364 -578 -795 847 209 -8 -318 -28 -630 323 -998 -652 -200 -956 -260 700 -415 -719 -330 117 334 -714 -345 374 758 472 -818 -405 42 
568 998 596 -124 763 -698 -911 586 -825 212 -4 103 896 187 519 -197 -748 333 -167 273 -77 154 -429 -510 -829 -736 231 793 -797 165 -981 806 847 -764 -22 -57 259 -827 -84 708 756 -112 344 -951 -885 -286 -729 618 51 225 -630 978 197 685 654 -788 -63 -568 959 261 -368 663 -549 354 -792 -983 441 254 416 104 -950 -233 885 -323 -2 378 -404 -679 746 395 -664 -223 -183 74 -674 409 432 -126 -281 -363 -762 708 -681 -116 
996 404 988 366 -359 -590 -216 327 -174 -981 -318 -124 408 241 -390 -314 938 424 812 -555 141 -846 -505 -890 -256 382 927 -848 -251 -643 -289 -325 -3 -491 -45 330 323 761 804 -53 -180 -680 -923 -35 -819 -763 783 -639 382 520 616 868 702 -205 -600 -789 439 775 -833 736 563 183 609 -707 415 285 148 982 -770 -659 -196 940 993 -409 661 -481 -378 -48 625 771 -609 -365 -79 550 -443 -749 -535 545 -484 389 -912 478 680 844 
469 -135 -784 -283 -119 185 -270 628 696 -239 -456 -882 -167 -398 426 -119 -535 -716 -108 481 642 948 -311 -468 -606 352 679 928 537 -47 797 979 -669 696 218 851 -872 -708 424 392 512 -333 986 -745 -806 -929 753 -728 -178 139 821 -790 658 -922 -222 -443 -453 511 17 160 404 -238 -1000 -556 355 497 -987 -895 442 215 -697 -993 939 393 -323 184 848 270 692 821 -966 752 -342 966 -648 211 -104 997 -597 -458 624 -547 775 296 
-620 7 -947 621 -265 -347 -426 353 55 -861 -750 780 -245 459 -365 870 489 -328 787 877 732 797 845 -588 -188 -26 27 606 142 239 476 204 -890 -44 360 -476 -630 -887 246 -333 529 363 -163 -925 -869 -842 -566 -736 91 -279 195 743 -622 -953 -471 769 -242 -945 -93 -961 -173 318 -632 -842 136 259 -739 -627 677 -908 -783 -396 -964 -993 212 167 566 35 -209 403 -865 544 -48 921 549 -340 996 625 588 24 -421 816 -826 -446 
-714 -147 -975 -132 -604 208 961 -899 -18 -595 48 -921 -993 352 -637 -167 -712 264 -113 -603 -893 153 -565 -588 -890 348 -376 649 -230 554 527 -588 29 -454 41 648 757 711 -395 -50 6 101 965 -197 -27 101 -630 -800 -754 -457 -158 -176 -637 591 -689 -88 470 -901 -119 378 490 276 6 -582 -332 212 377 -787 -9 -265 -231 46 -511 213 -652 387 -784 222 -252 80 -279 -969 -576 -486 10 260 -474 366 414 -474 -1000 -125 705 647 
-956 701 -987 -380 152 -604 -204 475 694 -603 -330 -716 -12 -281 -506 -763 968 784 272 -992 -318 137 222 592 -790 816 -988 -396 -149 -980 -568 971 -848 -10 -394 561 -817 710 290 -631 931 -693 223 -581 -930 -561 -384 767 46 923 429 779 -337 -649 -472 -342 34 -636 609 30 700 -323 343 -41 -382 -693 495 -380 -556 649 714 -343 808 -552 626 978 -296 -668 581 -153 -690 -762 758 672 575 -278 576 475 -250 -748 -20 59 275 -609 
-539 500 275 -186 698 -363 -159 -73 356 -476 -35 324 24 -192 701 -68 207 915 -367 -998 -508 38 -981 -660 -866 394 -578 -522 479 -796 -537 -312 -836 585 -198 734 -498 -293 974 -298 695 562 -645 -729 -631 -146 -206 528 196 -181 430 -609 -561 -746 58 435 857 944 -877 948 -880 1 -688 -991 -286 383 655 586 930 -514 369 816 -435 -998 -759 458 349 243 881 -215 -627 280 -35 -659 -161 -280 -316 -7 987 -940 541 629 728 9 
102 83 -736 701 -165 564 207 887 -284 396 380 -284 431 -349 -916 968 -447 -115 914 194 -489 461 971 -141 50 981 -118 319 370 321 -209 -187 -494 -987 782 220 420 851 365 846 -834 -286 445 218 -954 -549 269 -28 -902 230 -885 -672 -813 -651 -451 -881 539 511 559 -295 620 -112 -627 -212 123 958 -876 -669 37 -465 -364 555 -504 25 184 194 981 -245 -967 528 197 362 928 859 122 510 91 741 -377 -17 850 -695 -622 -902 
-262 566 249 456 -967 763 -381 -464 -245 -236 -519 -965 -91 -796 980 361 8 628 -8 115 120 -630 290 513 -450 685 542 941 474 920 509 711 -115 269 -892 794 -394 -580 -120 302 -37 -284 521 -801 747 985 -436 367 -670 823 -978 232 -420 86 -555 -476 685 238 -71 913 -959 -547 -44 159 319 -889 853 -293 -941 -387 379 417 701 209 480 -115 484 376 564 -301 638 689 -948 209 852 870 650 -991 -78 177 -657 -589 -259 -15 
207 -598 280 796 -972 917 -808 -473 453 -703 215 531 615 446 -746 -70 -108 -113 774 60 476 454 -936 -237 -486 799 -509 -163 41 -373 423 -533 -474 768 -720 -715 -825 -945 -3 -479 748 -809 417 996 -587 -552 314 -233 -299 -710 -384 557 149 -641 464 677 492 326 362 811 670 -495 983 -972 -974 649 -737 -438 232 -959 746 -172 -774 -823 -203 -759 -13 -92 40 -746 -242 -900 -987 -705 624 68 -813 -301 280 -915 -67 179 342 365 
277 435 362 -962 -788 -62 -706 -829 902 855 -377 -832 505 861 -89 58 695 560 375 109 -451 712 308 -899 -277 -747 -809 638 -588 -420 -135 -648 440 561 -266 -475 -383 -555 -78 -739 -22 883 -247 -91 503 -763 -309 579 -640 -436 -360 -59 -688 -32 -855 498 -322 245 544 912 -23 446 672 984 -199 758 655 -1000 -604 909 602 807 -322 -401 -486 510 949 -916 -473 901 -228 19 490 -484 -875 16 -601 -485 -219 680 -261 -565 -461 -301 
658 535 736 -519 -820 717 -722 639 -784 -710 522 868 -958 613 -260 -936 -527 -630 17 -915 100 -342 550 368 103 -912 -889 -791 -512 -969 -487 48 -585 955 -955 -941 -91 -2 422 -954 876 636 918 890 -681 -240 579 401 355 312 72 561 31 -281 -583 -745 912 -630 -130 654 280 893 52 -304 696 -818 880 -5 -941 529 -970 -744 -683 -778 857 -424 643 25 68 576 389 505 -504 423 850 -581 -473 -530 -54 495 912 479 -86 -493 
44 936 412 -634 -23 -262 -915 64 36 -579 275 -591 988 -57 -914 -153 613 -371 717 -525 -261 984 -331 78 -585 -708 -514 280 -90 21 271 498 648 -749 939 109 -41 536 -245 -814 -423 254 -658 3 311 -50 30 498 127 319 645 -336 -633 -964 -320 776 -877 794 739 526 424 328 -995 786 226 215 45 -774 -893 -116 -315 -689 -403 -813 575 -202 946 -106 941 81 186 -33 708 727 69 -294 620 34 -575 607 609 -521 -866 -753 
-146 -340 640 892 731 -251 517 846 -268 223 472 211 -275 496 901 -217 -942 -466 942 148 835 -928 -115 299 304 130 602 -684 161 -627 608 643 -438 470 27 139 -611 390 -827 -569 -864 -998 850 343 704 -677 232 728 166 -608 -254 999 -119 19 -25 759 -444 482 -330 833 154 119 -539 -821 -745 -598 -277 -932 105 -155 -357 -945 607 -904 114 -378 352 -354 -46 17 -336 255 -544 607 398 872 618 -331 -719 -968 381 -675 276 845 
502 -304 -465 -994 104 -186 -871 -438 686 -531 475 17 -847 -423 438 -880 -868 811 424 -445 894 -75 -901 151 -785 -211 462 94 -777 -16 -856 662 123 -23 618 364 -22 -462 -364 365 -889 906 -389 109 823 -937 425 315 718 446 -298 -139 -75 -911 -842 -408 -481 520 323 347 955 -973 301 364 604 911 958 459 -808 -41 -734 -634 -386 -67 -105 84 252 -343 -830 246 -448 129 227 267 -387 -438 -855 611 -65 366 473 -234 307 926 
-549 -506 -959 794 -603 -430 331 -482 -180 -179 11 63 56 718 536 263 -472 -551 57 -755 -890 -994 -707 -167 -676 608 458 -458 759 393 -491 -55 762 508 -47 -207 -218 811 -53 447 25 -726 6 -856 901 852 274 504 211 604 547 -183 -761 71 -497 645 -346 -568 -569 137 -891 171 -7 138 563 614 -554 -212 506 893 96 769 770 646 118 -497 711 -772 35 565 395 -857 -316 -258 511 892 -183 999 255 913 621 878 763 340 
-231 -180 109 700 -490 997 808 128 338 764 173 -857 293 -964 916 -416 -572 117 185 947 21 -908 -795 -106 -220 -778 -593 -667 613 -866 -494 204 508 789 353 871 -742 -191 168 892 -264 -262 212 887 57 120 422 326 -742 161 612 342 -770 -654 -159 -594 -328 -405 -145 186 -121 -784 433 -565 153 174 405 -19 617 27 450 -375 -213 -752 -369 -788 -709 699 -252 392 608 -816 405 -823 -202 -911 556 -949 44 494 -730 650 -757 542 
417 -695 153 590 -157 -201 -291 -679 991 671 -205 185 -972 -560 -702 428 423 -916 -243 -69 914 676 407 -152 957 -716 650 -986 252 651 185 -67 -55 382 -76 445 867 -690 700 307 -490 135 264 922 -531 569 200 68 -714 540 24 474 -507 -416 -217 -208 -964 931 -488 811 794 567 -1000 -377 977 835 -846 -827 140 -520 -49 -830 736 -745 738 -674 178 353 -765 -213 793 191 -534 836 886 323 -689 960 562 879 -609 -969 -650 453 
-126 -748 -143 430 -502 -772 21 -273 -898 -658 707 104 425 -645 841 -545 300 696 105 141 571 369 -469 71 263 -431 -922 848 551 607 843 652 877 -437 706 -1000 -650 554 265 681 753 -946 777 819 -892 921 540 -709 107 243 765 -514 -829 -550 -738 146 -41 474 976 926 456 -498 -722 118 -334 -987 651 746 -628 424 317 -576 784 -981 74 366 -228 33 818 -276 24 53 93 458 -775 -57 375 -610 -90 -828 -808 497 -391 -534 
-567 858 552 393 -796 -838 197 -403 -677 -982 -270 -180 572 850 -631 -581 -156 -932 539 390 -47 121 39 -497 860 -910 445 567 439 -687 -748 -261 -525 -976 665 -560 886 882 -39 -142 587 209 784 -854 793 136 659 -402 553 -382 -277 -307 290 371 115 -421 103 982 -988 202 276 422 -177 586 -267 -480 -213 530 -472 297 -465 783 339 492 -814 -836 -967 759 833 -653 969 -649 -462 -493 -409 -64 -842 339 415 17 483 -971 -728 -760 
803 -401 998 930 823 -858 -494 470 -239 971 -259 275 832 -389 -334 246 125 2 348 -543 294 319 889 376 -552 46 -659 -403 -990 -590 -391 783 -360 -447 990 -945 261 -763 -723 995 53 -721 416 -50 -30 -833 -386 799 -803 -847 107 649 959 -278 526 851 -303 -316 280 -127 937 807 945 -637 -715 88 -411 -787 477 -890 -161 -169 -44 818 613 661 -497 -849 -124 -855 522 -117 125 -985 -681 252 -608 122 120 -738 -136 -91 191 396 
88 893 660 -434 -396 -667 -265 466 -29 234 -410 797 -189 928 385 -941 -771 380 -228 598 906 -604 -187 -452 -777 -525 438 116 -347 754 -947 458 549 883 -277 137 -462 -369 -886 416 62 596 275 -392 -350 791 222 -43 992 -336 890 -805 187 614 464 -574 762 -664 -893 765 -632 -98 459 680 224 911 867 209 823 772 351 -519 746 605 370 970 -838 -494 -721 154 -667 -243 254 -639 -905 406 -47 344 -703 191 -681 594 -344 370 
929 -609 785 919 -476 -17 -180 -902 302 52 270 -451 -100 -373 -620 10 -901 301 -572 -981 814 -192 454 493 -688 163 -268 898 -230 -293 862 -218 871 -137 448 917 -907 -86 -184 -293 175 698 -877 316 697 -187 727 453 -580 -316 -698 338 723 -494 17 578 -843 -610 -21 375 -108 -2 256 51 -188 935 742 -256 -752 -981 -973 -626 -470 627 639 626 -671 -451 -213 972 -440 535 754 -726 101 -787 -769 -724 -473 -65 -737 840 620 -378 
-728 -465 97 -72 -725 303 91 -966 598 -678 -186 918 -532 -505 -436 -578 -391 152 728 -273 129 -852 -660 -55 936 -811 -720 814 120 412 91 521 270 -957 -970 497 -107 172 -465 -978 600 -935 364 -404 -734 -924 210 733 -600 255 948 -764 -615 -354 335 511 437 900 -74 -476 -372 -725 -519 896 840 -168 427 11 830 -850 692 768 33 722 -668 556 536 -417 42 581 64 -933 436 -19 -44 57 952 -26 -803 -559 -670 -871 181 909 
702 -494 -800 -91 -936 -594 -675 -291 178 615 361 701 294 335 326 833 573 -916 -566 514 -544 -477 890 966 -211 -808 376 -477 -293 -364 250 -70 -367 -168 -738 193 -699 -671 -837 -383 113 -836 -327 322 -358 876 228 707 -413 -614 733 814 -305 -707 -991 91 487 506 -706 -156 -837 -307 548 -214 428 681 632 358 313 -932 975 -526 -648 -425 520 -343 -344 -468 -853 683 68 424 417 -906 -342 -332 451 450 349 -410 200 -917 153 -642 
-599 -779 437 -418 312 523 -531 -216 -831 248 720 959 383 458 -265 -937 -703 -925 -728 -146 -897 930 505 127 -104 657 -743 -396 573 832 -980 -212 916 115 -715 622 -235 -744 -279 45 -535 203 -687 524 -331 461 400 -668 673 -974 -42 -573 333 650 516 -905 870 162 -479 732 -250 204 -771 -142 -726 -356 100 914 -616 -891 -859 -174 128 -29 -269 967 946 -918 523 -853 112 511 -681 848 -186 262 787 564 375 12 -274 181 -470 453 
-940 -458 -331 585 745 -174 488 314 152 512 733 -983 -995 8 478 489 -368 -810 232 644 -877 -84 -289 990 -931 541 562 -681 -807 951 641 356 216 224 140 -688 286 -251 -211 -913 -164 -642 168 867 -23 390 994 -237 -698 -454 960 -472 -430 384 354 42 -228 -934 -176 -437 -793 299 275 369 755 697 503 266 57 99 -769 92 855 -971 634 -117 -547 650 -923 -498 -697 946 -463 707 364 -668 998 -926 -186 661 -136 -480 99 -263 
-519 -603 315 -839 655 -512 435 854 151 -23 994 365 -662 -441 210 812 543 451 985 291 210 717 712 -673 -636 -578 -156 -285 466 -434 627 -664 538 -138 -39 919 -965 -152 -540 -60 348 -930 -843 541 -896 689 -704 -542 137 -357 -715 360 -389 -770 560 729 -974 -826 557 -737 -810 -323 -639 193 -114 334 341 -548 -605 -948 -556 -619 -217 451 135 446 533 127 -737 -569 762 -516 563 -201 -620 -482 586 155 -438 867 539 975 -323 661 
67 891 430 -637 -777 415 -736 -365 202 690 574 113 -926 71 768 635 -138 593 250 -96 762 -263 -298 150 975 781 708 251 -508 699 -658 158 18 -193 465 719 726 -663 249 500 288 -366 -693 30 700 -416 265 -500 -882 -935 130 -722 -284 869 840 60 -585 38 -874 -473 241 924 450 640 -779 -892 447 153 -372 -383 502 -919 988 -690 -506 -604 -66 563 -439 377 -209 294 857 -803 -393 835 -397 -519 25 79 -358 -656 -38 778 
271 -588 -810 -317 833 329 -481 -400 255 713 327 766 37 -151 -256 -314 199 220 -623 -319 -185 -297 972 -83 109 549 -498 688 776 -132 951 28 160 -624 -597 516 701 662 -584 -498 -483 -740 601 377 -926 -985 986 577 571 -116 108 721 549 -717 -997 264 -976 393 975 64 -26 -587 -608 619 10 -498 -387 78 830 250 -81 946 839 954 73 776 133 964 403 -35 845 -783 488 863 -935 409 476 207 324 -421 -158 -265 382 274 
-180 -866 -201 -108 308 329 921 172 747 965 390 91 -255 386 -332 218 324 -478 -730 -493 988 882 -466 769 54 712 -705 437 703 254 -696 731 -108 -738 509 412 -56 559 -392 -44 -26 462 -191 -665 119 352 601 512 -267 -441 -131 -966 -415 -957 281 499 -477 155 235 894 736 -803 970 743 -384 -830 -25 828 -751 309 -782 346 326 -250 -416 -586 -796 -87 -757 -434 -802 -508 747 751 223 -598 868 183 249 321 -176 477 11 -373 
542 256 888 -637 -198 974 918 150 -528 71 884 -684 283 -880 976 -970 -397 12 407 -317 -217 -632 -882 -194 246 -843 -511 -670 -252 316 410 -831 -357 893 -44 -247 -320 -23 -80 904 -680 1 312 753 -517 -850 914 687 -616 770 -296 362 -295 -34 -778 -408 295 -330 387 -219 -527 834 -989 470 522 -970 955 427 -159 101 423 -813 340 -703 698 596 839 -810 -764 427 450 136 -520 705 249 -775 -546 -881 -176 720 438 -621 78 823 
-65 435 657 723 -393 577 -941 -791 -365 -128 -660 31 945 486 -681 369 428 51 -407 -74 320 225 -768 658 -993 540 104 988 724 467 420 -93 501 992 -309 -756 -946 -892 -576 927 -36 -841 -714 260 -154 239 900 808 -589 -386 534 -364 856 145 -219 -929 -191 -970 568 -861 -253 -434 -102 542 303 -908 653 -150 -279 492 335 -450 89 431 540 486 -687 310 405 -239 145 197 -80 746 -856 -742 -432 410 -244 790 38 -485 828 604 
-8 480 131 -521 577 -525 991 -319 -263 -865 -573 -831 694 -801 -854 564 -30 -682 94 207 864 -815 -408 836 42 -551 -984 -492 572 -786 -57 -156 -42 145 -950 -846 -882 272 -934 -806 884 -360 -638 340 -502 -203 -39 -496 -492 398 -79 5 -132 -673 191 -746 -502 -506 -740 967 -846 -222 -581 30 -867 -279 -372 141 396 378 496 31 -422 -446 -450 705 -366 434 -970 275 242 752 -204 -721 -866 301 -410 297 -456 520 -175 903 -610 -335 
-62 -525 -604 -240 -831 -513 692 -393 -742 -471 931 501 383 47 710 477 744 -572 708 966 -611 436 -978 -620 789 388 28 263 160 845 890 386 834 971 -829 415 944 33 -787 -239 -624 -800 134 -599 988 -361 28 974 312 -308 -13 -777 -891 -788 354 122 -92 128 -817 827 -161 881 653 829 -972 -355 195 364 -269 106 863 -146 -934 -805 619 775 -769 81 -946 956 -866 -637 -762 539 100 65 116 -999 187 -11 -520 683 246 -181 
608 -134 560 802 283 192 -192 595 -525 584 592 -926 202 741 478 692 179 673 194 -16 -603 -6 -223 776 -548 -296 -782 -918 240 833 -497 -207 378 -880 590 -382 -972 548 192 -124 272 629 -359 -961 940 -515 -398 120 -508 52 -708 -564 712 -196 758 -612 -32 -866 480 695 -674 645 -304 -338 -253 361 165 212 -668 -625 635 116 -290 -881 718 696 968 -443 -93 -265 -760 237 -813 -994 744 -55 -71 658 -566 181 -194 757 378 -451 
418 72 963 877 -82 576 -123 520 392 -724 406 -835 983 -475 502 39 40 -538 135 -108 -544 -609 -404 -935 915 213 -687 644 148 604 -116 114 -467 231 899 866 370 -657 958 361 689 -429 -866 327 -52 -817 -2 -854 -453 -512 281 -943 27 -74 685 340 -692 -373 -770 -925 346 675 109 -564 -663 69 -342 49 -841 553 648 -359 -212 -526 -863 613 245 -34 -471 -74 242 -981 247 -707 -516 124 737 -221 971 268 504 -758 55 355 
628 211 -66 71 -495 290 277 885 794 -833 386 -752 -188 15 857 -423 -289 -510 982 -945 -776 -162 -5 -167 -206 524 506 66 615 -943 -875 -333 330 -496 -909 216 -370 205 -394 -804 -676 117 -549 182 -511 205 -574 -408 934 552 -945 853 404 -83 383 -620 136 -984 -753 -334 739 -512 -550 44 645 441 -847 -195 -613 -373 -160 213 -521 -270 223 587 -577 -393 406 -236 -328 -577 20 693 -396 435 290 -571 -807 528 35 278 -251 -353 
815 -746 319 216 -336 97 -640 66 636 73 -191 78 373 -968 -666 -443 910 485 940 943 -593 -890 -897 -954 778 53 639 -70 -322 -634 -860 -138 -340 312 640 387 136 -790 -477 252 162 -449 -123 65 -154 645 799 144 401 787 -933 624 246 737 109 -912 960 -500 -542 464 488 186 -359 -18 472 -198 974 -652 -111 -320 782 431 -454 64 856 963 91 41 -607 670 233 -891 155 506 -158 621 -777 -889 907 -111 712 -103 -952 713 
906 -771 -835 486 467 -447 -94 908 -263 -539 -36 -28 164 -659 -710 861 853 -648 572 531 -74 -538 699 675 276 -347 -795 749 -757 -404 376 -981 -15 348 1 529 -426 -172 -251 -218 -854 -747 -753 738 -400 133 -405 -696 -927 -841 -989 774 340 730 -407 -470 492 161 -604 -216 -797 -701 -706 665 390 -236 -403 742 832 -940 640 -555 -533 -138 813 -765 436 340 200 -173 415 -495 -42 502 204 -385 499 379 24 -398 -927 -967 822 805 
-941 235 559 651 457 571 -216 969 844 834 83 98 -500 510 793 563 727 -395 -137 -976 13 -518 102 -978 434 -98 255 -910 484 -520 110 746 -34 -664 326 -901 -563 872 54 875 592 676 539 -784 197 -52 102 -536 -927 679 -833 794 -944 890 698 -83 -849 570 425 24 997 750 386 586 -487 -167 -13 411 512 -90 -653 930 390 -44 -390 -312 -785 -124 -429 844 -594 -191 401 -887 -378 544 433 -362 -401 648 -993 716 332 -125 
283 -611 234 917 -468 642 779 -179 373 886 -60 -855 696 434 -316 799 -743 264 -906 10 -828 -972 904 434 594 -417 -227 -881 631 694 560 -242 975 -181 -133 -267 347 298 -314 916 -74 -209 -13 812 894 -410 922 -443 -545 -45 -991 395 177 963 -626 424 709 754 -368 296 859 702 -357 712 185 -164 -350 752 743 794 -663 -621 110 -939 -757 -523 226 508 -470 -835 845 -860 758 -741 879 398 464 -213 691 214 639 746 179 -68 
659 -776 478 -232 -905 703 265 298 -580 340 804 176 -380 -245 -818 988 -468 47 -420 485 -546 995 -170 -579 886 -798 690 -142 995 62 -458 -439 -192 887 -568 -760 916 -662 312 962 -489 492 736 -247 374 -553 106 814 536 -731 -573 -355 -286 -518 -417 -56 311 -777 173 720 868 -677 524 -21 -356 -531 702 546 -672 664 284 618 769 -218 -358 934 888 -784 109 219 806 532 698 -588 119 -375 848 487 -307 -657 -551 -873 234 -294 
-67 491 -930 145 -744 207 818 -750 205 778 243 952 571 -768 -109 447 927 649 189 951 -519 642 -8 -649 499 -142 638 164 608 -529 733 339 -798 -78 413 -805 -929 648 307 -849 -204 -758 869 -774 -582 224 -225 -453 456 -766 -346 276 -823 -673 924 -851 -896 545 643 -306 281 -720 -956 909 994 774 818 613 -262 -109 523 -552 -760 -45 -833 -299 -145 -916 -796 717 -639 -148 825 435 33 -781 474 -541 926 716 787 -651 413 914 
585 129 133 769 549 -508 -143 490 -606 548 113 843 -455 577 -669 590 346 -819 625 -399 -626 -771 -694 -794 -293 816 -379 60 40 -817 258 -739 -494 966 372 841 526 -429 877 -636 351 44 -312 -949 762 -235 909 813 -664 418 0 -281 -835 -902 -437 240 -809 -291 -691 -825 952 -569 387 -887 696 949 -378 -392 484 -473 -747 -968 -437 391 628 172 699 -950 -107 960 -648 -300 -138 504 109 657 -548 -359 -538 -511 -497 -586 -500 195 
-91 559 -686 -443 259 -795 -415 -853 -479 848 703 -2 -402 548 -875 855 436 -463 -768 557 -948 -373 -457 -837 -603 26 -209 693 946 -190 -292 -548 482 53 954 -865 820 679 -965 -379 761 691 945 601 -884 669 -611 -987 -768 -121 -375 -926 570 279 -380 -257 -865 377 -276 -816 -226 609 -208 889 -159 580 -986 -21 -464 -936 -533 -915 134 -887 665 655 -296 541 734 764 292 458 -853 -706 -890 -666 -87 -298 -287 976 -461 -917 -948 45 
16 -702 -502 -203 95 944 -433 -161 -135 -755 575 -806 513 -55 505 -914 -481 -781 -603 -958 -851 -649 762 -353 -415 983 723 -763 -515 -466 -461 -739 -701 881 -954 350 -931 -857 697 -300 332 -486 -899 382 639 974 360 743 455 898 -819 231 -744 869 845 986 915 -293 -930 -894 82 -64 155 -311 -318 -756 620 793 776 -521 -521 559 558 -818 -265 189 -835 -425 -196 -673 143 -734 -717 225 -475 497 840 639 -234 329 -263 -803 -183 -983 
-948 136 789 635 900 -259 791 345 -144 776 -347 -287 117 959 945 -932 301 480 767 -645 191 824 586 675 -383 342 963 -213 -52 352 -548 -541 239 932 -332 -57 -121 -591 -268 -540 -835 -73 778 907 895 -596 -893 -972 -60 -319 -833 -92 170 -875 735 98 51 744 -158 -186 -688 850 177 499 955 -684 -585 -537 -373 543 -123 -735 -28 -427 -715 -958 798 301 749 -873 -424 -534 534 774 27 590 -690 -746 867 11 -837 -604 908 730 
-239 -60 -167 816 -219 901 -773 558 83 759 -993 952 109 737 -903 488 469 222 689 51 414 744 187 284 -387 -647 795 760 805 -147 -568 -62 404 764 736 336 408 598 604 -602 -362 -801 -74 -711 -228 14 376 -58 -395 -735 455 564 -531 483 544 -200 454 465 -814 56 234 -87 892 177 577 819 -616 -468 518 -460 232 -161 869 865 80 -511 216 -158 -236 -64 227 -73 211 -810 -980 63 -620 -136 -625 -154 -144 641 336 -290 
94 39
287 -46 674 265 45 -312 -649 -410 561 -230 -940 213 438 202 -476 -300 108 680 441 988 -513 -797 659 447 -730 192 81 14 316 -720 791 462 -60 13 -79 -276 -343 149 599 
543 -764 -325 113 -467 242 -86 -691 -64 -604 -725 -706 -486 -1000 809 -73 -121 -824 -845 9 99 722 194 -662 76 872 667 711 568 -327 487 954 -806 672 353 143 -591 -549 -416 
-684 1 335 -938 767 678 793 216 -139 822 -728 -449 -505 -57 -678 253 -593 -671 -812 100 685 -235 -154 -828 267 495 -723 308 759 -329 -165 -365 -158 270 -172 -177 -140 295 539 
918 -142 -268 -851 635 -573 -925 187 -709 -768 -280 -946 -768 -726 748 374 726 -512 406 -476 -452 128 778 376 541 286 127 77 383 436 -890 964 -164 -503 375 927 -64 -284 -818 
447 258 450 822 239 487 167 340 -557 626 -718 -264 715 352 -93 415 508 196 993 -195 -351 -2 -457 -439 942 -62 -544 -935 325 950 67 -352 -627 923 -656 -779 -192 256 843 
-939 -621 403 -584 604 -245 970 312 432 110 81 179 -689 408 964 791 -982 95 80 127 193 -567 -91 903 785 221 -754 63 -884 -41 436 -961 -872 336 -528 -934 -630 -387 848 
-954 836 582 28 -533 -35 -646 -455 345 240 -271 237 239 -72 402 548 -23 -166 -537 -765 938 -285 958 427 -949 148 -928 -96 818 11 855 11 374 100 -532 -708 -879 399 15 
-492 328 -780 -101 274 696 -252 -552 109 -703 962 19 -447 935 -461 -101 -403 -106 193 -899 -948 -106 -954 419 915 -721 87 -936 -53 815 -210 -945 -178 185 -659 -427 -360 -959 448 
387 -202 -106 34 793 -14 430 -813 -520 -414 -856 -504 -82 -771 158 771 -233 -481 842 -107 114 719 -374 -607 -798 -737 -377 451 -298 -332 994 129 172 328 -944 -927 369 668 440 
-197 -773 1 634 -16 -69 -440 883 -437 733 -712 94 470 -190 385 -723 705 784 575 600 -209 -776 817 -619 673 745 -854 632 -969 -685 88 621 307 -498 -45 756 -255 300 296 
748 -891 -788 423 628 -461 -672 681 590 -396 -574 -298 -364 295 -14 -874 -801 39 723 -26 -42 -212 -121 158 804 468 728 -704 -146 563 633 803 -925 873 236 626 -172 -93 293 
159 869 980 -114 395 741 598 -644 -710 859 731 19 -270 -607 -311 -170 837 -74 -938 -303 -160 366 383 986 -893 589 399 -635 801 565 -849 775 -278 -245 -967 989 -392 480 -511 
847 -874 639 566 -625 840 -910 -299 -154 -489 -134 479 801 -21 223 844 631 510 -108 -224 -705 -338 -497 701 -401 931 -168 41 392 563 143 -542 721 -734 227 -97 368 -2 993 
792 -944 378 -391 -647 960 232 375 -717 824 -723 992 -365 -750 352 795 -777 -730 -301 19 -706 581 917 346 384 459 998 -48 414 943 -899 532 -213 109 295 -149 395 230 -303 
799 427 -266 487 -695 -543 -410 286 689 773 -494 287 949 928 414 901 -39 611 -11 -502 -914 -148 -893 -452 -602 -27 -669 -762 -377 -835 731 -564 -738 -532 -953 -890 421 961 739 
385 -616 -131 -291 850 -875 853 42 -819 -653 180 456 757 -764 208 -301 -987 -627 334 732 766 -635 696 183 -750 -212 990 132 -304 -497 -53 -47 769 -359 425 -434 -109 -308 295 
-784 -77 960 -246 -550 -576 187 322 393 366 194 -753 -929 -439 462 403 370 442 659 42 806 -545 957 -937 88 -171 -756 816 908 -199 -799 558 -710 -432 -791 -771 -220 500 -102 
-885 -772 -480 156 319 -444 -275 -598 -57 -555 -482 -520 -169 -365 -56 760 -34 -399 -537 -536 -421 785 -675 845 -48 -321 -244 -938 -106 -529 102 666 514 308 51 -188 -218 610 643 
-688 -182 854 788 -186 -739 101 -154 -937 -377 242 -467 -331 177 996 -441 760 -361 631 -369 510 -500 -238 705 -270 -241 -199 879 273 333 -893 -109 -967 310 415 -234 -685 -603 -334 
960 194 -454 -636 640 412 -230 -979 255 649 554 -470 609 -198 -809 -892 -564 -261 -598 243 -181 604 58 -98 629 972 547 774 234 359 -235 -988 669 -413 -672 -80 -344 -427 -321 
-444 749 -71 -286 288 -695 977 576 -353 238 -323 -692 -998 -735 -36 -952 299 -864 -750 -105 645 408 -885 520 34 -218 848 -128 -307 189 55 -314 -255 -504 655 -859 -815 608 -436 
190 -502 -288 -225 -580 278 -729 -998 -756 -718 45 -909 -660 338 314 -457 -957 308 692 225 -910 -702 -953 -981 202 -516 841 -12 -755 565 142 -814 -39 -3 810 298 -845 335 470 
-610 -176 -645 645 662 -358 -233 -58 322 112 930 908 -625 -257 185 77 648 864 813 -520 799 -862 372 -501 652 282 160 372 -475 311 -195 390 591 -645 -66 -194 468 -665 -325 
22 229 966 372 297 -175 -866 633 632 919 -526 60 -3 297 -917 -617 -689 866 471 523 53 -231 466 152 -866 -442 101 420 -480 724 -659 102 784 -9 -994 -606 -623 -719 -889 
522 -272 64 -9 466 -208 -599 -416 -28 641 219 11 534 935 589 508 905 8 570 23 -573 -331 751 819 223 429 -335 559 436 -514 84 834 563 -275 570 839 485 -312 -632 
-775 581 363 128 843 89 -320 -118 -900 -42 -182 -140 472 20 483 44 -526 -720 -572 -437 881 386 150 -780 8 302 -121 253 -629 -210 -673 -834 -865 -752 -221 -968 -463 604 841 
488 522 505 877 523 -735 480 -685 740 -607 -656 991 -516 924 116 178 -919 -816 114 21 -350 -438 38 539 98 -247 847 -766 -836 660 407 -678 -418 526 -664 -71 72 376 -467 
638 -386 -632 855 -940 -676 -199 946 -199 -533 387 -25 416 -143 -612 -205 437 -355 831 -920 271 -989 -596 -958 378 820 -752 381 -939 883 -521 -107 505 83 -193 782 -452 -299 319 
-587 -395 48 792 -74 -399 -543 986 -385 788 -538 -102 485 -524 86 -110 38 -77 -572 -935 559 -741 819 405 718 -833 507 431 459 -593 252 214 -733 -708 675 -953 373 77 827 
-117 801 18 310 -671 -804 -137 924 237 -631 219 -429 -799 -539 545 768 -85 -382 150 349 735 -409 -443 412 -617 709 920 -934 648 -211 -609 135 839 800 597 -875 -724 183 257 
-914 -347 229 -117 60 190 -791 448 -125 0 952 -824 482 -472 410 -347 634 -583 -844 430 -883 404 710 -482 -196 775 -954 -345 -518 -797 13 682 -76 579 -512 651 -891 810 -942 
-304 -156 -260 760 779 -815 160 -483 857 -367 -396 470 889 -170 898 809 -527 514 2 -278 669 829 -881 -218 -102 -955 382 -460 147 -426 220 -440 57 635 -248 -470 -616 611 65 
-890 295 -857 625 37 176 -86 26 -180 -527 -494 832 -844 -990 327 343 -742 937 314 -642 -313 346 952 589 99 -270 462 971 -266 534 -145 -781 -81 136 228 855 -152 -870 -44 
-235 -455 774 -492 201 428 -835 704 -492 -799 798 154 -36 451 345 -622 -604 427 725 -664 -899 292 895 -114 140 574 -252 -863 -866 -281 -128 -359 -902 -618 600 -961 -490 -166 437 
-833 -211 -189 754 478 -417 -897 -407 -66 -567 -872 -520 -945 -762 108 713 312 -570 -995 2 -554 159 73 -821 -396 625 -899 -626 -356 -450 118 788 29 442 280 45 -242 831 -941 
191 801 36 82 244 907 639 534 -339 916 696 739 508 -246 625 392 944 651 -813 -235 866 -110 346 -296 64 -527 963 937 -121 -47 181 23 -170 -426 -146 305 -303 -794 -209 
-630 -541 586 -837 -633 -856 -314 620 -469 -582 -842 -297 37 970 -630 544 -696 -303 -604 1 172 -728 -417 103 -925 -683 482 846 878 790 821 575 -368 19 -844 -938 851 991 353 
-72 -134 -33 -18 -59 647 927 -68 -741 -993 -991 798 907 746 439 657 928 -417 579 704 284 -289 -787 883 565 -448 -699 327 -63 -18 -599 660 -738 685 -151 315 -91 -542 873 
-785 -240 -349 135 854 185 716 333 975 981 -173 665 518 449 -450 -612 5 731 579 688 -786 -587 -384 462 71 725 -436 670 -476 -304 -370 -481 -117 -215 61 -598 -156 -956 -728 
-590 -640 -16 71 511 844 468 -495 -756 902 41 -625 -851 -433 889 209 997 -463 422 688 -377 -846 -67 -77 779 858 461 -26 -45 -239 -925 -632 862 893 584 -205 637 -453 13 
-14 -555 -532 -683 -946 4 -686 -155 281 567 266 -153 -705 91 316 101 -839 -701 849 -620 -892 -406 933 -354 -142 -615 445 357 -608 -549 363 69 231 159 -305 617 -826 765 256 
769 -512 237 -741 -110 770 -492 -629 687 536 0 -405 759 -831 935 632 670 -336 -821 681 112 -460 944 899 -605 -614 -479 -168 157 -719 -544 65 534 782 572 844 -561 -750 -40 
247 259 -695 -998 317 813 -461 -751 0 138 537 -357 985 -256 -168 533 476 -401 -414 -828 383 311 -634 -940 892 -517 716 111 -236 -459 -683 -879 583 -839 -910 233 338 382 52 
162 -408 -182 -940 -782 68 -83 309 451 749 66 870 256 875 689 -596 -622 457 808 -96 125 860 -132 -763 84 355 -182 812 -716 160 770 -709 -816 598 -441 651 776 -638 -848 
-239 815 319 -509 -656 -115 -603 290 -947 -669 658 -986 563 925 764 92 792 -4 -283 -803 224 789 383 -558 -480 -588 -846 -248 -139 -235 -371 -32 -570 868 -343 -886 -57 675 -12 
275 -816 -276 797 -388 -722 -744 -709 45 -552 -576 -238 -422 212 114 -904 -443 219 -170 965 -667 -998 528 -886 741 235 969 644 -513 -797 -486 -447 -965 653 -280 -414 498 -841 902 
-879 952 347 519 389 554 962 -636 -589 436 -380 541 -553 550 -478 755 -140 -152 615 -171 -200 475 956 -279 179 -878 764 830 -390 -959 456 -385 423 37 155 554 739 -508 -512 
146 231 326 -669 3 -113 -268 933 -972 161 -944 -844 -719 284 -747 938 425 819 -288 37 -11 860 -544 -521 -117 -379 -390 -785 690 -937 608 -56 38 -515 -61 16 558 982 214 
347 -260 -663 -939 -807 -955 969 6 -586 418 -391 -482 -96 182 -31 503 606 -303 -302 -479 -913 -332 711 359 241 118 -180 147 483 135 835 181 -291 483 501 255 -722 -807 -474 
-699 246 -932 12 339 853 -183 977 -977 -652 554 -873 705 -989 891 283 -416 -574 -260 -19 -17 756 -682 655 -409 -207 -111 -979 423 -357 -620 -660 -822 899 174 -251 -792 749 118 
99 863 -255 -82 171 -669 515 110 -52 -637 -619 686 200 174 379 -958 594 -282 208 -211 -712 -652 -728 -544 -798 -707 -331 -190 -901 548 206 964 -112 -49 -260 757 119 -274 503 
660 50 857 817 -220 -268 -855 273 597 -557 -86 163 -480 254 671 61 83 241 311 917 782 -473 -753 289 589 607 -472 -193 -457 -718 -854 -601 -698 -428 -696 -722 584 -375 -522 
876 -843 635 537 -304 -78 -407 -737 -110 278 -703 -257 137 635 128 353 -721 343 -375 -624 17 715 229 543 539 380 -325 187 -860 624 417 687 -922 -517 -991 29 145 -197 -466 
-612 -609 481 -919 877 587 -351 -49 -157 670 699 486 -175 43 219 88 -202 780 -642 622 599 379 -298 433 -788 981 527 -723 -626 -484 243 -200 -226 573 -53 -287 314 194 -392 
604 -612 408 -751 -163 51 -845 -499 -526 182 -880 51 -378 182 -965 -416 -204 -45 371 -247 329 402 -421 -942 669 542 -270 -178 -813 -35 645 -201 414 -412 419 -832 806 237 -846 
-22 796 -569 848 932 -245 -417 748 -457 111 446 -986 -416 459 -813 -299 -737 677 -957 71 -864 -332 -482 766 -521 -195 -797 -455 -942 90 -121 976 570 717 -254 629 826 740 -166 
759 -414 317 677 664 30 -933 -584 -383 915 -615 -747 789 970 -33 277 -556 -591 -77 -78 145 333 561 553 389 -300 -306 414 645 139 473 -560 370 -773 532 -434 -16 681 498 
-982 -871 -426 145 845 290 -636 -471 -981 399 -150 -299 -103 -509 298 -734 -388 -774 -239 -794 -509 298 703 -508 -248 -282 712 508 -269 390 -214 968 768 100 -768 -204 -46 -568 -362 
-19 903 -282 269 -898 -562 374 145 358 -281 917 -582 990 -342 -870 -832 202 -566 -692 -974 -817 411 -254 -55 -668 754 -470 920 -261 108 -482 71 49 -670 787 -63 -124 -213 964 
650 165 -382 496 533 574 -710 -257 68 -810 -305 938 657 50 79 -404 -355 -610 841 483 -360 861 -236 -165 -544 -595 -685 -642 -211 -737 343 484 -292 -346 -938 289 10 -259 459 
112 -171 -323 286 10 829 399 134 -996 -272 48 203 -681 662 -157 -159 889 -454 -405 114 477 570 -472 971 -466 -127 -799 -582 994 -45 -700 166 965 457 298 271 291 734 -994 
-632 -54 -616 383 -670 -466 -773 -844 651 863 138 800 599 -439 992 -505 -307 235 -257 -945 294 138 -489 618 801 246 -152 323 795 76 603 -329 -963 382 -306 -650 22 225 -689 
761 970 693 459 -617 -117 858 503 -525 232 -847 111 408 147 848 -979 -216 -777 347 252 432 -759 -433 637 -480 558 720 858 -693 622 246 393 -822 967 227 548 341 693 216 
55 340 465 537 -647 -445 -24 782 -434 -555 -787 108 -964 -822 -623 723 -228 -364 -958 -648 660 22 18 358 -541 -354 505 65 -900 -683 -466 780 -665 -316 -30 -613 -572 969 -675 
-501 -734 506 717 -879 687 521 -788 640 -320 -343 -239 351 307 -96 410 154 -541 734 -87 -745 -836 589 220 60 0 -807 -750 384 -278 993 -950 -145 -560 -338 142 -110 -418 596 
-400 -754 305 -520 452 -229 -176 -463 79 520 850 -735 -626 61 140 613 -887 -366 -486 -261 201 190 -799 148 -680 306 -318 -134 -711 -329 -319 -588 -824 -699 -442 328 -526 118 -876 
-160 -920 714 824 320 -160 428 84 -282 -883 -556 -995 291 -48 -849 -46 -407 846 140 -450 326 -348 632 -400 384 -119 -371 856 609 419 -122 468 -554 781 54 845 -462 119 -950 
636 -360 750 732 -591 72 558 -871 -43 -871 -347 -523 -659 -423 425 462 2 -431 -259 -578 351 829 -960 453 779 90 -905 230 344 -720 716 -928 -677 -478 -762 -128 861 563 699 
-634 769 -36 308 805 391 876 192 527 -256 -337 555 704 931 978 784 761 -208 453 13 225 -45 -767 -634 87 -742 -851 -276 -998 235 268 -944 156 608 -823 691 -859 468 38 
-1 644 -733 305 667 795 988 72 -277 -596 666 318 -697 -610 884 575 -339 -331 -558 944 -711 929 -559 -518 932 -827 -728 -439 -6 635 -388 368 -944 -618 -639 239 -730 152 882 
-312 -70 -571 -622 -354 -419 -89 -460 -497 -342 308 -472 -492 932 -243 360 -474 95 840 -318 243 -46 -496 -634 497 267 219 242 -381 -669 -707 780 890 100 -900 -976 -499 -296 35 
299 779 -124 778 -777 544 357 886 71 -25 473 -435 646 -240 -382 797 -757 -990 -538 621 -592 -766 362 340 -253 -235 161 201 -644 -574 -625 -390 -192 651 -77 1 886 -67 -347 
388 232 -570 -309 -100 92 823 578 -840 -973 -181 -133 35 -687 55 -44 707 -577 -575 -567 -876 478 -698 -389 -684 221 390 944 -352 -772 -269 -86 95 161 -949 -468 -83 763 17 
-261 -693 934 -909 -62 821 463 -313 -520 948 648 775 933 -683 845 416 -29 201 424 -939 -62 302 850 329 782 975 -549 -51 -523 136 -404 102 84 -916 -245 -749 289 90 16 
-387 -82 909 997 975 -932 -860 34 697 -209 -159 -262 752 -399 837 704 -936 -487 -708 -34 564 -67 -475 344 -291 837 101 -52 50 466 -596 716 -513 959 808 -912 209 247 -599 
741 -984 -745 949 827 -962 -907 -500 -370 -89 370 -322 770 -871 236 268 -891 879 71 -131 -225 -808 172 2 -35 -395 210 -308 -801 -780 269 -340 -450 -650 324 -469 18 55 199 
827 -717 -513 161 830 431 -172 650 997 187 291 -64 -804 -67 943 808 -588 746 904 -17 -95 187 704 326 -75 629 314 -963 -36 -87 964 -834 -502 -23 -185 -226 -958 252 940 
-400 -903 -76 34 827 490 158 -643 236 538 -70 496 -561 927 -660 686 842 -115 -735 237 -790 689 -154 413 -61 945 -90 792 -590 -557 -190 -534 741 862 550 371 749 991 922 
746 947 -196 742 596 -183 -466 -551 214 -830 -22 172 -985 -28 512 658 -391 -147 -184 99 -742 -188 762 649 198 353 573 -581 -865 -512 -461 -872 911 -110 -685 294 365 133 -362 
348 -177 821 -907 -660 255 -238 -461 -75 785 -828 440 216 -76 -500 -979 -951 -282 413 495 -999 -595 -629 -962 -974 980 179 -379 50 834 -53 -321 -469 610 235 567 186 670 -900 
-528 -809 -340 -608 359 -484 -626 -157 -618 -438 869 -640 -197 888 598 807 760 526 -432 621 795 593 -324 132 465 303 -74 -451 951 -755 -85 747 -383 -961 -717 634 -898 -87 -95 
752 -468 -829 -487 258 -344 -974 -462 -22 505 -955 -916 952 -178 860 -493 -361 404 -832 -620 -174 12 -129 751 -154 -659 -745 654 713 646 901 917 683 -938 -562 -229 636 -800 -755 
-312 -850 -791 -962 959 -931 132 444 -722 428 -800 902 -861 -478 736 838 -655 -987 -389 -875 100 -91 181 633 450 637 94 -415 -910 -283 490 963 -543 -101 -592 627 -350 563 679 
-249 885 76 926 248 -372 325 -678 -724 42 481 997 674 205 359 -651 -691 718 -308 -885 645 871 -651 -899 -518 -412 808 -601 -262 -900 -46 -675 613 866 -834 -284 -545 -473 84 
-350 -105 -942 -975 130 965 579 198 -996 89 580 -525 -555 81 -159 -619 755 -5 -230 -691 148 -964 582 -541 -848 -320 394 -405 -693 -492 75 -425 351 831 -752 -803 -294 -504 619 
-278 -780 -588 298 919 -764 399 985 -485 691 45 330 146 -79 -383 856 685 -778 -514 -712 -199 -964 -339 768 -268 971 -962 413 397 -443 -735 -784 -612 -716 -857 8 -494 704 69 
-458 690 597 762 -531 -928 -956 -847 -295 -296 281 457 769 -158 -466 -398 -640 -43 -195 -646 -544 266 -421 -454 -952 579 164 731 -744 -741 433 300 -687 -1 -927 -72 331 -82 215 
-252 -527 -483 -176 -169 -528 -755 -200 829 -608 577 -402 -259 -542 827 500 809 587 -89 347 277 -241 -950 -161 572 -414 236 -993 448 395 596 -271 -223 -774 -254 -973 272 -565 387 
-332 36 -565 -688 308 -723 602 -887 -119 567 -206 -144 -765 704 343 -8 403 333 -560 352 -568 810 -379 26 409 -414 -183 786 -486 798 -198 955 -199 -576 -921 347 344 -605 785 
-534 880 -469 -347 887 -557 -413 776 812 -29 535 980 227 130 158 -461 -791 985 -979 665 -350 -339 -760 662 413 926 -839 172 25 98 -586 -993 776 -510 687 475 -669 803 -379 
-70 15 456 97 565 -562 -666 -780 618 -776 -520 202 672 284 -476 -379 -793 -926 909 -777 -877 -845 875 240 -325 11 536 985 524 -483 -869 -913 -380 647 603 213 -884 488 -276 
-157 -27 -608 750 451 998 327 375 782 -428 -511 141 18 -940 -65 -503 -569 605 -87 904 882 -606 396 -76 153 766 -162 754 809 272 42 -35 532 -647 -120 -749 -177 -636 -885 
-530 219 534 -174 150 -543 438 -505 -763 900 254 76 620 338 162 152 -108 -661 -303 -740 87 -219 -998 458 -65 -625 689 168 271 -587 514 -623 514 244 -28 29 -240 -274 -30 
-573 280 -321 486 332 -998 -719 -297 361 964 589 -315 -873 608 -701 994 -206 -804 812 -989 280 698 -482 -553 -464 121 -176 -521 587 164 -561 -913 713 329 384 -964 127 -260 -90 
