76 43
466 -298 562 -825 -393 458 363 55 613 232 -694 197 946 -2 -590 -462 -836 -669 411 330 -246 -896 -769 813 -620 -547 -828 810 534 -167 988 141 -879 -865 -967 123 882 -571 965 -197 727 -218 625 
920 319 -445 -612 596 -750 -219 502 703 -719 823 326 265 527 705 681 -764 448 983 540 -739 368 -540 492 -116 -680 -959 507 -167 -244 539 310 -782 41 -988 -843 747 525 -104 -862 549 471 -846 
462 -974 753 768 992 792 58 -379 -705 -364 -135 61 -94 -256 943 486 -394 648 685 670 48 826 326 -713 916 -579 726 354 614 -989 -685 171 542 -655 -494 417 -31 -850 -67 -999 285 522 964 
-157 -635 706 322 -211 -546 241 193 -906 809 425 864 902 67 -766 820 -19 41 -126 189 -151 -561 -274 699 411 755 -305 720 -628 350 -263 -521 -148 539 -664 -202 -964 907 -372 656 413 983 566 
190 -328 280 435 -833 351 -812 -439 -291 -77 297 -304 403 -808 223 915 76 -346 -775 583 -916 658 989 -85 -203 -84 -908 -384 -157 906 84 -326 921 -219 732 -312 592 -510 -593 -95 572 499 996 
-656 850 -49 989 -527 -729 -704 -776 924 -549 507 931 594 -714 950 -589 501 753 -859 -794 -883 -88 245 566 984 -690 -132 -63 -622 786 -720 152 -523 -496 792 -603 -862 587 880 625 881 -358 865 
-140 165 -687 256 -306 676 -222 -171 -667 902 -365 912 -336 -660 1 -57 -860 627 901 34 -883 -536 -10 571 607 622 -384 752 909 365 419 -357 -534 -402 -65 -748 814 -283 238 -332 571 142 338 
462 -592 795 738 618 494 -596 15 129 746 -304 -677 592 130 -724 -740 694 -636 10 702 -496 -981 -269 -713 488 -390 -705 382 -663 606 -340 814 -825 688 878 56 -756 296 406 -697 997 632 54 
984 -625 -632 -908 -263 716 -291 -995 -127 26 912 812 -415 582 428 571 -311 429 -680 -615 -66 -605 -874 444 -581 -73 -198 -567 485 439 -129 978 148 -112 839 703 -194 -503 -526 -896 -522 0 -575 
498 -714 981 -886 960 -504 -714 -129 652 -885 -934 -918 -930 451 -318 -452 -772 -174 317 -473 -837 -617 -453 184 149 -460 -220 -151 779 -780 -262 421 -916 -772 732 718 -793 -398 -67 76 974 315 964 
422 -340 -295 277 -506 408 901 96 936 -902 953 520 -605 877 -446 -393 603 -475 500 -304 -346 -492 494 181 -674 776 -497 -854 -362 966 -423 -534 209 -163 -572 392 -817 996 599 -696 -599 -474 51 
656 -417 976 -224 153 -832 631 -820 -454 -774 111 -991 807 994 -310 855 614 -153 -578 714 -990 -686 -214 -435 995 48 889 350 -930 -269 -552 796 -215 -250 -827 -553 658 16 -823 983 480 -102 -121 
-289 154 516 229 -525 -457 -123 -229 -376 -362 -958 714 683 -338 -127 159 900 -648 -530 -809 -996 -580 478 837 -418 -806 354 962 -374 -165 -754 -28 383 598 955 -302 410 518 -743 855 -22 220 -263 
550 -650 -206 330 285 305 -288 -334 -196 652 290 240 279 45 -567 -641 -886 991 929 -498 -578 -646 115 -194 425 -668 -820 635 -614 -472 462 943 -683 -10 -603 675 -149 395 540 103 127 -589 -127 
628 916 -292 -121 -753 -981 349 -933 -751 -101 262 -487 -858 529 378 -689 547 -213 570 898 -757 528 260 768 51 -845 -148 294 532 791 -887 -669 353 -428 -940 -132 666 314 -564 -767 657 -746 -242 
896 -533 851 -621 681 344 -717 713 -334 422 718 743 -884 723 826 363 -971 -254 -84 519 271 -287 -754 60 801 -696 434 -315 396 84 -795 103 -959 20 327 23 273 -428 346 877 -267 -231 -551 
-585 -369 75 -325 -303 401 -262 -584 852 -484 -342 43 -948 -788 -415 -936 -81 -798 -61 -351 -661 -286 -917 612 767 287 589 -985 988 899 73 70 717 723 -157 -84 933 130 769 992 728 -124 -507 
242 621 934 -868 -313 658 285 -714 -879 49 588 902 -78 689 -166 876 -958 592 -204 865 655 16 478 -349 -827 927 -465 -926 -161 460 -626 -358 764 966 -600 610 805 -649 -508 -460 29 897 632 
462 -806 568 316 -967 -716 240 656 -360 -628 840 -262 706 -593 -616 770 -844 939 -714 178 881 -832 -705 872 -581 -822 -859 -114 7 959 -908 -820 -517 -540 105 44 779 773 -667 543 -299 -892 -818 
254 106 290 -986 51 -50 -932 145 -488 -127 -41 897 -784 159 591 564 -555 805 -99 385 -366 -43 -297 -66 -222 -276 -356 278 585 -751 -688 -343 66 833 133 612 728 969 -277 -638 744 404 -23 
835 -410 -762 -612 621 432 -521 -49 -160 -543 -156 -996 382 -202 -942 514 331 -490 -172 152 -655 589 688 -880 279 -550 157 -272 -269 -774 -160 -995 -979 -940 -505 632 -762 487 -843 -82 -166 16 -161 
394 -830 529 -138 -434 -244 414 646 -109 -210 -7 -337 845 -103 -303 962 162 971 -474 206 -69 376 449 811 -820 -262 -462 -378 177 -714 441 143 -534 16 -855 336 -839 434 921 -817 -487 393 893 
261 -927 193 -683 336 361 194 -107 -891 -643 -101 -283 -966 447 670 -343 708 -414 428 995 460 836 -270 39 -969 -165 484 -976 422 -205 -215 657 715 679 903 223 -34 -545 977 -675 815 216 670 
888 -20 -662 748 -796 -331 102 804 774 -770 143 352 515 853 -5 874 313 -683 537 759 797 -694 -59 -156 -843 -955 -407 591 -729 -830 -377 10 -415 505 -987 75 -85 882 327 -265 170 861 -717 
-384 -602 128 -79 349 -322 322 -206 -198 346 200 83 143 -767 733 -814 933 860 -88 96 853 266 -568 -41 755 -954 -461 -963 -612 711 -736 714 652 -810 -767 -393 500 -859 -602 183 -438 14 -83 
-566 704 857 -306 432 -871 738 359 27 -87 219 -909 -616 -483 -467 256 -352 940 -11 -608 -391 284 -387 -32 146 -841 24 472 -961 383 962 -365 962 512 -729 -672 555 -299 -301 -745 -15 446 330 
-224 -943 784 -935 464 214 -354 -340 -139 -293 -506 -399 485 45 543 477 978 -973 770 -898 -655 578 -906 -383 -694 -964 -368 53 -606 -822 -213 784 56 234 677 240 -211 202 74 516 327 533 500 
-228 -248 445 339 -978 -150 -933 -310 27 -306 -701 -710 33 502 -853 67 -206 991 -547 -184 901 -302 -502 706 876 365 482 -664 645 -818 -430 910 261 -304 -99 -149 242 -7 334 735 543 915 316 
-747 558 58 415 -923 129 -155 -701 -275 -703 280 -614 -383 307 -711 -969 -143 -264 786 -840 -278 116 294 371 160 321 583 -971 730 -556 664 694 142 -704 -913 -607 -338 714 413 -621 483 957 -192 
530 778 -753 -759 768 -164 307 538 831 706 368 -590 -777 -344 275 764 -857 -110 432 644 440 733 -817 972 -808 519 -43 -801 230 -95 159 -204 281 19 -74 484 -747 -447 480 -961 976 -515 499 
-740 162 46 -816 -352 460 -337 733 -783 667 810 -13 -933 -355 -729 -822 -334 563 -417 -911 26 -217 102 -974 708 -80 601 -331 393 -829 148 -796 715 604 -425 496 922 718 122 482 -139 -105 -994 
-924 -542 -856 934 913 560 963 422 -311 250 -27 714 906 -817 -857 -885 -340 -560 -913 -290 395 233 604 -963 491 -61 -253 -198 567 409 819 -272 -582 -726 -896 -244 -782 -721 -579 -131 -959 -274 507 
-296 -554 -930 402 543 603 -709 -115 -653 432 620 -677 -697 745 -445 -365 631 788 -187 -760 -71 509 75 429 146 293 -888 -661 -548 -480 908 -864 615 -563 345 122 110 412 -972 -252 699 -340 109 
-367 -211 -30 898 -41 -231 -304 913 -867 639 -251 461 584 -97 -446 163 754 -756 637 830 333 687 -343 -825 -938 -113 902 465 -115 799 101 516 276 -776 942 -168 855 -231 293 -635 -885 -564 -165 
232 521 -404 -63 -40 -420 -908 -798 186 361 -679 -671 546 928 954 417 155 -704 374 -236 -759 -897 111 -730 -580 714 878 794 248 -23 -792 -939 -541 -713 111 522 847 -559 924 854 -55 -259 843 
894 -672 829 -761 437 -310 468 -920 -127 -893 440 -197 160 536 -280 -495 -904 227 -384 -615 -212 951 347 -126 -858 -177 -936 748 369 578 -447 -257 6 -22 -249 447 506 -907 -782 270 -667 -709 952 
658 886 -750 315 521 613 -146 872 713 745 -516 796 397 -693 -527 -182 349 -949 527 -868 509 -462 376 -682 361 -1000 -570 -687 -545 -202 -678 710 -114 -914 371 -40 190 -326 33 920 -752 722 -358 
915 422 -717 -963 479 -714 572 -266 -698 716 -726 -782 -670 542 -105 -269 617 -925 -162 -922 -37 470 466 978 -86 472 591 20 648 52 113 905 312 -377 244 -661 -2 736 204 -352 984 -60 54 
-145 225 -139 -769 -235 -284 35 771 -905 -402 -525 792 889 919 -976 -643 494 50 575 -627 96 850 600 120 -909 -801 882 -253 -315 282 -83 -673 -775 -914 -730 648 36 -248 -906 -865 -969 376 972 
970 -882 279 -339 714 -584 59 505 93 937 -582 -657 518 588 316 -780 138 765 163 -224 -405 150 399 -503 -614 856 -643 -220 377 -644 -768 649 -33 490 -445 -873 -145 -294 718 -392 -373 -278 695 
-922 -203 784 -550 94 375 79 316 644 -28 -193 -707 583 750 -568 956 246 696 -33 -257 435 -417 -971 -669 -905 421 -900 -527 966 -770 -820 82 -812 463 981 -348 89 -173 485 -548 273 624 -740 
-465 -889 874 782 764 -429 742 -424 125 641 -318 263 -786 -300 -733 -314 716 -566 -546 310 306 -782 -693 371 -929 636 -841 -587 76 880 633 692 -931 513 -505 656 487 67 378 -449 1 -949 -736 
-312 -163 -298 464 207 -360 717 451 850 -416 407 -735 964 806 -289 633 -504 948 -696 294 -895 -287 -770 -50 7 -382 -97 -84 380 403 297 -143 607 -377 -906 534 -239 -547 758 -27 38 -541 -309 
793 -577 -945 -165 115 870 619 385 -882 921 -543 -987 870 826 679 477 420 -634 237 -908 893 -779 -283 -742 748 562 930 -115 -932 316 -572 166 27 763 -574 -393 -469 406 666 355 -165 917 165 
-306 22 -925 -786 119 -902 6 -188 -381 332 -926 -642 -723 -710 -821 -977 666 -80 -838 -453 -911 783 657 472 635 411 946 152 -857 -380 989 -890 -350 -296 216 -977 549 -90 -156 -381 -785 502 -626 
507 -76 -440 68 558 518 -758 24 -337 -285 397 825 -151 -624 346 -864 -530 68 -367 616 203 -968 -653 -317 465 -50 33 -152 16 -546 -205 -399 148 -631 -290 36 68 632 -352 -144 -887 389 654 
-821 -916 -404 64 57 -269 451 -54 -64 -466 72 -322 -54 -612 -566 -143 -966 3 -774 204 738 592 -525 804 -220 428 -488 283 344 256 -546 248 -322 186 74 821 293 608 699 151 -565 -940 314 
563 -91 -567 -959 687 -623 -11 -501 551 506 104 -197 -110 -419 -84 975 660 682 -755 646 -604 940 730 -337 -991 700 28 -12 -480 -46 151 -153 -839 -482 496 204 580 135 558 552 -738 -174 -493 
71 -768 -395 988 -620 -879 -740 -745 -603 763 -69 5 -699 -452 -667 -288 -650 542 -243 815 70 -536 683 -968 -414 806 -14 -603 905 55 -577 -582 -302 310 -92 741 399 -692 -490 487 68 691 276 
-365 931 -738 521 -364 -182 151 -844 467 928 -168 822 218 11 -913 -805 -397 694 -980 -4 -828 257 -484 -636 143 -215 -469 834 -604 -54 -490 415 955 578 -497 -671 31 -953 36 -114 -68 908 690 
85 557 464 357 -86 -785 -633 -157 208 -566 254 -469 -500 337 -471 -904 903 232 -753 -6 676 -363 -424 -9 323 458 -842 797 -267 -862 578 -708 129 42 392 -766 -586 610 613 278 226 356 -576 
-55 195 -892 -761 -790 -180 264 347 -327 506 -934 -961 510 503 -804 -339 251 671 -276 -182 -273 -191 -312 171 -915 552 339 -264 140 491 -119 591 800 450 -353 300 377 -502 254 855 986 -294 -270 
927 -20 215 318 -698 964 -507 434 -483 -781 -977 -464 802 -275 73 363 582 381 -589 209 -652 886 -847 -981 -593 700 -183 -478 -229 357 732 292 207 -918 697 -313 681 -814 879 -578 178 753 401 
954 51 188 -625 -718 9 -751 -638 101 -90 -555 775 463 568 -883 625 411 -979 657 856 521 -73 -370 230 -576 -68 -852 -604 245 545 -785 -688 493 777 -815 -862 -433 488 -640 -240 -963 957 -605 
910 -140 -433 931 -727 -478 -537 744 6 -872 447 274 598 -95 -487 -775 430 -894 211 791 -908 33 -167 180 -996 -597 -964 -142 -780 -944 -670 -822 -196 962 269 -26 155 -753 416 -847 461 -534 -96 
492 785 -703 -889 851 19 842 79 495 581 480 237 -915 659 -691 -325 559 -601 455 27 -623 522 -768 -151 446 -675 -535 -175 -828 -377 759 512 -170 -721 -439 111 -399 556 472 61 945 -341 991 
-836 -972 449 750 -720 -961 385 90 -717 -672 16 471 -740 148 -120 -616 864 234 474 406 -198 199 -393 912 56 -965 -447 -350 918 -876 -131 985 -513 49 -932 -475 -736 10 -694 -464 719 -417 -106 
654 -468 174 419 933 872 57 191 -784 307 342 498 -177 -118 -71 409 -864 721 -225 564 -28 -996 477 333 -85 357 -520 26 929 -343 374 -956 398 -988 757 -24 -168 -658 -726 -2 -900 181 -931 
649 557 -707 -493 -658 -597 -218 -452 296 648 445 782 -821 535 -938 -174 -392 662 -424 685 -687 494 281 -574 157 360 236 501 -226 915 583 787 -207 -829 -918 209 -10 795 29 -846 -879 -962 -534 
957 896 178 731 254 -307 919 885 412 598 71 -923 -693 236 -482 -327 803 -247 -612 754 736 -363 440 40 459 -422 295 -65 137 599 -578 650 -93 658 276 493 -730 817 -629 -778 -565 -549 -799 
-625 361 523 98 701 458 -715 656 477 -244 -612 469 -416 825 450 -472 515 105 -975 -897 277 518 762 -332 787 -720 556 -981 86 386 -456 131 -305 149 -701 -85 -703 196 75 -506 848 751 221 
850 -407 163 838 -939 -670 570 200 410 787 128 -912 -933 597 -778 758 -418 970 -726 133 -555 174 294 -885 577 -100 727 -285 87 -493 993 353 -266 875 -990 557 -201 19 36 356 -538 317 823 
172 128 220 398 935 573 -772 393 361 -95 -45 19 -275 -819 -426 -787 916 -741 639 282 -800 -6 -834 348 -687 358 766 -320 301 -132 -839 837 901 -388 -737 178 -826 -704 211 952 493 444 -506 
-618 -849 -617 -152 -740 744 -759 -725 -445 914 -171 -405 379 -72 -311 299 -796 43 -205 546 -79 517 -777 646 -471 764 542 -105 144 -855 337 559 38 154 -906 -823 -770 -619 -326 -544 578 686 928 
-711 -715 -421 456 -573 -87 325 900 925 738 914 232 -935 -981 961 432 721 375 -411 -203 231 939 230 483 945 -838 900 -699 68 -816 910 2 0 -300 98 429 733 -520 -603 -601 612 706 37 
-841 529 512 61 -963 56 -265 -87 451 597 173 379 277 696 -456 957 579 -991 -426 -520 324 -823 -66 -636 13 881 -361 -991 995 -850 -312 790 -371 -106 240 -905 525 196 -937 92 -975 130 -108 
336 693 439 848 328 299 -977 -758 -971 654 -805 -947 683 -669 -456 -576 882 -816 -524 764 -644 370 254 -733 297 -982 829 878 -776 -809 -459 312 -193 -262 341 -6 444 198 -140 54 461 7 126 
-664 -291 68 777 -231 240 488 989 -74 -655 589 -445 721 169 730 876 -314 291 -273 -378 785 302 445 -501 654 -445 -116 122 -63 -121 -505 202 -25 -781 859 876 908 -958 448 -751 222 715 599 
-484 866 -512 -171 -583 -330 -906 -882 -291 -809 998 -362 -64 644 -669 -860 953 418 -339 -584 584 -319 -427 974 -550 671 -478 -365 744 -692 -221 -649 705 494 694 -188 -310 -234 857 -577 -781 546 111 
860 -628 -236 261 -378 -729 -141 149 927 127 -688 -678 -907 954 956 342 -361 427 -872 737 -794 699 -2 -429 431 -599 -178 -381 -361 575 -838 592 984 455 -666 -48 -372 -386 219 -40 375 616 11 
300 537 84 26 -25 -460 -895 -693 140 700 385 136 798 461 413 438 846 177 -182 -280 131 -399 -774 -717 -562 395 -11 754 -322 -570 -6 -166 -239 -734 385 209 93 515 355 683 -338 -528 -501 
-267 96 934 -481 662 48 83 -774 962 382 400 188 593 -203 -962 21 -912 622 788 669 -714 82 647 711 -567 -897 -308 -393 -223 861 -662 18 446 689 676 -795 -10 -606 277 697 -766 42 -980 
-459 393 -1 -229 -123 445 -846 -598 -327 389 455 -543 929 -310 -777 758 -473 630 882 -477 -467 -471 -999 -468 121 670 -292 -144 -865 -290 -225 430 878 564 -334 -710 -963 577 832 480 39 -688 728 
343 516 572 -437 -806 939 960 757 355 644 -464 496 377 611 -905 -907 -676 754 400 980 318 -514 665 6 -604 -11 -92 -47 -675 -578 975 -132 -638 -38 39 -188 431 825 937 -130 -895 32 922 
-163 337 -822 407 -921 288 -148 143 563 -301 -419 239 -187 -703 70 -146 -915 -342 -826 747 -35 -22 -166 -189 90 766 -133 -56 261 918 920 670 -38 -900 22 -264 -920 -699 -732 -622 162 309 308 
48 70 72 -841 -265 764 62 344 -22 -79 -170 476 281 -443 446 440 -652 785 -886 -156 -634 -227 -925 271 -880 561 786 387 611 154 -786 506 531 -192 977 448 936 262 610 139 166 -399 126 
43 15
-401 572 280 -919 967 187 116 653 -807 447 -770 -18 -647 -358 -656 
-96 713 -813 963 -825 111 -516 -554 442 -329 658 397 695 -139 -619 
556 312 286 -232 100 21 -936 -901 60 970 -65 -872 -444 -630 137 
330 678 -941 620 341 -865 244 430 370 477 652 -243 -839 -456 613 
-239 -172 -91 -479 -769 514 -7 -348 -113 969 651 -269 -96 -305 -930 
-117 698 987 669 404 100 -729 328 -665 807 -839 -450 -561 307 -909 
-805 -116 -223 -136 388 -3 616 143 304 -705 132 669 -695 720 548 
302 275 -407 -829 -445 -627 -196 -711 531 -298 235 82 603 18 -295 
-433 -568 749 -572 572 -9 -402 643 -541 -966 -528 -36 943 -578 -691 
730 147 -933 -996 269 443 -133 -819 434 83 -753 -862 -811 471 862 
336 -332 -149 672 934 -138 -276 138 -210 139 -857 -6 -878 -394 680 
37 128 -904 -955 -385 576 -625 316 411 -570 -753 -182 516 -924 -929 
478 459 673 87 302 -430 431 265 792 -951 -150 478 347 -362 973 
-910 455 -790 329 771 -814 306 -664 -699 -659 491 -673 -726 -410 634 
211 752 288 266 301 267 -336 855 -752 805 552 -645 74 -269 121 
-217 -534 218 292 293 657 -287 -653 -997 -580 601 -714 531 -975 91 
864 936 -969 960 -701 275 -565 359 744 -9 881 418 228 42 935 
210 344 981 -400 -283 -568 -82 496 428 -98 772 451 754 831 -390 
-989 -182 -834 -504 746 -344 592 -866 628 755 -48 -54 -616 -567 260 
748 -759 -620 960 -712 632 475 -135 -324 637 -964 -708 483 -618 -295 
-592 393 -50 -576 -374 -880 -575 959 767 -462 911 -536 527 -808 -928 
-895 304 -534 743 -593 281 -968 842 -155 -272 -23 513 -873 790 209 
652 -444 897 -568 -550 -652 -262 -183 327 -82 569 376 117 -500 77 
936 -257 387 464 -996 -166 846 683 -260 -467 106 -554 347 963 -89 
34 -474 -274 -195 395 863 -82 -818 760 171 34 43 -972 584 558 
730 -30 356 526 389 829 -406 313 486 142 -786 -198 -302 817 -565 
699 372 -502 746 323 -52 212 -522 -990 759 -150 -34 154 704 554 
-246 -351 23 246 130 36 -847 -67 587 -147 737 -70 452 232 -10 
699 -992 -621 -428 181 148 -508 872 -891 420 719 -10 -534 185 -984 
-732 -158 -634 -250 -899 -526 -789 -551 -817 761 921 -466 -986 -777 -505 
-32 45 555 724 -239 353 -246 590 -231 -375 -937 -814 -787 563 431 
-379 -956 -736 499 947 -442 -541 588 518 663 374 -486 -582 -157 45 
-275 350 -359 -913 904 -179 781 867 419 -946 -55 -281 496 -840 532 
-218 864 -966 -619 379 -649 219 -55 -95 -179 941 900 -914 374 -745 
676 -593 741 -237 444 805 -820 -572 16 -656 -793 -131 604 363 586 
78 890 -808 23 -80 196 -3 -795 484 -42 -208 541 406 872 303 
-25 -504 -197 915 -59 748 -943 278 -738 -975 -318 -206 286 -205 891 
620 651 -436 -854 417 459 -721 -248 -337 -683 -601 -250 -681 -587 43 
316 -991 628 -444 397 466 295 290 719 -950 -218 -788 -598 768 352 
327 -98 -446 301 -407 794 391 324 79 730 152 159 -261 417 -306 
699 18 -473 45 164 -27 -955 802 369 877 159 57 -948 477 -560 
435 -763 771 828 -379 -713 495 -494 596 602 -441 -862 864 -117 -294 
158 -562 -967 931 -478 -981 -671 -367 200 909 -435 197 664 700 600 
