75 36
837 -996 -841 562 -374 -266 -238 -529 -409 919 289 483 -820 -955 908 -636 534 544 -140 395 154 -990 508 -730 482 -570 919 -885 -249 -777 813 142 -689 650 -638 709 
-710 -978 -88 122 -792 -622 -749 832 413 -55 573 -887 919 730 700 -601 15 -902 -223 930 270 -82 771 186 339 -661 59 366 -462 593 160 -612 398 -232 6 -7 
458 -807 -781 -893 -195 -64 -366 -571 -972 705 524 715 -691 697 467 327 -831 -795 -304 -541 48 -935 176 600 -284 -950 171 478 127 -596 -218 69 278 -860 -711 -92 
-557 -891 18 576 -507 765 171 319 -5 741 -502 -36 929 -236 168 -754 -791 -90 197 245 -627 -836 922 53 292 371 574 70 -300 -311 77 -278 359 93 325 321 
-799 135 163 -694 513 712 -146 -453 326 531 338 674 20 395 449 -563 -170 -529 -76 -233 118 -812 -216 -12 -293 -526 -425 -145 227 -702 915 -63 -399 966 -997 -875 
-360 -599 -649 -950 857 600 -890 -471 857 353 395 -953 -873 971 -93 861 236 919 874 -986 612 54 -705 -199 124 -21 53 -104 397 -430 -357 -888 -904 912 -594 -814 
-654 765 -163 713 737 160 797 -83 -905 -407 814 -1 -81 -59 -786 150 214 -83 429 -127 -995 -832 529 942 -452 723 -517 -277 -296 358 265 171 104 -791 317 -517 
84 270 782 693 127 657 269 -572 -153 405 -69 -710 106 -752 153 -497 460 -22 -496 -213 -426 -638 -93 533 465 -766 241 -580 3 580 335 -553 -807 -315 773 456 
102 713 648 -714 571 -689 -711 -325 -328 390 91 -757 -207 -240 970 182 484 582 747 -64 -214 -723 14 159 637 455 -645 100 537 -820 796 -210 -843 -293 -761 -709 
820 204 384 -559 247 -616 316 -468 645 -981 -248 312 78 712 -949 514 -52 -467 -903 42 923 -663 -406 60 -773 -852 10 -449 756 -722 82 -948 -39 -365 -392 67 
799 -804 -350 -69 832 497 -496 169 -821 702 -917 -332 639 -100 -936 -234 -728 -878 178 293 -216 220 567 -206 -918 -6 433 -703 -765 540 489 -69 714 956 599 49 
41 252 716 -591 868 739 -445 686 954 514 -907 459 -118 -293 221 -344 600 -124 -709 -384 -353 120 461 642 -407 95 619 -785 701 256 113 -781 905 -348 242 -504 
784 -372 395 -793 -139 -107 -809 -176 -23 -389 -415 -643 -526 140 302 545 -84 543 -916 -250 324 789 422 -696 -733 78 -102 -708 -73 -625 236 -138 56 643 -20 761 
42 31 197 463 270 282 280 955 -386 349 553 -851 681 152 439 -521 891 -43 -846 622 401 -896 -664 307 -516 647 -783 -558 -396 -17 -564 -774 974 -233 -679 -450 
801 401 296 668 -363 846 594 732 989 -775 343 267 -601 711 -329 25 354 -290 261 -881 -337 3 -999 373 603 776 -427 371 -612 22 298 -538 -903 39 -389 294 
-737 -408 -190 566 -319 204 594 -325 -640 708 894 -592 -532 -802 -744 -759 889 524 -228 -169 22 -921 -355 780 -422 -45 0 -689 479 -572 -120 -478 691 321 418 962 
-147 761 -558 -385 925 915 877 -595 -729 -502 -647 537 -238 -631 -687 960 -148 -893 894 -771 -448 -426 -637 481 522 33 743 392 922 83 232 -103 856 -42 350 654 
-345 -387 205 614 -612 -695 32 -9 -943 706 -62 -825 341 308 -226 541 423 200 155 -444 -173 -59 -944 832 668 -298 -866 -845 602 557 -3 946 -251 -376 -169 372 
931 -828 -11 171 -881 -449 -138 326 763 -13 423 197 711 927 512 927 786 472 -181 353 -721 -384 602 -744 492 245 -487 -239 48 622 -462 -178 803 114 368 -932 
-461 233 598 67 948 -554 -272 30 -889 166 -902 -581 46 -430 -144 356 750 -725 950 688 486 103 9 -508 -433 -250 -827 -226 -603 75 297 259 246 -681 488 -745 
-552 -616 257 -243 -577 -366 481 128 -721 -820 599 -638 -289 671 -680 -558 31 -22 277 419 -805 -231 954 -694 -335 -841 -648 -792 -193 994 -523 -982 -624 -578 -206 685 
393 365 -243 -650 -50 -899 -1000 -991 971 642 458 247 -864 38 -907 -826 -772 750 -72 -228 813 703 -907 195 -265 -15 -891 452 100 -350 -661 5 -134 -66 390 -812 
-221 366 459 521 441 -194 -829 -665 -704 -781 449 -28 -631 -227 438 -278 -924 -870 -8 924 181 -436 225 -612 779 779 -892 796 637 -771 -91 -284 -491 165 825 -684 
978 -678 635 -326 -200 -150 -751 -778 427 -1 -34 444 -756 400 42 -550 -365 -453 799 699 829 -14 -235 955 600 915 208 204 -323 620 -72 -680 77 -801 90 968 
960 -814 685 -620 -311 -101 -713 -964 62 330 145 183 -170 599 -664 921 692 141 -42 266 -173 -265 -751 965 306 -453 513 -578 339 -780 840 424 111 180 861 -442 
780 -743 313 256 -399 431 -810 -583 72 -377 245 -834 597 -489 15 -831 -969 513 -178 279 -19 152 -387 -674 -693 -287 -675 -12 845 -825 329 452 -37 865 -516 -862 
189 -89 514 -967 -159 371 -307 978 -965 53 249 920 332 -918 321 -534 -458 109 403 624 -66 318 -719 338 -685 515 394 -586 -785 -868 377 -248 -820 139 -564 -434 
792 -92 519 172 -484 657 650 -570 489 585 -31 -491 84 18 42 -740 276 756 812 891 393 -368 806 147 79 705 -138 -933 -284 178 -277 -94 918 -928 557 534 
576 674 731 -572 903 246 53 433 -736 637 -324 -935 564 -246 -682 103 278 727 999 708 -188 -151 -820 -142 429 20 361 59 -77 18 -458 886 -224 -688 917 299 
381 602 231 998 -239 424 -640 225 439 -344 568 861 -109 623 -845 -959 310 602 867 407 -256 -182 13 -382 614 975 42 485 468 -220 846 544 -860 427 990 -532 
208 -470 -99 42 -588 -185 -840 -442 248 -160 -860 -558 572 318 596 192 -892 -581 95 367 -25 -815 -80 859 -509 -555 144 -978 35 116 882 75 868 732 557 173 
404 126 528 -373 315 -941 -432 -674 543 125 -667 198 995 367 -298 -630 -369 -497 -590 -961 -522 299 -654 476 563 -630 59 555 -42 37 -201 929 -258 101 166 930 
855 959 -31 -1 38 -3 -352 145 898 830 684 -885 -154 -974 807 27 852 -898 -725 -767 860 135 273 -621 717 -387 547 208 395 725 -60 371 -814 540 622 347 
-950 -312 -293 793 107 -255 568 441 291 929 776 325 294 7 901 742 5 -30 572 524 178 556 937 -976 -29 133 544 56 117 338 719 -853 210 -970 -256 -666 
-138 -865 563 542 -721 -764 -725 -826 739 558 -825 -125 183 212 372 702 -835 891 321 282 253 -835 740 -409 711 746 971 -473 -745 861 -410 463 -965 257 163 -736 
529 -557 -599 -682 -316 297 265 784 985 275 689 -639 -779 -895 500 470 897 -954 -345 858 129 619 -996 503 -367 -361 -860 -851 913 526 -223 807 -830 -569 -454 -996 
-655 -606 787 -188 -588 585 -932 -547 -13 311 -744 732 969 7 -287 -297 714 974 -807 210 663 59 -572 -904 -352 -178 261 189 -566 87 935 914 33 -288 -659 889 
-897 414 955 665 286 83 822 564 170 -408 473 711 139 -710 826 369 -462 -798 -755 -792 -655 649 -776 617 496 -389 390 302 781 812 975 -939 -893 808 -905 -578 
-193 927 646 -955 383 194 -743 -799 -901 -329 712 588 -839 851 -713 -571 -564 744 -48 114 940 -484 336 89 412 412 417 -271 -888 -335 -935 420 957 -493 -143 680 
-642 -325 824 -465 547 221 569 363 773 710 314 -330 840 -766 950 -639 -312 -143 30 235 7 -838 683 181 -555 -111 808 787 -63 182 -899 -443 -513 -946 926 -729 
459 -331 -666 6 -211 419 -850 -652 -498 943 707 622 601 2 791 -564 437 -594 -602 -408 610 -306 -437 -541 434 -993 -828 884 -661 48 452 -62 602 438 695 485 
-966 -461 987 615 -75 -376 -610 -719 954 -600 770 -877 -401 -817 8 -812 985 -622 940 -197 -534 665 381 221 -646 763 352 -360 233 -120 -747 -113 435 -435 -150 359 
-666 -44 382 -623 -112 -262 489 234 413 389 570 383 351 -987 610 997 -466 601 719 551 915 -922 -821 -623 399 -956 358 653 401 -86 -943 972 280 315 -179 -232 
-810 -912 -701 903 54 -312 661 178 -97 749 612 -585 936 -647 -604 907 -257 185 -915 724 709 -863 276 -425 140 -528 -935 349 36 -762 -782 -36 354 -237 616 307 
722 -863 303 -75 -529 516 -484 -598 224 689 67 210 501 -947 -481 -309 722 295 789 101 -661 -23 395 -412 -798 187 -92 -938 -324 921 687 358 -54 183 738 -368 
759 -911 561 -123 973 -697 -860 33 494 729 -473 556 -673 -881 -173 -738 23 -291 397 823 -903 -443 -931 46 701 733 898 167 438 274 -347 122 416 -515 -21 658 
-680 -715 -833 -461 897 -427 527 -432 -332 832 -395 -20 -73 722 25 -609 -399 201 -300 -981 -227 212 392 656 237 250 -49 -356 -270 -897 -862 -633 -647 722 988 239 
-937 490 -771 15 -88 -110 -286 293 -108 -78 293 900 -380 -399 177 439 483 -312 -550 -57 -824 -888 -246 31 -140 -417 -994 -403 23 791 355 300 -249 927 -53 -384 
-748 142 804 -942 -603 -11 587 -307 -457 468 860 648 760 -272 -50 885 -193 -908 -371 -536 606 645 -153 -324 -534 -566 -532 -525 827 -356 591 365 -865 -101 130 -677 
867 449 353 852 -907 -325 862 -425 -828 -716 301 -158 473 -188 128 -446 -518 -678 294 -564 -85 453 47 636 -904 -518 -861 -244 338 865 4 -280 -938 304 -895 191 
-60 -516 -563 572 -771 317 47 677 78 -174 251 -44 -899 421 -191 -555 -910 -352 724 -689 8 288 398 22 -412 440 882 -768 -779 -295 258 -969 620 929 130 -962 
318 98 -435 -8 247 149 -554 -251 -46 -402 -847 542 966 -558 -652 611 115 758 -456 -637 942 489 -28 732 153 277 988 196 854 -638 -139 -969 -771 444 -707 -879 
-68 422 -855 830 -529 -482 991 0 80 -45 -251 -766 -320 596 -951 251 -825 731 -606 -556 -391 491 -393 477 -310 -331 -929 -275 -605 -751 504 137 36 -485 -772 519 
492 924 -255 -637 -776 -997 208 834 840 -877 521 -875 -840 887 788 -288 -18 131 491 172 431 596 646 649 119 955 839 -616 -440 462 792 952 194 640 513 -785 
213 -205 686 348 -397 -102 96 699 489 67 -525 536 -929 757 848 -457 -594 583 -76 -781 417 -686 1 406 224 -777 -621 921 697 -269 -619 -964 655 770 -571 -632 
920 98 -954 883 -223 314 -11 196 -219 10 254 663 734 -236 223 -797 411 -148 -243 250 306 -83 518 -431 -472 876 -889 881 -353 -240 -705 -163 -385 -94 -61 630 
-567 129 -685 699 727 -695 -419 -732 -744 -795 545 -48 -373 179 -219 -994 -887 -104 -582 -375 856 531 222 8 845 294 963 -411 -78 818 -289 91 888 -590 422 -666 
-370 907 -698 -634 -93 130 641 -988 -999 -786 272 424 667 -96 37 10 -48 465 -862 -825 -608 59 -280 -426 -58 410 -637 -308 599 -252 724 -723 -382 -682 -513 -764 
-888 -543 -825 741 -658 -346 262 65 -911 846 -751 -311 -967 221 -422 647 993 439 -856 -439 725 35 -507 591 509 -337 855 -408 -774 660 273 359 -449 -964 794 620 
866 -958 -849 -544 -782 857 -556 -479 -278 959 864 -113 839 -254 -278 742 -809 -876 -465 -83 -109 603 -874 462 -369 829 -603 488 927 410 132 17 732 -838 -830 95 
-313 -535 -840 249 -484 79 379 -599 -85 -779 -842 661 900 -347 983 -930 273 -287 -632 -343 -584 -201 193 -659 272 -252 -500 -117 -332 -586 -150 -252 919 -106 452 968 
551 -170 -125 -341 228 -969 676 -787 819 143 471 186 670 -471 -905 831 -962 556 -705 142 -660 449 -806 -172 884 975 -612 921 827 297 287 -873 -862 -997 401 638 
811 -959 108 184 92 -343 -75 -631 -110 -951 -502 761 -104 164 -298 -379 -328 841 422 -958 -847 332 209 -380 -886 -246 387 62 230 167 907 282 -280 -726 342 940 
200 875 107 -238 71 -565 -711 575 -737 -235 -755 -296 -929 -588 681 -626 -266 518 -591 -178 509 735 151 -539 650 -496 106 -425 34 682 410 -494 335 -50 144 -290 
530 -458 92 57 283 281 -178 128 -105 -421 -391 -512 -551 -125 148 238 -468 482 -269 -333 935 209 -922 -67 -910 -855 865 258 -440 648 460 -170 686 387 283 -962 
-957 -825 -304 -939 -776 453 831 704 -398 830 -349 622 -578 90 191 -158 -812 15 -728 -189 15 -992 401 691 812 -716 -154 -65 673 -551 -850 -457 -496 -8 -805 943 
235 -694 -45 693 -166 44 740 -76 -485 -417 -189 -968 458 740 -106 -366 962 -762 3 655 -30 -825 696 116 -813 -400 -499 412 -199 819 247 950 56 -893 -498 -984 
-807 567 -927 601 -899 986 392 -594 -31 279 58 -669 338 35 32 -884 787 27 -71 -36 -51 -592 -944 373 -825 -944 844 -239 374 519 -490 50 902 -314 672 -155 
25 -590 -892 252 512 768 938 -437 -888 -240 -866 -301 -809 -217 833 -962 -601 370 751 -726 -959 -121 -654 26 -98 830 933 -408 826 769 -677 352 -838 -32 -576 -791 
-641 -40 544 -267 972 932 -361 76 -555 468 -935 403 840 909 275 -685 224 -687 -591 -105 -393 561 705 -203 -68 -736 248 -447 406 -838 948 -961 888 613 482 -24 
165 535 -447 110 293 648 807 627 761 -855 994 -185 -581 -75 -943 -975 250 391 212 400 -331 -372 -335 -383 677 -805 809 -844 880 338 -342 -533 -37 -286 -362 -285 
-416 205 -620 -522 -255 591 -42 751 -501 -708 -854 -961 846 696 821 560 -180 397 925 217 384 424 -187 -207 -238 -252 -657 -185 -104 -228 -899 225 -962 -901 -600 -237 
329 -778 501 -621 -24 -628 -635 -165 204 477 -421 -514 -422 -583 212 -241 -737 442 -782 -930 -637 -459 -823 -332 -719 -755 366 -671 -682 297 -916 -508 -856 -826 -663 -85 
233 -400 232 -725 156 -499 -480 578 311 314 -226 155 -695 698 262 -541 926 492 560 106 -303 -707 -927 299 497 79 246 -289 775 -952 -536 158 -169 -211 -899 -40 
21 -608 891 -716 490 791 -541 519 -9 640 635 87 -439 -382 28 16 -258 309 541 295 -250 -427 -464 669 670 835 796 -506 969 -771 922 762 -320 238 -380 -756 
36 34
-903 -517 -231 -640 -430 776 -333 -676 318 949 255 576 76 76 364 -338 -316 -336 886 692 -545 460 -39 24 -410 -55 521 36 288 -381 -623 -44 -441 -178 
27 -755 794 -731 -736 609 -536 -477 -352 -688 -693 198 -93 993 -909 944 849 -431 -475 -432 720 -293 -445 -912 348 250 253 16 28 -5 -487 -412 147 -571 
-993 -551 131 749 -456 782 57 -74 409 641 677 374 -678 -713 552 751 -644 911 515 443 345 265 557 -263 238 -381 661 -552 375 261 -743 -207 -166 -898 
39 -277 -409 590 -222 -423 -514 -410 -920 -154 449 668 721 707 652 -733 746 -240 802 523 962 -758 42 757 324 -172 874 -919 -313 -295 594 -773 -285 144 
-820 412 917 753 34 909 -428 -376 -911 -103 -411 -760 813 -141 396 129 -762 974 -348 996 -839 -868 -47 -250 281 425 -428 -444 767 40 -66 39 -337 -226 
8 968 14 -18 -429 -507 -831 917 124 868 -296 -105 -430 359 347 -134 683 256 -285 -495 371 -457 -820 731 711 299 297 974 897 70 9 573 629 -781 
777 -126 -229 484 -70 -568 797 -865 -956 264 -972 201 -933 438 847 534 -175 13 -780 -897 700 809 713 837 521 -861 388 -459 961 2 -446 -931 -629 863 
294 -34 -845 -950 -718 146 554 -164 346 816 -51 -628 439 669 -998 310 794 -731 -720 761 386 -597 -762 -368 543 -67 -961 -381 -169 332 -691 447 842 714 
-828 -93 289 -507 -656 -836 -244 467 -214 -892 -740 222 454 966 -258 -478 -96 293 41 -748 -359 -467 922 598 -388 -182 14 -152 -506 -200 -225 913 389 -725 
-733 -209 224 -448 -926 -405 -552 452 310 -688 782 835 -169 -483 405 -525 264 -871 616 67 -868 295 -177 -946 -146 -518 990 -380 271 155 991 490 864 216 
162 753 771 -721 657 -187 397 780 -951 -617 719 -753 86 141 69 -894 749 -24 206 -807 896 -618 -626 122 862 746 160 -865 9 953 -464 -566 -180 965 
904 -456 -627 127 -7 -439 -753 361 876 416 635 794 -487 -794 784 -779 -471 -669 600 -772 567 911 29 769 396 262 -516 -802 171 -101 792 838 649 -786 
-365 235 -623 80 -935 -32 200 -170 -483 -766 -612 781 -841 -93 66 -306 478 -457 465 322 -125 499 -487 -953 -466 -942 -72 -909 -402 -230 -162 360 -437 -961 
31 -983 813 86 -599 476 738 -675 454 208 476 425 -556 -399 922 -353 532 -454 -519 423 -832 411 825 -802 704 -21 -316 843 -882 -609 285 740 473 843 
-730 578 615 -24 -379 -701 -257 -649 263 846 -362 853 868 924 -729 -432 -682 -987 440 681 101 -584 -869 858 -572 -880 -973 890 -222 -557 -344 -945 -327 524 
796 595 795 988 254 -134 510 924 -257 50 -203 -106 -844 -372 322 -43 459 826 -888 42 113 746 902 -656 -781 -686 -975 -222 804 940 -880 -548 -450 -764 
-562 752 492 431 603 -70 744 271 -268 373 -607 -475 -411 -609 -993 454 -308 -230 522 -16 336 245 471 830 626 747 644 507 706 874 71 -252 -731 87 
465 753 -379 48 -327 469 778 241 -537 547 376 -101 -547 -652 521 130 -803 406 892 998 -89 -825 -579 -587 -127 -909 152 446 669 -918 -376 -679 149 -442 
-427 -554 522 -533 -418 515 813 543 -830 817 589 396 981 713 19 -364 -575 763 555 -971 -133 -792 -540 -483 -360 881 312 831 544 78 -976 598 -606 740 
-670 266 -664 273 -371 81 -917 -375 23 200 -390 247 68 17 -280 -852 -230 -289 660 -373 -429 -832 284 -967 786 299 -780 -881 -695 650 948 530 795 -727 
-688 196 366 -944 460 92 483 -307 -49 -780 -536 758 -281 -559 813 -50 -658 232 -585 149 -644 511 -702 -875 -915 34 714 -486 563 -136 -805 769 -673 -507 
679 -379 -964 896 -648 -10 861 791 -473 -981 -935 -318 -244 345 771 -282 167 -108 -177 -164 -897 357 -351 945 473 -755 424 238 699 -790 972 810 33 -585 
-988 703 -401 -391 507 -118 -920 519 323 -873 863 -327 -422 77 973 -684 813 278 882 -780 -262 -126 239 -308 714 364 -637 923 687 -979 788 -593 -790 -145 
544 942 833 549 453 466 991 713 446 581 -292 -331 -753 -866 -82 -441 899 810 -48 143 -525 -273 -990 938 826 876 689 -332 647 821 920 -550 -301 558 
631 910 -60 630 -508 -178 -527 -106 415 150 678 -919 891 -155 -694 398 -263 670 383 -756 -186 -895 -918 983 505 825 -252 368 -106 -506 -912 -335 470 686 
110 -200 -822 127 31 -925 269 313 618 382 410 58 -626 -871 -449 -23 -407 398 96 -313 -455 -975 -257 -301 961 -679 -262 285 926 110 -539 429 266 -509 
-902 -91 -207 -539 -386 -524 -541 -412 -682 29 729 787 -71 -121 314 -869 984 262 -784 -571 -981 26 -569 -25 62 726 550 381 333 755 914 76 459 502 
-913 100 873 -672 -136 -28 -316 -427 -655 99 720 560 186 -356 996 -380 -553 24 -970 -555 -194 -349 -903 776 -655 -856 -716 -119 364 350 165 620 593 -393 
-218 -74 930 134 206 -276 -145 897 315 -196 353 -72 654 -533 -522 -715 -216 -642 -834 -844 -460 541 -348 933 132 389 130 735 513 -738 574 -457 -147 -916 
25 161 811 -39 -757 -810 -350 -77 231 -1000 -898 257 -332 -910 -169 -164 398 -141 -986 876 -902 460 469 -607 458 839 -970 339 720 875 679 524 -747 -834 
52 -252 844 858 973 -867 435 131 -54 -336 730 -505 -963 -57 360 151 535 -915 730 310 429 371 636 831 -596 981 301 444 -373 -740 -546 52 944 -539 
-116 724 -155 178 -914 386 956 -961 -735 126 -191 -585 -894 681 -881 920 -53 474 998 405 386 -561 252 299 478 497 913 678 -260 -20 -569 996 -831 -819 
-863 938 576 -916 827 950 -546 -148 -901 517 -731 -879 -361 117 502 353 935 638 466 574 -420 -915 -5 691 -238 -543 -810 365 -847 -839 932 -132 -502 589 
-735 570 -48 -819 908 347 708 -121 -855 934 198 93 803 -781 -455 -955 -394 -987 -601 115 -516 -678 -524 644 853 720 375 -484 -547 -6 -346 -93 -519 980 
-350 268 -718 531 211 198 837 -927 293 -986 74 -713 211 -796 36 -981 -894 613 696 -675 -94 -647 -415 -259 592 -698 -797 -289 879 -731 -641 705 -599 891 
887 892 961 -997 883 -951 -886 729 194 -122 861 -478 -43 345 263 -213 504 -955 977 -937 -94 683 -539 973 -528 -190 525 -887 -531 -71 -387 482 -844 861 
