628418 -201727 -1428668 -1485175
3083204 992232 -350358 1204793
-27301 -978822 805318 -823156
-3908554 350919 -82596 -1060154
1673426 872144 -2537340 -2084809
-1130249 1556075 -1642332 2472684
-652571 -2459295 3455071 -3547854
1722893 -1879626 1203123 -2589684
2701833 31039 -947773 -365847
-5176374 177421 -197091 -705025
1619875 1935964 257359 714147
-1495413 563414 2247890 -704937
-3386332 2083164 3126588 -1943908
482320 -2331972 591652 -4509127
1644919 2092467 127047 1217473
559262 2076367 877535 -577241
529060 -1627964 -1469442 -2463385
-457524 2892637 4235761 -961325
-2633761 -2597572 -45163 -221423
2422967 -1402475 -2680989 -1646486
44555 -217558 -2299658 -1679963
180749 186105 570648 15438
-1518259 -104724 1000379 -535426
486867 3401144 -1327446 1026119
2607132 281589 85646 1626298
503731 168376 -2728628 432089
-452714 -1643516 1830528 -1674166
-757246 -674452 -403592 -464666
1844305 -1320987 -1213693 1414973
1123041 -627436 136403 -2014334
-675208 -1034974 -463915 1868595
628495 2841083 445782 1039650
-1057474 1056845 -1090479 -170324
-3537436 -1217533 515941 803827
-133235 506674 -786331 1987746
2661040 -188311 -2548023 1676373
-110188 1118262 1975645 -802545
-791817 921672 -134246 875946
442921 -1571103 -224028 -1142029
1683110 1838747 -942935 1438892
-407059 -5368634 326307 -878778
522524 1685906 -842116 -1536616
-577555 1680337 2049782 4272032
-884733 1553717 595714 1248457
-1261813 -2308165 -338244 -2497725
788657 -980207 891698 -2342299
147807 -257069 2379670 -1381516
-1146305 -1001102 513301 -2054892
627023 -146077 -376747 4091529
-2300778 -824223 1818564 -787733
-1511608 1667102 -1181419 2018418
1281695 1203139 406899 -1566390
2990705 -2197343 62924 -1175256
-1377457 -4029393 446693 -1726016
-2909339 1059170 2122690 -1963867
153421 417799 -4997240 1848388
1397492 -1048975 -830502 -178793
1183422 -1013339 1146317 -2716513
-229770 -4984170 1773330 -521210
65542 3068993 348913 1571679
325267 -632481 -986167 -69352
-928949 2820580 2520812 721896
478169 -3629171 -1962744 230961
-2925158 1041550 -1912956 -873420
2096588 4397882 -1415081 999826
-1079331 1679204 586805 584934
-1047742 -1397593 1291066 -1132980
1247345 -876932 16425 -2719680
-2415930 247873 -2462574 28935
1233204 -543351 -997154 -2306028
-1420640 -329065 -748112 306576
2941767 -943329 -165857 458545
2979701 -543611 449066 60275
2088648 -4970911 -875144 129619
-2404374 -1275072 -443751 -1768952
105405 -2750555 1111855 -1729279
-884551 -314200 -431003 619091
857527 1798315 -783716 666496
-777618 803570 -1358596 -1793733
2850180 652787 -273621 2109827
2455289 495088 -1310275 3206070
478656 -114938 -225824 546835
111731 -1492271 1514571 306433
3634904 -1198563 -1356952 822392
-1249449 1342024 170776 -1906126
-1404989 1740482 3534378 -1002059
3227255 -2907272 -1380330 1997355
-114605 1806398 -2181194 -3435978
875392 -1085731 -432191 675916
-559977 351496 -36366 2368623
-2813333 970817 -1117868 1020768
1523365 217454 -1034393 -1526982
-1333457 227361 668426 -506725
