841363 3693825 -1746163 447019 -3414814 -181496 -7414697 927668 4416177 2390870 -1292124 829947 6902269 7201816 538145 2469711 3053535 -1113752 735992 661881 -3972771 -1116520 -7034651 -722873 137520 -3151878 -1166857 -2409101 -3793789 2301709 152231 -4023369 3682885 4892163 571229 6475308 4406941 2704826 -2426137
532268 -114428 -2002709 -4030460 646810 4298052 -3076898 -2136289 34374 5509710 4961593 2656121 -1328784 2157951 -19755 -23885 -3205246 7677612 2455283 3450973 -4698585 1996437 -902445 822013 3115076 -3054797 963959 -5156054 -1527591 -3510858 609608 -5023194 2015922 -4984232 -3513485 -2663912 4631286 -7207318 1365845
-1410744 4344795 -181640 1257699 6660556 8496 488080 111609 2907454 -1749849 -841884 -5170059 -1611461 2204145 -838887 678427 3434714 -361388 1631125 2287323 -1402279 2494890 5047953 -104620 -2831189 -4778210 2358007 380040 1712327 -5101026 1723649 233936 3550702 2321509 152080 314182 -3785540 -760238 -4871205
-597345 -4443151 1300810 -2266315 -1623572 -2411290 3221910 -1622170 1007479 6436879 -4463610 3019783 3829796 1795271 -1458511 -4271614 -4446212 -3459857 -3305076 880486 -2574967 -1076048 -4514647 3594144 -604770 3728722 935275 5287573 -3774534 1440045 4188781 3648143 1867851 2897892 448385 4397030 3812723 -2222217 -2169638
-1333733 -55409 338650 -4494961 -198499 482 -711331 4111671 -2203446 -6557641 368288 -2230613 -3822509 53648 -6548367 2600846 2263471 509337 -553449 -2540463 3830706 1913227 2262446 732374 533760 -1269485 -705373 -1925141 4158378 -1533117 -2335589 -3113396 580693 628621 3235279 1578064 -3618094 -2983428 -617791
2860973 -1500043 -1007197 -2620214 3862269 -142365 2482479 153560 -7224379 -1776343 141007 -1019475 5622212 -966385 -616209 -3505053 3626351 -4561730 -219927 -1733732 -2475614 786355 5208748 -488689 -2483047 1362796 1067040 3802863 -19337 -4244280 -157631 3814795 -1506822 -852889 1074653 3844554 4657343 765952 73078
1427143 -4103534 -2232688 -2079265 1253739 6328479 -1670585 5222857 -1111863 -558599 353857 -778405 -3319512 -3497418 -1737817 3235647 4790142 4844632 1518033 1067792 1382805 -644668 3424395 -1990086 6372062 391078 -3738757 -6419139 1865531 1971685 -2496112 1225411 1145337 1120275 1585159 4207212 -436178 -499080 -2266177
-2020264 2908361 4122534 -839293 -6129256 -1294930 -1534572 5957442 1187510 1730874 -332226 -5256559 2909636 380566 2134671 -1975521 1266470 4148713 -4732488 5256894 2655132 -5897223 -1227052 -1086646 -2692855 3158596 -3271903 3479302 5239197 1686363 -889467 1153005 -3960785 -4592340 1656740 -6982985 276816 2886495 2740222
-5000298 -3264028 -4483789 -4169069 627478 -1112252 1436282 2375759 1813211 2367561 8958845 -4922018 -1786847 520279 -3065316 -1451098 7932599 8584454 -5224043 -1280720 2648067 580438 -3368227 -6934977 4934719 4523338 -2708227 2900805 1206873 187544 -1831861 2619814 -1789124 -2643232 -221769 190933 2507281 -4864327 1166783
-3129186 4827482 -1454069 1732364 -3066645 -2294502 1084725 4600723 5016114 2110703 2187081 1199179 2783972 559860 422312 -1039755 -167249 253278 5725664 813877 1709542 -5838498 -2631007 -2819800 -5817105 -7640 -845608 2721283 -4216531 -4410899 -1388799 -7054596 5732779 -406117 -3976042 -9042968 -3827446 3050058 -1338640
3009908 6978714 1475147 -2024713 -3127559 -875729 -216579 -2497643 -4293687 -2675483 -2099315 -1419114 239928 -2207725 39895 3103279 770998 -1892052 -7769593 -302282 -114281 7540216 -6478178 -322985 -1979144 -572286 4298777 -1241357 289579 248135 143648 925454 -126388 -5148903 -1858564 2969108 3120617 4528014 2341160
-412376 2550516 -8147482 -1179118 -1843560 -153692 252803 -3705879 3920824 -2626872 4875868 3250757 3628437 -5749694 2177874 -1643097 -1604242 220050 -1271907 -5041955 -319482 2444627 1042739 -3576896 3709826 -2449001 -2364065 640706 3184197 -2022096 655428 -1816041 2541987 -8661520 508957 -3779792 -1827461 -2113181 691736
-2921384 -102410 -691068 -2593154 -737692 -714446 -2158892 -579634 -3013826 -1881718 5536407 19120 1409695 175723 1725162 -1681931 3169423 5787942 121789 3115464 2855747 2391085 -2958043 -1214223 -3101726 -2935767 1107916 -1064089 -1658178 -3358968 -2793097 -301763 2893670 -2573222 3916119 -2478860 4446665 -1243528 3268445
1396623 -3926037 -230932 48839 -4550353 -7167749 -3256800 -975366 -3182267 3282621 2185873 -2090683 -2225534 1009937 -2942671 -2195538 -5260514 1558585 -965216 -7108555 1867630 2417209 -6038028 2886329 -3682 -307672 3860081 -1918655 -2253303 1047042 2767669 382176 2061596 -1865376 1840985 -4383770 1545663 2102819 425707
-1375461 4307219 2536071 -1566721 -158479 2820223 -411312 -1979892 4043937 -356743 3723904 -4049273 1685086 745688 1128130 -2707006 -1035295 -2141219 446618 -472005 1625616 977569 6855303 1235798 -1324221 -6504236 -908719 -421137 4844420 4017197 -2707023 393090 -6752651 3908279 -1968712 2224726 -4749159 -4106063 -3921597
-360283 -34236 1756579 -1918555 -5528729 -2677702 -1684624 2907835 1761145 -1861170 3686617 6542484 5511657 3096043 345609 -4679275 392050 5835796 2573069 5779282 -1170190 -1767545 -198213 -2948578 -4283824 1003239 6044272 -2998876 -2966691 -2020806 -2196404 -4114635 27064 -495650 7886379 -2395951 29297 -3061512 4008753
569282 408007 -874392 2478485 4669819 52872 4356878 387565 -4670143 1646991 -6523403 1844178 1599004 372106 -1941772 2691396 1171566 -133540 -591516 -2395115 -831302 -2358959 6330458 -732741 -498013 -1942664 -497330 -239036 -2076260 -3603130 1116778 1023234 -34285 -1474371 -1742886 3180257 -1476288 -1059279 1500820
746504 -1515663 445128 -629500 270784 4348855 4314066 5082957 -1472240 3555141 -3950651 -882810 -3829934 3015505 -6187786 -1384112 783122 -492582 -1948083 -3081637 1118970 -3033743 5219423 1697848 1742380 -1277883 -2976423 3084130 1836013 7317733 7319699 3812339 4731750 1974376 336231 2523297 2082743 -464177 2385542
3481020 -1699822 3199217 -240636 -4838350 -531070 -1532834 -593867 2657785 889716 -3472095 4677845 -2764528 1683942 -2126231 146817 -1600521 812791 4845849 -120631 -1494338 3647677 3475063 3267870 -2354108 7830904 -4871881 -2988766 2950918 -757766 128087 2368552 -1775164 5010009 5853918 3559798 2331509 -486476 -6957772
-2496941 883698 6053570 5072939 -4752077 -372988 2271566 -191609 -2440608 -4786147 -810186 1355542 -2637622 3754686 4279561 1369457 323677 388955 2749487 -375040 -3023376 -129363 -645160 6003153 -250803 -3254550 817336 218085 50303 4614755 -5787641 782342 -5501034 4447097 542254 -2135925 1426962 -3231471 1927058
-1611505 -1260216 -3323797 -3496321 4809390 -2256165 1574777 103575 3640209 -1118803 -68039 -2079375 -3065162 -2520611 -60713 1562168 2342604 -2882861 1352274 2787007 7186497 -4576858 4453285 528178 4673905 1864932 4612253 -3481901 5550318 -3030104 -899867 4898162 -1557919 2645047 4858929 -942776 -1913324 -2832320 -84849
-1905515 2302643 -1672391 796366 -4326956 4742980 1049679 -2293187 -4812577 286106 3662169 -1019474 -1031496 1813185 -1067411 3374760 4696754 -19768 1712714 -842848 -1591249 8334213 -5184767 -2795937 -3571020 -1178795 -1502026 -5793974 736753 -3607005 -1041182 3780018 7227127 5008922 -2231713 712041 6232467 58394 -1751721
-1984055 -5025718 2851993 -4650692 1399159 1649352 -1265472 365069 -290832 -1423696 449896 2385345 -2588954 -4604646 4611980 2226271 -2968613 168915 612710 -2612066 3673591 -1050008 726118 2018991 1620597 412711 -1180764 -3530647 -4071652 2777239 -1506806 -3233218 881476 697480 -1029980 -4243657 -2923512 -203394 -826392
-2529670 -1250891 2784042 2175793 -5723876 -2602269 -762444 3355355 4697486 -490208 -3787198 842874 -1855883 1268977 -224172 5024054 -670555 5204761 4351670 -1570418 3791148 -781620 -2852800 -4967505 681238 -3029082 -4148311 2119274 -1063951 1581292 4251130 773728 -1693984 -558374 -2273921 -5474886 2854198 278841 -515565
-505088 6023499 2829901 4573366 -3687045 -1929758 3894474 -420959 3058172 -1157397 -3382907 1661863 1760633 2996602 -8568726 -5676162 4479165 2896284 -2183043 3601121 -2781265 296913 -9214006 5069239 -2683777 -2162027 -5410319 -1206338 220606 35950 -410258 2846896 -1599459 -1701532 -5088206 2176667 2870479 1826224 -1474990
518336 -4481600 -3146316 5182355 5855124 -2325572 -1190829 4909649 -2545412 -2868578 -2332641 648130 -363620 -12139 5033129 5136793 -1984625 2928943 -483528 -4638036 1464997 -4138723 278203 3209307 4066645 -2067596 1066678 -3470516 -5132754 2104131 6279168 2232869 -5134010 -5118426 -7069012 -1132010 -1937431 184464 5302561
-1551889 37344 147513 859976 1008625 -6000628 203762 1026789 597401 -4701700 -1779240 -3814762 -1222038 -559694 2286310 3602832 -2623549 2176959 1144741 -4158679 2367884 -150578 -2922329 -7774692 837665 -3454819 -2869553 -2373968 -7088814 -320133 4619415 912764 -4321184 -926907 -4913318 -2929576 727366 2948124 6269206
4531059 714161 4698320 -373449 -1673860 -2494499 -2275417 -1242692 3335552 375024 -6386442 2745454 112170 1123228 1622352 -2553723 -6658765 -2036299 1590030 -359072 79677 -1856490 363268 5336635 473075 4234446 -1715658 8654441 1145222 1866984 -5096607 976853 -1317833 -2569571 -5616 805981 -1646960 1206617 -2325379
-4726756 -87516 -2601254 -2564472 -2773704 1360778 547878 5411092 -3946138 -7578341 3973036 -7137681 -3829832 -4860755 -4704973 2929056 3307925 -910816 -2683503 -1867789 2363130 1298435 1856473 -5314577 2161207 -2106254 -2790290 -6200444 -2455658 -5528767 -3593374 5510093 2173115 4025583 -1029838 6090473 -7098413 3090117 -1493576
3976455 -1612753 -984521 796394 -91763 75428 -1612199 -1078576 3734482 1736085 170036 2853479 -428679 6988656 1451887 -874335 1486024 -262264 -1795403 -921464 -5842019 4084871 1691474 8044390 -2290638 128025 -1064519 -5260618 -2567110 -2028958 4270311 6234934 2261880 3075565 -1771822 7025600 -3500976 -989718 -5451892
-2762146 -27589 -632319 -7456052 -794018 557437 1770846 -3714784 2976252 -1359911 1037841 250309 -3133425 4445876 3645340 2091264 6182047 6472347 -1828892 5123527 -4054352 -2228029 3012027 2919158 1686289 -4498379 946909 -7211807 1207001 -569477 2418893 3033950 3115625 3037197 -794747 2385684 -274809 -5302817 2372202
1809371 3194309 6757370 -2423711 -4575549 480625 -5425832 -849026 1223356 939227 2641670 -5744535 5527071 -5896122 2330305 -3089134 2434760 2396379 -1553200 -775899 -2452155 -2597729 7135724 -2010814 -4374884 -372958 -1084805 3858025 4645627 2518149 -923493 7024736 -6131641 1118004 8491310 5872693 488622 -807675 -6920335
358385 6582326 -3254052 2702318 -2875490 882019 2096589 5122430 897995 -2037362 1928407 2635498 -721423 478691 1142732 -3225252 -4600273 667554 5685068 -5178661 803252 3279226 -3565545 -315167 1501812 -3907240 4410604 -2428408 -858737 2605414 -62529 27562 -334725 6987578 -1720140 -1310174 484014 586095 -135137
-2207541 -1207261 -176082 448473 1637186 42852 911764 1962175 -603684 -891823 3712370 3781003 -3771269 3539120 1684220 -1754967 468693 6062415 812950 -1057841 28272 -4731022 3332373 4835914 4370789 1623538 -4805744 1660677 1995895 -592919 -4482246 -5861626 3066760 -3424519 -1029700 -677335 791882 -4548072 -1445413
-1506049 744076 462714 -2418248 -6819273 5178542 799873 1756456 2379675 -2608825 3118394 -3172877 -6697225 -1794887 1185415 3832794 3360085 657298 735407 -546397 -534709 -910336 4866741 4030522 948669 448869 -5112744 1568366 -132487 1126042 -2161190 1980843 2738559 1632444 2447107 3095826 -1164473 779159 -2767709
-6212739 6374823 1724568 1673393 -1661345 -426355 7934588 -1406175 1945018 -2088156 2563135 837246 -4721368 3532028 -1142323 955620 -3789852 -927867 1189899 -4332055 2473899 -1551810 1047239 240715 785970 -4313787 2630799 -774883 1784829 1491895 353189 -7292498 -3637804 777013 -4168682 -2036905 -6744905 -1941424 -1419362
-6940949 5903292 -1822971 -4557061 -1780965 -78553 4653388 3534883 -305937 799015 5274181 14686 -4297867 -1864531 -3689857 -2702725 1977174 1910418 874613 -3609369 -134572 -945118 3410438 -3572277 -8624028 -2538781 4842598 65833 -985748 -5897597 -2062213 -1992892 -865262 1193907 3639800 -4403285 -3488919 148506 -459096
-3128667 -2736991 1324026 1244367 -4942358 -3938593 -3601939 2499676 -993525 -391654 161236 -4084708 4565997 -2584697 2646343 5385392 5793112 -873318 -6199895 -4640129 7810284 6019258 -4801140 -3548150 -2155321 543474 -4256475 -1192472 1221466 -5023733 2040972 567383 -2523996 104224 -1440495 -3161951 -566073 7277798 -2577507
974969 -3622725 -1992720 -9850338 -329686 3090841 1792750 1599025 -4742341 1069888 -1617994 -1163472 -3737706 -5239425 2500455 622356 436143 -2847114 -2702476 -1676986 347394 385893 -1060123 -224518 1534676 2991968 -1482602 1789839 1751297 -3881793 224748 588063 -3884058 -8383597 -3547656 -993318 -4475913 177996 5504067
1663061 -1882567 4199387 -4109649 -3073918 -3886238 4412882 -3273792 2687747 1026118 -4714436 -1749240 -950857 9734880 -6116444 -4385506 -5134694 -212568 6052966 5292420 -1145364 -7140586 -4287065 571204 -4139128 -1710667 -76852 -361890 920137 -290293 3742898 1231907 -772934 1201783 1308115 -425636 3098909 -4110036 -594516
102707 -2030554 955582 -883550 2422221 -2168274 -1104425 -1557020 1931284 -2455140 -752600 -5226891 -9328953 775338 1076535 8580306 -461346 -1862683 -1446046 3402262 -1381304 -977451 3345877 997081 1592943 -968573 4570685 -388398 -2304860 -5412803 -3251690 -21126 3581043 3247023 311779 -4105829 2816550 2670981 5700888
2818405 -1235319 3822696 1229257 -1252415 -1399569 -2698261 -7837355 2039503 3890366 -3998077 2331118 -2184597 -834665 5148470 5198405 -3798840 -4895960 2502461 -3367840 -2513638 4222962 -673234 -3211221 -2469468 1791092 3280959 588867 -419865 -2454598 1136857 -5079826 -3039797 1161142 -2533566 -7196416 1401777 2821220 -1775421
-2328827 -1983621 -465876 -2339593 1889478 309601 1536452 -193267 123298 -4965081 2015201 -11256075 -5674823 -3907226 1819820 5345581 -1530920 -3168205 731243 5865861 -1511597 1888169 -3896587 1585322 1990619 1419061 -2568607 -970519 -212993 367442 -4616748 2705935 1677664 1140909 -5315753 840543 -5187246 471155 -643217
-228390 -5166963 -417305 2577582 -1768465 1432755 5457078 1253558 -2078511 4019638 -1184822 -47477 1552831 1496926 -2700394 528255 4104105 -3544182 1845290 -1094305 192826 -534654 -3174675 866626 6108591 -3823313 48735 -3308280 3821757 737952 3333993 -4460732 -3503765 -36932 -1290726 1029302 196159 516415 -587176
-1473953 -1446599 7712394 2862880 2960636 -844465 2756538 2069753 6366465 2398388 -1782138 3186009 404182 4432140 -4795319 -2979597 -5273014 -809721 2872219 2979603 330752 1259144 -3189361 5721 1456476 6352750 -3291338 779864 -596838 1380297 2082807 -239519 -6005988 844056 4079395 -2719962 4436175 2089206 982432
7827545 3116454 -3869925 2130104 -2110929 624142 -2330707 1786714 2722466 -1822202 459887 -84722 -173808 2586711 -3127618 1135517 3446390 -2238806 1205268 1144541 -7536183 -260765 -71685 -1095842 4992721 4419776 -2340371 441337 -7750085 -347737 -6099099 -1325733 -818734 1920914 -3675643 4856061 3509249 647960 2872458
-2280844 1304309 849492 -364141 -964305 5079419 2037086 6821926 332503 -3757138 -2648719 3676282 1882631 2332749 -1492027 -785192 2504934 1036765 8206611 4961201 3426768 -1020450 207413 -2779030 -2116180 -1601634 -7128587 602220 -4982489 -3044461 -118289 -4751083 3902638 -929252 -1665274 -3093889 -1914569 2555271 2608301
2420810 -2928654 1378815 1285038 1308559 -1754531 -1173884 -1963169 1833938 16805 -9371985 -704619 -2945572 486379 -1968504 1399593 -966271 141764 6612093 2721350 -3442047 619996 7863609 4375382 -613164 2637665 -3887202 1478226 831589 -917817 2787516 7274015 1683799 1295647 1121477 904067 -19994 1293234 3194060
-2596143 1190213 249122 -1942905 641192 4970512 2901650 -4155202 -3327606 -7760350 1181576 -3783856 2287215 2577046 -3033630 -3202490 -2659032 -2068769 710588 -639685 1101470 2795868 -3011198 -1125464 -2748470 -2421651 3632414 -1807974 5531451 6422360 -1571705 -328307 3916313 8556144 4103211 648735 -4575317 -840586 481879
-4813930 2995259 -2398861 -913687 1083439 -3736643 -3048013 7037961 -4056040 -3629895 4098701 -4982347 -1218834 4540514 -527124 -3173613 1892704 2839910 -741320 3561107 5165513 371187 -5797224 -3707289 -736967 -1250421 -2746169 1818293 -2533628 3716412 -5255042 -742729 697789 2541758 2142041 2874235 -4384811 4154443 1096612
8604140 33663 -2949650 6002202 -4343145 1571173 -1493372 -361473 3430494 -4021997 -4998144 1988066 372126 -8218613 -3999848 794749 -1276357 2095236 -2366715 513418 -2223748 1342673 -7884719 -2228424 2456425 4702068 3965134 -2359401 2419735 2689177 191883 -4801157 480166 -672151 552556 180140 1319985 1810351 421313
-1511531 2572654 5913423 4805649 -503661 2453437 6601661 -3866130 382111 -2006051 -6118532 3716263 -2632916 135087 2169975 1262430 -2033506 -7252890 -346915 2474365 1463289 1654840 -3715562 5627920 -2066597 -26234 1585523 1299452 7046645 1036846 822113 -1080024 -3205195 2872794 -305111 -1923751 5362842 -2241676 -4882712
532985 1833391 -4915285 1901482 4888163 1090546 262999 -6087227 3036369 800168 3914442 3693524 4811561 -2020144 2707219 -1776733 -876962 -3791622 3950020 -7494313 -7852986 1393372 -4599680 -6337259 -875604 -4979518 4438066 -4990099 -6409345 -27764 3980818 -10598404 5196568 -4114832 -954313 -1847489 -6182674 -133091 1091181
1763916 3187453 -3619926 1693889 913195 -4080102 -1037044 -3154799 6204817 172374 7788898 -1875610 -1713675 -5835969 1516150 -6182650 905624 1035985 -679628 863342 297665 -5111773 -1461620 -227297 -2752609 617560 2598715 -3477873 149349 5911454 -1957464 -1419761 4747396 -2356272 3646832 870889 -3241838 -3255581 -3954647
-3068887 -409948 -2139484 -2455544 -4372078 1674082 907015 800233 -302911 -399692 5448261 1057326 2107734 664085 -345579 2112783 3184855 -2794446 -1338588 3002178 5981694 -826799 -2045450 -1414579 -1295821 -3121344 417706 -508264 611699 1898406 -1819557 -228225 2241180 3204771 3250725 2139936 1633577 191223 1653629
-17207 3741587 -3489601 4739261 -1144537 -343748 2875022 1138597 -3595207 -8004410 762145 -474009 1083684 -4674413 1110002 251985 418854 462635 2863747 -3875319 2707019 2880363 -6897691 -4882188 -639414 -8434537 1861152 -1100067 -1149195 -2935536 -2686210 2841284 -3332055 189742 -1898751 -4276504 -3220072 725785 4007009
2038367 -2327775 -2827083 1411914 4122491 3498494 917390 -3700421 999531 2420306 -5277612 -5042763 969634 1422970 -1491037 2881663 -1728872 -1733756 1566739 -682191 -5923514 44201 1692668 -2229920 79692 -8977480 -1915714 -1515090 1430659 -3042568 5499598 -101546 -237347 -980611 -1792922 749726 747285 -883117 5710177
-4551984 -6022264 -3785480 139949 6028484 11693 -2123344 -842401 -2209323 -516352 2885396 1857659 3714422 -2413159 3384163 1001032 659018 -3786478 2431394 -906847 3338145 -5794563 -839096 2058950 1065828 1994421 3543153 599100 1914905 1297205 -2768398 -2977453 1410876 -2625258 3947351 507940 -3640606 -3646471 1979883
-115693 -51271 -1716233 4224381 1994525 -3353211 -3960669 4862575 -1131541 -3570467 4088958 -5430831 4369147 -1832293 1542953 1856228 -1469279 92235 -3262735 -1989504 3431915 -282900 2528192 -2553535 -1712911 1756998 2877849 1790642 -1901392 -9410372 -4241080 -4205120 974872 -1003651 -3454547 -7918091 -2349427 473434 4905793
2557653 447209 2171975 -5340415 657384 3397551 390405 540452 -1970331 2404700 4191875 -4696204 -6188925 5958936 -4068941 -6601917 -1645844 -5243045 5902233 744395 1053241 3495838 742882 44499 -872881 663653 2412658 2285303 -3130624 2049339 -3131055 -2357697 2475362 -2350560 2907500 1285168 1387862 -1057761 -996245
3370400 -3755956 -2348184 -1749195 -4482390 1257758 -1436232 6031199 -17287 -1268083 1572941 -909856 -752230 -6360250 -197252 -516112 -6474516 2306046 2023150 3716895 -2800648 -768628 1688876 -2451889 -3738530 931017 -4529843 1725197 -1997667 -849310 -1247936 5560681 -1960812 -2379106 4412292 5619060 -2691116 4051049 412865
2643713 -2044407 1075782 -4343795 174117 6616970 60766 -2363462 8300321 1916120 -879906 3468751 621233 4653350 -970310 -6847484 -5576352 3952324 2423523 2602983 -1751589 1598255 3755957 4217485 2431514 -2563002 486443 -434212 8624554 1038900 3007233 -1752479 -5866662 1106137 2875231 5181341 -1714080 -4435392 -3151841
-1817089 -289571 -4040523 4306949 -1112688 -3041643 -4297237 1496700 88145 -10589884 -1721482 -490708 -4009629 -4916506 -663106 -1782398 -2886765 1967559 -2419346 -602695 -3361416 564624 -965005 -2015429 -5310434 -1984097 477907 -1230691 1621486 88720 -870640 5032670 -1292255 5475079 3534182 4931025 -5342718 -597258 -63864
1425695 7080333 683711 1358420 6492042 -1291363 -3962921 2335576 -3973735 1839431 -79825 1827572 3017739 6294568 -1881446 -2298531 4411268 -1518713 860118 -7256371 -3400 6647072 -2941302 -2379874 -1969262 -2836602 -353833 -6156301 1967295 -377891 -129387 -1153500 -2207920 2626462 -5632855 -2586573 226698 629913 -3449451
-23552 1504523 1256201 2541791 59869 -2057630 5582936 -424648 787395 -2280976 -3431023 -4428095 -1993110 -823604 -1491751 1398841 -300257 -2007801 -408493 -2238234 846115 6360394 -6019415 2405671 -5715558 -7076110 -1095927 -6591480 3944611 2115645 2653377 -2286833 -1635422 4740577 4669871 904639 -3218332 1707162 -1918138
-3587069 5836865 -2010690 1063716 953266 -77779 2487323 6970675 -1772725 -4761783 1986425 4002017 20709 -2144503 5565318 6104852 -435435 -1729292 220526 809750 -3292420 -3435031 364195 2018302 -1739873 -885381 1396400 -5133616 488657 -2519442 -5020393 -5093819 -5686130 -1058661 -1557336 -2855646 -1523229 1938492 3364666
-3757702 3205110 -869837 -1980854 1730601 4041530 2013279 1855219 3299622 12496 -2267028 2274953 -1563378 4309104 138116 -1408362 3290295 2981181 3224446 4044026 -40800 3134949 -1332638 -4044939 2825474 1648851 -5038280 3496792 -2566536 -3358700 1896409 -3416216 59130 -306132 882420 4037565 1617835 -2603339 2040927
-7167059 -1537732 -3933236 -5364088 6870353 -2266869 -1165711 955747 1488118 2104576 4179347 186242 -5559398 1852134 3897988 -3575140 5319175 2861570 1701253 5575853 2432584 354824 -2451728 -3290557 -3097099 -2474746 2672098 -1971849 2351725 -3643305 -314199 -764927 3433436 -1063696 -2376827 -2236317 -40699 -2341930 -4119176
-437026 1584807 -9336755 8428333 -2172633 -3288123 -1911355 -118478 -287871 -7737219 -1160737 -2355572 -1725384 -4245684 -2007625 -3999558 2093325 -790414 689286 -1654074 -6443090 2630493 -2697864 -3083158 686044 -890747 944689 2033155 48342 -3650799 -2843292 4524075 3541812 422065 -382317 6505129 -265756 -722434 2098759
3229541 -2953014 44223 -4268912 -5539775 4518484 761778 -5851706 -4164649 -3095853 -1930189 194400 -4559422 2039877 -925530 5082079 8135160 -7779206 -5748178 545755 -1467594 1696128 4405300 3086688 5692922 -2499654 3525697 6201919 5746274 1182900 -4292119 4877432 1507750 -593694 983154 6218560 5232268 1050548 -3916625
644052 -1766021 2695994 958326 3136024 -3465671 -5776604 -197490 -2832112 2295296 -2077676 -4554500 -1521182 466181 -462379 731530 5017799 2228403 3005911 -842196 3788871 -902028 -5187211 -1017261 2090724 2318760 -4094602 -2512878 904055 4472981 -2697786 5533788 3673977 -4058821 268268 -483830 4973257 4930007 -4071902
4264457 -1053528 416618 139570 -394309 1640219 3772091 -2600074 -234088 1743 -5008639 2192541 -1452859 -6921125 131074 3251897 -2890219 -3175056 -3384784 -1521815 -161722 2607275 -3014496 -1451218 2376579 1127963 2747619 -2808901 -409531 1857808 1369159 -801377 -3995583 -1888724 1287036 167264 -2662809 1343669 -1255600
693452 -2004600 3551528 -347879 919289 206352 -2327140 4591303 -566443 1922504 -4943062 -997687 -784806 -7376096 -1239062 -3631678 -2918772 3728510 -1041197 942630 4604577 -1549441 5383779 1044062 -2480161 2038367 -3242832 1201339 -5245254 358222 2483147 6024676 193416 346043 6197897 6119525 1152580 -1047251 -8704939
-2791916 4031975 1119465 167966 -1675949 -2461648 4662503 3411749 -4191240 2384657 2833727 -1085419 215461 -1503491 -6389693 5901928 1705191 -3605718 3226903 -8572647 3140823 1676353 -1040502 -866873 -6233562 -4745503 1292103 -1289012 -1160747 -2976300 2026691 2482976 4735754 -842474 -2593647 4951410 -764207 3987457 -378285
5399977 -2545697 6216498 462677 -1961075 -6420699 -3673125 -2085941 3970595 2605470 -2299068 912452 979102 3195337 -1815360 -5788119 -2344367 4706872 6650412 3782506 -705472 -4845293 3770263 -3349753 -1243024 -1095084 4747024 3885585 -1273568 1867876 3019361 6854226 -747598 -4560273 -4913791 5930985 4583830 -2503406 -2381695
5325951 -2531227 -631141 3738820 366564 1260156 -5298377 -2311262 1186093 5487464 1853781 4809130 -583126 -604787 876094 -1384606 -4019115 10650439 1605851 -2824749 2514444 1030004 5109516 -121441 4535331 1100918 5922778 826091 1955134 2476579 4001139 -5676466 -557403 -5841858 735908 -1434322 3371339 -9294243 2303337
-1221284 6727781 2391523 2929035 -263482 -4812738 -905934 598301 3004812 -3400772 -2854383 2102950 3726064 3605723 -2851241 -5912765 -9101662 1349313 358535 -1126694 -1014079 2424081 -3138459 -6537217 -4308037 -2900404 933671 2931751 -6830531 716646 4078989 -3789896 -2890322 6166214 -3125703 -313720 1547673 1386908 -2178310
-4351448 -2321734 -2309445 3468130 723536 -5780126 -2137810 2056108 4499297 264903 6312676 197284 -4053307 -3417775 -4071945 -4969457 -3951020 6420853 3109254 -1824129 2518900 -4275932 1559982 -2176616 4774067 5160165 1575898 947296 -455044 1049914 512531 -1589232 -3611943 -1831252 5058190 -420921 -3974131 -2459176 -118614
-2371605 -2228633 -809177 -3596926 2822915 -7099334 3471009 2889831 -2386932 4713776 -6858627 2981108 -8560995 2126668 -1011504 -1322894 -199118 -3053385 -1512087 -1687335 3719605 833209 -2783457 -721699 -2753511 4010254 4241621 4657361 -2344310 -711258 2423351 5080829 677575 4389338 966934 -1715049 1281763 7027740 -3442298
-2969467 2875907 -346282 6256293 1377903 -2588729 5098612 4924948 -3917919 379534 3080254 5340292 3774587 -590160 -1571044 8662081 5709561 982055 -460881 -4319192 -929728 3046677 -2046097 -926422 2193558 -455703 -912920 1757476 -5437117 -3661811 -1117019 3358077 -621410 -4496151 -8021874 4170509 1901657 2636883 4787209
-633242 7733552 890971 4383234 -2586023 545921 5319175 4226025 -7007597 -2097741 -7566405 1452410 -1210977 -5177200 -3747308 -3171449 427606 -2345201 -2175831 -43277 3337766 -40713 -678678 -2810584 -2360459 -7641905 1180043 3389160 -2142015 -795888 670587 5095384 2668101 1639912 327367 -425215 559985 3723912 6325261
-4442457 901892 2235205 884401 -404776 1462862 -2823581 1593855 5088758 552669 521614 -2929557 2164020 4071357 811469 989724 -1939870 5198030 2076910 -1489261 370337 2444826 -2502880 -225104 777204 1662911 -5247550 -4467162 7141429 -6026397 4465036 -4930820 -2706738 3890943 3182015 -2844483 -4136850 -226612 1344068
-1180594 -386187 6782117 1681078 -1870387 -4192620 873910 1389214 -2880641 -2205577 -790707 -690969 -4355761 -4296364 -396499 222240 -4262884 1557658 -312213 -1476797 23246 3302864 1766942 -3653045 4191706 4120236 3836415 805702 -1664859 455384 -4288846 -2824190 2068941 -3032245 7162495 -1409612 -1080262 -25826 1300109
2115785 -685601 -1294585 -1866888 -1553689 1733569 -2183132 2139969 5267817 -1490426 -973237 2515017 3845428 -3169186 -1648288 -3835672 -1837163 2424772 3072934 5461331 4908960 1843085 643785 -27626 1436489 -3496100 -3915408 3223819 5458367 1157222 2813934 554348 199641 -5765207 2201730 -1142780 -2392946 -2734205 -239927
718786 6297687 3617567 1798234 -5299975 -3528508 -3201119 2392488 -6175665 -2371298 204371 428509 4322795 1704908 -2405847 -4138486 -3742998 1561526 -632572 -2376737 3241214 -37365 -497123 -3116731 -4790528 -1656421 3531950 2110698 4717966 1133097 -439474 2911201 -2058232 2549686 2487418 -1797199 -328432 5149292 -1323598
3867896 -4405041 -1890390 1579339 -1357244 525109 -7288345 1407829 5522322 -1906485 -3535794 -5725634 1782528 -5189369 193855 2198434 -3520618 3819545 2546575 2508961 1328350 -3459957 2043024 3316901 1133045 317105 -1590683 -2695129 4178873 -1536026 311975 31224 82945 171800 5023540 -7009100 -2306049 -2805384 1703529
-1600261 -2521979 -2878949 -4156020 728461 -4880585 -1251380 167847 798719 2430464 3055331 1393312 -4663721 3753331 -108303 2632687 225108 522649 3230597 -1940254 -2755580 -1707779 -2553407 -1364515 1602610 4444369 -2156067 2587415 744772 174862 2531749 2113524 -1845398 40364 2841497 373345 299155 930219 2368963
4212036 -571732 1600003 5108743 -2903287 -1511988 -1155151 -595021 2496140 -3198938 -1784787 5685795 1504931 2958203 -184095 3017851 -5127030 1608712 2070795 16119 4034760 -3583403 -238767 5356910 1126319 -1446773 -1197801 -1557215 1504555 -1838427 1501612 -7422242 -6651990 -1040286 1895541 -3379637 1132399 -3855034 -384447
-788810 -5598080 3910034 1575775 5287275 -1641488 -1914573 -5427504 -1138942 1313790 -809937 -2039630 -891131 5229431 -2904079 4562979 -2229996 -674747 4507985 1136158 1451975 433355 4642574 -263213 1747221 3326071 -1546153 1362291 4201369 -4386868 -2869043 -3928813 -3876006 1621897 1062641 -1223757 64469 2061458 -2217095
-1059384 -1159854 7664241 2605806 1125547 -2696278 -4619761 -2323894 2448063 798156 8079053 1951536 -2978281 5907903 -1710623 -377292 4041864 5211389 7261318 360037 6418400 748445 563172 -1435880 1235040 4177830 1256183 -984360 -2661072 1631517 -997022 -1719769 2872272 -2113863 -4188239 -2559471 838830 -8211313 -1014955
-4218075 -211587 -1181789 43826 1932121 5440622 4308154 2760626 -2621136 1824056 -2384558 2336636 -473926 -7309546 4852466 3048102 2155673 -7231025 -2458164 2155098 1630507 -1312257 -4307715 1914442 2589405 1165730 -4503311 -565743 -465653 -4815452 -5255991 -459603 -2985684 4224360 -301956 -1161112 4579632 6683999 -3227266
-7188461 -4356221 -3393542 66136 7021882 4208193 -1649774 2050029 -2012444 289846 -465860 5247309 -4672179 1586966 4110459 7066542 2835940 -240776 -1081853 1853497 2621261 2706222 6848691 6998573 1325418 839784 -2761646 3311139 1002274 -5803829 1795207 -57504 3429961 -19050 -3953966 1333447 1358459 1462151 2069769
5736769 -3891438 -1355956 -4729301 32470 -1684500 -175327 812505 -4868661 -3575598 1407399 -5025476 -1276588 2150532 -1748921 666806 -2929410 -439333 956335 1471104 -2673495 -4244905 2774408 4465378 1907352 -2550337 3157910 -2806559 2044241 -3439010 5098875 1829315 491763 -3608685 1427551 1808237 2509639 -45502 4676808
-2186873 -3746602 2892935 -1125228 -2810368 -6819600 -895425 -9757692 794452 -2776852 -407434 -765116 -556132 -1497396 -5007371 -3466735 97562 -3169058 2925260 -5317804 -1481604 -926092 1240731 -5185704 1081207 2428585 -2643591 1264682 -462573 -3348533 -207633 2740252 1470772 -5728832 -556788 3038301 -5719166 -153203 -1392411
-2126068 1557310 6188573 -2151172 2330849 5008248 2781417 6466850 -5990197 2964188 2248623 -976640 305252 -276293 415358 -1737784 3893867 -1239887 2735764 -1165705 -102201 -2990444 6822903 -2193127 -4244371 473464 -2403816 -5619460 3931955 1590325 -3114520 287639 -4520782 154013 2621880 3055876 -2213659 2355714 -2136041
3932994 -7818053 -1788292 -1090057 -5063297 -2981806 -9800755 -1760924 3665743 -967588 -2636921 1061318 821698 -6268073 -833395 -3645544 -4716012 -248648 -4112255 2818450 15273 -1030592 4223801 -1914410 695517 4653432 5560755 3287248 -882772 2315675 -1390068 4907510 -593539 573286 5088772 6325947 3881331 3219658 -2029984
1112633 3049803 3008278 3631911 -303728 537640 -772829 5418698 -5525 -1532797 3009700 2046540 1304183 8767625 -1211274 -172186 -792270 7900464 1123909 2578643 -1236945 -340827 -1914696 -239153 3588878 -795464 -1371148 -2904399 -4155934 -4296935 4264638 -8891077 -6343610 2675364 512471 -2772848 6789064 2100442 938430
-1465336 2646531 -412855 195387 -2821131 163892 -1134306 1330414 -1937556 5257649 -310545 2941044 -6163435 4229747 3785204 2421120 567018 -1352541 1591946 -10045899 -72048 4252457 633980 -1924763 5244873 -507654 -766322 -3129395 -2279656 6157577 -645200 -4243130 -1156147 -1545262 -4547453 -5095824 -3058471 525447 4082710
-2353008 -3814211 5526970 -145015 3007916 1290918 3667059 2865196 -4224660 -1568061 -3784683 4292321 -4985959 -1216932 1674710 492188 282249 -2665383 4327576 699327 1498623 -4907968 120014 3901019 2996249 1862539 2462429 2770857 -3227915 4436948 -3455297 1041604 -818059 -6023822 348524 -1591454 -1170282 -214032 -3772862
