-686019 -4539137 2568152 285433 -142340 291411 151746 1543597 -214344 -1029715 -4427465 -2897102 192940 1516661 -764676
-3834788 -2337307 1629078 -201173 1213680 309600 270313 1594779 -3284444 -1948835 -416449 -1662384 -585107 -4305227 -2604945
-699754 -1123002 -79419 1473404 2182869 -1289860 -489087 232531 -24517 7317760 693914 -1369668 -32789 -355458 821463
3748054 616004 -2449344 -1201664 -954839 -1018016 1620010 -3917418 3954544 1263911 -949289 -1507122 -1532679 -510301 755059
2811824 -2113277 2335279 3882728 -1664908 100184 -3036435 1219717 -2259275 1530800 -2431199 -903730 1128333 -2437722 2634027
4441016 -572278 695470 928602 -1975265 -26631 -3184298 2007074 2866151 187981 1815685 1867408 946264 947575 1666933
2156965 -4164969 467606 89354 -862603 2427689 -1600214 -77424 207871 2200105 -2347715 -2096248 -1831684 2939767 -1781455
2378504 -427272 -907095 -1374686 2136314 -1507090 -1526812 -4713330 3486345 5088169 -1222564 -2030826 -4238236 -1175002 638257
-2000802 -222942 2649129 -1286263 4266865 792877 -292892 2389446 -5431350 -891926 -2522260 -1901783 419514 -1105916 -2143371
175722 -4856686 2812865 -1389720 710758 -61478 114088 -3064109 -1657634 6308060 -962878 -347279 1485590 3281012 -2950843
-2549882 2045893 -525796 -2881757 2420416 -2529060 1813423 -21339 -1318009 -2965417 -2071468 1041481 -2696906 -3044072 -703629
376101 -693735 -1128990 5469874 2849272 1815851 2166610 -2759056 -2021443 3075972 1441424 513214 -1999982 -1478048 5165371
3695688 1851876 -603180 -24421 -1574897 588887 -13256 -1356609 694437 -2502861 2749030 2345044 4043806 -1300498 2666369
-1950509 -267800 725238 -4059929 3749933 -866417 1372618 -1050822 3387784 1019571 -1807930 397257 -4381980 1562517 861757
-1271100 1155369 -6025674 1936072 -1843035 -230142 893036 629638 -3268839 1027582 3060717 2069561 -2994482 -1309369 2104443
-140261 -1680959 -1205726 -2876729 1501477 3541925 -953615 -3190513 -5015902 4637936 -1387310 -4279519 -2441762 -1802860 -3353775
1416177 -2755877 -1664870 -467101 780347 4015799 91707 3067835 -3066670 1121423 -1709764 -366060 -4323826 3048434 -2650528
-1628834 1106180 -688212 1128490 -650223 -2068275 -854288 -1431727 -1674991 669640 -1525122 -1271266 1676084 -3464636 -3549703
554047 377659 3027020 -3647368 -1231997 -931175 825693 663854 -2931029 -4014666 1411898 797236 2248106 -4176533 -519350
1708461 711415 -967342 -2660387 325061 1981095 -3062611 -992979 -2515793 -128921 -609681 -349725 2626208 -1058494 -3943155
-502596 1407992 3251597 950403 -1602762 1644525 1612915 -3321258 -2113871 1782462 -2143067 3935465 1026607 225434 131589
1997449 -703394 3981379 -336575 -1120213 -3778434 2048336 1150574 923456 -2564726 -376716 -207389 1890567 1869065 1273322
-108255 -988058 -2518734 1768680 945971 -910538 -316754 2855309 -1756521 3565044 -525949 -1716673 -1796629 1725439 -172967
-2275245 1969221 -1113474 -1002605 2642490 -3965490 3247958 691824 633087 -4462499 1023008 -785641 2677583 -6991981 -1011109
-2102189 605183 -1371176 -137153 -2667199 -1380589 1173495 2909321 2743800 2379143 2974558 282429 1056136 -2112975 2056527
-3628546 -25 703962 599185 -1957099 -2774567 610337 -2301325 840915 -1545645 2946720 783841 958148 560931 2284902
-1491575 558340 -34179 1157865 2268051 933556 -795587 -1273398 552758 1993017 -409614 -123633 273301 -87251 3358588
3348662 -2567611 1418731 2296014 1195423 -1981456 1078947 2235364 1959506 433516 1019744 -2030927 1686304 2934831 -139183
895019 -1539919 587538 3685098 2044346 -3224795 1899356 1685501 1361153 1187700 -1149467 -798777 -4062521 1791167 1355305
-1519379 -1159793 -1143928 -1245009 -413809 703116 701393 1827405 -2319040 -39277 -2065360 -1257753 402111 2521052 -4190344
1841163 2598196 -556812 -3629940 1462511 2446438 -454037 -1966162 1127510 -2393443 -1650890 2355766 -1866293 3074451 364288
-1480907 -728098 -36269 -396675 -4086582 -2070271 797719 745031 2954273 1078352 -4538 2742611 -1453051 712380 -657795
687627 3627533 951818 1280642 -829682 -61759 -479486 1729419 302862 -843009 -1513420 568803 -2312522 2871839 2602777
-222436 -159578 -5046709 1768434 -711139 494826 -2378482 -2340272 736147 -1294484 -666494 -2337433 724984 -3487483 5200356
1795260 -781986 -527084 3482280 1204991 2475671 89486 -3303263 -2556684 1391772 470576 -689325 2876970 862944 3391468
-5595665 -835528 1596493 -397397 -526547 -2125142 -1385140 1578274 -3330250 793940 1360257 3467165 -382955 -57228 -869901
-2099804 -368795 -280357 -3636202 -493642 357203 597736 -1956191 4159276 -923325 -1004871 258393 3293930 -4263710 -1192216
712924 -1343094 -2523867 -705159 444801 1223996 -1037477 1883656 -1009310 -189131 1643903 -689987 -4169799 3594070 817257
-2661641 3259305 -2199959 1819521 -5915109 -5720979 871329 -4610345 888010 -1177865 764693 3654571 4665975 38946 2649553
-136288 -792261 979232 -4718835 2764161 -2504442 1434807 1427071 1790300 952734 1037837 729566 -1648840 1421363 216896
522651 -1984961 4324505 -1172648 2518951 -397235 -1404839 -1131111 213200 -3216214 1625419 -844276 2394944 -726769 -2165454
414545 58556 -3354165 -1305921 -1811997 1614579 -1016067 878667 -230528 315692 731656 -2132105 -4901250 -166314 -1261601
-1769628 -951584 1173850 183174 1846959 -1331647 4146363 1039997 -1493616 -3655198 1818542 551067 -134821 729769 1972738
-1715017 3604832 -607262 -1448047 4608972 -2339359 3302718 -2666862 1507325 1651834 1877598 -1462309 -4064813 843718 2175520
2019561 -1158020 4154802 2542988 -5199642 3545491 2113993 -1225006 547344 -3291788 -1888593 2429749 1713707 6434669 3502514
1663396 339624 752177 -523697 -415625 1168308 1132404 2728 -335552 2516146 -4736221 -1068308 3493002 -1892651 -2383274
-559234 -2667292 72880 -772797 -1398267 737612 -185603 2382902 62511 -3395235 307460 1363394 -158156 3489631 -905525
1490256 -2210190 3982975 1471853 -2749264 5974701 -1623358 469115 -2682737 -3012804 -2319943 478308 2830643 1429079 517928
3459600 -2184767 -1908928 -310570 -1039149 -853462 1755309 -908814 183333 4094838 -1036852 1040131 614998 621796 -1215247
-1953238 -1226704 -2031044 1286752 -88140 -2332112 1419349 1062011 4361761 -2153266 -442337 2071986 2322016 1304234 462198
2502405 1074090 2428202 180673 -580884 802360 -272106 2194486 4118698 -2853696 584599 -628330 707868 398130 -780419
210293 994021 -1790842 219127 78753 -1489657 2477918 2193224 1092629 -2008062 2280622 2415884 -276009 4643416 449543
353349 -48549 4690867 5753422 161289 1025006 -2881966 2692530 -594677 299020 -3450990 -1920535 1466972 1512341 1699756
-2621419 1320362 -1370323 -2978203 -589984 -1356853 3469745 -725451 -2203132 -1992727 -762932 -1558152 1415130 -8452103 -4237612
547635 2158194 -942036 63591 642326 -2139882 3513799 1352869 1522118 -3112745 -2312780 4197925 1418662 -1456330 1525332
-3583656 -891058 -5049910 849450 227511 2280708 -907740 -1303747 1484660 65394 -3925678 152869 -3628475 2380647 1263263
963374 -608842 -5271532 983562 -1016668 -3420446 2044104 3136152 1881023 2863087 3831920 1553733 -2835896 515738 784099
2323581 -1201478 5730999 -2876520 -271308 2466909 2394801 -333271 -2129402 1111915 -2665158 -3026222 2092634 -2055522 -2992033
-2869995 -1017461 -2436806 -996265 588471 2050196 -1784329 -994785 -2143495 -2992318 -3027041 -334565 -2259432 -1091073 55395
-153149 3426700 -4816966 -3252691 358817 -2061363 -217476 -2731061 -67901 -214362 3798951 1162919 -2219763 -2088546 -991073
481510 2757936 -1161912 -1102149 -3187369 -3875516 -3303734 -942020 216458 3088310 4631512 -182932 -643046 -703194 -3222228
-671596 -146283 -2352453 843146 3170208 -2351937 1908484 -2220063 -1653257 636079 -623387 714666 -3487000 3725239 3010490
2193616 383223 -3374795 1377515 -254958 658239 2851582 1792204 1584888 6949033 -523893 -480421 -22555 153581 -3277138
1869368 -2191801 1173356 4878558 981486 -2264255 2426711 2871458 -552963 3320266 -3788730 -2387667 -429125 4137025 -117269
3031850 -660092 -286540 2819532 -775340 573190 -2311982 2645499 -447050 -626918 -1760127 -544993 1417355 3185829 3848860
1821132 -1419310 -1323358 1682530 2839213 1043212 -2102306 -1556196 -906218 -3008222 -910140 -1536172 1451534 -4427619 1297352
3906686 2155021 -2250186 5070657 -1200804 1881804 -1531419 -2693851 2125694 4068528 -483755 914593 -87815 865062 4886507
-488489 -2220094 2589758 2989337 1181013 -2941479 -2584131 -984989 2279914 -1842785 2076732 -507853 3402984 -172129 4380743
2392889 283946 2043511 2597745 -320341 -2315021 2542636 3069783 2387966 -5234591 780550 1270028 3446631 2134763 439679
-2891520 -743117 -1316916 -1595878 2156452 -2167132 2392761 1259051 -3086822 1375370 2401595 -1157507 -875022 -1370700 -331068
1776716 2658548 71253 796557 2272301 3855420 -1744829 -16237 712081 -2577127 -967392 -1297314 1755676 -1745698 2828537
-1415665 -3819318 3524289 -3989673 -531921 18255 3371163 -1998732 -1447176 -1299033 -433607 -508344 451659 -3625236 -1681548
-617272 472663 198744 -1102760 4595792 -45063 2118785 -1630922 3318748 -99744 -1517844 237229 -1944135 366668 1393897
329446 -216878 2474064 -1241954 -331228 -1798773 210132 -2445961 2087963 -4049907 -6421095 -1579317 1524948 1358702 575394
-308749 -2924254 1807300 3006297 -1579315 -912591 -1093159 2558567 -825763 2007979 -2788079 -1488256 1754999 -11711 -3486740
2715436 -1131789 2114886 -175027 1995722 3476335 -3184693 1810185 -3284478 -2010923 -2298416 -688210 3648411 2772415 -1394954
