21061 -181544 359987 1058017 -513292 848443 203461 -1254246 -476174 -853973 -176747 492907 -1647436 376941 592205 -246993 718794 -670756 -1061449 -768254 492582 948941 317686 -679150 61708 234877 -83719 -844438 937051 982336 618320 424159 -351968 -429830 237834 -412041 -845568 -1129503 22804 -1684552 -690304 -225640 -483584 773949 111611 -503049 315596 1388911 34615 1013481 679910 761011 215158 749752 -686694 -289068 -588718 -67231 380965 -6392 -705238 -179320 429549 -79493 953696 -685078 -1038819 172701 576396 -659214 -455350
374601 298437 182275 -26846 1328132 492412 -514811 365315 1198325 905030 -983256 21757 1480666 -826343 -149496 66250 -1344727 -206491 469010 444002 523018 -821204 -245068 738724 -267703 -872326 38020 884873 882235 750827 -678853 699215 483957 811740 -761300 581514 1999617 298104 -978604 1959491 250547 741998 -400586 -322202 -1112690 1399390 -577319 -64981 637135 -1354250 -1103910 -456968 137528 -1320898 275559 62564 -902802 -929511 -1729412 672635 925154 1435984 -258469 798155 -480806 189049 756572 -188360 -993036 546368 319565
584190 89462 74736 -104116 -341396 247472 416006 -805960 -498434 -506270 347248 -359770 -769580 544060 125736 -164538 293374 387552 -1177248 222154 -200322 587710 -368350 126642 773614 148968 264824 -144924 526912 161604 29812 492586 -76202 -608808 277976 -373670 -601710 -1097950 99198 -919134 4060 251488 -546054 141050 375692 -108830 32142 875728 -213826 331700 221614 328772 -586430 382144 168538 349112 208646 262532 457342 410362 -411496 -127604 714256 -725372 450980 -124812 -579472 612254 623064 -707932 -468444
15021 -227611 302501 727673 317997 780522 111574 -427012 167764 315774 -517224 522402 -202470 -412235 472435 -14880 -437880 -531232 -347558 -557050 810608 234139 455391 -359274 -98499 -129694 -281546 -61644 975771 1056663 292189 625336 109624 142150 -605112 182548 107008 -192313 -571719 -75887 -423587 -146561 -288955 431115 -612216 69576 -406673 722340 344266 -52201 -219407 -34424 305410 8648 -463823 -176419 -923493 -306693 -452836 159334 59007 589819 -147219 137998 307794 -508694 -6995 23866 -270689 281180 100944
-90493 -345822 -312173 -715244 -369611 -656359 691800 575961 -621957 621863 854781 -272206 332424 -9885 -21184 228241 -194949 805841 11227 62746 -299376 51052 237225 -182500 532754 502977 -187045 245511 -782903 -804734 207944 -253650 174781 -356532 -320370 96653 -1083791 632920 256081 -57716 233840 -560779 514475 -193050 366217 -727531 -507660 -647002 -391944 -54226 -103599 -645237 -413664 498910 235778 366693 740091 885981 931077 -270375 -18229 -510749 -239427 -1034820 -326324 79437 554942 340855 115087 522270 291399
-199129 -478542 89398 337936 67903 304673 471396 57132 -186945 722486 -12855 444782 38988 -473766 448976 150622 -509949 -129622 -122087 -611651 642477 204559 701850 -560083 65522 205539 -456505 40950 332572 493387 467657 313950 190309 540 -798018 275708 -564677 398065 -366416 -70160 -311443 -596509 166442 316881 -392495 -451588 -668988 158537 110586 -45310 -239682 -450255 182925 328468 -389506 -44451 -466584 232392 134976 -145863 62945 202585 -426816 -376815 58216 -454716 385814 105022 -260777 703488 351114
412499 -22421 18438 -179617 -192331 123922 429186 -428333 -388120 -94839 323728 -263282 -354038 268850 116217 -53699 6664 398965 -808720 149449 -92287 377688 -170842 65231 636051 146276 112418 23655 335552 75118 47392 393932 39072 -431678 -5632 -171197 -516814 -598534 -662 -503965 38764 79207 -310226 66800 203316 -138585 -188111 511431 -161148 104889 19808 28890 -467137 284950 151027 319675 166118 297632 366591 285290 -210905 -44301 400246 -681289 223770 -101639 -205177 495229 355145 -290378 -217137
789279 955143 -50860 -787304 800232 -175416 -877939 119162 986177 -394419 -469580 -879507 1028978 234190 -814042 -176741 -267759 368034 230476 1440061 -735829 -822551 -1383905 1509637 49227 -881928 797564 695708 158456 -328114 -1256110 164831 122205 397448 645996 -45459 2110403 -559845 -132055 1456129 773750 1509050 -634429 -787125 -88314 1671713 467487 -211806 186221 -973712 -498459 271238 -468643 -1384676 971229 328238 254333 -836626 -1278069 852167 542326 702268 625692 777248 -444198 872112 -17658 -48241 -190462 -752542 -363556
-12986 76731 -100711 -41403 -1020378 -318543 160254 -596866 -813847 -1210438 668999 -263952 -1345770 953317 -54409 -195552 1307953 177920 -598459 -973 -667407 650202 -270537 -222193 282371 496795 275743 -736324 -518095 -587630 257202 -472978 -483025 -690110 1030394 -657470 -1177491 -786184 854551 -1619431 -80010 -113604 -12815 161168 1018303 -721370 805595 314105 -502344 1095833 980013 722523 -268381 828944 -20213 7100 794197 493789 1159526 -268759 -802754 -1078470 604471 -433009 494434 19100 -962173 196070 979836 -979864 -558436
-706125 -12841 -506348 -644797 -1202335 -1378394 -49254 640061 -791492 -851437 1077476 -337010 -542950 798136 -487075 43443 1448372 421483 774488 100959 -1183541 30418 -91448 -277047 -237601 720124 131814 -604767 -2094658 -1831788 196102 -1585604 -498812 -396646 1172488 -457091 -1272694 618464 1368192 -942577 237034 -557789 961852 -286046 1330720 -1094527 979085 -1261939 -734616 980621 1037506 279306 -23663 786714 152503 -126973 1572184 847822 1548609 -982586 -567653 -1723481 -61732 -224927 -203606 487379 -307653 -312969 711809 -367246 -105759
-221708 440830 -327222 -679805 -183429 -933936 -626965 665805 211783 -553090 240290 -484461 413940 398304 -715637 -17712 630175 249099 952402 673248 -960794 -575005 -609015 531470 -401350 -80818 382536 15527 -1277164 -1235054 -510268 -995261 -216881 181242 920096 -170028 530915 420795 687739 457276 495452 347111 408941 -580879 589024 240844 813520 -1092337 -246415 -2343 298337 220262 -21242 -360486 486300 -52749 928963 -43622 86190 -285125 66679 -597583 40942 540397 -463436 740137 -26843 -427892 110825 -370080 -97225
-318790 290129 422497 1248238 506343 846741 -1061221 -486905 938502 -656510 -1306695 733005 -365486 -249985 112248 -229750 269054 -1442961 516307 -474331 636489 -187131 81548 -91473 -1177475 -621299 7435 -462229 811919 1120098 -72160 53835 -271516 722992 274306 18132 1439498 -305169 -347370 189025 -493996 406529 -354538 366085 -650917 769632 696095 553324 620147 158636 193258 774125 983091 -622318 -615285 -781415 -1191216 -1252059 -1294602 7866 88555 616365 -96877 1727520 358718 -211399 -573142 -798864 -394717 -323444 -153277
-208684 538302 -142280 -318266 431140 -498142 -1001832 692454 847614 -268798 -443250 -213988 864132 -44064 -666670 -24590 130518 -212530 1241758 606820 -504948 -886346 -553548 675632 -789826 -514014 318182 222738 -710048 -606122 -691522 -686112 -80078 658332 580980 91898 1515058 529774 189976 1200202 408254 609800 211844 -552006 -40130 856850 670134 -960124 156720 -455482 -88488 172554 311760 -935468 362558 -238020 228384 -652176 -836046 -73242 433148 103084 -155196 1202604 -539828 679386 169874 -684686 -392252 -130620 42330
683641 -294909 -259113 -1214458 276294 -345954 1122055 525867 -432411 1464056 825562 -671853 1147678 -330231 25680 302360 -1321343 1449041 -663164 590890 -93746 -71116 -49330 377140 1340303 212536 -104854 1051929 53835 -403147 -156335 711489 672281 -414052 -1072144 375568 -629147 350480 -423154 785809 548617 -122492 6536 -412714 -116012 -115108 -1414045 -274651 -245963 -988010 -980496 -1221482 -1049640 43894 710521 957702 507200 888125 415814 507075 422556 362054 -35837 -1691343 -529274 103061 1100456 960318 -167126 799500 384933
-489832 588301 -276470 -162263 -1119040 -975107 -899792 -97573 -298713 -2099979 433383 -388454 -1195906 1284478 -710933 -300903 2191051 -215225 647515 376902 -1391178 37565 -762428 152332 -679779 246893 621255 -1019423 -1615134 -1448971 -193459 -1588320 -869703 -233518 2127818 -850187 -224055 -407551 1504466 -1233413 165005 276926 358832 -231553 1424223 -323591 1984069 -627606 -538412 1301021 1478306 1294789 185892 332634 140437 -431668 1297026 3306 861825 -686457 -771432 -1580392 551584 827610 198642 651913 -1265689 -620587 976284 -1472950 -706643
-251558 327719 -104520 -124837 95354 -380903 -671844 398935 436455 -375035 -220241 -88466 318338 86204 -422783 -38571 342915 -215997 832927 292238 -389942 -484817 -313634 313820 -592793 -236287 200923 -36403 -608180 -480521 -351797 -607728 -158559 367902 543306 -30079 780521 322627 281848 501229 198715 297388 212318 -296799 120311 381453 606691 -633890 38496 -62501 147280 241413 272220 -448750 149399 -237218 234164 -365644 -353683 -186357 145046 -147410 -88914 811386 -270490 417553 -41503 -505123 -132382 -186374 -24031
-690417 184407 -304612 -336221 -119211 -903342 -684958 983933 316616 -203661 52816 -34674 557018 17824 -554611 91843 496368 -137325 1482628 184051 -592273 -685058 -83288 113245 -859329 -13440 52730 -77815 -1436050 -1087960 -237214 -1206100 -200904 451946 587856 50469 469334 1059924 586520 623719 268118 -91657 770300 -428394 322524 -10231 680997 -1390839 -113800 28933 270306 22598 444005 -292694 125847 -346513 621488 -86818 16425 -649894 174391 -586829 -470436 829325 -552966 558915 248883 -755929 -211963 163682 220985
945302 204424 446150 515503 352863 1183296 199469 -1362583 89937 -341144 -491246 -66891 -688272 166096 397323 -273858 -312007 -142009 -1583430 105890 509164 590009 -380925 286288 687724 -367266 255040 22999 1852336 1378322 -106396 1360785 88785 -299438 -174392 -197546 364433 -1650235 -655615 -506214 -228412 699623 -1203897 383899 -401452 652454 -251022 1764355 286403 -81139 -216289 449162 -405336 -143998 -27422 259523 -848167 -467518 -610228 971193 -156001 880949 832298 -242235 701888 -421671 -662931 639498 251945 -728188 -530633
36890 -581886 -252558 -659077 -313295 -421462 1109003 458201 -808507 1050518 939340 -180745 338204 -200624 245011 293504 -584427 939563 -387964 -129970 19532 256397 495385 -370044 861086 611124 -367154 370967 -401208 -478668 408898 148439 341881 -496318 -809748 213656 -1462191 602065 -12849 -146644 127858 -773771 432277 -39681 171994 -914000 -1007784 -355171 -366187 -158763 -324279 -926008 -544852 691658 146072 515213 524831 1088054 1041978 -154579 1329 -311413 -298566 -1509373 -249068 -176811 745049 622884 61239 810824 406847
-104980 -442309 218658 534882 492553 636137 332725 30788 184036 997349 -420831 588335 352650 -780392 521292 154843 -939816 -346202 -73807 -636360 976958 46184 740001 -453172 -57265 -66217 -506805 236496 808960 961069 357075 639205 328670 258496 -1115934 462207 13718 410232 -755303 411611 -358653 -423141 -17987 344532 -832301 -52981 -883631 330629 369415 -394832 -562409 -545393 313876 -24900 -441795 -90895 -942171 -113790 -448039 66136 311789 721379 -522084 -90365 20542 -528362 552702 41111 -582565 888158 445620
729307 209358 160422 -43624 32127 462729 233536 -816180 -144093 -356470 17041 -347046 -453356 355554 96528 -179878 -30713 273002 -1124927 347065 -40079 398579 -479362 350041 694718 -127061 309359 58590 876924 456587 -170759 737106 31529 -391732 121694 -249776 7783 -1149139 -184420 -443852 46861 522091 -739330 83741 61681 333536 -70336 978593 -15530 -5942 -50982 291361 -542631 724 227746 349605 -97756 -61072 -73828 643365 -186423 302729 712192 -450447 383152 -90916 -467914 564522 382351 -656568 -440430
112602 400541 -164204 -641718 661425 -426339 -553989 781186 757902 383013 -270923 -383331 1305758 -273490 -560544 82915 -529782 244304 874913 757308 -353966 -879604 -513767 796756 -266583 -501841 237063 657674 -405310 -488893 -729207 -213993 224896 541344 15138 286615 1378272 578996 -142663 1548521 546249 590391 99649 -632100 -255141 902891 10699 -869577 158601 -906240 -562613 -311733 -53868 -972360 565339 117097 191057 -413944 -845251 217590 638329 441203 -173562 586581 -681726 617584 602266 -286701 -534957 226102 202934
-567248 -273525 310188 1242475 -221584 654787 -215132 -545705 -11747 -443255 -537559 885274 -1016774 -122056 500177 -106343 508929 -1116161 46729 -1041608 712228 430621 696842 -851658 -720437 102447 -344671 -776687 462876 879021 629261 -56804 -314509 147094 8502 -80735 -300153 -124651 -56400 -904547 -744187 -485302 27866 687651 -239455 -429523 337179 611200 246676 773631 528612 510271 822742 422890 -905069 -667760 -828404 -341444 -44139 -424187 -355488 -82136 -243834 659068 577526 -601983 -556595 -437775 7800 -23510 -32051
-59302 -597209 -6610 87217 -416376 118821 933350 -158821 -784611 540367 555991 214656 -434598 -109730 517815 140367 -207919 302063 -671901 -581464 377284 600479 666522 -693914 580207 569949 -411449 -102563 150622 182117 661109 308514 124407 -493742 -642782 50095 -1482877 93239 -73924 -804735 -283939 -793438 172662 372205 67163 -960181 -700977 326530 -205822 313685 16652 -427255 -199362 864554 -299981 192800 284 766106 903503 -182463 -272620 -258232 -165052 -1115298 227006 -512931 182547 483915 200936 475646 192217
-132805 415431 -312227 -849398 522040 -829756 -678141 1158609 738387 344822 -105456 -440725 1470510 -225801 -747700 135922 -329697 314327 1341622 821986 -619734 -1067948 -517092 794312 -467869 -412434 239276 628587 -1013507 -985667 -763867 -672111 158947 610476 212772 286346 1326559 983056 126988 1668697 660701 473654 427178 -790614 -51110 762182 204315 -1404751 44001 -850066 -439746 -359016 27348 -959414 634757 50448 533586 -297537 -656184 -50619 655058 124756 -336843 700257 -885554 812211 715808 -483116 -544184 308616 291399
214972 -446023 161704 219234 273547 560987 700699 -190014 -185320 926793 -25229 274409 146118 -509430 532504 132871 -890740 114980 -649761 -417950 753608 301766 546093 -349398 498789 100153 -385735 292582 863066 793389 355719 835235 359550 -124680 -1052954 310175 -474478 20266 -652239 41049 -238401 -371895 -180363 308770 -554535 -215309 -1009645 566157 162253 -320860 -529481 -570407 -134998 223552 -225937 218823 -612295 229592 -30675 251276 143311 565001 -202714 -721525 117234 -517312 441430 452151 -258835 657846 282922
1080 448459 -226678 -394427 -931646 -705457 -329958 -311177 -493585 -1556141 611977 -577480 -1008494 1148378 -498725 -246405 1552459 258191 -104987 506730 -1171378 244745 -763942 259488 38659 272915 576909 -639099 -1002002 -1114605 -183193 -879094 -573211 -495614 1556846 -736105 -495875 -709739 1110480 -1155863 237143 317348 39542 -204253 1218293 -284813 1282591 -169832 -538998 937477 1036292 910299 -293320 396282 318023 -10298 1168496 254426 898215 -250633 -673822 -1181650 718324 45068 236174 477865 -1008693 -51561 968026 -1284770 -669207
-774306 53102 308772 1256544 385640 551200 -1018870 -3248 857634 -347194 -1178040 961258 -169868 -466840 135436 -91526 268370 -1521032 1079328 -775610 696810 -318082 485138 -427346 -1476298 -421592 -249736 -516316 261580 827264 151560 -362274 -271286 852880 100792 170278 1127326 420026 -221410 297234 -559296 -64356 143538 369730 -643556 368110 617342 -9712 570338 229584 239374 512948 1256718 -446864 -791606 -945812 -1085538 -1043880 -1042926 -427842 142676 350048 -554860 1767348 157540 -235252 -252660 -1044310 -571724 156844 147572
-162441 -642234 -142251 -34078 -1249117 -251915 1172598 -441863 -1500059 -203239 1198213 29368 -1359576 551465 491366 53891 726221 533057 -1028889 -640884 -134910 1078220 585237 -957658 820046 1051589 -287817 -625397 -428121 -404708 933502 -139748 -205881 -1038832 29206 -394221 -2584945 -273396 610693 -2007300 -330434 -1053101 322875 475210 869605 -1681989 -204236 381638 -641802 1134992 734517 -35505 -408494 1593486 -322038 222055 702395 1302215 1947655 -497477 -864255 -1174291 164735 -1590884 518764 -504851 -393328 641877 912629 -82430 -123773
900047 540643 -187888 -1042324 -144152 -404428 124805 -291302 -223075 -555571 574680 -1081411 43338 765242 -499742 -151805 219405 1036554 -803112 1187609 -982097 28497 -1142013 973601 953543 -94772 694384 346212 -98492 -720506 -665414 199751 17313 -523984 701316 -394307 126879 -977701 330637 -58011 654382 867154 -526305 -518757 657898 485057 243083 167606 -368563 -210588 -15583 215978 -1039639 -201844 921721 686470 941097 237834 254251 656147 -115834 -157572 938976 -675652 -62078 565928 -326174 640959 605994 -947534 -544092
393502 312998 366627 664581 360213 853866 -404691 -878112 446015 -567781 -745332 154569 -487024 82857 148265 -255653 47707 -595976 -568046 -229 366619 178640 -305342 226527 -120118 -466362 224938 -170570 1170733 1017639 -179727 638597 -97041 128902 180044 -146983 855405 -1023314 -388050 -160040 -237675 631005 -773320 265238 -371894 718281 276720 1060832 359325 24899 11542 611910 135323 -381976 -167236 -159213 -785664 -763137 -833261 521171 -54175 638879 466723 619136 474448 -196992 -627765 -7555 25929 -631434 -395510
-1096461 -986597 150620 1093716 -44676 394608 428877 435398 -190887 1110009 -261196 1312413 -90998 -1002314 817242 305159 -474519 -897002 668908 -1635447 1288967 212881 1706255 -1479991 -742305 455560 -1056828 -349592 35464 774310 1109394 -121737 105845 345936 -1246644 544577 -1001133 1375195 -412295 -214427 -834042 -1494522 811091 720579 -714234 -1126427 -768181 -213858 276501 309780 -57331 -638274 1042785 693684 -1156255 -628918 -975683 245134 258655 -893961 55202 14248 -1261596 68364 71154 -876700 649010 -460485 -647946 1500746 822664
445549 665455 -76859 -515210 199282 -261250 -599733 -49815 430681 -673470 -123486 -636457 272494 448983 -584448 -175818 287261 245083 87552 934172 -716980 -384466 -986932 914018 23307 -431796 608674 198503 -150183 -452393 -752605 -134699 -97019 92972 798496 -233814 1069213 -539154 221392 482685 483203 945920 -365598 -481928 273132 874550 630111 -129501 -30651 -276570 14174 428010 -327938 -673678 615909 166998 432318 -426237 -494176 417127 112440 84362 558545 477163 -163674 608499 -313384 -48976 160570 -795000 -400069
-685607 -282235 -191053 81615 -741697 -546542 90056 304272 -536506 -308744 489116 229876 -544334 229263 17337 68314 784962 -110076 484058 -476652 -252978 189527 435851 -629580 -341435 540914 -212346 -546404 -1031475 -679623 476643 -866374 -301998 -173110 367752 -166246 -1055306 556687 656229 -794947 -181653 -723879 683149 132747 561944 -957250 401971 -576956 -323812 762569 656989 101336 304760 705744 -314995 -286821 530059 507361 960086 -785152 -391863 -974191 -311181 -85762 32186 -46346 -145897 -288920 295897 95856 94672
-9669 366115 124999 167455 884931 233142 -821782 344584 1065548 224262 -906456 129822 935334 -490009 -267163 -15204 -538968 -509012 816590 277054 233308 -746959 -243579 525654 -693429 -712682 100634 387264 315105 383709 -551161 75176 142808 788714 -124584 329024 1764872 323917 -472125 1395815 137111 605681 -151817 -255231 -695160 1093836 99785 -283248 495038 -758159 -509677 -10000 423578 -1071680 94727 -245669 -618471 -930207 -1380536 255482 614385 837077 -244449 1185998 -349554 267578 320507 -527926 -715831 192412 162612
-1345385 -296185 -194495 401845 -269167 -660566 -573968 1071704 190534 88432 -131688 722620 226662 -383051 -119245 194534 524874 -779364 1836690 -760928 52766 -489831 802497 -740720 -1381145 245762 -468610 -463884 -1441993 -657769 398045 -1380530 -271518 615934 148656 229022 -96282 1648489 488951 248343 -256507 -874801 1181415 29421 46076 -656822 516457 -1411256 20596 419547 450247 -92084 1097116 150256 -581665 -794755 99849 -24717 205202 -1199204 72247 -712353 -1068183 1026790 -390610 72202 357365 -1089744 -439281 761552 550944
449401 -107835 -118081 -467480 -692378 -186928 777279 -509003 -930989 -322674 888112 -493873 -755718 638969 102678 -54770 391751 795915 -1138342 204794 -442842 672898 -222582 -50568 1013073 502322 168976 -139265 -50221 -387069 203615 209929 -62005 -854560 246772 -393290 -1351409 -757714 378606 -1151041 101351 -123328 -196892 62536 708666 -639926 -106235 483333 -489651 474096 322632 69168 -775844 772466 254251 498022 715784 805061 1126372 154081 -523364 -588746 597191 -1278983 317514 -78053 -384426 755204 786682 -505784 -349709
365791 -169031 371591 580203 815785 1026692 182452 -398948 465608 811716 -736090 410612 358634 -706381 489253 24782 -1123348 -362876 -525244 -315290 1028328 51145 334027 -41090 141897 -401952 -262300 393204 1496053 1399319 52197 1140650 387520 278538 -1056764 403146 643760 -246891 -1032151 589685 -286347 138507 -561635 315721 -1027878 551790 -869613 883938 533644 -646111 -756235 -334190 115874 -398624 -266271 41329 -1225793 -491639 -982522 574166 394295 1205095 -131509 50420 160938 -494382 334391 216876 -572965 502912 201936
736483 95748 -453049 -1678734 -85215 -913533 777012 582875 -513019 660785 1135523 -1158174 953556 282391 -449470 183099 -563315 1714739 -479047 1146302 -920292 -190134 -676083 788660 1314884 230515 319033 885533 -678283 -1241300 -495030 127082 405515 -562472 -139006 20431 -525633 96974 202249 567650 872754 250893 58663 -739456 548695 -15041 -658258 -646594 -532668 -713428 -540591 -786195 -1270744 -9622 1094188 1009721 1290979 936913 716039 433811 214135 -216681 352141 -1524004 -603392 585755 690368 864665 259131 98402 44693
73470 100993 -324126 -1044714 599209 -717859 -39845 1202204 445998 1071967 173157 -467875 1711070 -485516 -485524 273929 -950318 733694 881109 721670 -338256 -889958 -235277 646754 90445 -231541 18655 944668 -713800 -802763 -571245 -200505 448280 394808 -478702 482201 774884 1100086 -186449 1728453 662331 184527 410679 -725014 -241453 497357 -560153 -1244903 2845 -1124316 -828907 -897689 -285222 -728980 672695 369365 459027 113070 -412377 106038 752497 337627 -446012 -104805 -935854 585274 1145646 -42227 -633865 790274 507760
-1229021 -268814 129839 1117197 117100 121991 -779969 534958 567752 35229 -813439 1116893 -10768 -627139 175261 83237 289472 -1402424 1549931 -1076816 672984 -366329 935080 -830288 -1604754 -71823 -537547 -562278 -445313 357836 453732 -821203 -255338 839394 -104870 300777 467402 1201095 -4678 258782 -590772 -673140 731170 360019 -500421 -251487 447222 -645561 403417 361685 316700 149779 1405460 -88160 -925488 -1015520 -786824 -596783 -501517 -921478 132398 -81608 -1013887 1510871 -62916 -265278 122717 -1171629 -651520 690358 472218
-1118 -289494 263231 905107 -967457 625406 500619 -1354910 -955919 -1067025 278356 369599 -2069208 678449 625959 -250493 1083725 -410850 -1337158 -813937 251979 1239802 344484 -859905 332838 560846 -72986 -1044668 629957 647223 814061 256891 -460183 -785638 441316 -604127 -1612601 -1256752 345660 -2315872 -697711 -458161 -370046 826996 528222 -988415 398704 1401786 -232881 1393845 980184 821046 15211 1216028 -674084 -186875 -176578 358595 1048303 -163403 -1002293 -662291 567023 -558362 1075608 -717734 -1223643 364349 945727 -827306 -561464
963405 378574 271217 182658 -316515 695211 204546 -1534639 -392877 -1174887 64571 -453600 -1336040 878821 148830 -388357 594867 173533 -1776947 379974 -214396 834178 -770203 362288 882534 -73961 555489 -346457 1188247 624382 -126588 854796 -225847 -727656 677658 -645481 -252099 -2049146 46897 -1338272 -79476 757581 -1127413 277044 410355 288463 390440 1656636 -122826 524316 408341 890541 -691428 263814 178898 341597 -31721 -108713 166459 791709 -613633 69139 1260183 -500502 847524 -177331 -1213108 735501 906039 -1430086 -904649
185843 -184841 113609 217288 -186966 340896 417125 -489349 -364335 -20642 134704 81141 -525522 90487 317874 -39258 -1411 46709 -715338 -247582 239134 466586 167658 -259436 391483 183822 -83408 -145511 491461 397421 284897 409443 6345 -329312 -186980 -100874 -616243 -463354 -108514 -645627 -210295 -166024 -234864 288988 17774 -301582 -236073 629179 -47353 249056 76964 44936 -167184 402638 -167639 108818 -170620 213323 312512 125403 -243028 7178 194753 -505041 341246 -330483 -219726 346704 240974 -99376 -116987
873347 -112984 -256809 -1236808 -137265 -378717 1110178 37521 -733813 700753 1049911 -908256 437052 232755 -46408 137031 -667501 1539069 -1143979 756594 -467308 258100 -399189 459964 1557184 325879 167865 720583 29785 -570988 -173066 636680 426449 -766548 -449438 -12933 -957275 -349488 -57229 8354 554398 80659 -225851 -359690 368423 -223717 -934570 98296 -451370 -505314 -522593 -723647 -1276912 308694 793068 1012863 842069 978833 802503 574337 28061 -28319 464549 -1830550 -216568 157289 479018 1121477 369133 82362 -29585
659574 -279606 411868 532278 629494 1201280 624784 -788658 82080 808726 -466436 291008 -8372 -540420 683426 -3690 -1153232 -84230 -1246708 -334102 1071250 440424 330320 -121002 673354 -225284 -252104 372006 1842712 1566768 204156 1515204 429384 -100156 -1173256 285666 64988 -710820 -1076376 73562 -337740 80754 -795296 457640 -906148 320698 -1112002 1376818 412348 -507342 -735732 -349976 -224778 -62164 -240462 279954 -1176544 -198640 -619438 767988 191978 1171626 140500 -579798 395612 -681934 181366 644086 -291130 352452 62982
-423771 -749098 152847 542039 550036 510281 532277 482300 139852 1610905 -348065 835223 718792 -1166687 650415 328341 -1287428 -351930 310905 -951242 1234074 -71093 1213214 -771414 -190550 84267 -830653 357072 558919 905886 586174 518863 469990 394470 -1606330 728485 -256506 1119383 -871632 695082 -431954 -890036 372528 376487 -1034443 -372611 -1276710 -79157 396671 -538153 -756062 -993391 506014 90964 -606680 -152548 -1026802 95069 -333701 -211262 477818 720184 -1009907 -219881 -195028 -646848 1044263 -62101 -882636 1547918 824184
338802 741630 -23207 -343230 410056 -169996 -884240 36195 737388 -669845 -430580 -498616 442720 298989 -627982 -186267 222280 -30671 397082 897023 -600059 -575955 -974125 963165 -295970 -614738 596896 211407 -87539 -303189 -841593 -184896 -103896 350612 792896 -148593 1540490 -404325 115629 794906 448227 1047576 -360779 -494539 70664 1121599 729530 -212237 127630 -394098 -51333 482422 -92127 -932746 542610 3846 199223 -723547 -875605 401940 249824 273192 435337 920817 -223096 640667 -273578 -284597 -47710 -731910 -345045
-212056 -733306 -240767 -342087 -913477 -440660 1243733 115454 -1293923 499437 1197166 -2267 -560600 152407 415325 218641 127129 750398 -621296 -528277 -46665 713312 708188 -840565 813162 971952 -427616 -193680 -608017 -555509 812025 -128879 51617 -808602 -440872 -75345 -2316641 357966 382168 -1202372 -148995 -1136277 549974 258218 588276 -1548225 -645252 -121488 -567043 598723 276424 -559924 -424241 1318940 -168516 334913 695246 1356137 1719049 -494651 -482933 -911671 -191195 -1659332 117264 -389538 239299 608031 504307 501098 221508
-193853 34262 274684 1091669 -1049010 512391 -138389 -1410665 -667116 -1810990 5093 383049 -2318940 952934 358089 -393060 1714024 -820589 -892851 -698783 -42721 1066300 45015 -699733 -213406 378015 159185 -1361257 333908 458995 613099 -210675 -752418 -578806 1148042 -809098 -1059080 -1396370 664987 -2385138 -693113 -154526 -365133 757376 729331 -716186 1172322 1252256 -196361 1671037 1374151 1370149 314643 984418 -701752 -498452 -91541 -51890 807652 -309918 -1105412 -878282 693838 240750 1130584 -484785 -1666455 -67968 1047844 -1329812 -789949
1275720 395991 -438452 -1988673 -46160 -850345 787900 209979 -523503 322237 1221061 -1610470 859042 629304 -608707 56925 -510299 2064547 -1050619 1675664 -1238180 -107391 -1251478 1278006 1773367 78451 675037 1025949 -369572 -1269927 -826599 441828 414831 -789250 161534 -181323 -291517 -621111 215400 498161 1104273 789618 -396422 -894529 728237 374833 -547417 -259232 -606452 -827133 -581556 -571853 -1738794 -180862 1470639 1310496 1495892 877484 629513 891657 154064 -92760 898750 -1743876 -503890 765101 409609 1199893 535496 -460494 -291543
-50338 -450888 1869 -125096 681672 166002 471764 676341 243450 1594933 -141034 278664 1193948 -973695 283404 320431 -1407730 196315 283244 -253345 729293 -338489 641263 -163183 140104 -68452 -512150 729837 330561 411049 119429 513900 571090 338080 -1379444 685625 136412 994981 -778859 1174064 12689 -424300 249337 -39965 -842710 37201 -1241660 -350033 275258 -923620 -962781 -1080052 54117 -254638 -53932 182838 -548705 134017 -429035 88026 642696 766216 -734719 -389355 -469156 -230567 1173880 125181 -820510 1318926 714417
-58952 10372 -13492 154169 -708621 -90270 99739 -512587 -556179 -868486 370920 -56409 -1061728 623554 50325 -150176 929749 -29025 -449404 -146618 -330240 518691 -87125 -265932 121568 345020 138422 -596861 -229970 -233610 264112 -280317 -360191 -458266 673940 -454824 -841823 -586665 543909 -1230778 -164048 -134549 -35645 216581 638398 -537384 564478 346469 -298211 838639 719711 556324 -84204 621010 -140214 -73897 396345 284244 767154 -212127 -592897 -711351 391900 -227001 431032 -88115 -732785 98664 666277 -670288 -389069
828217 387752 2864 -499491 -89542 64219 170417 -631281 -203842 -540548 287873 -709001 -303440 606438 -188619 -187694 160050 624747 -1024015 753831 -514239 260282 -827587 650553 828268 -106813 519909 152227 429480 -98529 -405129 480311 -4680 -484966 463626 -359992 43654 -1151384 91821 -346924 326283 711354 -670823 -187998 386075 401936 135676 648556 -196147 -47539 17233 319397 -790399 -72078 555086 505500 411037 74662 107162 658472 -195756 52706 873402 -553162 213860 219547 -476611 610534 541828 -875760 -536753
605713 20268 83696 -296529 592836 350427 322563 -65167 218264 732884 -126979 -238599 672504 -337766 87431 60798 -980276 419561 -529819 352667 281553 -104592 -168321 413513 591896 -274481 25765 651569 791876 465847 -270789 842345 417842 11734 -689590 265732 446256 -213802 -633725 729404 200559 343644 -434597 -130804 -495269 534652 -774388 361082 181803 -784093 -749997 -473007 -440911 -404746 317782 433022 -330101 -73274 -524158 639530 388726 802656 118546 -452080 -143924 -35851 458795 466610 -297846 281096 104237
-466985 704620 -8890 529175 -1033590 -386463 -1220993 -709165 -70650 -2611810 -97701 -73935 -1778896 1344760 -527409 -477644 2450986 -856125 403343 102871 -1058607 245064 -761627 42873 -984088 35645 670007 -1368401 -943250 -731145 -124529 -1341807 -1046132 -126082 2317454 -983598 147298 -989994 1348089 -1610752 -159821 487978 -21755 87320 1218409 -72438 2313016 65978 -299921 1581511 1693505 1815091 501801 255394 -194706 -725164 704757 -501168 437784 -562428 -927208 -1331622 747556 1386804 613468 411655 -1802393 -781932 1027180 -1871860 -951269
-236315 507681 245928 739677 448999 393962 -1200914 -203329 966044 -807327 -1073028 347930 -79802 -33404 -234557 -227223 420788 -1089015 747376 -4715 126913 -427374 -306412 278051 -1105863 -651748 235322 -313573 296094 504736 -375954 -254452 -292828 701382 626872 -59657 1624982 -218644 -75452 450505 -164838 643845 -254632 30514 -352800 923507 921259 107775 458776 34163 215610 775150 756299 -796514 -243071 -633619 -664476 -1167042 -1203341 21650 145965 398961 26816 1716899 113430 165097 -518331 -809139 -299377 -509818 -220501
-514777 120547 -162827 82489 -840559 -568202 -352136 -28096 -385518 -1127448 358812 -9764 -903586 681625 -245249 -125994 1354966 -227876 408334 -121644 -654678 177641 -109379 -269804 -460125 350438 168114 -760508 -1048677 -813481 176813 -1024794 -542730 -199162 1104008 -474554 -601758 -37183 929987 -1021253 -77947 -207865 403595 32645 855936 -585470 1072117 -390492 -358028 984863 986939 684064 251376 504048 -148805 -351931 715533 191943 797706 -638856 -563097 -1109665 137509 346938 189750 197098 -711103 -394504 592263 -657040 -306032
460894 416622 -520058 -1580801 -487155 -1242582 185243 502537 -473291 -366874 1118436 -1228377 411668 806900 -773105 17608 445429 1399643 -61500 1264614 -1459588 -238871 -1018115 866556 808010 229348 603822 378055 -1305500 -1743336 -616786 -596657 -20119 -531078 859388 -345584 -354847 -97315 822651 103176 889310 452201 178833 -810565 1078690 -13992 343196 -887515 -673051 -135807 134949 -99088 -1029548 9162 1079140 694057 1698195 730818 874370 125221 -93931 -820625 569374 -857501 -487988 869453 60173 444052 612971 -597176 -283649
144657 282119 -64015 -402132 682984 -154882 -410363 565795 695835 470650 -355594 -220831 1121790 -361321 -355810 75322 -638417 121953 621316 537176 -85348 -700720 -335550 620554 -198677 -473832 132034 600029 -57015 -133621 -568149 31911 253735 492896 -194032 311662 1220975 440600 -307390 1358713 380907 485622 -11392 -446434 -401212 817914 -158181 -546911 228283 -847608 -593540 -320834 -10602 -851578 396241 95140 -78560 -421193 -859376 269769 589182 575804 -179291 484653 -522346 400413 556298 -198164 -544732 292096 210737
-371632 -32956 -584886 -1142687 -888265 -1462046 247939 899779 -742827 -213168 1233008 -628529 133512 580520 -544571 156290 775717 949481 617792 453012 -1194574 -152031 -212763 36654 217728 640896 138942 -65239 -1968500 -1912992 -16438 -1236237 -182671 -419674 715412 -244050 -1134267 770769 1084203 -315826 515426 -431401 888841 -525805 1142526 -870946 411006 -1398813 -735071 389255 508273 -219152 -414042 558030 502626 249223 1663243 1013314 1413856 -671295 -261349 -1373883 -82118 -700071 -491184 600771 200719 7886 508917 -36092 62561
-639390 -916636 -34178 424513 -625187 12332 960495 134475 -913153 715960 572442 666335 -561784 -332820 692701 244898 -59753 -48051 -170854 -1163838 625288 628851 1253197 -1267924 140656 818766 -756684 -375587 -248116 134878 1070468 -92821 38503 -367394 -812752 161938 -1941953 731759 42247 -1005886 -554764 -1400467 655537 575585 32960 -1505902 -702222 -22067 -206151 617659 217753 -544062 260324 1193814 -717038 -128607 -103305 914802 1189540 -716473 -341939 -561441 -655694 -961573 208712 -715629 327779 162990 63523 923676 464701
-915993 -283083 -283031 -204001 139845 -750720 -258500 1371850 291844 827250 22226 350964 1060618 -635491 -212279 318992 -285744 -151434 1652060 -295096 23350 -733537 608201 -313492 -842907 112680 -430736 199186 -1266377 -746495 99871 -948854 107628 606850 -372420 480216 157336 1796847 138355 1044113 96055 -663545 1061167 -277689 -189906 -321092 -139761 -1564908 34072 -318091 -197469 -666734 621880 -176884 -136539 -340415 200653 129019 -15540 -792134 455867 -259861 -1066155 501538 -740790 232800 953019 -712022 -689621 1122388 734038
1621384 100384 307843 -238892 55582 1021436 1092828 -1630509 -632816 -93897 339120 -700972 -792956 513159 461112 -237435 -555772 926161 -2715150 550631 172049 1024487 -665215 500021 1916016 -32322 402328 344951 2001819 1066669 -106963 1880632 299884 -1031344 -362456 -352065 -624986 -2215035 -610121 -968532 62777 720866 -1474881 265111 2412 329303 -818664 2132055 -100182 -173244 -392035 116586 -1369871 304166 454332 981060 -235083 308355 179003 1388836 -343998 723266 1334603 -1689959 763020 -421497 -591352 1546895 739564 -895806 -699013
-13781 395052 310752 810989 231420 608289 -824831 -636813 599184 -904444 -864857 307203 -553640 143310 -18747 -273934 487852 -936997 72319 -108023 205531 -15064 -268171 131635 -681904 -474947 230783 -428733 646620 723989 -181343 69507 -302050 350786 566750 -199628 1053352 -693622 -93967 -151700 -280163 559540 -476407 225740 -231503 667004 769004 631454 358201 265321 315969 842995 512235 -435806 -299078 -478470 -673399 -928846 -853378 159222 -96510 332624 282022 1203216 399316 -55537 -750511 -456114 -8354 -696216 -376521
-689775 173197 -326089 -282211 -645943 -981770 -537198 609474 -138140 -784528 383268 -114890 -199070 476919 -507937 -7202 1129280 -76662 1084018 102108 -843670 -283323 -151207 -71432 -681067 263610 151938 -475630 -1593251 -1277335 -40241 -1367468 -436984 72062 1037200 -277594 -217756 618301 973127 -283295 169831 -201437 735011 -280379 801796 -429398 1026231 -1124962 -355062 616379 764051 379920 315628 189828 56441 -345531 946749 182469 628382 -777098 -258565 -1105521 -167065 550396 -245894 490440 -253703 -617724 291863 -306600 -57898
-222793 484146 113146 269952 928695 129633 -1188012 503056 1302127 22858 -1101959 216414 1004412 -496690 -409808 -38694 -338461 -770666 1271521 276769 153417 -954285 -288474 566329 -1100366 -825061 139895 286378 71200 267767 -644331 -234050 36229 1014812 112702 326672 2138355 512317 -359644 1575904 138633 679179 -27106 -317195 -695407 1235888 421060 -544499 559410 -716654 -393318 148953 683113 -1257956 45518 -456707 -630076 -1165012 -1587932 101497 664361 775521 -351676 1690285 -428488 395224 263638 -849998 -813897 138712 171310
444299 447544 -299982 -1053872 -125111 -729145 -79446 270752 -74385 -333544 539399 -890992 405088 535690 -607804 -38460 226923 870210 -25273 1026073 -993475 -285361 -887440 813433 483344 -53579 525161 342226 -688108 -1049167 -614149 -294036 2049 -237036 652314 -226814 230143 -224215 449894 319142 662735 589649 -55496 -616695 611947 344058 315398 -510037 -348732 -256642 -6352 31659 -694743 -273644 817168 465599 1021606 236620 239122 261993 38923 -328009 486600 -329193 -346028 673196 -8594 254236 336205 -539668 -263138
532933 -336337 -57024 -432359 -384215 55436 1087176 -402445 -878204 380295 802766 -347704 -364966 217336 329427 63011 -281548 874169 -1268486 41489 -13151 654294 80098 -157889 1200303 475330 -65648 167031 349282 -2890 308192 634438 208176 -782026 -440708 -111295 -1374662 -518744 -56278 -775769 43292 -297301 -223162 134734 286758 -628587 -742411 587157 -345330 92379 -122156 -381468 -807737 720686 188291 618263 353578 865222 934977 293890 -286441 -161145 358988 -1566611 225714 -285535 59497 925751 471901 26762 -84225
850777 -84050 -399647 -1604890 -139699 -718721 1127430 385085 -743037 862825 1250375 -1099316 786520 230029 -224702 206563 -739245 1817609 -897063 977978 -709984 61890 -495895 609420 1610710 360187 204301 897907 -373449 -992814 -300728 432024 486289 -749568 -427854 40167 -943795 -51090 58149 303456 762112 78781 -37569 -579804 484199 -228481 -975160 -327932 -552390 -673808 -612823 -916503 -1399272 232334 1004970 1124261 1165963 1131343 907315 515685 137799 -147693 383487 -1941798 -464236 363017 717792 1118213 322895 209690 65875
8695 -383662 -297541 -798654 -105277 -574607 767666 707991 -478555 1014163 764873 -276980 711736 -246609 8406 289921 -618651 894387 25919 119826 -140508 -78046 280499 -89496 618250 399725 -249645 506401 -596139 -661230 133740 -34000 347271 -252400 -655314 270437 -868877 781198 3519 355232 293220 -523101 475189 -252336 114665 -555859 -826712 -678416 -292762 -391000 -419261 -902641 -464884 314778 303830 462435 579409 842029 690809 -129709 193113 -206467 -347811 -1103950 -459364 68635 846536 408871 -108983 788430 432337
-662552 534039 119529 902738 -597141 -57771 -1309127 -515409 299820 -2046532 -554135 342891 -1367066 788067 -328872 -385144 1899268 -1250401 741859 -246233 -485729 47507 -353170 -147239 -1326949 -145403 384275 -1211505 -585129 -195874 -26564 -1131315 -875038 259160 1731386 -646826 567604 -544495 893972 -1053245 -347144 325753 46976 215903 625015 94826 1941101 40076 14953 1249480 1334904 1533505 884685 4594 -468923 -919143 69158 -792799 -106612 -589764 -617925 -830335 314107 1738260 511138 203357 -1416958 -1001514 513619 -1298016 -631353
-475212 -592145 -308188 -259075 -1320898 -716513 931614 63849 -1405709 -214543 1296321 -13604 -1053374 545220 239603 120037 906695 552597 -357959 -546240 -422152 765183 570140 -915782 487607 1085295 -283899 -621097 -1138184 -963175 839629 -694466 -269839 -861790 245854 -352363 -2459059 271735 884366 -1704995 -182795 -1142384 715244 259105 1034701 -1742159 37443 -308566 -723870 1121741 827510 -100425 -250886 1495326 -237541 106350 1043298 1342332 2026421 -806357 -774130 -1468062 -75154 -1316798 230254 -244485 -212045 336861 814514 54642 10835
-398051 -322925 379406 1430835 -756881 829940 89074 -1231709 -565138 -1057227 -229510 829298 -2010550 374114 698389 -247855 1091174 -1061903 -760942 -1194773 607515 1046098 644542 -1087391 -340389 391242 -247312 -1212645 687580 988016 905382 78152 -533390 -366126 364588 -456957 -1132624 -899256 208694 -2063737 -938502 -568143 -223058 974206 186414 -864009 567861 1284201 29776 1421945 1012232 927076 598433 1011214 -1034493 -603215 -668582 -63596 585095 -396100 -877123 -483959 211490 194561 1072722 -828783 -1197625 -116151 607691 -598922 -403941
777419 71569 113323 -143112 -266984 386366 574327 -943227 -540059 -386326 364942 -422317 -754654 521661 199206 -167734 105009 510159 -1471448 274776 -119436 672940 -402722 183558 1008029 129004 274866 -37765 799155 327237 17061 762349 8337 -695480 122328 -356666 -640135 -1281724 -43482 -920561 16197 314730 -706936 164814 299176 -49190 -165139 1100459 -197303 224476 88916 255598 -743414 382170 222463 480204 129152 297677 424780 590047 -392214 33364 814143 -944993 499642 -189061 -551654 802640 636716 -708360 -493657
-414689 359736 -98503 229757 -982702 -477731 -623643 -406776 -350904 -1788683 250215 -94913 -1366164 1031571 -341207 -286435 1840992 -404366 234485 1274 -856854 294413 -419520 -132506 -545396 260967 404527 -1024476 -953419 -780484 67168 -1091037 -754774 -270006 1629846 -734315 -421414 -566335 1123886 -1401748 -105392 92734 167326 71409 1070693 -417803 1567944 -95585 -378033 1278049 1306440 1174329 256626 476684 -137942 -443190 763968 -24045 748947 -558126 -773972 -1236646 482487 632919 419840 267192 -1225043 -453145 865166 -1239594 -628572
-234131 244574 -152897 -404872 727755 -424665 -648260 1037485 875913 613355 -431053 -68862 1443696 -546337 -476748 158349 -614303 -49103 1314225 434008 -113050 -999734 -164583 528866 -636994 -480045 17213 597167 -549919 -408380 -566618 -398418 229791 768140 -190510 446957 1410727 1057474 -205475 1721316 400390 307555 366219 -547048 -448217 766261 -46332 -1125016 262744 -901802 -583223 -438863 297990 -969458 321662 -108305 -21929 -481067 -938555 -47373 734269 454093 -545435 858246 -768260 519345 801918 -557469 -783827 597166 430151
-525873 -142107 -124093 114816 -517264 -386114 -65653 205197 -303831 -340354 267182 184039 -418150 190941 -29162 22854 651029 -177865 436408 -329444 -207136 93576 265474 -420054 -361087 335180 -115966 -440757 -759445 -484155 300741 -686439 -262395 -65000 370792 -143190 -613883 376968 501378 -551573 -137355 -454662 479660 88114 406384 -610450 417745 -428125 -205027 577044 523584 169334 289902 439882 -240789 -271620 356476 260797 601288 -578997 -283382 -701940 -210217 112383 32722 1195 -176134 -296020 206428 -8832 33687
667069 -437124 171394 -38323 220150 672851 1091741 -513567 -456318 969954 240401 -24877 17312 -330984 603461 101732 -1048978 554721 -1372179 -180531 673499 559976 335215 -180413 1128816 165527 -265707 448437 1218922 868661 310957 1271907 465812 -473366 -1145750 212782 -790938 -489310 -738133 -201768 -133127 -220250 -497265 300664 -447621 -213642 -1279568 992694 46877 -394355 -649005 -635671 -618285 360630 -3998 573060 -478529 467632 180928 599052 51248 651062 154268 -1356924 242724 -563603 368157 936196 -16740 456468 120633
278175 -622530 -70785 -347060 -229019 62297 1261428 -37147 -843097 1013719 762797 -70450 11232 -215177 494752 219265 -716105 805477 -957069 -278454 337488 540916 540465 -444044 1069534 551929 -384261 315995 293109 112142 512372 645506 374505 -609956 -991810 176013 -1509443 97440 -279415 -436848 -57316 -691651 65115 197702 -20575 -835515 -1177504 311554 -250500 -112394 -380031 -811221 -603256 761430 4758 553157 125947 974065 900797 106061 -85917 -17885 -100439 -1639672 47396 -443071 535534 837183 126223 673934 279275
1223891 454518 95073 -609829 389854 369263 259877 -700810 68318 -103465 62773 -824413 166256 350707 -145613 -169249 -496050 783320 -1308589 989534 -283258 136571 -968948 966150 1111274 -378807 556837 577166 1036341 306834 -633842 1053803 260116 -388234 33258 -171841 551652 -1320281 -376530 227174 441022 1022062 -1007078 -269997 -19469 887095 -314898 921323 -6793 -601905 -494568 69443 -1004302 -452176 741368 732590 82376 -118285 -413211 1111856 100656 677822 950379 -667621 126604 204378 -205849 842697 286026 -722758 -481642
-779011 245666 -274346 -59688 -749647 -909617 -728944 435392 -106379 -1144734 263959 -22682 -509540 609610 -512080 -84470 1446145 -324598 1117423 11915 -865413 -215359 -184426 -133021 -881166 241989 204361 -708786 -1584496 -1209503 -8349 -1487426 -587569 92820 1302002 -396948 -158423 448143 1088704 -539108 66207 -154059 692750 -191065 881511 -425796 1332768 -1004925 -336286 859126 997642 664559 469075 223652 -64482 -506221 889328 37148 606256 -851309 -390137 -1214329 -88916 822907 -100224 468864 -537350 -758046 395929 -545920 -184374
-1067013 -623607 -280663 21421 -483705 -717660 254090 1018784 -414634 625002 474682 520314 205490 -383687 117719 313732 153042 -109512 1128316 -779072 96290 -128483 991543 -907496 -569775 615096 -615604 -242140 -1333069 -741427 647927 -990496 -49386 133430 -347916 267588 -1101766 1587501 403925 -89351 -200737 -1221247 1180205 81657 172146 -1170184 -168993 -1219950 -217150 362311 246945 -566662 566756 646504 -451995 -351469 361415 663683 877788 -1075252 -25619 -808511 -1001115 -129148 -367230 -123234 635973 -472594 -243775 1044524 647240
-244057 -669108 150403 574694 -168103 475063 734400 -214333 -491395 664341 105215 606166 -417708 -414197 689622 137855 -376955 -199629 -465443 -925994 817812 543278 944253 -890196 195132 412447 -580939 -178747 503617 699156 769954 427454 134347 -208256 -883846 197747 -1132129 223906 -347247 -633014 -525302 -864059 145055 565412 -327813 -824317 -750538 482754 53928 267888 -67887 -393903 195824 715114 -613396 -72175 -559037 422821 469139 -229597 -160441 58607 -396671 -656608 302928 -714253 214884 237301 -85309 689594 310877
-1032526 -99032 -78010 435431 119083 -360772 -744259 888025 538805 123440 -469314 636893 456144 -474592 -157229 131830 216237 -834369 1665750 -522562 170392 -615291 545043 -402964 -1323892 -78734 -330140 -244833 -919160 -288482 126568 -995095 -165987 759410 62640 287926 570693 1332521 180649 651234 -183752 -449933 818151 -31713 -241280 -102490 438554 -1111729 215675 73005 173615 -41482 1019492 -264142 -449774 -719849 -208623 -386934 -367748 -816475 261971 -217719 -896286 1242305 -384464 116441 350893 -1029390 -592539 634372 466575
420302 670471 -417304 -1330928 -193047 -1071117 -351409 462260 21396 -631505 620215 -1126851 527226 745954 -909270 -71187 508136 979370 279435 1349924 -1407518 -497074 -1206363 1083088 358915 -115419 727801 344536 -1136378 -1518727 -858193 -649821 -96270 -186260 1077310 -329615 492842 -173386 725729 472671 874943 807947 35349 -854654 865301 501677 681045 -870101 -446347 -253234 124739 177977 -743328 -443788 1042765 464321 1394969 185012 243287 207204 48329 -545893 581774 -105423 -499114 983886 -85476 111717 420107 -782806 -358388
-829187 -118630 -349998 -369605 -164426 -951871 -320907 1200575 101572 302820 249371 107111 704036 -221984 -370449 225686 203384 -4129 1492615 -76939 -377429 -614334 303307 -183353 -731442 197293 -208913 14199 -1518086 -1087441 17927 -1157237 -66702 392390 138790 216896 -23588 1455004 484787 630346 193379 -509014 1003259 -348146 223797 -387456 252494 -1534146 -154779 -26013 123763 -360513 446071 -42358 9296 -287692 596815 229600 289626 -802562 220784 -620250 -756208 433684 -636672 387503 593791 -652426 -330500 644840 475059
-865259 -919944 -81458 424567 -531000 -136773 771887 452695 -732908 839870 470037 764517 -286072 -487768 603439 298732 -101456 -174517 302193 -1205187 628943 393778 1344661 -1286313 -161644 767635 -823971 -338153 -522926 -5655 1033709 -339899 42662 -147402 -836806 274030 -1710544 1137692 63309 -676968 -529591 -1471312 876141 493958 -49709 -1463514 -646792 -396496 -151405 519483 175353 -632971 469111 1048002 -751118 -260474 -111279 822684 1047644 -887210 -204502 -570260 -899984 -669422 28588 -626245 514979 -82988 -137278 1137124 616795
426649 261994 32648 -315537 629482 128333 -174215 135481 516284 377058 -309001 -276157 789068 -238426 -191957 10136 -665656 209221 12743 526567 18057 -400664 -393767 610669 153198 -441027 178955 563145 409024 177149 -498507 419855 271162 256254 -253682 208542 984032 -68154 -419347 983906 303321 564294 -319691 -300524 -394239 796590 -287298 -7092 213877 -758473 -588535 -227393 -225355 -694610 386016 235756 -195611 -360098 -769528 507158 445604 682114 93614 157310 -275352 232833 343355 101148 -351196 79084 45213
