-1391492 2425272 -1463783 -2234230 3475026 -3670844 -4043760 -165983 392821 2690496 6097121 1679336 3179271 1072431 -891624 -3082911 -1387955 -5336559 7011062 -541323 1345683 113093 -1014456 3094623 -1991380 3979709 4298653 65368 -2612649 -946626 396289 -3295652 721573 3763982
-3389235 1471088 117954 -2308528 -94730 -1612154 -1246443 -836085 1186670 -3088495 2598 173455 1642141 986926 -459703 -3214694 3559962 -2302122 300039 823281 -1921589 -1220263 -436224 -1514439 -298058 607332 -4229011 -827136 -5373915 549561 3024674 1136129 930821 3157576
922372 -83080 3964522 -2076974 2345908 868138 -2635676 665667 3138641 1796500 3702688 1362328 -544717 -659986 3068783 -1199106 1786420 -837579 -1132593 -279818 -543312 4129487 -276241 289399 -3469817 1075202 -1090361 1521615 -2019898 1058183 3399482 -1079806 1580783 2885698
-1923952 1719628 -3731553 -1482968 -830053 -2852544 -3884364 -74565 1027874 993664 3679176 1461146 278871 520327 1609533 -2973979 2346738 -767909 3345122 -1859804 -145032 -2549155 -2197928 321794 781451 -1501636 -770405 -251067 -1563485 -1901080 2438840 321615 1949828 2349533
-1810982 -1098154 3250350 -293025 1375442 -103930 -631543 1069771 410234 1632459 898625 1616515 660755 76448 -599288 114199 -805674 -2925049 -1637829 -14159 1531869 640090 777995 914297 -189564 3596384 1580152 696773 -2768172 105128 104016 -138730 3632528 -960415
-783544 -25141 4508828 -511504 819620 1209877 4216043 4570581 -1187133 1310177 736606 -47766 4121970 -2027145 -257631 -1306307 -3464623 2453343 -5849525 667949 -4229150 -1377179 -608752 -2281910 -1956881 1949666 1097732 4332276 2156982 982814 -3175471 241255 1693601 1457906
3047792 547316 1264169 3425707 1584212 1075484 1473608 225495 -1703089 -277393 -268275 -3401960 -2979992 -280032 -115513 1914776 3208814 3840478 484589 -418828 4430391 -2392069 1509585 -1368117 4846798 2462389 -761883 -400381 3325126 2672148 276732 -3649574 -1669824 1011342
-262514 1486643 1399633 2943903 -64987 -1723507 -2240813 -325334 1097400 -1582644 407527 -280303 519639 -545796 -1047270 280559 671142 107786 2078920 50898 1835321 787801 -505576 1506245 783538 1870869 3329357 -1260921 2027317 1153601 -233153 -3573693 -1176761 802994
-2142363 -860549 4019683 2094717 -36385 2011835 1265604 1027312 1330545 2474831 2888881 -149498 2078838 -154275 -4037067 3051534 -3916291 713953 1775266 1568435 834709 -2194696 -905823 -2187699 -2114098 1595236 720091 3269207 944902 -168306 -4761134 -4337165 1546340 -1468502
52254 -3685359 2596701 -26321 3187358 2344120 -480795 -419135 1693947 -920866 -1803352 1461774 -1767458 -1274884 2597768 947360 -290852 -6668 -3551771 -48520 -147686 6784833 4945120 -1684636 -3634397 6066 760565 -3104483 -1980145 193225 -463905 -994056 -229701 -2282872
-3680789 -459773 -3248029 -983723 810216 1971834 -1722098 -1264764 -335520 -490899 -172983 -237653 -716011 -1744862 2753939 -2428446 2380588 -515241 1177172 3502942 -4774727 213136 924237 -3770666 524093 1205441 -385104 -818569 -666671 -919649 3384926 3864979 -969481 721185
-3725666 358062 377031 585954 -717519 343160 -3015009 2193673 3181059 134543 -2504340 -848659 -729693 -1654212 -860367 69422 1684416 864545 -884905 1878238 -3033504 47090 571130 1243981 1594036 544391 -1364052 2255709 2464083 -1093463 4374697 247053 1842352 -2868297
-793300 412293 -1019937 -636324 3101890 1088381 735066 1217974 1732398 544629 322221 -1302412 -1062409 -596725 868161 565577 -1252870 -1327880 1313125 2845544 -2178598 2144403 1676753 -553537 -2451294 -2644851 336987 1591912 -1036187 -3197587 -1643540 -236092 -1420087 -961778
-1891054 1490950 -90746 -1611237 267514 1526643 -257081 -1471981 -163668 2762974 -4145727 45123 -721053 -1636 -2531094 2224314 1777181 -1253112 -333489 5521934 1437171 -2373700 -381596 -2954292 1650000 -2186438 -619216 -2911273 -1884710 2688081 511585 -3004007 222125 1583757
3988963 -2666575 954623 298724 -1337066 -2248771 1968570 841402 1092722 3596324 648961 224517 339461 1732139 -591347 1430530 672343 -383138 -2110159 -1500264 3343052 -49055 192342 4387224 1899107 1063954 1968760 -601370 918483 1976654 -5138994 636242 2362298 1545910
1475559 4172608 1433528 -1580494 6356405 -595650 847639 2597706 -1803239 817751 1599287 -3275475 -162937 -2119910 -636579 -582646 1617170 -292041 2429910 -1942823 2430996 -1112187 -1918752 3072283 1931915 1495491 5108165 -2768518 442592 1559423 1726737 -4119070 -2141954 6014915
2725391 1574316 4988666 1098329 2710559 37474 -1660588 1481276 -2142888 2030073 -550972 -2383208 1097 -617964 411420 1288721 1443344 3243988 -4385460 -4787112 66955 1248969 -1802984 4657712 -644152 2770173 -496108 1409770 3999724 1361655 -772363 -624324 -1832456 807392
4775167 1099820 2096029 3934664 -1039614 491865 4830953 805582 690195 -105783 -176898 -1777603 -1718312 -1544555 -3094991 3018634 1093023 19790 1578658 3126905 945914 2022204 788643 -202671 7564 778718 3698190 -135502 -511829 1223371 -1282493 -2019772 -2791892 1194797
-2261623 1030988 -1949890 310439 -1873922 -27199 711166 -713705 1032895 986238 -359144 497000 -643971 -1553154 -676646 -2360928 -195068 -373889 2466219 1978996 -552234 -891859 3669209 -1752881 1150068 -2643151 -5389086 1693918 -1425557 -1301945 -285777 -982741 -940786 -77964
-2799491 -1756667 -135116 3616210 -361048 3928747 1514777 -2494094 -986490 -1201849 -3121518 -975306 44701 385327 -886272 3853611 -2825514 3162275 1431200 3235519 437941 -638510 2984357 -5304433 -1492140 2586 -1209993 -29300 1225274 924744 -1396950 1073737 -2088462 -2171305
3446195 -1462225 -824071 161705 1576146 -417572 -755849 1160044 1895297 -1782352 788751 -1967260 328034 594356 925482 596160 1549423 -790234 -219523 -1159624 1912507 3101733 4011163 -3252715 1919282 1612948 -2364137 43229 -1490485 999203 1173591 -2262299 -1897657 3466344
-469205 -3530397 -262502 -1921382 -830453 3633540 2045486 493150 811887 -3698870 -352205 666304 1906400 -2051990 1084774 -489102 -4854008 1909369 -50857 -14209 -2775709 -842437 -573501 -2654574 -1644282 -1301757 2344854 -1342948 -444126 -1720624 749225 3622119 2000705 -1921397
-2088357 -1409137 -685253 1903556 1758697 1383631 -2908406 -2073664 1769322 -182644 3433175 -570434 5350604 -556148 -1085348 -1640843 -4723851 1466933 445070 -2596655 1853580 -4627185 -2002890 -472782 1419395 337394 -3472581 -914404 -687672 -1671796 -2337959 -1102612 1387883 -838518
-1358587 -954099 1993608 -1255069 416845 -1056718 -2731098 1440940 4674208 873115 3037800 1929047 552979 -3103501 2507015 -2785049 -2032313 2313219 2720239 -2173187 -4700551 44383 -1376532 329403 -739503 2030201 323036 -381714 734619 1046345 717728 3888499 399837 294010
-1072044 716300 1639221 4086749 2106238 2806518 3837646 1015880 1574849 2129639 2654026 -1296484 -3049165 -5147052 360938 -1499477 -1179065 2658002 3270037 275042 -1830742 1740105 2332978 690842 -159554 2868676 3176790 545979 69043 858095 -637256 649246 520472 -168738
-3371246 -989617 -2586958 -651525 81129 2362193 565791 -203008 -1651047 1663094 578711 1230906 2049375 1373086 -236388 -883651 -2531020 -1530028 2096598 2996352 542345 -1729405 -554474 223557 -2181095 -1161088 2834115 569900 -3615291 -3623200 -683318 -437966 794958 -3623244
1577591 -2097320 -5155665 -259332 -990829 719086 1226874 1049084 2199810 4760100 1078896 1881156 -1081960 -35733 -1694613 352849 -1237376 -1838428 1154664 1045175 1733257 14442 -3337831 -2289281 612167 545084 1146531 -2330137 297493 2686603 -1174560 1145708 4317933 -879814
-3067860 1664132 -1447310 -1489156 -1220518 -120905 -1818123 46824 676769 293346 -244583 442010 -2303863 560231 1897775 -497707 -126098 2644439 6987551 -1534428 -1252430 -2403774 330292 -2108539 1383817 -1414644 1905307 1506945 1919522 -2386326 60488 246421 -2397290 412377
-1741087 433548 -350670 833425 -4969346 4371654 1720329 -2571109 -1817357 1140751 -216616 -1434466 -473109 -299668 -2146162 3072009 -2381686 3929416 2000713 1109963 -1438018 -2634028 -2252571 -5693655 537064 -559039 1707489 -267626 3245068 1779672 -4113336 2379980 -822759 -921573
-1286385 -2572159 -2414476 341349 -2086395 -255347 1332715 -885148 -6625 501022 5313848 112690 1370518 -1250950 -884315 -2924303 -1990206 -513459 3800740 -3189367 1948627 -4781494 -1645780 542974 4938810 3780498 1812177 821740 793999 -2001650 -2625275 3617978 3212494 -1673031
-2576040 801241 1521775 -400523 2271803 729774 25 -1262456 1453867 757335 -510844 745927 -67387 -165337 -1018538 -2321680 2275942 -1163925 2255443 2869102 -2300278 -55522 1207220 -687243 -2659192 1336708 -799642 586098 -5171040 -1951518 1087169 130022 -1471601 1402736
66502 -1235668 1484663 497936 -2361875 1388679 25719 -2371542 776895 -2248865 529273 399000 -277936 -560413 -216561 1474929 -879864 -468775 1280693 736264 -2173581 2899406 84 2342737 -2073343 -754055 2728558 -1964525 -3085949 -1372512 41496 3008607 -1260749 -680697
-4732657 1947913 2933661 -3415507 -1275251 -2889473 -1768465 -971272 -612828 -5044987 -757118 233475 3450283 1619765 -4192944 -912675 2153 -2735775 -1198141 -1448174 -937194 362166 -2416617 1505964 -858744 1994080 2424787 77264 2048688 1278993 -3262321 9357 -2625629 -128034
-1233423 -882790 -179044 1211569 -1589974 -4617440 -2011420 1885811 -1932139 -4003814 766633 2296019 157802 2045018 3355647 -3336951 2228353 -1367783 -198421 -1665743 316198 -66811 1390085 -1769801 -882849 -1948959 -3603699 333559 1621126 -443543 2600613 -1226067 2296648 -766622
-2705704 -871255 -3567417 1554643 -4179819 -2241071 -685178 -1720978 2105787 -1288065 3576860 5013033 -18637 -2833349 542841 -2466495 -2678096 3007108 2448693 1631563 -3332524 -1560269 2433872 -6264187 -1156866 -760184 -703632 1468155 187316 -13505 -879091 672328 8896 -2443270
1170114 905619 300469 2118384 -2022111 -1869163 3239440 2302383 1415564 -360858 -6692258 -1750190 914578 2577527 -6898862 1000951 -700347 -1019342 -2737257 646161 683529 1320403 2334410 1691929 1091864 2543373 726440 738641 1444824 4877946 -149496 527487 300260 -2970384
-134541 1097874 -1068584 583531 -763535 -2264430 -1340302 589934 863218 -631863 1076507 2092424 -5663750 -2214017 1777400 2319679 -853475 -2388095 4294437 2727670 369497 3410354 1558643 -425282 -3469860 -1471516 3149501 -448880 -2642815 -648674 797184 4768987 1991132 -6751241
3333551 -1498113 2535879 4230679 -395103 -4195809 -132033 1988985 -530406 27515 -887323 1470136 1307951 -92943 -915333 -432040 2046351 -3141006 -6948324 -63366 2938879 2596353 -825828 6707950 1328651 1904004 -253088 -2805118 1253814 2750300 560227 -4348237 2741453 -1583970
230791 1254446 1406182 -3669922 1354482 4735535 -2438405 -656141 1021603 897398 2773844 -1823350 -2425661 -2191457 2590188 2517849 198913 4694257 2036671 -713947 -1111587 -2103972 -2172329 -4298942 1845182 1733484 607005 543772 -473363 -183247 -261683 1512198 -475881 1222351
-5934870 606042 -1107016 -1050332 -3697911 -1262029 -2226599 -1840285 183451 -2462148 -561618 3102424 1073980 283541 663565 -2269119 -1880727 2578655 -1176552 -1600907 -651251 -1813956 -1972741 -3435681 -212510 -3349256 -2687695 -1391864 3480134 2188574 1046957 -159892 522519 -495099
-2140859 2798064 2468186 -2979821 2212316 -668638 -2601620 -1512402 332297 -1533266 1347890 585847 1390804 -1050217 1240357 -2241797 -996264 -4654030 3560962 805396 646899 847872 -3080971 2563394 -2958341 -512716 -393222 -1850156 -3299609 -1540241 130592 2190231 -202712 2271471
-2898717 606487 429557 158609 2107159 -868415 166228 3879762 -2215584 -1584067 -210919 -1849052 2428224 1960368 -1822336 -524432 286529 3977185 2502051 -3096698 389453 -3289463 752980 3231894 1687141 1395084 2833215 898271 611674 1821249 2168760 -835184 -3556655 863616
-1822148 2990894 1812739 -3095400 -2290237 935306 423842 -1097745 -3878581 1364843 -818734 2105572 1732287 1011718 -1597447 316250 -3620748 1794498 -1887887 -1530739 1229703 -1271310 -2140335 -2113844 -3681021 -1505898 -1237144 -2447426 -169285 2954219 -3901112 276392 -1048306 -1161292
835503 4440721 -1811222 -143885 2140272 -537733 -844376 -321259 -2504243 -3688182 -566553 -1389216 56732 -114541 1929377 -1385404 138376 759354 988192 -823616 2294719 -533317 217639 -2543900 -1854865 -5059921 -1583703 -6557716 -1279420 426838 -210406 -1851085 -1578581 1343456
-2666669 327674 -3120071 1086952 -312754 -1269784 649679 1998235 386551 -936975 586639 329447 -2249722 -2032852 -318368 -1914909 -988051 67894 6188920 656973 -166967 367752 2594994 -1506321 734317 1858270 2041427 1310169 2121700 146905 735805 2284531 -1772356 -2918948
-3047687 -316831 -285222 -256753 -1552272 -286129 -5073283 -62410 2044334 2741326 3424907 -176038 4171546 -1817512 -2323083 -1288193 -3302499 1577103 3368252 -180575 -3931036 -2795702 -770839 1854153 -203508 2003318 -99288 -1520862 -654825 2029736 2414126 2922989 2331372 -305250
1954384 453363 -1999451 1164149 1742482 478469 2443499 -342441 1404649 -1018323 1582845 -980327 1925218 -2969319 1967549 -2398721 -2533419 424380 -703951 -1265743 -3330013 -164412 -2044856 233994 2108085 -2212607 541343 -527728 1526682 -2709373 1522794 -630547 -615522 6909783
3335566 1568255 1604959 934741 2201775 -1493553 69244 775730 892707 83261 -1483049 -2073153 734876 -643948 -5062606 610593 810515 -3322078 -1305075 991962 4027534 -32201 1975402 1204773 2126027 3641765 -2948815 -910576 -2009923 2594410 343471 -1575280 357908 -81003
2653603 -2107086 193037 3299995 351426 -1194686 3700678 2418347 1141779 -4050867 -1040409 916348 -4242329 -1266423 606943 952847 -286618 -1644545 -2420520 -2508794 3116543 6995216 2196600 -1190445 -996946 -819103 1763390 -1749769 1844921 929829 -1820101 30998 -237614 -3918447
3002441 -3670045 739922 262133 152069 -338203 1544546 109502 -83607 -213275 -1437748 3368371 -798182 1665418 1060898 220165 1851067 -3615879 -1331481 738990 2978935 5284141 636767 1460953 -189555 820991 3659900 -1866682 123673 739151 144079 -3591525 -4030058 -426533
-230732 -2724308 -3826531 -2986652 1947611 -306694 1516703 316795 -589437 2002769 1697065 547560 2182391 1322873 2044389 -3104864 3294557 -71836 -1858465 -400778 -515771 -2669370 -729563 401824 2000790 1633498 -39783 1937618 -1214799 -1554923 1531880 -265874 2097701 6379703
505373 -559580 -1863241 1354730 284843 422707 708385 3062829 426558 -16498 -295138 3170013 -678624 -4115384 1549883 -1714300 -628899 896168 -4343275 328819 -2922732 2662838 -3099676 -190549 -1920625 -35420 2126636 -323740 3794133 -163079 1468160 -1262637 1532553 -5011609
7138455 -1972043 -340272 1399477 718629 384436 2904444 16157 -1724848 -1076854 -1351111 -1761640 -3010268 3760172 2401748 3821366 3848030 -800519 40633 1751499 2928123 1996423 2965228 857611 -1651291 -3147090 3312882 -1470208 -2996080 -2328121 -167341 -2581948 939332 1915832
-2306046 -720217 -244595 -2331449 -897541 638169 6388207 -3405278 -939442 -130508 -1707649 -1754593 -957941 1909056 -3865800 -73086 1721560 575558 -538643 461945 -2242902 -4345420 -46863 -904326 3785065 3204437 -837427 4919422 -228336 -1184200 -3158772 553574 -1258175 3303851
-2103457 -1412244 2400585 -3425250 195447 2444718 -760983 -848763 1787887 5094194 1740166 2955452 3880743 -777093 2120930 -776948 -2141603 -1406359 -3050149 2192292 -245380 -715720 -1741712 3006427 -1543431 -1897721 -1627181 1019119 -1831123 -3045622 566459 -2652391 1785450 2611461
-415746 95245 -3219159 -3602106 -277315 -1908458 -2943906 -801311 640645 -33074 583971 2618427 788169 1188372 944642 -2414296 -823580 -4022255 3033443 -1176991 1776438 -468346 -2763758 516139 583361 -3001667 -292192 -2722879 55627 -787551 520221 1486961 -769752 -632479
353905 250736 -914244 579971 849906 1017669 -1498143 -3051583 -1431550 -4827916 -809900 -1996257 1579572 -1127828 1714643 -483081 1473627 3627766 -1453965 1308100 -2556860 -2819965 -2039017 -426567 2002988 2292814 -1290045 992489 -39861 -2263767 3720113 -586259 -1343903 1653894
5726079 -1977780 22402 3908340 1661351 -1229397 498413 1027952 1029493 -1453920 -1766020 -607696 -3169271 -622676 -303958 3384678 -34871 -1614199 -2282094 -338216 3895190 3804563 1160279 413723 -615490 -1564915 -1124018 1916156 1236898 -2048028 -459234 -4681765 1496583 -3138988
5373415 1983636 -170214 3455451 973904 -3265666 2620243 -999496 1552362 -2800117 84709 -1329167 -3430733 -3017520 475925 1547448 2081925 574964 -256984 1512953 -346040 3072327 886318 96144 -340519 390606 2495618 180809 2281840 2312530 1857925 -126737 -332356 3223256
2163251 931197 1743275 -722282 -171177 -2807711 -1476381 5334225 1967304 -1169967 -582328 651424 -3196784 -1503316 1304587 -1911745 3578285 -1557202 -1533544 -283225 -2369675 3466906 -1211047 1163948 -2637500 -2250745 -189627 -109999 -10709 1676589 3302417 2457823 1817428 -4012643
1628360 2240167 -2872634 -228125 2633408 -2452586 -3375382 -2051888 859799 515510 -1441223 -529309 931198 2439593 -137323 182382 -874952 -3109232 4342121 -1293190 2534481 762018 -388081 5749912 -1958776 -3816076 -2392335 28355 -4064224 -4940038 1418625 -1007184 -1865541 2541685
4920898 -1705462 85032 3838778 -1046048 -3649589 -812493 2330044 1486027 -4954844 1324184 -305912 -1107499 -2917706 2236842 -1095724 -2908089 847674 -1008119 -3650678 -1041086 3077035 1311578 326243 -2313895 -4912524 -1977508 -4606736 2453243 -318685 -1893550 121122 2198477 -4059390
2071446 -2320170 -597659 1916699 1385990 -927626 530983 229275 446453 306904 3615097 65262 -1773537 -336736 4404608 -731349 -1499678 -162225 3933651 498556 292051 3638983 2416221 3167536 -2795650 -684395 1013871 2031999 728520 -3862095 330325 1045408 -1596081 -1315516
-355889 -899526 -899161 -512458 -241409 1559959 -1781429 -2149289 1948260 -1124385 -1276733 -1395653 2699488 395265 -1957872 2614763 -941156 -1414849 -628764 3989947 -1376061 -750975 -1978311 -649052 -1124589 569822 -1992655 2553854 -169808 -3453818 199544 -1719743 765965 -265101
-2921437 -596776 821292 -641094 474650 2429615 2078740 -2963493 -2687740 1123810 -2962808 1376080 -57954 -1045816 2612258 32809 -685178 1586489 -4038674 5845067 -2312294 70552 126496 -957818 -3279960 -577001 -326616 842957 610996 274139 256753 519688 -85175 -528590
5004160 2500107 219960 -2215496 1285560 -2801602 -2926804 2863699 5193051 2734224 3106232 75267 452206 -929300 120879 -103573 1056521 -2666009 -2660424 -3642810 553500 3486171 -2346646 2509263 -32645 -137906 -556183 -588970 -1128748 460180 1988795 -2056711 2798495 4076319
-3132983 -389819 834837 2008046 -1061740 818889 1282982 -4045902 -1317560 64332 -2832712 856526 -3292987 1090634 496016 2040057 1794231 673194 215762 3415664 1531124 1082993 4983698 -1800734 1014055 1487015 -169344 2255237 -642478 2004247 2129497 -789324 -2572999 -1573467
-854784 1525009 1821244 -2171752 -321109 -850970 -164355 -1489258 -3005313 -1493678 -4241679 1037437 -406290 1496507 -1777524 -575246 3788345 -1114876 -1493502 -740635 1152314 -402003 -1294346 958571 500447 704901 2618039 1418889 -1053645 1457386 4548769 -674987 -1171271 2463645
1940937 -1661424 -1573509 2107926 -3099534 -2042375 363926 -1569444 -360129 4652101 -594528 2153075 3257595 861344 -2089367 371089 -2470430 669470 -3825220 1092331 -1389054 -1594049 -1939722 2507265 2073649 1417670 1278647 6170048 3917373 -37639 1753953 -2402471 -53888 1343041
-3289023 -223523 -46472 1977332 1659616 1474522 -2773450 182527 1371751 -77326 524893 -856596 -259954 -1337426 2871874 -1414858 1989235 -2874863 692400 954748 -2173590 1172378 -235343 1853429 1347487 -31918 -1060087 1383122 -1889863 -5063068 4484276 677550 2355989 697552
1139087 -184773 157339 -1944778 -988776 13436 -1840370 431879 -2311129 174134 -1505254 -2510318 3440848 3115891 -2400104 224155 2153083 565270 -2814314 -3036116 1690020 -1794069 -155848 1431724 3492288 5413787 1030174 565843 -100373 1121964 235939 -1894515 1594742 1978479
2725608 -950225 -1282816 715121 -4797915 1314937 3148318 -239931 693246 1536317 -4090543 1555986 269029 4138180 -2273473 3013375 -769920 443358 -2739468 1978669 257417 518421 -1311771 -5099985 -2277728 -3075034 -2129730 3665211 399960 -190361 -3168071 673150 -417737 -1637943
1122387 -3014520 -1431484 -81480 -2127842 347521 -1753889 -234329 3150354 17549 -28872 2261257 1474455 534097 -820554 2686226 -1699400 465855 -1081780 4923750 -519913 3562143 2421863 -3676354 -4812212 -2524720 947085 -768652 -1563183 2137106 689876 -1727081 1386640 -150209
-634950 -986777 1609505 -1101315 -1101360 2125169 1291486 556444 2157261 5931382 2288702 -4852 2845647 -381873 -4204338 1600993 -2921316 -325001 644329 690534 -1138317 -1145091 -581839 753269 -4914 2278801 1884547 2333336 -1930807 1042013 -861451 -121376 2640825 2244964
-1635012 1514002 495757 1767825 -731727 267741 1567644 2946344 1057240 4794791 4455050 -1715930 78485 -2056420 -2929470 -423159 -958215 2203097 1123748 -403309 -811126 -3736118 -2605329 1161752 2507834 4645216 2666915 2337619 1923637 1503006 -2110387 302120 4190062 -1426490
