1976535 1799160 989532 939613 -684244 3204992 -3820335 -759273 -659487 216408 -2344224 3115039 -50140 726066 -1931551 -795095 -473575 664300 1573363 709157 -1895409 -1627075 806796 580200 2709377 505961 1825723 -886019 -967028 -177005 44899 -1772580 -3338632 -2530477 1927838 1681643 -295766 881145 1670944 -1014055 -211783 -1666936 2571197 3092178 709277 -1308390 1624596 -2345316 450649 -1827855 36388 471766 1434315
-1235847 1026197 3233887 -2070337 383744 -1054611 1196653 50927 -2252323 1035848 1051164 1161865 3466580 -475061 -619575 786004 562928 3336992 -174585 -248573 352472 26584 -785308 342097 -353152 859240 -628008 -803699 -1948609 -1408342 2855008 -899518 823249 64554 -1697858 785456 246019 -1346795 85667 1191762 1097918 328364 -3168592 -2467876 -55323 -2344733 -2734096 -449896 1640731 2410662 3567676 59813 -2275218
655636 374969 -1803465 -870290 3380993 385203 1274522 -2065735 717853 2503180 3920032 896840 -1519198 -1045831 658575 910960 520946 -478954 51942 -1269910 -1449366 183171 -540015 -194450 -468622 -977003 1307408 -1214275 -1343057 4666994 724483 705571 972972 -584653 455663 -2195341 -1737016 -3071 2897057 -1156374 -1474456 168 1324717 515853 -2560211 1863852 1536682 647798 -805586 353143 -245036 -1945791 1938300
2306719 1073399 2427079 -599012 2197470 1762533 1215169 -93529 1808031 -1210332 -1078463 422752 1351070 -3031982 -369677 -1408354 -1931807 -137071 -634293 -1836415 561111 -1718955 2147590 769639 1994519 3002541 -508859 227795 1344627 503920 -283491 1364200 2352659 -1964285 -1021186 -2420883 3831506 -105304 2286623 -76983 579826 -1073073 -1252899 3185792 1578552 613351 -435950 -736073 -164063 -2913114 761999 -30109 1092899
604174 3026863 -2979921 3066139 5786 4230949 1898330 1683753 1356856 1086365 -7914 1584294 1414516 964897 -1974510 719164 -1219672 -1859611 -2111413 731090 -1295238 -1985673 -1616905 -1966122 1994380 -198209 1598420 776223 -244048 -1085924 1119379 -3266649 -4736364 -315748 384001 1607396 -1349049 67965 -270804 100913 -713565 -132431 -1233247 -418645 -3351569 -448347 450166 -433335 -2857625 -1945317 -2412158 62786 2823869
344647 2205367 -174354 -3108043 -1220847 124743 -919892 -548300 -1465943 796711 132004 1917753 554292 120386 1519255 -767765 86243 -79587 187612 -1015345 -3384543 -1086930 296939 -2876010 -1097665 -1870059 2574647 237543 -1794633 -1682130 -346973 -1632306 -9867 -2871344 2115275 1502357 -2648681 2315622 -2348775 4865822 -463165 2094698 294856 134945 2183623 -501090 71379 -4009657 -1040983 2126061 2096779 2717176 -1095732
1777860 2732818 1668593 -1962542 -2371193 -1035482 -1844859 1144425 -2176605 -1424023 1751478 69656 1176937 -55789 439443 1153398 280562 1698626 3120396 1128848 463925 -2456260 55531 -88387 355046 -1787901 -2512217 -2435648 2431928 292051 -957566 -36279 672604 -2006851 216138 1599032 1616793 -723507 283994 -1416758 1720867 -2815683 237083 -1091698 2230914 -2990486 1558406 17292 1052920 1499626 1117902 55299 -2164348
2721500 301813 -2923875 -3219793 -4183940 547171 -257490 -216818 362689 -2972390 1004345 2097424 82299 3031667 2589060 2520053 -2063003 -1916906 196410 3838373 1467300 -3693544 869481 -687610 2586957 -3065664 341501 -754890 4171589 1024079 2650492 -553916 13104 1286136 1038432 1850904 3453476 -1116615 1676462 -3897456 21414 -230838 1156123 -2459466 1157833 2987906 2794390 1330904 4641131 297237 -2641155 -1814664 1273024
-2443694 1899790 3439749 864292 1833646 336160 -3390190 -1188508 848597 -1265520 -1445435 669831 783779 -1603525 -1337060 651117 1323120 2126350 2899436 1016367 139663 1427247 1674971 3165570 -3303620 356946 -1088822 -2274852 -4103500 -2706266 -1399168 1115418 3100361 -1420489 -1436196 234240 -383539 3202456 -499173 941712 -412205 811329 -1223680 3463005 1409078 -3525529 -800875 -48615 -2984975 674572 223722 889371 -2990813
3083499 166063 753735 -1341315 -2256240 -1116415 -329479 -3160586 -1683833 944128 3338735 3005165 1793095 363443 4420253 2614082 1326468 -151755 42000 1858054 1408540 -4696 360812 1530051 -384402 -2973697 -1314955 427573 410182 2946988 -1567290 -42888 -925047 -1530271 1256188 1713704 -2886618 -178359 -47154 -885844 1043735 -2125598 1619306 -1892822 1680995 -1063157 3664846 -1893486 2657719 1139293 230589 949702 1242103
-1454781 -2572843 1442139 1929950 602795 -2455630 782248 -1703836 1729125 -1629425 -2885820 -300455 -204169 1130829 2378014 1928752 -473239 -649012 1485205 2285360 1787174 2101152 1496388 2579277 67360 568859 1198687 -298374 -2630368 467946 845143 1155681 65798 4044055 -267086 -1875323 3436376 1385160 1904993 -963834 -1858223 2350138 -1003158 -1065287 3037893 163486 -2648230 265835 2187345 780234 796964 465547 -610433
2034200 1142074 -2920195 -3461193 878596 1742194 -212418 750854 1572897 -1939901 1180208 887587 2925669 -69451 232010 2288577 -3386671 -363624 3963558 -448752 -210105 685210 -1327678 -2724476 3446655 691592 3436078 -4067739 -1925300 619633 4104763 -2022407 51505 1717100 -653466 -423215 974986 476421 -290804 780998 -2571094 3027044 1616365 3159 -808482 106494 -3273363 -1241711 3012910 -1126488 -3643863 -106595 1161799
1908059 128762 -3412764 -3051765 -1790951 -3151745 1336045 617062 -1202888 1709570 -716417 277848 540726 155585 -1375963 -122311 545632 1133401 -693371 -682760 99615 1149201 1966890 -1499920 -1762258 -1322517 358279 3627247 2896909 -1676410 -1283938 -867490 -429072 -951284 2502278 2370401 -2805112 113260 -812603 1965731 -1139757 391087 604941 -1141651 -622536 3020792 -578196 -771590 1554314 1250896 256435 -174612 1181911
-249238 1376336 -1118127 1222212 -2249122 -340924 -1434441 -1153695 2405354 -826057 1761329 -1188521 -4582230 -430437 229977 -1849491 -265426 307520 -1129647 575088 1590453 -6278625 -2278118 370553 -541738 1020427 2878559 -6639583 -2484939 -1428337 2986897 -3259386 2757140 -2262276 1544706 3290246 4555033 1172405 -2228162 -820393 1968783 -3816380 -1179371 -1005356 1128313 1738462 2788553 1712844 1253379 1258605 -1744440 2694799 -426801
-1002418 146046 -1130621 2329142 -3038952 -1201968 -2393910 3010140 -2179561 2239861 -2035466 1177855 -1217756 812658 -1003725 -241269 3567119 3022813 -1304513 2232254 2557618 -1986674 169755 402349 728174 1208310 -442435 456760 575758 -3968582 318021 2794300 -1208797 232502 -1561646 282218 -1402707 -703601 -2110710 -1457897 -2794317 -775373 -1814449 -269957 -884415 1499737 1459651 3652966 -581317 1923075 -587487 -522445 327739
-1350261 439790 -1606822 -2522850 1561376 -3027023 2479900 213967 -725453 -467716 3576473 221096 5618335 -3418464 -156692 1470431 -329519 -651786 1024107 623091 84308 5315408 1761050 -1692826 -865182 -1070045 -1914785 328195 -2360978 -2266987 2054640 -3143084 -242097 3454942 -920591 3330887 -1496828 1630119 -1336966 3307809 -999793 2571263 -15758 -684920 110323 -2135160 -2459068 1296243 1569607 3256223 775485 -1640762 -1666371
1900316 1638395 753206 -2563837 309654 -1076326 635201 -619820 -989710 1726744 4267909 -1627318 10011 -110102 4029831 -1372436 -663478 -1683070 64155 -1421236 -1299924 -3246441 -896373 -2125057 1371854 -2681302 -1983936 -799945 2171646 3378483 -961902 -2035570 2070673 -2703404 3024314 -502100 -695175 -816269 -738210 180589 2738193 -3475895 2417825 -2000146 1039797 2383351 3661796 -66423 1954081 18642 -190179 1914845 -997340
1183832 -2248316 3346651 -2673429 2006970 -542614 1239619 645019 1175820 845415 3094740 748197 290745 -225830 714521 -1706112 -1355856 -553873 1128513 -1200848 -1456439 -2808192 -1848160 445354 1779427 -924672 2232186 -2966617 -2594578 2960538 4829926 1477195 977093 1195168 -3517019 -1340004 733966 -914461 -2286719 -502832 -458518 -2043213 256681 -399151 -2984719 -1716557 2398771 -85999 4648332 1458245 2105486 1858450 1548872
-2057521 -43527 -984668 -2996393 1893653 -463984 -789782 3245501 -2127860 76911 2341446 -2075842 2000153 3237857 -1361019 -1636984 -505136 -569487 1922819 -912030 -4574887 -209575 -1934687 -1870112 194128 -3122110 -524695 2115361 2543669 3260103 920144 177304 -1608725 851659 -264371 -1342545 971324 -4099325 -1563692 -3164445 -694297 -360305 1406390 -3491448 -1632877 -1473228 -2179409 59711 214360 913373 -1594674 -2085159 -636699
-1078541 -2776178 3114727 573893 1208868 2528785 -2483366 1852791 -960200 -3807415 -394178 -1214900 2257287 2180058 -1379505 -880191 1099470 -346857 318462 -230069 -1582475 1843584 1944960 -440299 -149404 1943840 -375879 156506 86096 -2269003 -2476859 -1874933 553274 -344018 1463924 1068632 650694 -3077895 -79079 60515 2323859 887140 -614576 1438491 1397793 401631 -1202352 1505766 -2004215 2010377 -2048915 -1349731 -1993155
1522801 2172348 2390048 -1384964 422920 1198416 782139 -224363 -1183753 208697 1544051 2077425 3261710 -3729949 515728 2063865 653334 482455 629618 39432 805842 904030 526289 787997 2493506 4706714 364342 -1318667 -783329 1599275 1075980 275645 1326995 989584 -2493248 -1355583 159632 3243076 1753977 2023488 -945513 2481594 -106058 660957 2654337 -417026 -201664 -75858 430624 811554 1151428 -2380585 1542652
868584 3389634 -1939817 -1602806 610255 -212303 1359221 287529 -326333 -1929256 75347 -1499442 381158 -849084 809320 79819 473478 -171990 3697045 2851109 -44314 -1210110 -194019 -1399869 -2714290 -2915511 -2858808 -1260788 1499035 -1022323 1295949 346334 -675633 1235642 -2701084 1862285 -2875671 2919205 -2715947 2118243 -1440038 1903365 1642520 -2538210 964038 -565802 2478283 412096 -1534850 -293958 235102 161453 -1953709
4685323 137129 -1112847 526720 2106266 -1710545 6234853 2559925 2220812 343962 2080903 -1795706 1242741 -2624362 -546257 529849 -1882895 -386329 1978519 -306433 867610 -893096 1449730 -221018 1550710 -1619544 -525816 2940058 4105628 2539712 -1245847 1022273 -2081900 330687 780876 -1923851 -3130412 1153105 1881374 -427403 977018 2684411 855713 -3159308 -333102 574115 -855315 1535248 -295858 -1173953 1159841 935874 1806937
1710238 -44139 474422 302535 59379 -1083260 540020 550030 3786421 -1673586 -917446 1930607 -2845244 -996809 -2207914 -217238 -2109584 -1063203 4907009 2053882 424225 799903 402962 896235 2648944 -1859627 609424 -858662 366039 1475034 -193924 2106171 -510806 1923496 1940586 -1696982 -1224807 879919 3965501 -1227214 -660676 2027527 3865735 427536 -570704 -403025 691722 458677 -382980 -1735470 1119371 -228853 -1347083
-1142667 1545922 -393668 -1864313 -5931119 1714478 -3362260 1877955 -2251087 270868 -1732616 872310 -2129620 1276285 -4891194 218354 766271 1256168 -1111745 -1521227 780758 1975020 -2948091 -3523195 793649 4741336 4082456 -3209732 586528 -3974167 -543402 -3560375 134539 617020 1012045 2991520 -786641 1978297 498100 4123173 1609672 2511832 -530668 441441 -785101 1758354 -1174799 -606842 -133602 2564151 -160818 -2938012 -1622422
-42166 949929 -1191526 -442876 -3506874 711398 -206995 -529748 -620693 1309641 -2261300 2122999 -1162969 2864338 -1931938 3588 -786530 -2066030 -1128218 2560801 -178407 -893515 -154186 -2781853 1500659 -630485 999804 -729351 -1278 -2564697 -359039 -2722778 -2963232 -178436 1089211 3916043 -943892 -839070 639877 573018 -993119 -2997113 743653 -1105449 -3081652 539026 800339 -1630120 3494894 1114925 2811921 -193433 -2365422
85031 867036 -2579638 -875185 -530215 1814713 -990415 1233653 -2732360 -1188395 4818135 -2359433 218282 384249 -3469592 847633 2884074 3786298 -3227750 -1753348 143353 -105547 -1646414 -614051 -3700475 2611178 976832 -713643 441039 -729585 187149 -3964220 3993 -1674575 -419529 3390856 -2112350 1648046 29651 1032648 3305969 1676276 -60718 459038 879855 70306 -2316913 502151 -1967734 1887817 -847306 -2145775 2209876
997823 628418 3118984 -3557551 2580297 -2478149 -2280452 159035 662612 -2481382 -1386855 314935 508032 -415248 -754501 349154 -419891 -1088037 3621145 -814484 -1351123 2583457 1103194 1481288 -1180595 926662 616968 -1464607 -318495 3060241 -1321089 -369758 2715361 1973041 1013324 -4135036 -1209563 2816324 446152 1458108 -2805939 3402384 2180290 824901 3431958 2166870 -143941 2708982 203000 2371039 1951227 -1235408 -1047348
-593154 -527635 -1770086 320610 -2927143 -281799 -2061882 -2313716 -1801109 -727451 -739056 -556387 -3856369 -919213 511522 -451308 -633777 742096 -853098 -2139850 251582 1238219 -1302070 -419962 -904650 -1237060 -986694 -717001 1786931 1184698 -1436967 348773 317826 -1489577 2134730 1013938 2303406 -1915685 1136667 -1171281 1258085 -1882238 1575993 1285691 749127 -381367 1328256 -681373 -1121325 -1552728 -327821 -255653 -1165383
1776228 -1558197 3834346 -6570 1058345 1199398 841527 362941 -734433 82659 -4040004 -1183536 -331946 268916 -1744325 -2453332 -1374866 203818 -1843153 -5391805 -104268 2516799 366515 -2037530 1061405 2885754 -4950 783663 3144189 304403 -2088166 -104598 400528 581451 680925 -2140704 3117546 -2990057 2917724 1918730 1809442 -1132519 -1090680 3149003 -849543 3288341 946631 -309934 -177819 -1938676 292724 -912015 699283
1656228 -1413948 1997763 1966969 -15513 -2991544 2711354 1658988 -747783 1962806 779764 -2039100 75598 -4758091 -3194538 -2003943 2344906 3047359 2152082 -17814 2797678 1427365 3588864 1669001 483294 2678420 1574593 1638956 1867602 -1689287 -2787368 1100856 -943780 -320527 1321332 1585842 -1772338 2844451 2233448 477711 1365270 1451323 -732575 -2400854 1395838 1859596 -665596 2432235 -84269 3206310 889303 -1332182 -1004114
-676482 -46384 -1261301 -32324 701056 2814422 -1924297 -214285 833173 -4002701 3221134 -1213865 102531 119352 -523788 8285 105726 2424615 2717637 2100239 1908913 -2237249 -852260 1938188 -1751859 -1775316 908244 -3517337 -1589606 -1024047 2695220 -1465277 -1870631 -1911675 -1352920 2550982 1103448 -822889 426568 -3310621 2334650 -1446209 -2263144 -836199 -18143 -3234621 -1264795 -950585 -933192 -1020475 -1276906 -877820 -1727313
-4622575 -400707 685723 -881504 99380 -1440653 513303 -948840 -1409514 4275351 -1682498 -392721 418631 -119794 854787 -1974555 -2441483 -2597184 -5365464 -4512708 -2675380 2848390 -2601382 -2001979 -256771 -339748 -1459193 2088497 -1972541 1095497 851422 -1908303 214042 1077096 -1461529 -407352 1851824 -2009678 -3523863 2046716 -1140273 -3439146 -716024 1730137 -3907350 -919191 27886 -1587789 2540050 -1757546 2225649 1811908 -481738
-2036329 -3199058 -407609 -3352303 -2533380 -432485 -1639567 1514799 -881873 -2872700 3192823 701488 -827976 -1372110 -693204 -271251 702760 671685 435998 541202 441119 1969302 1759417 97766 -402089 951980 2912872 -1205650 -932923 -19609 142415 -2263199 1216182 -126898 1536856 3927240 37718 -1804258 241456 -485177 -431132 1422849 269639 -406158 -813 3490012 1119512 1920081 1322623 3055355 -1174163 -2605645 -2325596
-1540942 -1175081 1482174 -1327248 1553634 1256473 -3030797 -1698207 -3440548 -3872345 156501 -829359 613127 379382 -882795 -252563 262978 3999900 787850 61582 -842298 -694159 223955 3704771 -2356348 -2498838 -1770037 -437198 -1515590 183593 3753630 -1751299 -586884 -901263 -138441 1147513 562502 -1307973 382953 -2873974 -148379 -1894954 437387 1167747 984508 -1848935 -644034 1263607 192352 113916 2116268 -191721 -1620231
-124621 -402453 628422 4219325 487021 -866957 -1556200 622037 3106013 3306671 -4551684 -1066232 -3119579 1308802 429245 -1283607 -1146909 -763444 625044 -2234046 -138717 -1295718 -3268031 1497262 269805 -388404 1310330 -297200 -938877 -424602 -179219 1425830 -1476203 -280780 646353 -4324183 -1590017 1748696 -3359945 526763 1680288 190928 -2062539 632835 -1225787 -2255891 279067 -307706 -2060638 -2973016 -222004 4138491 2192751
-1001955 -2382723 -2475251 -1068294 365206 -2952083 2330930 483894 -1979395 1835801 2225939 -3472533 221675 940308 1788612 44484 822315 -148874 -978207 -1338067 88282 1341606 -906295 -574248 -884953 -966307 851376 2894495 2383552 2250796 382010 -903329 -1591789 1629294 1467144 -1540474 -663583 -581525 -16669 -609277 974875 1343760 -1549820 -5041220 540557 2200531 -2603730 812006 1134231 2110052 327628 -1954291 579185
-972844 601143 -2583664 -1177609 6767 -4108180 3338357 130863 2483408 1736536 4812937 2086922 3186054 -1652251 1007563 1317471 -850179 -2400641 -88050 1510286 831473 3043831 628853 -1177234 655325 -3796232 831725 2192228 -2394507 -513447 238 569317 414063 2631392 990988 105194 -1165326 1580458 -431676 907448 -2369418 1470233 296451 -1942311 -1179495 -1582501 -2863782 -564754 1202576 2892612 -1242812 408919 -381580
-1642149 451971 4390739 166160 -1799927 2019721 -2809680 1066832 -516720 884760 3294400 515759 -3750295 2888910 1378502 -1272654 1824054 7651 -2742148 -646960 -1491313 -3622140 -2837066 -1175843 -924116 406390 -993408 -3572884 -1911505 2821739 -2738955 298376 2558912 -3319124 -1928238 1320781 356319 -3087599 -923747 -576164 2608824 -5012894 1680369 2658032 -1724071 -746957 5667971 -1895687 228680 -752413 1179206 2694784 -1352524
-3050251 1043877 2114057 -3343547 1543169 -421135 -1310553 -645010 -2166494 670696 -949978 -505174 3907052 1856834 250963 -833688 -410962 253408 -2559269 -3108253 -2313906 1628031 -3049626 -988929 -419202 3094646 -1041736 315651 -1938971 -163033 2516141 -3449821 3098563 748503 9540 -1562681 1906198 -2352938 -3257553 2886978 368188 -168181 -1208958 -1120820 1137533 304364 -4203805 -1368465 1315294 268716 10148 232657 -716862
-1969853 -3087381 -645730 -1823069 770191 -1141768 2681688 2807548 35588 -718385 2010337 -3453930 3497383 581259 -310970 -1367884 -933119 -3127208 -3054108 -1624813 -441860 3722514 1765445 -2065774 1396462 3476981 -89152 4536653 3130434 1219867 -2485839 -3405288 557323 1960859 1651975 481517 2944826 -3156782 550040 -77091 1828517 892179 -444892 -2268134 767406 4357405 -4033740 599421 2365043 210309 -2648296 -3235526 -64122
-71627 2753410 96311 1168509 -753369 -602240 1678692 -2720322 329624 248540 389846 335394 -1787893 -3850812 -688744 -2033455 158949 -911039 -3928092 258136 1570355 -1282936 -1139409 -113139 145398 1930940 -932073 -1086070 -1751700 -2063939 1839187 -1274491 2426367 1176576 -275164 596490 -222153 5122150 -878432 3572102 -695042 -130084 2135554 791648 2108935 1632720 1322004 1748259 -470479 766793 2292480 1376665 -602098
804675 1658357 -2551452 5191 -2825230 -2448510 1990022 1946469 -150468 1982732 1370510 -89822 -240903 -445858 -1686811 414327 -169107 1805802 2505852 2159293 3331376 -247374 -1078039 -2225050 2634895 -2954238 579985 -549406 558487 -3078170 1279862 1510452 -1319997 2282281 10666 1021182 -2186493 1753480 588228 55693 -2241213 -207203 1615218 -2759176 -2996330 147659 -1393779 596727 2209547 1357982 -966843 698316 -2030021
-519837 -2516843 -456686 -68542 985275 -2803218 6166031 3070391 1460698 1003756 1805585 -3628897 1879357 -417678 557923 -1152007 -307052 -1412586 -3305919 -683757 457035 -583272 1194741 -1818717 -403550 563727 -3700863 3206931 2069628 -2198562 911551 -122401 2658962 1962119 -1934318 1915269 1238028 -2245889 -2844271 2004634 2457616 -1397089 -1608081 -1124783 -2521518 1377775 58044 1514909 2134867 -70715 -190536 1447723 1131441
-465346 4650347 -2121092 1406321 -3308580 1133620 -46729 -330336 -985267 1006297 -4133782 2008160 -3773391 147026 -3091235 920387 385352 664201 -843734 136763 -1009258 982965 -1808431 -1442084 -1086245 1198041 -2298571 824787 2205568 696092 -2316265 -86477 -1501277 -507519 485562 2146112 65264 -438749 2776727 1572152 -1432814 -1026076 2517298 1870064 -1084296 -119968 2497683 -2933396 -3900497 -4286454 1145566 -1290474 430732
572994 786182 2220437 -1308833 138886 2724636 929842 1066059 349206 -590571 -1261640 2244077 1446928 -1859238 -1524413 -1167802 -583668 -2329102 -2894904 -2494890 -955574 2937777 745432 -3328804 2542301 7006962 1027855 -197249 823513 -83973 -1207213 -3007004 114258 798889 50919 158614 1897278 -1056616 3100560 4544958 1841629 2552750 -1116689 2878145 1614693 2934534 531348 -1165386 -1269919 -1120150 1637981 -3732392 766510
958029 692893 85841 -223950 2783071 -3008387 2305532 -1683868 1049175 810862 -855366 -883597 -1238833 -2070575 -315185 -1957837 667516 1080847 -1128539 151814 -521129 -1740664 1117509 2504179 -3298730 -445549 -3947167 2470659 1319071 1134603 709525 2428849 3077589 -550673 -1118119 -651159 -1298124 1030867 -1771917 77112 13599 371835 2293623 -470799 1419946 989615 1514781 1839334 -379559 -1554669 2033768 1894818 1214618
947464 -906267 528425 -2456248 -159347 -1955871 -1301878 1414411 997495 -2812200 -90864 -638609 -45510 3583790 1720984 -878812 -147858 66330 2060174 713953 566526 -2178264 -114511 -1600603 2066045 -314668 1703211 -2023394 183176 -1309371 2687022 531050 1864575 2304234 1434579 -2618951 5048881 -1010161 1395575 58117 208263 57094 -656325 -328030 3748377 1638784 -2255803 -754071 2413432 1913466 -354229 -206335 -165284
997877 2891847 3596223 -1663965 -1945076 1414920 -3040502 1980333 -816386 1208635 -483717 2715483 -188060 1900959 -2207224 1262424 -1117758 1170854 1360744 -1355962 -895641 243264 -2219899 -2793012 299263 -1006007 117171 -4166249 -611689 -223614 -2056025 -1812671 -766276 -1665968 -612134 998331 -3886645 -651952 76184 1565177 1833612 541484 647980 1683690 -2944192 -2267891 2417359 -2887 656670 365927 2721845 1677301 -2931080
-189248 -2275780 -834088 -4055064 -375681 -856374 -902968 1626348 -2527496 -341332 6448784 -315560 1993540 1133373 1589238 -197908 258977 2379363 -2504100 -1412630 -712488 -2891044 1340679 -321985 90545 -3594017 492391 279859 -40609 609587 3296847 -1745388 1599538 -1794395 624137 2450549 2502109 -3323061 -457532 -3229213 838666 -3863685 -796733 1180819 -1458317 1406078 1242615 1531499 4263223 2865304 -1423433 22534 1570360
-1626597 258057 -166524 -1355563 -769404 -3820632 -1334980 -328467 1111359 1774782 141478 2854434 -1187426 360425 1007267 -1170720 562938 -2135511 -895977 928875 -1064821 695699 -284359 -163684 553450 -1670306 -1004165 1058858 -760502 23517 114719 599503 3036220 1411373 3181594 -1463888 -1520315 -761699 -1716598 579641 -1631872 728463 2096454 -750938 359001 2923650 2275349 2954210 -79086 2121579 -506923 212483 -961217
753241 -125924 -3317498 229373 -1094861 -2121632 -1024161 1908134 -245394 1041136 -871633 -3239524 -567242 2192241 -3075263 -1886749 -430660 716488 -861799 -179304 -526756 -2781733 946699 -654678 -1438942 -2832037 2281534 1902351 1668090 -4156252 28783 -2286701 -1741708 -1114515 2342778 1967876 -1543578 3785718 -3347235 -460797 589125 -45740 132419 -1156442 -170509 568314 -2696379 1795816 2068177 2814212 -614059 2425775 744187
248047 335784 -155759 592570 1975518 1904527 3452688 25163 2732307 -2021793 -85432 1699211 4210601 -2636239 -698080 1676870 -2800248 -1301822 -991433 1358628 -57079 2574335 2486956 114736 2429683 1883964 -1500892 2343350 -3242614 -1557070 1612519 -1591682 2214 2055184 -1908158 1596867 -578563 2413499 1186003 2571885 -1179221 2891918 2739056 4043949 -45942 -1980472 -3270650 -2292438 1273847 -3998050 505372 1802806 1443664
-542419 -2517865 212565 308676 2087747 -1353115 1285587 -1785678 1240957 -948930 -824617 -1442112 309002 -2732635 -1701172 -3454142 -2194863 -3614715 -1208388 -685296 -2202788 2752551 3951793 1461004 -2367335 -2662281 -1341098 5123320 2649930 949431 -3815349 1363911 -819187 -595457 480842 901098 252568 961369 -953702 -1802699 902140 857813 1946701 247206 763625 -1521484 -464102 1044724 -34586 63958 1174334 -170165 -1417974
-1907425 315042 -564724 -2055230 -1170176 -3273224 1799824 622105 -914192 -76158 997915 -665369 -181569 -1072886 -942289 -1083458 1566708 -395071 -1001646 -1051222 -228962 3716305 -796499 -2100350 -674409 2998871 -3182454 754535 626855 40562 -63097 -1770222 2382328 2520635 796131 2552878 2981543 -2749012 1008600 3742350 433912 -2601753 1387098 684255 581020 1329181 513997 -2095132 -26936 -344559 669406 -2756846 -223548
2836619 -71468 -1202708 -2310709 1513811 1549862 2037734 1856050 234826 -1689642 4627491 -1046982 4120344 270114 -696950 1298594 -2073239 337895 -799435 -1618559 -1454036 -878277 2049376 -1808149 910805 -1594477 19171 1402203 590506 39703 232011 -3211181 -415944 -1950141 681138 2216575 367660 -71524 1558848 173902 2476094 -882419 873251 2818786 -620197 -1927008 -2701903 -2374667 2235936 -624089 -241082 1154431 2475189
2184925 202328 1467254 1769995 -4789821 2656571 -1586364 3397702 -354497 -2894823 221782 1823327 -415742 1830462 682609 3814070 -1209903 137116 -496041 1066028 1031183 -2366788 -321778 320269 3175035 271649 1773982 -1013567 1968371 1063516 -1450077 -413841 -2956027 -201740 -39261 -274890 1379034 931265 2746909 -2090111 2267827 2135985 -1073982 1355319 2414763 -2564739 869097 291784 -266747 -149416 1066380 403917 1785037
-99311 2028093 1676966 -1120752 -873648 67454 -3214210 -2023532 -5194549 2084836 974817 -389366 929439 720585 552292 965334 2409389 2271207 430438 -1190092 -2154503 560905 428997 975271 -2261055 624458 1893009 -156067 -227157 3872115 -3837956 -2701000 -1022103 -3569892 2211666 1883529 -1072593 1418229 76984 -804841 -1069276 -1205726 1723012 -1956640 2933742 1048833 528985 -1487553 839464 2814504 -518673 -232581 -425825
2107141 -1409363 555015 -1377215 -2001515 -1010641 -2717381 335757 1932002 -1113635 793332 902901 624473 2126162 -1571826 -126942 -1611691 2762161 3143398 -279700 3154294 -1335574 -120813 289903 1399791 -3004577 4822785 -3368118 -784512 -4208023 1430403 -694919 341344 -1363630 3569131 508283 1509253 -691991 842482 -2044683 2843882 -572763 -3072122 -1104332 -719967 -837873 -3242266 32241 2900250 2988929 -2762490 1522739 -1642535
-2648518 -3357959 1287250 1922023 1417297 -1173156 2956404 3398292 1623911 3126150 -2668735 -2277547 -973074 -276897 -3648665 -4982193 434454 -992704 -2091241 -1115487 -898384 758876 648653 -1114451 424380 3615699 678989 4172679 -144929 -2742032 -1862663 2019459 -1793737 -142059 -2296262 -167690 -716844 -2172722 -1865633 1752923 680499 -1147430 -2097013 -324156 -3448703 -903262 -3419628 -2400672 340206 -1220905 3811850 796649 -1138276
1263368 -146429 116689 3174867 1023603 -3539890 4724069 -1718100 1339818 2665458 2870229 -2419548 -2935084 -1463824 3830729 1583191 1800581 -88362 679756 1553464 3265064 -2048927 -1623907 2361615 -1151017 -1845781 -2424498 -1066103 843724 3511829 430191 2799744 1099815 1905824 -769777 -2514403 -1463862 1853884 949755 -1197242 1149563 -1142200 -621989 -4461495 -142711 939515 3575691 2878036 -352985 636422 1019002 922427 889067
-377705 2263229 374885 -213581 -1513185 -1073690 264195 -708330 -1897929 1131111 1210292 1062359 -859059 -1755793 -1988539 581187 1847001 4103863 -1584120 720786 2502411 -1383708 -2143937 1835394 -127489 1457599 551055 -1142370 -1517946 -1428117 3704442 -598536 1410703 1146257 -365318 -109386 -2325267 3582025 656500 1043055 -681127 1803949 215476 -1757986 807463 1437863 -777689 2652313 -31754 2162353 1956170 -261418 -154117
-963657 1639718 -433381 -354834 1131174 1623618 -1381758 -1146522 -34260 1615503 1968693 653807 -1852970 1204721 1926968 1635382 -363686 1154883 -173524 -932295 -441210 -1937110 -3035483 44348 8126 -2371504 684890 -2796494 -2705581 2886950 2169708 1503079 1895204 -382921 -1546649 -3094457 -980082 583336 194358 -1572718 -2246907 -465985 1197960 1417867 -2745871 320392 1299444 306570 -234040 -1308954 -1418348 1558510 601943
-2572591 -3301605 4153547 519291 4042831 -1962615 579638 -1764592 -547489 -805927 1850175 -642934 2902666 -35853 1147564 -2441662 991111 1354912 -2047440 -159413 480623 1246529 1202032 2146756 -2135414 -1724502 -1307120 1243562 -3803286 -924246 805063 1285725 1609408 657368 -1195538 -1191024 640940 -2861866 -1834394 -1542982 -425546 -912897 -1455851 -1264374 650942 -911781 -2724085 2112908 1192066 3068717 1288322 2123739 -3196229
-1912641 -2405320 -3263181 -1260578 -2418604 -2979912 -240887 -646400 409455 -1160803 -4838770 1461158 879046 1655791 983401 1617324 -1283356 -803979 1473960 1853740 901917 3609844 454947 1408053 -755100 -509861 1337517 1968686 -738573 -421902 1994031 -478121 -2765348 3188443 237400 1732289 2531537 -2608735 -2079211 -729343 -4546215 45774 -1530270 -2404888 -292614 250608 -2119076 -2028798 3065309 -997619 -1087837 -727876 653535
64495 -327333 -1774437 -2205720 1126266 2833685 -1301659 1358393 -2705544 -1761416 -324597 -3165934 2976241 1547769 -1001631 62686 54295 2012506 -2860261 -1589879 306573 -2277770 1109246 9067 -1802729 1241701 -2408857 354579 2755785 -2070266 2102919 -3176342 1530626 -2003044 -1783184 2356538 1836532 -2940375 -2814121 -1841971 85862 -3656209 -2340069 1465898 -2271095 3357648 270716 2969773 1731150 -1016770 -3541448 -1334081 1659126
-1341451 272895 1780255 4623063 -660851 -838641 -555119 3476320 729347 3819648 -579881 1017289 -1009195 -605591 -255889 -636472 2809689 2285877 -1377874 1335695 1953818 -792614 399255 960714 1259141 2766068 -680064 1235014 -1770651 -1033195 -3028158 2797894 -1040316 -1071360 -1848386 -591113 -2899662 -250931 -953454 -758755 -710478 286818 -216320 1076899 -758634 140041 1026790 1130054 -1354500 -1635842 -109258 2421297 379775
1031876 71619 2253607 -3167722 -1813466 -697031 -870241 -2663586 -1364395 -785954 -677266 40299 -1891669 -912595 2378228 -8454 701827 2560816 828854 -849434 1593146 -1769441 -813480 2446668 -581164 3392503 3398620 -2328431 -634611 3132432 965470 -864428 3262438 -1729549 1476941 -584774 1467328 1054180 281336 896714 -895617 200348 189099 -2848907 4043864 4992378 745693 -1602667 2372458 293934 108510 781705 -212223
2184027 -2511334 3321273 -2049795 821883 3008362 2830606 -2363755 -250112 -3409134 -773874 733730 2065249 -1249423 729514 439636 -1683886 -1698770 -799447 -477233 -701580 2267975 4788698 -1762054 684201 1786728 1759837 296838 -1154840 -1086192 -1448209 -831407 1150929 157716 -779959 2254155 1267661 1544597 3420096 3771607 -180816 1744240 1147145 3536209 1375328 1410851 -509462 -3229997 2690104 1030663 2724833 294494 -1238651
1951466 351224 -1900602 3339364 -3237609 2441073 -2685802 299335 1193371 1439599 -4148242 1496360 -6551801 1097752 -3204223 -369541 1380914 89980 -1295754 -1300353 85453 -1521953 -1355731 -316171 -929488 1631457 1342258 -97692 3787017 -1565994 -4180075 3187065 -555683 -3380695 1943089 -1335579 -2413044 -124956 1319715 -969 2551916 826978 -1085928 2560061 -1534769 208648 2721013 158112 -6020134 -1478844 -171830 -1137704 1985325
1978209 -2822404 2271722 -274710 671114 -4169744 -24503 -340562 251587 2536479 -112996 -89635 -3297465 -1097432 -345150 -606462 -443438 631423 3100529 -3359185 -1349779 1453016 -446075 216388 1311185 -1740151 243537 -531305 2221398 2186318 -1549174 2694814 2949799 -187085 5242157 -4287546 -2747374 -1488060 1858792 -173599 3196133 2806507 1468453 -1615535 -198008 1065376 960789 4138100 -1026378 3073495 1577461 412464 -1294056
993913 -970717 -421018 -1180861 -2517518 1623456 505782 -927154 843280 -173376 -2829159 3753817 -1137600 -1343040 -1260733 1332110 185952 1272916 -37955 1438888 1387932 -295350 1970192 374231 -616493 1962221 3433084 -418540 -2071635 -3718140 -454305 1380473 591302 -2760309 -453836 2172738 -3795216 456133 -474288 2614671 -2309025 2141510 -2053647 480766 -2048265 936027 -616872 -1939410 -58663 876380 2484298 1137059 -1350514
-189140 479122 -169015 -263224 -482846 2000240 1468068 3600594 -1063869 1282587 1340784 3599892 3534297 -290712 820963 2586161 -1400167 530925 -82095 59159 -2073613 1438584 2886252 -3381629 4695506 -66216 1394531 1961049 -1896262 951756 -1130251 129498 -2860077 -517829 -601284 1218031 464791 -2739226 3347533 -309634 -3551470 1346778 1033213 3216964 -2049981 -681850 -1193515 -2715948 1251799 -1444541 -64181 580540 663066
435532 2502282 -1642612 -330715 -1479919 532144 390808 -460979 -1636231 598720 2367656 1682581 1580251 -1544029 216252 183696 411608 -667251 2384662 2511831 -1939 -912524 -834219 -1887050 3688094 -182901 320084 -1334538 1253972 -240461 1030397 -81973 -932958 88800 1977762 858025 140008 -978694 897351 -1155642 -604370 717842 972117 -5076383 1074021 65076 -448131 1239804 -730740 2596117 -2014984 -2689169 -2440896
-2335613 -173993 4380775 -920187 758020 -1963294 -1856179 -7457 -1741107 -1912736 -1097108 -550673 2778212 2870239 4080986 -2428444 1054393 -953415 -1433869 1090341 640962 65755 668609 -111830 206797 -244080 -2818414 1114132 371220 79976 -262293 -159709 303986 2179429 -368274 -2192531 5332656 -3025077 -296365 -918528 146938 -2078228 -1728460 -1442424 5473656 1449776 -98267 120987 1764355 929483 886081 -433021 -2851915
1211174 3375610 -319500 1305279 684586 224084 747233 -1327501 301964 945201 716314 -438298 -1035239 -2780523 -661479 -601422 -510381 1008779 606654 -1025750 591357 226352 -1377838 1440349 -1922008 -1371857 -1237923 474100 2415203 3124593 -1091358 -495254 -2545481 -1081629 53811 -113050 -1325640 2485646 1608426 -875850 2721223 1269880 510548 -1290205 1492892 -1432752 1989596 -204677 -3042870 -3181752 354835 -604250 768156
-1207230 627423 1584419 891161 -210163 535151 16750 764796 1252293 908754 1548728 2469802 724684 -386987 1975786 667333 2125633 514709 -2060489 -412606 1260306 549241 -1472347 -296649 428000 4955196 586844 -1276791 -2456760 852460 -596749 1231781 868234 -468056 -2194440 -1233545 2808492 -2596461 1099842 1409034 1375045 81395 -3729112 1088672 1876943 -1508177 -717801 -3387949 -2036152 -1288987 354319 -1101515 1603279
1538502 2878809 -1938124 597822 -2946594 -3113210 -815057 -3498586 -402898 1862122 -3780372 4261047 -2687042 -540780 -1043213 3165892 2817043 2713366 2362574 2109608 4065692 1974988 -1977822 728143 -816507 1302791 389707 -3020999 -185981 -2322406 1044372 4502945 1551046 2569581 385103 -2288843 -769876 1574797 2558780 1593933 -3471442 2087493 -1288981 -1967516 961850 188610 -525890 827135 -2153078 2836674 866249 -2852996 -243106
2879878 -304978 -2568268 806267 -2897111 -546799 857594 648753 3071993 -2445814 600375 -544628 -1486400 770543 -1677653 1161459 -2234968 -699189 -757579 2513432 3239877 -2372267 1913995 504367 259275 -2729701 996883 -41174 1614294 -2919306 -1140152 -2718324 -409185 -793439 3052014 3034039 -1829554 2907314 762881 -1456003 1692857 131046 1390503 -80960 -455123 1911277 -159160 2462556 2520345 229361 -701438 2493329 -346370
-2117498 -551294 -1999795 306134 -2684874 -1773719 -3296376 -1376135 1063850 1411944 2310384 -765362 -1582818 980480 192004 -1646673 -158331 -1938129 -2286543 11721 1416709 -802755 -1159835 716470 19462 22153 2359239 -2084150 528622 247782 164656 -3108845 1119277 -277398 2960496 2472884 5001373 -371768 -1324040 -3832347 2742398 -3209664 -1206364 -2086110 554527 2309459 1341156 2549706 2887073 2116070 -5288935 -1864110 354554
143279 -2714637 -697075 -913043 4968463 2290618 1358660 876322 2366856 -1793539 2793456 -671040 3846107 -719066 3479101 1059551 -1444060 -1179248 -840266 -929817 -1109669 -291173 4191871 681030 -167937 -461799 -32314 1387774 -376119 1451176 1376849 -65856 1202322 -858470 -1564778 -981228 2672631 -1875533 678118 -2345337 1118952 1896337 -3113703 2977253 55222 1269172 -67168 1274728 103436 -1788841 -3310486 -938414 3089628
-1414185 3226772 -3543678 -3863851 -198681 -180306 -1289969 3232597 584869 -255776 696394 1990150 3401363 -2470871 -2243667 -771616 -1218644 -3251509 947678 -814308 -2330192 3247950 -1383885 -3374874 1813039 2087000 -1344680 251395 1134093 -938729 2112358 -1336916 -209096 2631266 -1947413 343819 949776 25192 -2866367 3015650 -1807964 1734896 413517 1829020 -559308 -2058027 -478902 -411607 -1504638 -1039861 -1678988 -4513296 1428299
3449233 1935075 4361358 -977700 -1829255 -1440198 2255290 -1019030 -2170290 1195246 2691916 1819985 1599393 -2999843 -517748 699485 1052949 904814 2154216 1735875 1675479 -485127 -57223 2043150 487483 -1199541 -1046497 297436 2176651 2590771 -2840587 1096690 -626068 -1281291 376447 727565 -5309572 1734427 374688 -47074 542350 -348891 1881802 -5489791 691524 -1095190 2683544 1123898 956460 3296405 3179250 466156 -2562751
307995 2930999 -1351894 -1601258 -1169411 -631565 -288200 -363895 -1357733 533008 -1018775 1567022 1759846 -1098425 3252295 2296038 -268920 -1180711 2464128 -160287 -451570 3391497 418907 -2164796 924868 1437070 -531461 -358305 1564825 3854328 -2295732 -46553 -1544364 826724 -167091 -40200 2907721 -1029092 1786317 779793 -2441889 1167436 563123 -691922 3062035 510033 1050810 -3066451 -206899 -2092472 -1705841 -2630668 457499
1472644 1390747 30242 1550855 -1453434 -165333 -2294650 1172256 751372 -3612443 -6661749 13205 -2210356 479490 -2132151 2181745 327877 1831106 743533 719964 2318940 -700279 -427541 3535868 -1313086 3380169 -1579327 -508645 1270625 -866702 -497858 1928175 1544547 1137511 -1410120 -3020358 531757 1956075 -798878 216493 -3902270 707235 188770 2907715 2232267 812097 -301978 2095891 -2340447 -2550605 539392 700375 2141024
1721615 271158 2243050 1968115 144529 -1443165 -13961 1885128 1138616 -2433326 962829 -2103759 -168970 -2192763 2647340 483499 998116 1535884 2914837 2427392 4575823 -2233022 1766308 2656351 849971 2107063 148198 -3025695 509903 1799935 -571623 1577955 -569953 1156875 -2806760 -1282508 3251920 2690350 1229756 -2585641 -348655 387943 -1202026 -1016102 5082542 937411 1552342 2527959 1454538 -315978 -256858 150411 21274
-355732 -352360 -759920 -1227905 -742567 2874764 -832909 -601477 888770 -2594875 1335673 150288 1111152 -1517882 1660223 1178229 -1006378 -2852936 -818529 247172 552088 2264999 976311 497225 852167 3582716 591235 37873 302811 2563460 -1461300 -3076988 -487192 -277946 -283134 1333647 1507849 957327 1551200 322408 1282083 703947 450516 1905722 2257064 1056761 378647 -2369481 473925 -3126366 -1419972 -2836015 1208097
1070995 200644 -603783 941207 176466 2802594 -133077 -1211645 923216 -292474 -2807637 1333331 -2175801 -813691 -2215155 -618932 -3558135 -882366 1744311 -618206 -24782 -201625 -2592917 -835826 1457704 -2343909 1814742 -2633457 443478 542675 2394017 2662484 -3817183 1199728 -3222449 -1906912 -539666 241573 326549 -1926276 -1273090 1512916 21147 -277322 -3782806 -3642484 179654 610400 -109812 -1723600 2031140 -141809 -1251762
-601745 659091 -2580672 -1529300 1611721 751885 -225730 2895833 1665259 -2583913 2110866 582236 530847 -2902505 -726920 1110847 898293 -1206414 2203039 1858501 -760841 818370 1526546 248115 1042651 4997442 208396 -1849015 -1751001 2089078 1236629 -2227441 437424 849099 -1330379 1267476 144927 181548 415095 745810 -3298563 1252129 1498509 2139720 934628 2056149 924887 1007949 -970051 -1440687 -718624 -3548675 1821654
1463862 636802 -3281588 -2291868 -1476774 666142 1072515 -1700323 -918028 1877663 2576354 -1669771 -1135387 72611 798472 -389126 -904052 -118951 -1769946 -2647668 -496416 -2459051 -3473061 -1793225 -1239007 -740418 -173277 -1342568 2860809 1671929 1700444 -1128134 1239116 -2484750 -153652 1984568 598013 -1885247 -2718898 -135429 3259017 -2748485 -293842 -2639018 -2378256 -78294 1540476 -1500557 1340351 -1064118 -2087928 159289 1905159
1013033 106891 -1194920 730091 -3239475 757247 -2589620 -1646797 32509 -2226150 -440163 324749 -2750577 500384 -155578 578965 132759 2899388 806819 1466671 2547037 -3310875 -220201 1793876 -1371918 -3347693 2604462 -2405466 396426 -3973637 2087982 968033 1158447 -1110987 1800938 1109501 -194969 3403040 -403528 -1549007 1747672 2494030 -1260365 -986144 1761524 345410 572931 2607197 -1271189 2517138 -2367225 1372081 -964149
-626590 82783 -2026196 -1655724 -190918 -2010029 2067937 -253549 -683140 -2159378 1308000 135416 2793811 -2340731 2437348 1624566 -2166464 2334677 570280 163714 1295586 829877 1666514 -469159 175798 -3984583 -910119 362666 -2589436 -2489096 4291642 -1098981 271 1519199 -214598 1921739 1884987 760017 -169869 1039596 -2249443 797278 -449812 1168251 945919 -1419200 -2304537 -511265 2002244 -212932 617595 2646120 -1025535
583490 1627552 387849 -3646178 3263554 797033 2535899 -3308263 1497805 -4319819 -135303 1997544 5512747 -3986046 -757559 -748569 -2928620 211242 635538 1370714 977585 2581624 3961793 292848 -130182 -892063 -1244093 1344313 -2316087 -3531195 3375913 -1296532 2174656 1419016 -797432 1663082 1194852 2457170 1498587 2544287 -2016350 2983307 1329831 1744493 2392322 181093 -3984907 -1293215 1481493 -1064641 522735 59520 -2545791
-223446 -643296 -2739654 3750582 -2147746 2525950 -1492327 1968115 2325941 1599463 2746138 -595454 -2434260 1023764 -1423399 -173727 1579463 -2707326 -939112 1699314 2339936 -976690 -3462551 -404339 1312787 2911262 733797 -2249061 2045666 924552 -2159430 1491716 -2580725 -175005 -2729354 541158 -257713 -1513798 -1114209 -3552194 3226592 -1932408 -1288370 -1512906 -3168515 -2272291 1690981 692934 -1381653 -1300510 -3851758 -3381826 2031665
300152 2362710 -273870 92923 -1454559 -1261053 -2047931 -3067561 -1732294 702198 745595 2652292 -1739422 2066595 3182836 1867311 2644762 -722092 164994 1159463 -1074378 1096391 -1046475 -1387175 -1668242 -2203034 -1250707 -1718221 -1300912 2560096 -2061180 2487643 1211949 1104756 152324 -329731 952878 358799 904645 764915 -3122390 -1373252 3528710 1455705 2247911 -520994 3731264 -2046188 -1129129 1737720 -962969 -54167 740046
1148767 -3963171 1671783 -2643264 -1292713 1189613 -953243 -2276323 2278830 1049923 -1040052 2579552 -1879450 -182032 407892 -1319193 -1657218 -1679185 -1948147 -1776032 -192326 292709 1430027 1494052 -1763514 72813 3820074 9615 -1261000 118576 -951390 -2408977 -134711 -3861105 1495420 2871597 -3622332 -648272 -1652713 1468037 3125808 -864508 -1966926 1594682 -3143173 1882855 3703099 -2299990 3115225 -806031 2272310 1701795 550773
1244183 780762 2162976 -37028 1345567 824143 -428069 3095308 906796 150397 -237451 1602110 2228062 -2324772 261524 -1831222 -1833851 897272 2297021 73741 677713 -1405029 1931957 -986826 5885792 1430766 1336482 -765727 -518425 607265 1442574 3806689 -1031927 923037 -3441691 -2756821 4214577 -179258 1782509 -2263610 -3049495 365996 991483 2818523 954702 -721951 -710527 -319984 2628639 -2299618 -763106 402863 566614
556548 677321 878420 -468566 1085500 -1118189 3149927 -1841234 2104836 -664941 -1550177 3598134 1729513 -5697773 -3554946 2243958 -2804683 830129 2144897 -328683 281397 5269910 115909 3158121 250568 1367488 -391377 1394472 -2616295 1029053 1223251 55314 -185389 1579061 -220268 -210066 -3883635 2221959 1696268 2453907 -1547558 4766140 1768518 381751 -952501 -3897637 -3392843 -842851 -1101418 -2171967 3995433 377405 -415303
-1522217 -1016032 3033665 1825037 951908 -1142999 169717 -5096864 420166 1009024 -2504188 -1732786 -4139298 1343192 642553 -824569 1352300 -214180 -1635471 -749176 -899971 -78836 -2519147 2358741 -4929211 400841 -1692175 -879310 -2549362 204804 -1271655 562889 3501856 -1032653 394352 -781736 -2464383 1661182 -2045121 2868737 2767574 -725851 804344 -898570 727903 -1528671 197126 -1654988 -1356204 332135 3970546 3620126 -1989471
-1408274 973224 102767 2843566 641802 2341685 -1425021 -671278 388884 2896577 1270428 849892 -1083163 1003399 2426683 -1607686 2739443 -2115595 -3251768 2060008 127812 -1867253 1025453 -229587 128355 2082135 -247378 48469 -2163336 1336491 -2594089 -1092028 -2632442 -2341220 -1525924 1745423 216943 -161071 538261 -1021040 -365688 -5032409 -94551 2527371 -273940 1430589 4203792 -2676000 364342 -2392138 -3999 -441910 1390705
634042 690101 -3084812 4274392 1603432 3841324 1156435 974013 2278849 -1929083 -1542257 -2764123 -3404359 2460707 -2198022 -2081854 457483 -1914050 230120 2328421 -1372587 -3769876 -698413 -1131387 -590248 -1356508 -190329 671786 1488856 -2178893 64419 354223 -2825928 63288 -12180 237148 -1414868 1611420 -5890 -346240 533637 -50035 1506886 302387 -1214214 145600 841366 -107710 -4683459 -2304816 -1522570 389378 1024195
