-498905 -2846832 2061768 847428 410287 527995 1642208 2297477 2744608 -2723016 1765270 2195103 -3125991 2367715 -3349137 -4262362 -2754382 596535
-1404451 -3114588 -746959 4501930 -2269367 1509430 -1919677 -762007 -520020 -598510 -1204666 -252951 1132930 -5594803 1533324 3118482 2421102 1390194
-587915 -9250720 -960256 -5159233 -1244526 232516 6779528 -7680557 2743368 -1186851 1001357 6181084 1994360 1755205 -4603717 -1487019 -5096969 423282
3386286 -5167996 5670496 3863820 -4921655 5887593 1395624 3646672 -3187470 -3715933 4030141 -1388400 -756000 -4916355 1404834 -2689093 -2516869 3691445
7451070 -2754693 4676319 2628314 415447 1687668 -418809 4478108 989096 1698513 -1318597 -4352742 -3537476 -2150430 -3269857 1271409 7153 821376
4302032 -2179963 -2954036 5185030 1347697 935239 2812117 -1533626 -1441621 3026646 1913273 -3650636 4690430 800808 -1305076 -4578366 280998 3315685
2248793 750943 -1052063 -1773620 3173482 -2329495 -4365631 3131516 -4842946 -2902998 -6205706 3618214 -820716 3879458 -2002915 -1922931 1402481 962134
4060514 279297 1857137 -259882 2514925 810333 4030849 90746 4866209 -4556462 2502739 5522445 -4361178 -1483561 2268148 901811 -5032858 3038836
-937650 1737123 -789560 -4641847 1821480 -706200 3630208 637721 3243179 -95943 -6441611 -3635288 735992 4436652 1350627 -3339871 944480 -3374779
-1263992 1163413 1368710 -3581859 -759535 1167407 3276141 4016776 4065093 2580509 -1717883 -2502927 21059 873806 701446 -61346 918010 909110
340526 5448479 -935206 -224309 -799960 -2362644 -1144114 -575430 -4086890 354907 -2749802 -680230 5563314 -450046 260334 2178001 2154514 -1251644
6750986 -7161855 -2457593 6373318 -1453038 -2637768 2243575 -6470642 -3071252 -5076375 3118479 2435384 3964285 -2527336 -5130899 -2665610 -1803672 -2179484
-937267 2284774 1590786 -488831 -3668674 -2082995 -495930 201372 -484089 1080659 1857586 -4625693 -2038271 1731351 6438468 3565920 1593229 632625
2520516 3756904 -1014929 -2954001 601309 -2656103 -50673 6623984 2579133 -2453075 -4405757 -2490792 -1993504 290476 356415 -2768594 -2177879 -2696641
-639870 -1301293 -2844194 4618624 -6256243 1886671 -1009011 477463 -123333 -1081759 2421410 -2351707 2162839 -473906 -3209996 -5142666 -657331 -1956020
353841 -982254 -2861329 2652832 1152144 668928 -3421750 -3658043 1066623 -2465174 -669962 -5235304 -2372296 -499177 -833254 1084032 5163489 -1963662
3694348 6154235 -2380022 3512478 2987247 -765258 503592 693354 1058119 5253358 -1395401 3512023 2692854 -1900654 1868686 -3535611 -102866 2618299
2486798 2730429 6006542 -9002483 165021 -3159095 1646351 2434763 1059047 1586076 126538 3373765 -679192 6702740 -1714930 73845 -665929 1357960
-199909 -1281891 -150724 -1008219 -956016 -5979380 756685 -2691586 -2106324 -2297116 4304594 27699 1951506 -771076 1106444 2003178 -221166 3588617
3478207 5161921 1551024 2543229 -4728958 -2695460 -4337092 -148341 1829662 699632 3603522 -7875874 1229799 2626340 -62324 673638 637480 -1610637
529691 242517 1224826 1629401 3259555 -549802 62968 -4119106 872283 2750479 -1698600 -1479364 1723773 -988775 -318452 5352257 722724 1773570
-4246127 -3075987 -8135890 2895441 -2602071 2084966 -434254 -4448703 84972 4621116 619840 -1737408 2744355 1447002 4083102 1102026 541390 103494
-462821 1898209 1054836 -576610 1013931 2607197 -1918978 1110484 -3237462 -5540067 -4775373 -3135900 4635080 -192165 1288372 1870054 366675 8933
-1626173 -813967 679587 -3783935 -1765999 -894034 2609311 339077 640917 -1968137 -5416309 -268268 4711449 2023169 1804756 -2576185 2076873 -6503445
5732229 2937782 190011 -2570460 2610331 160943 -2061363 1432161 -2859794 -1630524 -1669501 -5084149 -1018911 -125177 -3298858 -3249645 1333373 -435281
-1433606 -2747060 2643135 -850317 223717 -268894 1286010 -2530284 84510 -1833071 4206530 1690274 465776 -806184 2997734 -1821800 -1875114 4756821
4370629 2834364 -3850754 -1618872 -1935597 46505 -2248789 1144134 -4212319 -1735092 4116959 -2114672 3749121 -1194641 842284 1051097 -2494983 -1472668
-1050017 5969293 6586302 1942905 -2667481 17087 -1903109 2190992 1210411 1865583 4306647 26972 775257 -2004165 -4113028 4328409 -899867 -2744543
3905186 2425644 1585864 2856468 440148 114285 2088555 -2814646 -841432 2042998 4857971 -2010811 -868800 -1629377 1668722 -4989904 1676375 -1173410
3473181 1003272 2167378 1221330 -978578 7571837 6436224 -548857 -111006 -2841200 2245722 -2212597 679175 1310482 -2033998 -622284 -5287529 -1457329
6751979 -940910 473224 6032162 -4936351 2129326 -781937 -36566 2219696 1423221 -162583 -4105839 -1331939 -2694713 -3719926 -2716162 1938970 -3654625
-3053510 -3097087 173623 -1767691 -2667817 -869300 24881 -1153960 2198514 -3317814 -967379 3315764 -1682827 -2625925 -2452915 -1495669 -537922 -1512323
-1011723 2239586 877946 -1951687 260008 2967082 -3482804 875128 -716201 5924016 2857772 1897833 -1705837 5059794 -2523437 -2497495 1609955 -1442177
-1817168 2265612 6024004 -4760155 549838 -1737255 6243338 -708245 -901091 -1565714 -4506219 3441846 5459643 1282785 2078533 2143140 44173 -1980967
-2754432 1830813 3323892 -4365809 667758 -77272 -110061 36118 -5258364 1031920 -2567747 2949661 857282 458965 3006893 417078 1516316 2804051
2516260 -1779744 -2667094 -2319441 3928265 -1653 -1046773 -587560 194006 4682836 -998768 -2705130 -4822403 1229196 -1899212 5375334 -622982 2730766
2464239 3575392 440839 -1814614 -216096 -817789 -3027257 956219 2245537 2833171 -759823 2355616 714428 4953081 2830120 3232448 401442 1996682
