30 30
775
523 522
508 509
73 72
644 643
204 203
836 835
58 28
493 523
477 507
427 426
726 756
48 49
812 842
793 823
719 718
816 817
84 114
794 764
162 161
194 164
678 648
305 335
763 733
326 356
818 788
881 851
21 22
806 807
239 240
425 395
684 683
598 568
730 729
234 235
888 887
349 348
706 676
676 646
267 297
324 323
604 634
367 337
456 426
189 159
884 883
536 537
386 416
433 403
489 490
123 122
406 407
466 436
782 812
62 32
112 113
522 552
321 320
511 541
516 546
694 724
57 56
652 651
579 549
326 325
478 508
219 218
779 780
342 372
146 176
313 314
69 68
517 547
541 571
640 639
506 536
686 656
462 432
226 227
498 528
392 362
812 811
341 311
824 854
271 241
693 692
690 689
366 365
333 303
126 96
737 736
569 568
603 604
195 194
880 881
187 188
55 85
854 853
560 559
107 77
675 676
610 640
809 779
354 355
718 748
692 693
482 512
484 514
494 495
29 59
708 678
575 605
446 445
396 395
580 581
543 544
180 150
238 237
317 318
493 492
387 417
503 473
248 249
500 499
373 372
856 826
695 725
15 16
99 98
828 827
295 294
642 612
753 754
398 368
651 621
65 66
26 27
539 538
218 248
822 823
188 158
421 451
166 136
538 568
633 634
48 47
554 524
531 532
706 736
283 284
173 172
209 210
704 703
767 766
85 84
856 857
719 749
861 860
35 36
642 641
610 611
842 872
386 387
31 32
715 685
656 657
143 173
319 318
214 215
287 317
39 69
288 258
498 499
823 853
94 124
777 776
155 156
320 319
124 125
20 50
678 677
757 727
805 804
32 62
600 630
882 883
360 390
422 392
762 763
154 184
654 624
878 877
168 138
519 489
354 324
260 230
683 653
158 159
146 116
879 878
437 407
272 242
767 768
110 111
12 11
149 148
193 192
294 293
833 803
496 497
557 558
598 597
277 276
643 642
375 345
870 840
697 667
530 500
52 82
697 727
14 13
50 49
113 83
527 557
69 70
336 306
523 493
501 531
559 558
267 266
647 677
122 121
627 626
687 686
825 795
376 377
864 834
400 401
547 517
184 214
707 706
85 115
799 800
150 149
767 737
339 340
569 570
156 186
290 260
131 132
635 636
197 198
148 118
832 862
4 3
820 819
817 847
583 553
302 332
783 784
64 34
682 681
723 693
255 254
810 780
873 843
482 452
874 875
134 104
224 194
740 770
677 707
275 305
237 236
770 740
575 576
586 616
560 561
243 213
658 628
74 104
759 760
282 281
216 186
72 71
160 130
34 64
442 443
162 163
612 582
192 193
290 291
870 869
591 561
617 616
696 666
668 638
268 298
321 291
464 434
702 732
435 405
199 169
138 108
674 644
363 393
709 710
113 114
736 735
400 399
509 508
486 516
855 854
35 65
347 377
388 387
408 438
40 41
549 519
25 24
413 383
303 333
213 214
210 180
393 394
481 511
66 96
439 438
629 630
65 35
671 672
77 76
671 670
80 79
793 794
502 503
434 433
730 731
473 443
323 353
72 73
218 217
475 445
896 895
731 761
614 613
225 255
567 537
70 40
217 216
653 683
691 661
796 766
60 59
821 822
361 391
434 464
206 207
602 632
829 830
826 796
486 485
304 334
591 592
246 245
751 721
484 485
697 698
584 614
440 470
33 3
437 438
453 452
711 681
64 63
605 635
158 157
631 632
320 321
375 405
303 273
600 570
700 730
747 717
633 603
382 383
197 167
537 536
145 144
54 53
558 559
294 264
600 599
96 66
676 675
89 59
24 25
113 143
265 295
395 425
413 414
48 18
734 733
379 378
274 244
698 697
59 58
499 500
492 491
207 177
441 471
664 663
378 377
385 355
133 163
103 102
565 595
397 398
444 474
93 92
864 865
700 670
577 578
692 691
768 738
158 188
87 57
352 351
654 684
768 769
807 777
315 285
617 647
494 464
89 88
615 614
338 368
851 821
137 138
2 1
132 131
104 134
232 202
540 510
184 183
457 487
45 44
330 360
383 353
757 758
346 345
709 739
542 572
282 252
667 668
44 45
673 672
520 490
139 109
95 96
623 593
250 280
41 71
626 596
792 793
674 675
497 498
535 565
189 190
418 448
358 328
498 468
5 6
80 81
132 102
207 208
356 326
374 375
264 294
794 795
494 493
680 650
350 349
759 758
699 669
540 539
37 36
50 20
369 368
642 643
58 57
778 779
374 373
741 711
414 413
240 210
541 511
428 458
316 346
658 657
580 610
472 471
265 266
250 220
27 57
224 223
8 9
233 232
3 33
543 513
710 740
745 775
613 612
254 284
813 814
679 678
17 47
183 213
632 602
691 721
835 834
839 838
143 144
693 694
666 636
447 446
776 806
812 782
363 362
301 302
106 136
678 708
227 226
159 129
298 299
407 406
785 784
286 285
533 563
595 565
614 615
201 200
477 447
219 220
651 650
196 226
505 475
725 726
708 738
135 165
115 145
94 64
844 843
571 572
70 69
307 306
521 522
731 730
562 561
49 19
875 845
790 760
308 338
407 408
233 263
689 690
417 416
317 316
69 99
751 752
471 441
227 257
195 225
786 785
44 74
675 645
272 302
229 259
667 637
743 744
88 58
651 681
240 270
332 302
708 709
588 618
765 766
513 483
533 534
16 46
524 525
756 757
357 387
729 728
834 835
839 840
406 405
304 274
726 727
402 432
242 241
560 590
461 491
716 717
117 118
395 394
862 832
675 705
827 828
75 74
412 442
283 313
133 134
241 271
542 512
183 184
766 736
52 22
152 122
645 646
644 614
60 30
89 90
379 409
356 386
558 557
117 147
169 170
553 552
689 719
715 745
187 157
874 844
431 432
229 228
886 887
853 883
257 258
145 115
329 299
401 400
790 789
385 415
236 237
513 514
310 311
621 591
100 70
871 872
45 75
431 461
144 145
146 145
64 65
806 805
760 730
105 75
214 184
725 755
2 32
712 682
747 746
427 428
598 628
854 824
260 261
235 234
65 64
306 276
626 656
643 644
54 24
878 848
773 772
120 119
37 38
620 621
548 518
500 530
705 704
38 39
815 816
684 654
673 703
209 239
733 763
193 194
699 700
475 476
299 329
545 544
153 152
643 613
336 366
884 885
41 40
145 175
570 600
367 366
432 462
377 347
571 541
677 647
223 193
269 270
816 815
707 677
512 513
56 86
853 852
175 145
420 450
503 502
179 209
63 33
777 807
795 765
143 113
516 486
178 148
333 363
762 792
332 333
681 682
227 197
585 555
22 52
693 723
153 154
366 336
347 348
594 624
692 662
554 553
280 279
109 110
267 237
174 175
741 740
448 418
641 611
364 365
315 316
898 897
517 516
353 352
759 729
285 284
703 733
491 461
774 773
11 12
890 891
249 250
537 538
33 32
848 849
785 786
251 221
178 177
231 232
328 329
561 591
463 464
518 519
556 526
55 56
357 327
275 276
287 286
327 328
488 458
847 877
163 162
838 839
257 227
