30 30
779
148 178
738 737
507 477
710 740
380 379
757 758
743 773
158 157
887 888
331 301
275 274
460 490
296 326
128 129
113 143
680 679
458 428
422 452
749 719
831 832
465 464
657 627
686 656
549 550
365 364
87 57
619 618
264 294
401 400
730 700
407 377
631 601
641 640
688 689
726 756
749 750
607 637
518 517
328 298
254 284
540 539
890 891
261 231
814 813
741 771
511 512
640 641
122 123
348 318
806 776
414 384
557 558
871 841
563 533
336 306
203 233
445 415
602 572
476 477
111 112
563 564
838 808
717 718
816 815
13 14
512 542
29 59
884 854
106 76
49 50
382 383
836 837
280 250
492 493
629 628
170 171
707 677
162 132
691 661
166 165
358 357
138 168
420 419
496 466
155 156
764 794
559 558
444 414
474 475
288 258
803 804
802 832
75 45
837 807
139 109
898 868
7 6
449 450
860 830
192 162
899 869
464 494
657 687
506 507
703 702
730 729
37 36
548 518
875 845
471 472
658 659
394 364
771 741
771 801
191 190
231 230
753 783
807 837
562 532
802 772
841 811
601 631
815 816
564 594
324 294
285 284
14 44
126 96
256 255
200 201
573 603
626 596
247 246
170 169
585 615
221 251
843 844
129 159
217 216
358 388
571 601
404 403
406 376
151 152
43 42
760 790
69 99
797 798
410 440
442 412
704 734
153 123
271 301
349 379
217 247
89 90
124 123
652 651
51 21
130 160
521 551
247 277
468 469
432 402
547 546
794 795
320 290
78 48
594 593
453 423
483 453
484 485
513 514
878 879
356 355
713 683
636 606
526 556
386 387
385 384
655 685
848 818
691 721
71 41
494 495
84 85
692 691
417 387
93 94
112 111
443 413
348 347
246 216
701 702
567 566
61 62
626 625
646 616
411 381
591 561
587 617
162 163
208 207
211 212
865 895
635 665
708 709
667 697
793 823
703 704
720 690
355 325
756 755
266 265
514 515
637 607
177 176
700 701
260 290
428 429
77 76
100 99
298 268
667 637
449 419
599 598
388 358
215 185
310 309
644 643
681 682
458 488
130 131
509 479
218 188
851 850
568 567
624 594
283 282
224 194
752 782
136 135
342 341
143 113
676 646
327 357
461 462
874 873
268 269
781 811
4 34
187 186
101 71
735 765
306 276
687 717
452 451
90 60
517 516
647 648
350 351
790 760
608 638
497 527
221 220
843 813
805 835
892 862
263 262
570 569
42 43
173 203
114 144
403 404
517 547
183 213
230 229
13 12
507 506
408 407
594 624
716 715
791 761
676 706
416 446
804 805
38 68
367 337
845 844
226 256
363 333
197 198
593 594
886 887
535 534
154 124
329 359
271 272
704 703
487 488
764 734
264 263
807 808
555 585
849 879
816 846
702 672
584 583
194 193
311 341
766 767
357 387
54 24
65 35
757 756
366 365
151 121
229 230
383 384
54 53
897 867
259 289
769 739
455 425
88 58
352 382
339 309
32 2
347 348
776 806
704 674
177 178
870 840
572 542
774 804
866 896
65 95
474 504
819 789
781 782
714 715
376 346
709 708
328 327
349 350
39 69
443 444
613 612
792 793
550 520
50 51
504 534
428 427
316 286
373 403
235 265
529 499
53 54
382 381
464 465
486 487
576 577
441 440
671 701
326 296
225 224
852 882
447 417
656 626
388 387
705 706
645 615
496 495
136 137
112 142
715 716
543 573
86 85
132 133
191 192
245 215
359 360
785 755
627 626
148 149
566 536
728 727
64 94
873 872
799 798
532 533
250 251
181 182
799 769
58 57
256 286
44 14
615 614
773 803
77 107
136 106
277 247
122 152
839 838
879 880
729 759
428 398
127 128
501 531
483 482
434 435
514 544
876 875
157 127
208 178
687 686
545 515
662 692
812 782
684 685
173 174
830 800
322 292
278 248
289 288
149 148
63 62
883 882
204 205
553 552
858 888
233 234
335 336
641 611
821 791
891 890
339 369
165 135
414 413
759 760
751 781
325 324
470 471
562 561
36 66
322 352
190 189
196 226
565 566
311 312
374 404
358 359
392 393
501 502
592 622
272 273
176 177
881 882
556 586
880 879
441 411
89 88
786 756
854 884
426 425
604 605
451 481
212 242
354 384
867 897
891 892
615 585
64 65
119 118
657 656
270 240
609 608
624 625
629 659
634 664
292 262
40 70
218 217
475 505
583 613
430 400
266 236
94 93
93 63
689 719
337 307
377 347
815 814
40 39
673 672
767 766
697 667
671 670
766 796
839 809
51 52
287 317
366 367
134 164
309 310
345 315
635 634
538 539
774 773
412 382
164 194
273 303
521 491
613 614
527 557
890 889
402 401
860 861
198 228
762 761
734 704
307 337
855 854
684 714
247 248
597 627
240 270
779 780
160 130
220 190
808 809
888 858
829 799
80 110
649 619
444 445
390 360
119 89
186 216
167 197
266 296
712 682
2 3
813 812
649 679
234 264
647 617
621 620
768 769
553 583
379 378
598 599
548 549
600 570
73 72
648 678
360 330
423 424
868 869
793 794
171 172
302 332
48 49
796 766
542 572
47 77
137 167
465 495
813 843
867 868
304 334
511 541
497 496
161 131
780 810
795 765
312 311
664 634
439 469
723 753
69 39
583 582
643 673
769 799
463 462
824 825
404 434
828 827
411 410
125 155
532 531
890 860
834 833
758 728
683 682
469 468
44 74
261 291
872 873
421 391
160 159
862 861
635 636
580 579
612 613
693 694
815 845
405 435
449 479
491 490
284 314
825 855
514 484
188 189
190 191
833 803
424 423
359 329
183 184
145 115
573 543
364 363
283 284
685 715
825 826
744 774
429 399
140 139
867 866
5 4
526 527
718 748
610 640
284 283
113 112
355 354
604 574
480 510
12 13
284 285
40 10
783 813
227 197
527 528
505 475
856 886
244 245
60 90
192 191
446 445
240 239
513 483
196 195
150 120
824 823
703 733
772 742
653 623
409 379
457 458
39 9
66 36
700 699
343 342
632 662
456 426
302 272
125 124
495 465
536 537
680 650
653 654
74 44
228 229
787 786
785 784
276 275
659 660
748 749
887 886
132 131
317 347
625 626
632 602
260 259
612 611
203 202
778 779
397 427
457 427
830 831
788 818
420 390
450 420
255 225
338 368
269 268
175 176
239 240
547 517
491 521
238 237
760 730
660 659
774 775
697 696
219 220
157 156
472 473
448 478
878 848
502 503
394 424
787 788
611 612
227 226
688 658
347 377
522 552
211 181
861 891
348 349
116 117
549 519
498 468
184 185
701 671
397 398
813 814
740 770
576 575
5 35
24 54
294 295
782 783
426 396
843 842
201 231
287 288
304 303
33 32
346 316
586 585
689 690
713 743
707 737
551 550
875 874
195 225
740 739
437 436
803 802
656 657
725 726
124 94
46 16
97 96
508 509
473 472
99 100
207 237
731 730
433 432
695 694
858 859
559 529
817 787
750 720
725 755
810 809
658 688
242 241
588 558
495 494
96 66
523 493
648 649
868 838
728 758
