7163676339344154857908391543763072459013247672369250009283751 5785364679816690172444645021892373029486689450787941516018118447949818
1533604518 6693933041610570500398954778296178463877150230402442459846665505541840
4602108122566057425390347985685445857691048855519161395115874530038997 71998670686738469078623656445158567334514480246365328693259977
6349815971975468211519461960839283476986285741565816973091274124661372 126688345381
82676637 5836983392580363038040714600247222831372720788281088271851875719913240
2470264296278288726795897049666804052591321441233105694318376176703973 2744
2961076682212588886680555074427213332192313784592152329836470193746956 29770329766998801741782159964707784
6989540641888397330820497566525815769054332383018113362030782464062189 3314366559682405924748608452449591137704782134646023105962
4737860359308240796179500781505790486633673418489316299269329099069842 517725326665054433054075354199322197821717214688185582119739881
9202619913351132999732132642675095279370605731120215548704971772212369 51914048269734826443612055291325638052879074
50116920078469897445708799783350693205403271252117609688779116375718 4509871245582183884563899467395745943289737276554922231479128813309820
7520397092235474308289742844846420650451804544196935021217712 8546218899695359466503546853775441083062943570636288763340739274602901
8587585068155709308800566707012290168665672462392174350241164483419508 2522465388354078609355380505787
2189755760400208211975092069054562750246298438271478179397492040537552 63958985042171020869266339087498904994508917139335563117237189
7691061054789643399622545385287366464761 6503166457271836314711279933614266592357206300931323640536829548197645
8529520036282610078263847743398960014218838319338377753647978764087418 833454985362215865753640827338751216915443664
9283841460635212937016180518381922426862057571964667206479417620074671 869250116894292991301
9113790817611133203467308212425157438730603816368806756608062578443316 46878406386983843640019883116866643406254854
3714718926459155 3210816173947398122052978457502425617524830799701208428363033578251905
9858767999284467219546449950006013002801741387208455011107229030553735 69267299036757997812735000386891737658563151860743926646976757
35266 6410220849371757148025703331599462485461519606632435205730009945285944
93880412179 1962563584058019752925707442511028276734430251228630313177520642680563
7894528006330663338536175070829021483586119385610495302802884907077625 4859805022177195415484577
2611316208020439160624372741687368691241243488595677006 2927804384005447782381998565784376079419819353243583692460158788685546
467590157185039832342148195581997 6699848943274236690938343845042903089804143588367462299893397780380262
82470030694003807316 9066878797689351583108121248567883482352242199449879604728886784033588
2413307995813973151128080515524567029731524011328662661912484133055048 2072385682410049366139669331714941371850293517465098976109203997
6464226739478833132208330833942188722518455448853296239234728956038202 2575116989187438882620578529031008812432542505395677827901806126100365
7498926431201140241268316416001843657492822158175291242906708184679530 0
0 9121499584076230348346450229750494536414914757991828483505672831507168
0 0
