9220426832681098386885982035610454 396301760081832710229624307572933785954154268639772866219978381882477805441216403681423512
407489078873346752158939672104767607517516960565070875752262850511584247856922421720225744 292033519778726670392042468124365568032129104861812016562594941499513725647046327639207758
136046581208966102559300509258813419077398206049414546816761742285212944986602743309981577 212917122196094807540860963440413604649
365904971602201958552801067455153953 761623853268035435531209916403850122429947960613169419520273570582027933920981519472535752
51095034168000283912385032786837136851387317337648098792162765670467516447372256275 876382789548594365119868295013720370758605576122935832973474969118295057725349833338726295
248258444601428988711351099305219234091473835636407734966816559694315463766429072867455068 1380455609
702243537505972051196111 769753235679023775492718029630906891336805808397846237039915935516859651253203989614539750
192752469181713764850918405937466853019139201797275486239922680288799702652 324961410255357538886657520817201698851006533417295150025006756918913013889430171808010533
280210133369350702093821933666094038061597634626838310625093695318135486351034647670843542 41674407145882988362
3335611026383724 660168658415852987768060898463021047122965661871668494776712017143855343011318577346935509
87460517060291601108666592191323090261189300 363795651412643778397315645875034303089332516995744697351858581913344477858649133512460547
258193637024075636780414076536231260525348947421119351978824469785057581587349670527824928 6623473941078061457275663802205867426932031937204221787299711227
307530841425487806691718122526537280476710379251130233048210963804051 944793628731974570311327800227591181445430647296329672684627308616982625601531385343723305
1029637801582747897323816156972686549459628094 293656959594482642206363326345737092897848486663005741276800694593782687727316616100559131
605609503402120656394615364406638328470830045210061543289621405367306400416159267332652836 2943538702829180604470718236626612166958
25427322902710179995707085035677130882284676905804396204027786712790140807 898190549191793683354726960042904913988197468046372066662886298699009038786501330559237617
763275484435331034497146585212778028568231785090759486244967135159937750121842819077611207 726585413485526360309377198598532380943483135084024071912964737297201840175974388707018507
308295698458834720020947156663785507268134119701906910726314882362200133756846148739804657 87295616649
96915153005011668625013649390527340877277780849831534800951004 638925864752839932287697884084698602388763268153571252231651311393522500026853100445960058
396190814334352305627272154102704335518962519742424153569001272827381297451547790405763685 1
67147268223380079011799177670113037976790320538459730968845879394 281783915060828911009895593634063453746444748549842923494969485920217883458222106518859575
2028262140587329531114119066819431279493643377423734 765362165108435494980537281574192929337868833374082056004173892086110918791040649974576104
79935247156069000971847534838441356172899695625812918661047 583148755154046508101592458784664908795311917577507658013091470172141794016765647524536037
84316489394502479238952488547962595353293863212357153413467275424950501 109352888525066425342905522774075020220202700463109392064543942464699719111458788819045491
581548137076489857535566602295203558383090838815588357917369909456294693808901451507220156 861127332147048949523020442629887011774189105910074
485450271078292266367673583879377132151279200446192061310817756569976196218282011417651832 77483392203847665886937992078441281740063347026504317128
853906187828003462688205542861418928639333346602161903687166409221386419955537044166624433 45127255017104789686212
776530859461108909842430390921338082277136568559755198137149482203420455021889974484219243 783605977135837937054594145261599172661694179094899461995613892900388668297306888726836507
506118379335385115995979673233135868895731569290992481368683127805705400558498789129276266 0
0 590782273913970039027931078806786774093394883807909895922904674271871320720121011193605197
0 0
