233510641794616 96710418134442490725841588426781353426439994135119
59449086879144782232328465874680654553352598967200 63360918854680128773418300074270828819614084397186
35605899381119 84856454905814689637688591422711118773384967555610
40379433804947715373962837690642780845236840643372 88061942217407401
3851015564844852247460332 49241921431709349787419186781024260352518608753653
270430472614338073251241097543 51175672310665966710444054959604731400651749255046
259891317456980107736330801393 32050286352031043032595815948084200428056271675998
49653347467888032130987047856661847373010020023259 792739585369328693935956191352811
1156892944716309016 32705225667628219338706881091170340174650415456381
70613724896448533185790458950135309891391137080 32009135815438792902015249519634834959751296097407
69435309484860585470792411161954019770618127177834 254567841995917907517
412316947484382794965234 40230296612771368421278119761133359378251439587520
3770658881336276213456527 38946633352042855240122256943118122888323529737571
55722636969782260214779762419769463648554452890112 6149785192708557
52988427550875802872382882850593783646593572272659 201905775361244002595287561133
335515280992563680763858671902657108827816392 45384912618330376849858328401551080793157212249055
80984037302512703210931176273098207702462835205529 529707090088217131794721947676410382
1 42227508918875397763649962894036379031022820679377
9831 93073538548851201627432103653965292868614790832904
97397674972711198169631814026434175053472643073891 740577515150247490062828801812
4035708513537479577970962045443476146017382331200 61711553008632314096181004538530633781101177520120
18981536682845145458867519754720838191979155889436 84988053455459480577614
65572706886169537208 50047920360745565745616422914192198081139113881356
19773185796006016140353651096820997218987600411047 5256766856055
25295256299513243619507455620069518 63395480632268573569218430336439798436411838897364
47351306149030874615811890558909957207824947055618 70
16765866733943987924971710040541130618592806304096 80689989304946244429560723786873033944174578314859
32512079830582034475420126296005459656869039262620 86469824986950549207017601250453311493893601955808
22168490997652766827955064744943251011322287476268 0
0 47359217668210933146368464126906953876754676679905
0 0
