199449650498871578261292719887658725680920727107945067548646422404982076250 500746033591158782208180368738911987780059277265485223471
226557635455279941795 569013737472237292750477683764540441834782907926313383243519965939313783103
7641089 625889077590521012334835809029172770679330402704159532222246355723980945905
50129 881126564810843745681808206238316448294708902478967249189722756610662354144
113972232511454122962624970234718007341714850492680162771894487210266338713 14463479759058599440466119982480947
95514665384924400719613214153549111799247641 281274356777315689510890014700108255980570401169041340543143256291081259221
405666908673917163456647818130672158968925316254710376257381550785501395148 5343468121
947214483133284991817173833974080831471794233934035944227644245548897086632 9762031686974548195894
169342764428472078154892208094152006372936074201038629849868276476326549249 61984848744930959529451025141227327021816501508
104177305766996513557565076894567984816383202855300058585364813521104865105 800322690378734567280
751902959979493206684330008208515705112121272893471826826847920411224657806 47525607302118000161406893
533111738355889298210592900093987398464429929148971921341362950601660202226 8122033447872691419456
603925568682636105177091400078329733499579765595222023386393448311682832928 1912144497453397090308158
29741665722319874381373794042730807963665816815453602 192508892072781049730432179539971123222439629953826989309274361404728961046
715431523844018670276014198444525060424928351119338150691437009716970464499 4278659375291583680960666422528745723
624838621404364142584005970795650243027467815421690292709079754780302040041 23962113
345834690593895968109815797003697192573732034842654547037049308210489854268 52200774487303335358316394740746278245605545
706255693187049897065223028786076904663993998879695339651752559149707026618 275972521384036706157875193723361050222562967668475172884
6724022064510719795554261672039104716933684687756421840209432562935639119 177374116302525480636039894725875622045995169629603426407099888541767258076
581286802431522500063932102378758096679022396549745130561020897996574678027 1164737045675095974052798671840776441347834536155570972059
561359900368314972047710782743021157259287011728924925916182604811756676300 8248787168241288226533021706923877748676590618452207701892516093969736
277687359559570394003096286932730410246323473722354673391114589721867629168 4189625380391467454884762954740371433981
53992367473136202962435889092445746095952467 687206761272391637103023538987607357144383522805537930405495356111825453727
176814946571967323436451136054281884271848234986449017340947387775114228244 8459151244663239116889154336
932493564928784933049050204551374715183595463057363480400968095668498757513 507483075478536541431029796401533492799348394970235330429272325865
91102426516762292633825361158414545709570448887 462565191426269645335212458238154400131274192088634365622675500962276323735
8038676151318080 287506150635151674743378410438568210026101628905491939872825891934936769851
243403508685089880973699465350615057537317025206213674521258329047912743667 787011598062180934058959345721460463544540070086403420554249315554028494691
311571835981505468033647487878160219513101484122045509360247275416499720060 0
0 872899451508744662115954946144114513470630624091424021635541974526993978251
0 0
