1379911382361992879425182093043670592820186497674838376 173
561612806 4346955830680157936230893625743770495970159264177792993
99503203698889138312692406300888758078369447 9523147731338950758408789248608170484489533520516388258
7416497424468265611016292004787430072014482400981095736 3650546869
6112595115009116042191696276885996167879689510316545826 53242833470257337488431215797343660
16106583011421053260960223003379 8097790713155100390272696891182284953226751464493732911
5213336177911379913558707226456477720548551608591176168 806252859670130801511223311490482120317396522512665780
748363384789852 5290441829629643102667953732717736793075137012432899516
747214703835886369503 8431384104344780586311110591294447597019463031101744076
13679018827856412555857511719057546547321327990147 4456167879058694353684923114271116725734639410846336748
4250981371728066682782265522935752763090372170930111557 625352005960280552944805218785007534
8645549345884454428706576773312989633680380927379241009 86129319404082
822327011631841822018432674426749193814289563747159114 9730157008111135317972840991125798726428259382143853237
335002992376551246297647170664948460959188953090 9296056238892962623704803988070911727360161687042332034
6254063371746340288078694936281406922460756493611418490 6340176465880607293129435730638495
9260871031950384427013098037710248245369756 5054593518727964996155512173850957506179962680379907658
2828348013186096912735457623322207053065675294888371018 701335554718875460
2764038076869192 6673603478038894551581857846950740000360163144829190277
6104724124350953707355568560463093686090747934425160838 57853272531362459364807345528319214551036364729
71480925463992218961118482224081 1491318982176505496806201637718068411219629371030813563
95103483 1954061456396714041601186482085082709076605497003483592
58435718437623431848043439243805658141907669204301 8056705978776546680809660885186613386095162937597798666
8540526671452305134421619717384030082870015476981555636 7876838140188888262943978627
6628306789303181275014456152524518648438688928247849486 93366739595561529511355131
5004350146017663735688026751971274729744565324 9176084000954845139851715582828648246968153549372479561
171350752313917544157072779 6027198468423758775430599763453975884750794060957690869
339561319378808940641338546156750636960119129916092136 9828196878707689998110236240678770592499261159068972107
9419018880592193654723894986003974875676755166724126727 1169382258236922879166880228146254182528553165545571381
9043189565848598041208765236718034662718315164178290286 0
0 4316034380953683908264354744232084889517504893485433969
0 0
