850804088077587111106501037926401604122121982893105887183897 37027451863071252
454531834921570519160034027482159522627319678940886981504444 217231058
572861281062007044602112563634123301659876086002672005261824 47599774854482202461862318692137086176861221651817226
34486713 512210091235006926362731191982495826827271771585313707838947
569907057228111829252981010189597688583427258642580798111139 80789559004749605075075086491513601789689
3246745372090831094355725603539055822 979678964283730404186459684169326496504944437470000656834462
652660184220667259460338164528143331569192150005043276284669 55028175384711711436875694352229743
53809530444982957753025266 209083585468603013200007500158791991249885648179412512294409
786899338336906395709441738339820639585618200039530574869822 4689176924038358874
911519403606487675720878127913306657799171929607171178282904 148307219590430059420720922026293
92741251783934586526449597980455620 645036451021773328497407442004271906543966033497456197043364
532731594462696205664953016570454957009665146977435852354021 996
769658229688574123658318521319377234276147194609186917869123 800964233590714335621538520863135
817450242959494036586326181217540307542039970595154006615848 7476752194503438482122390460
22178842156859580192216726107476685689916702952 461305177708645525295406098483791041550551337080711253072923
2639994061315035208545 143155428881792418541274814678255582244054344687664881264751
494499863010356963647420815788559111097618845463927782985663 206417726536372957895579584349079730
25571065923810519295634623555269738064658 950933052717109656394280296673569772099463393470002542763340
778510636461515238455882617143223386369217 768114959669823537089519246389125936344500602978896057993722
8451 105677649158949544455738193750081748412540534500145730752247
554204937677223723060991665912468800293162004398894195472983 811211736810114624518624228121272495788491
716653061203684919853920836741794559955007467070955 658551327416084079781740647945482459791534362782952046032026
379328211977331213185253286404101054085372227458969704054896 1643
40699042889897768393774305051 457618542922022820659157587304442325389891204686763678529579
763689288280406184069638477958086475395113355985581574532429 871646933367642820331026750191818905790047913
64205543415806647542252201214602044719162643307071 598638079431858339445621973870139005022266353108344007224504
3749261580347857703113037500164060086355501216189410025 895924320540208958009819981985474076628685625630752854854142
811038891851333828193370955362743948947234369871680130235984 968675469192741758038351396085623780436367862157152907238967
629199152911717122039240265071936067073274565277692616832360 0
0 855162861108766203972356931267435163371783781402921258051399
0 0
