6924528601357576921712139954231453107190525492 21528849351815442903176091356499543457584897451643153762117957833170049630375659
137458757525878788194499346056831686471425105073094553419214029187047 80992244994031886170431624624396387721122845943750805167559088839511845022726094
67826496676417941788910639845041923583 34220599928819135623095406944999631693885888892556186826532133097458756445346714
32134008213832579347191847518963186786727000478624345629392309639219801734071854 800641164765306835838662666632044208446813565
28633612170953157780746447795200285566973960397267441005996518756223822319368097 931637723252920345168409969276231316280
604928401288277161053387 65975705964260285269150771406395092584282729949485492681934883384753383575461539
2558651251 68927550505252067370275063796214208976926662870828855571043884206114708585774856
3300706014456287 77973840700468922141311477069858657953143281293608751800726704781696912252591963
58040232925393655268685844950446262387790249807343104680095331187537209253436160 9305107372685670975267793054881713446
43664143440966838255633906541170458873417425108123618228874183231038591245975988 11263271889204330389635342840887935
72643785438489564198374663576023507885320488534163123609158973223221983043017525 5733744435260494933785326413663367751306924186579869691254731
69443741886974465554368722455624889385 88428364131604581727484924737793656684098488038400168753138027482042672610635475
41789004926865381578931905462133532434046655183550356766234640013278875460170545 12379192876870119199665874849627876795972872003915081588093957854455
94361761183883941742257935670186635931161642138424779482141161046539865029434287 14712139267581136123847003423300993408345093309
83449449703045234574428149671595051997867381807286829653713992697797495336716464 181337072164753662080416142729979
53240468033502820883417800909953497633459901185384647458640757016971336436567205 726276018
85901102430088775993855604227026537849202203290899396058471195060945887220549540 315963356741924869648868430
92054542008794087465542420483621948592794765493331895250398682996745237615274700 294344655237226183320058424324243979537082027635979294058482
57424678508700685292313038807310072439489481449089422826628559576742700858015933 85389162929097871061348340843263991920334433142468893657833270771184119
25099355137622407945124532165010531467282946307023555100316849193269189696228922 380101549589672133433029349472970282556414392707171473528497884804
40923472855562809474413121704131355693198664856913356668051686921502011898475076 7111921437216653973213217969844378460525468253843364785603607234092264902857
71668058728081924336752175450385551577371499591146724051716756203571400549690015 5922439618300338262260786888157449695
74007547 60119107095821567738415477564931155065986779047732675323379785190628117004900804
21635162340852834667360970062670756392726003206883529537855214519168332232572451 750009864198800960203457230603530542748178058245277534359530
528945656338930505490845532134196903468321116489938 63498819383442779552785079968262511514762039426374554153061188551634002525467005
4389616846894977579723389211779109192778557964614788037260 75747068187872562330690490084688184080091790266611870830130599537237248539575236
45628832813986800536389447982736419394507816706771332476396681233364036738300297 1059032910733066826196791793987394418909972200185906575766254915
95644634688609451638585240919085859435895975843926887523514743440683195684368681 98125353622256672505673427225232264892364501378848506940882518834236464034191997
84765383409509053430270812751621229879110280397750799973168542876054987136467132 0
0 62152183760211971630412778469985213641120261370634695094850040783048460408755910
0 0
