1980840542060002786302581031154865051126324554024674122227534031748870625100702289691 3509851380969667110138350168391744841289275361395328156362414788193
51 3281824977171636580628721874107636930337366452002384378456088853669604530175597726375
90218284053659309797284 8323085415946332407276677364769711341004899434894513190848326410744956536691072623155
8910304504965620107019958199863656616366772245477189374115213771462098787123861609758 39103480546747735579058138225163295555839424209976974717732
379926404799053254135072171595192287947348464901414932459520159589495121 7796897223265836356607406892243233014749085860615307048949163686188874702408461191827
7848129069047439679635747141832018942068964807766641445150255668672879967358346131 8770822277055640611508176613746033337556352038000172289862349962496173001424234464684
9122514150332074288620195831871903256891845262682446765260560660108789183619099263031 4984603234214205031343
2718760551697621995257200733360651529704866820941566216409047002475365053635641890641 712872184579846819667500520163467974182
7293652970567582996522493164984423708197245124415099439865475810180220964776110639584 60329110120342368838669825795383535448473717145240036110612360
14602395 2051725335817045369987113036333550625480963887413531265660413961255793780098032387723
74430623878582482672806203159751326588867735994371764406 2316079596196976603717001085483335032193704611483774506805543877392713205687727004676
7682230226175428586574846003778458883008637489257004480301870637617947903643688590051 713
34430802203450188 5832858108357411064088401953251357644654400143571979720837455500484142714749296385377
3042799806667304454866040895892616096998574405962378172371852034935536303956644891600 3844567906273738879356994033233
33942860263093882358455608833791287685601903 3036597162762615506905581194217621490116304565136926597806247201371584344793428041910
443915250985720187312704135453307701426516208348272664107844207197231084614 9685877541840606803092453557364022732688964124735156391967605220515973781193568293155
23 5317734083710723670565616162708259952350853027314362826664156992807254439732665221525
8372941089173617036572424851004144350458567858753320562247370806441406285180167591570 96923924580820760279497146
84161394230020863533904311670197524853308322609 6844969382152462296069589104733837425373811257498027175388773076920478051186048150889
5038780769976678481261842562468563452428635404442589665122360338793948921783129677556 506286514410570511497736326072382102873246495466807502334964112
9470335719776554651674124765803142377879048695270350792180970406635442566548067115386 8471395353909554119512315488445
27234708627372413147652232797381324796589316 8872920894059946320644361942458338552731458353107164810124361395170565902737277085667
322036187803572709392094860758670973584294742914163564171146903 7924418905669893168823996252368470841933419391627601193718066806010205766798070733872
4644404565689836425505424955608182725273952057819461104801363391674313621026800966109 218194495261797618636656625924607
909584391267566852430881047216708656018436313998451652 4787903604570780147552660043917796408098447618752609887013505374936735779663438890998
8904177818287756773329608727606527136948988955522074036028781655578184192180744142667 10360
317518560601520172710484289815098962810070145252 4336910120057246200030222377721376960282287123943966188447310577186104544486771297008
5428050520836250924400393883891953058023236853845405765045324442969882317114420061739 5630976638598502011125645838787240268023993975378412979472340087303315626113643404793
2500860159672909726951516210123785784919978189363151222966170548237630748676504819164 0
0 1502882343882632472069573585961531921176656829368584653024710864156393151763891849416
0 0
