57014113445449551874985455966734637079315089936233642199607490056853906604819632099428500450455 837454360190754963593294646123576342970901976693
82571938560829773162152270939245694908756960157665993112327461041443439337362328819352585253478 6408713206829120413941013569268501584805719624867481584033279020308888559
184268095068390082488466571087 64616218398973873719596471103180543384313112491983144704834142328876310841392401917609082628950
68691895126397680561461833741735716097602261141408766859425519212814776922239491467054298762883 14754378891733899706245213421759447074853149
94202640883325276813807681020470091357557889338011502380484653654901757667610432692 62028184620362601377943150478510732540124461623750456083242003099473486124286571748348765985506
39045 46957724118174042550222068461832650344058075591748081289145241638862588397846932932060077711076
21331628686728652734721635731516840104965759716980472768231 50229640812669179238334282864190215391392750787823658188384905246977026301591574851869710330976
35567119398647043221395358545113869681532696322644896331307048327487760921553729429254304208253 31679861247711973890420062197406795772816799887186321347758499398867069840848588
42456422293322108137031015083827284848277621044177870994694296937311160923229636335626217636549 5250881234740226674036102687091937045360754886645068600060891904808567532932796215275281
357328523199740068250303 55718213906183627734154058562715408249749378932637044660518909449496560429415898794271244037191
488905101470359411345815188391821712444 90173699902462536529637846180728737216119675848492357364992275268192023980474435970626018355093
92177057643288171099027504598802019837711341178479484154633416619813514640878825065471034577 76014269527937618888644476731703526944016701794575549108793883335142743446715484930060832130674
38785349132672267363568791850211201757860228674303859659836079390495192226203845143118213810851 62532976816392917420461744941243528937718377888722768053
2884136141813670358422618713279177703317511078233097478 34176088875001408530512064938632161969768599831884837053648633861157056825900288864789066029525
5657459171199107577 60332748996432118729460572779546709995914850273165023371778644514626247824863179901251328302855
80659474349439532883323 33770414440955910516002620485932419453919934626697599753921417958815309222706597246114426869756
47290344734383027950312191268834786932315065397382533065183189859672803520269199364860578116293 20533905123234181
77767578399624979489113738168436402371302294684544676141988743584011142663241617396901011005486 6931677400938021292225635601483487646587590623744286741433692
92826776456610104542319464845051263033890653693040581649223741967482971958227844814978111495504 4484395908176716957868075
82189557189779508380177853972487697552383450323151360377665103885740298536588816154381169891390 560971427
65211586969059040342230227389019833991700927821057570524352286469970072264966382239393929469025 1424348910573497912842256146317781318119186648469645891607451449570593624590356413
42204251396463424087638683526840281828957593167588443204576472493795591262890778512145512350621 5165299
6047734055422856374505731251185101094492266441090471144382612342443192 41015458654386951997012558189226338175152501398489310587495527270200737198447298121309040712752
84168989723672607747663744110309826616500067338004990284697650634417287285038051640660339214299 72570201024840106383318341983978326678772376596226788714824113
983582407363447906 30386121566734769505771525194351401244590283651821318461272600860196545785252334687753070433439
18525323840103782559876129485572654188663795273641520154315874039647726215744208561898220927440 865081206161361144943383312972400900242158495529015
94877084435447492707748210411968567286721487156548312346409716574313105446161815666102962836695 76477113729023511241637113704210077980384487960104467470740183
81000103940939530797481198811854976288792718783963601932934021638257036527316612194319703117272 20802387782941282347435588651586786034904218338774538288066326916739431873928795461409218862463
43917436185564448352367645362904498451061717173228685341198300951796012185114437527251363113338 0
0 20903046017262759921554308741028048545256974361265333063057152986030557376003151904202508343753
0 0
