13869306497765907309645440591424900132993670380132296732902064687 823827717019342658503505781668551863736637691
8828390898057022320803469128427231063072199 51125333368251656120661293134222455980246264441256212363996320885
63519365700927769927216048046595049005795909775867508105209071887 9725797984752559652804127855822604495185770135013495927812
67509148878366399192431144947378040976955081640771937243858797812 69547047421410823750055036830013189094838990
756959739097399623543601983005052860733952802 17632268209151303042749070629869542970990025267564758988162048902
79619831659338923831857054874227280394651604609902389287684208049 9
5382548539584579345300690002089639803867735492349089 46806058864352482272546699189170782589495020581728903562690609897
32159390883621526390982 21272909742236254282420705814834171473347693418859393383884470007
57037620250221514020004596704162965 44906629846207407674832093624592994877761583244201806006690049530
98624984528940231053812848014027010608050867100235519005806228039 52029028738971753655157909704926140064848
95220707233925127711525541057043787868703228750423587053478194673 41441
95740915265190550369836393438727503594043552829065960819374367019 28094372774672288481648075706665767306573242480541605714204070867
79176492632887179640161780868717646405989179008072200579775549523 7696489192484128334023
8606969828668500948370205 22914141100920306013215818530790184618731943185906229700874045175
87322636946536388370557183893466311584391066604754721749240588410 80129428180755159325440520362532744918729716431385922194
50505809492364456091429933345760932412661819554355610715060548751 854018047594069681317679337190335738
52513110200451110074905138721706277581703768092199709224218580127 4747877657670587891055340344645619518283043213293318
44101785266310348742283505868975305485921882816802021501209196657 6781991911189121638
686285834141972882 39390641470043135985428057877890042036473600915623167982881773777
92550130321803331049428717016005283216441521057171336307038651371 22588642967686831463366441771865213079286156959
73430893586541775746152200351368701912461125413119 72427630346935064310923398549669024799023648167790982343398474476
577225636225124169 59267733132109093469921194556153170845478600721177061402858673000
674480708949811755776452184118286646938 23283690177834675449723709460779297679886891258914897167326303344
31109190361285372452988 20184727940251386098861718237212242715631856904505504975700643177
40825100011683254843333528837763975507700078493090345997970669958 2830930636786680241130068657155430443
2116997913226222089924660606141972872585010 75438529796312594105953890840949714566637280730142857236223537620
78696878728091940107540079620698778387152261555587431 84162381468263264788393061845472800230306345661359110718824362764
58074069636241954071251407244884883401464208305902328480104802493 13397031046016149543647807921850399315411142778824388270983260311
54291622051751104207918961584828568620047315455877788676745327175 0
0 15825298644315092890769132524375877629485137638837105030382712229
0 0
