4732238998221750794040045692235900243245289355644240274934157859193639157102887411530954561478389762 474188165579031285767235735
41075355631112263641500967792112231986541862208764835833604036481772546 4449860624681714519767440122989655532716204595048135899833124289754136878427023036736921453891986609
4241965271064878923224543203343 4873948131316494310834399592157337823856017656289485124094501255139425046023843812524945596741455309
38251315329863718526288645166281236469194090563518256232958599612470581900258732557 8916887576300782483495865797565978758425257245496957653225973681468421158993644251926540030508666739
88353017470498939189809596227265000 5223694202353634564252671856078690281801246602278895254359189048268441777657077866502949877772820887
1663363033898937558427265694465142578093604610685427366925563007456475757228206961897400958288145795 102043
85024008220824816485550465628379892214148340743382149185668697686 6206344684420904063461231928726956500178732745371718831945918523493402587774211604489794287252791342
6250115421487474338333950863401548869303671310976909296382823909985838395448735346475025400920910423 3292809154530410664984105
3656295475583166107396784315875 4436823401104282512808702337105368162504815455606808680113046704711063447182775357245458875655226325
1940087753437001711567010475944840869856319022393569482631226602908805656658890348287470594376568369 3471271394988954671515590376086535873902592387756829578816436289868378729070965667527600463
6281010192011007763745407643964482596525948278947231093759365706977549255072169 3121146095582200487946424696785710844445105646686400244604504275269825667122902562818299649276714827
53177192864675966735003910059 5541739021087772868595791923982756841963274041429598299582892267044140567183457427248226625053959393
617251727912696072244973779623246193468281441240485082551 2149508891281663226486061066617043016097125303635475084280844770392991825656939778406827123590521730
4580241850745723994151377796119568594872948440932679706675309455226915122966171538418198648596330123 551437618147677975
8632286298684398786898466455332697937779537199069648606242975246159928874713819895685302521245070164 843456287072950284905363533620784129977796104344756582857111
9072461350344307047502440933357474633970226676572234690804251190773270514172041294755746381693680019 109
9194423910406266427796997935924954508011253909762551142037750167717718836248344599823049014240941914 9976659095105568958290619040480697273374
66514662874785726326913398783718561937336704508130733282173676624747673 1736234576229604909575199039632807641290834814214183823728811093887108191593136846148613506625025936
6136679275109172444207021547125039828 6474575960304833855394739790618575255941992677952614089078031119854340569927614005623621656889764329
7548936288255513929607406361576441434264000751075037909856925860125761264461768484186381973671685261 29965132172580318428997076714876882515932202446500501229
740900026197439764341346588091215238532142815083619 2645245436644074506870988983793659193656510128590387675483974232143429290304356394373813400053269631
8370345909064792048249793689116844180690716107401445544924035730340311382104866920684078693167391544 5500748
1771357548141528842488283380795063320297011285069428358606995694128259972290727761798588398159772519 5694893
160988669077326090701320288228066284342 9691949132063405893233390776041402726752968428009532982151785048322997305167280343631048138943997186
885659553101631244525174047128528 4132617930571717455859819167885190573267236507474959153079959681838277112785632047274571689547653770
68723355324791292893663216988782655180934516657946402743563433610138424075642558218615061 3269189230856943705354774389562199209342559143436081450890067298310274629745181709045356354294055294
3783166195288851336089221794845635061872611408754382426817491966482860043383271619071652393709357836 3037171809199127660899815303863
8961052051442589369381296799882078394711858026185013154953833052183755852677585008344739224849079646 6535124829828384245769520701369612456858042891425913867059116099436242048247581272770576609208462086
6022462243438408976575094678856378716930503545552221920507394143114730700256701143268418379703027792 0
0 2929377198463721352743657976868550619320386670018402767654233000281335484251374114501378914426567800
0 0
