8777370048 6208
1639004340 908467
9205266568 684233
2990 8603080532
7 9640727761
6 5955904956
7222059415 27474504
3315339496 80682
1655352956 82058103
9768120032 6089
3532207 4556783779
5473796307 9593
30 7375145545
8011 5293468239
3631 3280767314
2906211889 4189707036
6820851212 746757536
59476624 6633610954
5752411960 7
2580821657 8874516183
9666566237 55408
2542646154 889
26122 9708874853
9099460925 24870685
2432208362 122
4872553 1520107252
5666140434 6083909
3599711015 1314192332
7885183605 0
0 1616600921
0 0
