9747660919794 509705468148153
90967858 767774993618388
1702144131 316814803293764
4451343757 980504195795234
322838509042819 725268
374097677196671 713
471185621476316 72283140079902
616301044620056 90746088277
57933356 590130318070716
762636553588854 366082
828829710358935 104601257847680
756 948395389947906
499938531463 925520604595186
8538623599 535149814984553
5606761 423094978694876
763115742 229636088250958
40708 964499463484242
969386186083079 533027683745370
889565653859948 130237
964736654703 598895780507911
90404350935738 348045045755666
5302759 942538574508025
3388104336 313719185952404
6906136956500 981654862387749
3002 917434105165440
52589328 911735865299526
12430944623 273887832897019
337431796900675 182592495674697
470625717627686 0
0 705776917696377
0 0
