13398027665551078 24677368196992627738
46553296994563219138 60322197188955586176
82073008814056385215 51851480035
60658695761249456 47955013329885381179
867026575466917 45064051434523560340
77271042237753378614 56333589831
11987302099646608006 82210196
7571411 53251648828007649772
54842095378632 17031033810989262110
52486284708623939230 293677788532918
92043898727278619206 27940264098522001805
46065 48329034352781555958
38832394169923026452 22017512349323754
739360744 96318537241681124980
33686486841794747571 51764374422700640
87241999482134 61069623014378333805
87431254717833997328 48581172
538 37263980735752071721
8 79643491583222240509
777818223019474 68944386528349510388
1825231996 41034822325720825932
60145235056182104 85147449134310633017
71411844519676217 95278454085763777005
90039711097537672092 580877984827888791
39556150343031029939 832310
8953 51178122648040155018
41763002739046871365 121976906467
72034239333222350866 49707803362602246530
88223773552869038083 0
0 20914181833747974921
0 0
