2161664 4957062445208947111054626
4766317887721374375746078 65084070833514
4 4442917966936971958150984
81 3678099488260539341042554
5271317010104016613128639 76744863104927949560343
674966946386 3382994680858083461237313
9168882801750778468214028 22745
4348286295912796500660056 3654139711794745082067265
55762 5287784112271931773455206
8114648638489623352880626 103741976736
5487569916104368198427866 45009759427518150606445
3288052654751614575 4024652390990378422296948
5225975234989888702408822 314
2047232676577356 4508706925959851018243831
3987504781762922432172257 474234114
6542414356 4000734522598723069807541
7644435554099245344695285 61092857402158659795
69096481884977956558726 3982857258374775652729875
6528277207792575214982609 890834
6 3540729664318477405716816
4013718215621276552257204 7452315642754000344209732
35803278603457204224789 9909423890614092897364788
1579680676114212373293288 7575
1061844720855269544858266 941611975739651626
94522 8068981308637506813639818
2242694493218414001060216 666166
2031473814867587685829492 6376096
9302603211969840534474602 3983168462298401581523059
8533777972031625833435938 0
0 9536323069756630883409432
0 0
