4917390223529496289 160630776066978717759003154872
419142818096074703454777822824 8797118518688547584
40094408885874912423321 679653876095737745225916388611
99 454820847775512957893294007837
345965925700434592487873892949 836421466368923437034
1 512854837671838686770223926538
718272221995955733614857996544 26005457868373047330917
185839017322991750223282814931 303655662
651968681825965015545369916888 650049622769657664429790706587
4798873241 706094437408698569238609706223
754640299827516085435236152377 735097597314
9027452700853 742795415164827529534591982099
267275682978015536080782786777 631608410608615
623541560549523976805417036643 353706486055590466461991929882
580006504771261858311232371164 24116888456694709733
463237413307645425181776475228 46640303656510
7890960709544575261 211786358386865873075220679397
798377847445202205570792384801 5040939405857191
180651909399465505656051120212 825486
978974841898660371605942767345 85662046257233263
69492351609476058226493 529984539678003485524120144713
8305758847 249287759263498061310041548422
793390252635035016549592352775 76535862026751372137008
772245300850402960695316 609903230584236414584792951684
954659012518745479953865018602 2755557895174728437288
90342661538205290375013753 531911145523687627257404135702
152966311858 246010785848327549624030694871
455476757251205050934638627204 301868535472722327330994788608
360348412951433665411402002863 0
0 491045909124269627388451971187
0 0
