87953872198550307708359250639290 10758499475170377653147663958178345
23530 31140005339325612440406927572983299
47528 94568734974698346854375216181581238
4640109966761311832763033259252326 45976734369498925777009691336522219
24750692406173975037470042495307972 6342303234087571
21260012719236578974328327108 30264064184496763642506711282270416
9343995 48307952032144198092172427986033086
71296620041042480622410235845433754 19533759197182
464942596845618904353844046884232 74619890256535570021771151193411902
4027 28243046453186697521962983703992726
82988206088742058347839149541177685 57226
259754322646031465331107389544 26983626974534861614146111939375985
12576 82308462876698001940658202248110341
29309270090384340182506537663905856 459740224586878
4934710635 49168666080426514498360837256525661
89357312963604663668685467923278403 3655501578324002056847
90864117775245424256878305180998106 674869217631000108404
84404502239737850745148158998556116 5891100681208889260842947609
79960 26196239217243449653423524334139068
473547171768394759114 27676667461216688605480627330474234
1768800 18854821837220536590051278089286083
75870705770529637774792612411702509 21269223488155746237671
31144111440362922739533158116215529 203043537459218
23212340755306476973438195236222655 700877
83771746394590728271046048226955452 49470829024943247061986
83458922880074098604920836946717152 954436520741545678424583310685
50195760854100667421189630899364585 343599609589
23243208499525985713160079286397824 96690708279236589100094859857210871
75189981446469461629329013121134852 0
0 46280964570386590910144385823360110
0 0
