9675508365285316051809235856950139889638 36917714094939636551566656839677488
3870593656321470365940128868 1267159842420744444901061181960798603500
1204860209419043064784660816817457043085 68373689077435736310075001502349
2643655340617982204256292435828583850407 3858873815607721092277226952028923712
47756490482889127071 6911261583443411813317119446710931178428
2422661996277484841960483187567411879981 8054892404128962737321660351
7926684719970171790375702325949753431804 7392122025
1280807768411065161075206426796736736425 188953017112510958864510459174664489
2714167384160843080 1987762241454168457731013877189299076212
7708602181693932725517417399435117997307 370724669396026317054181171
737556995508588742144885606535 3183951846665345219353339957482002319593
4100663778212723310360306603656379435904 671115437097515218
536699381787798865 8552304027924862451944841552447794044659
9102928567125543087656616074568100592540 9302955721407
6023513913408078441692149573678573824215 7758664391224810556253981425
2557255808030278576258880624193049994776 698176
8414592586118412533201870054943784136406 470
1558751834888923637865491620921 2062946790798643570358769592433051555146
6610045968647363489730345026489660986474 312997397227582720239891709493954145
2482677797919429659643592165716766943814 154796345188702069978634708614360049
1114104522410205975959315311591124736408 7416914819760096627310436382782454265646
785663946062638655781244 6924829516190038323951526228664686269332
92790213166803333 6978750566806748430666922727072271069225
169465993572912194136058643013392 6500493968880296325373138254566926168784
4470553808760142889660852731598345492993 390034043
377742812648309629928020362918245 7414248116415236154396758889236670014025
731205068937736540016938378536 5208603681839777439768696177725365327616
3191888449107026193038696913841853953907 9388324717967553789732585669786716578961
9578343034987462243922860431594664498913 0
0 5011605849973853286991575173107538898305
0 0
