2777317938 105724155008009939401890724647467141676178178
124434333 799465267693366267259011756102501640278957415
2979800277807058444463479112917 805405424116034078734091114325157897552983788
389833036260787856666118213011121325830576746 9133995279321445
181266233010685918815005538093961010755266246 9866139384694723466785237000
791879918313109935511298425547237514435389899 444555763491958305822279758768794
607462875934231275665613303098250118516101544 54450114646077
92060778809546452002 318774941156374651631818473875008195592907765
922056866431226524621333453130272709588151276 6
94767105648668858908735175779732410 940804963968771754562059945386320422018306493
901463415562968280832942470083776932496174360 9139450
89978547153502119557 788149599715704759486946250337337141013184674
822108267647076523865890194770032465391255174 660047037153124376841355500605543
285734180224700564019531356800670343974996396 9427734348818836731283
721980766485130470308337188571696706982842355 14355480319166537328928322557219664105236375
386904844166846055612049495780620413117544428 25518932872640825988212176
417372081033007660507615029118949676107202725 6376464734937
387277087929211780078652398528836775475377211 816017761250978
967123979871907916923814366264403325634511921 354299104492879272517441155076903333363904
212594203875042220344977232357688939572969683 278424311756223003153755634419237291942
88 921645720675401830269760603842716071773752404
778337018641685392493188132536145190892676936 27738266072257061590571960
443233981360342719973485257117993418736163129 3021
877314038947300303012524675818996827242258909 61742916395176967761787113023167243636
7904712718889610134641685 460809319093284162043277843904612795856857375
649084463329425137052021070366090190648170014 205659772763349331553194484519289
861353336677130684998494105506772829172052775 93454493825476243745683988175
671116777069528143619207797525384616283101055 692355395264046796159999509607408645195713339
708025036986158019875386077613533637351071608 0
0 609886337964827392758613912192962942798404118
0 0
