40
-222451 -872398
909752 816508
-873984 90392
513210 -639542
-73003 -186190
-811228 652734
-634996 -232855
217491 300432
87751 44817
-870021 886707
902930 -697543
877298 -852709
-920567 691981
638353 798054
-728103 808429
899421 966518
505740 349800
111707 636516
-749468 -985589
625253 35401
-798005 -498128
-363631 -312954
-180331 -166058
-703969 338252
-452483 695238
-662887 423890
-821801 652043
-128318 -871263
-791156 -725512
864425 528166
-282792 281976
790561 -529928
6569 886849
936638 -518787
-769411 148636
177347 -189816
-964364 -196973
738305 -235464
-854623 -232100
833749 846516
-1
