1000
-302709 864597
-219502 -607619
-895227 588392
119037 365265
-427400 801160
643436 876179
-257054 -222943
-365441 694970
-849851 -363370
280651 361478
566546 -614267
-423034 -130894
288449 -616135
97387 -722682
82137 197540
986804 825943
845581 -95931
-9148 -817044
236929 805069
-127560 -635996
924891 694278
-150348 393012
718107 -309099
-992076 117774
-841691 -825529
-76790 235449
-344045 138117
-234098 375409
-899405 -610345
-36678 -277125
458260 256321
552044 226757
-86292 -916365
862144 525478
169449 -47072
334783 3599
-168552 570525
136578 463022
85878 839959
-262416 628056
326970 7083
-801915 -825016
-82238 -691926
218084 -619032
183494 224526
-163780 145936
255069 -581732
416600 782574
158104 165043
-157791 617999
80834 389814
-945894 599301
-704745 642960
-192982 153027
-501830 963468
386729 28440
783520 973054
-462092 -232359
-602071 -415709
-902527 454557
-573927 -954048
634331 -164609
171275 -723401
-110303 870985
-738814 -156205
915499 745357
-780390 344476
430661 105021
809772 961752
-925506 592344
-792087 -128747
-53158 283162
527602 -78227
-332802 -956967
836738 70511
-945470 -753401
37519 -715803
312318 -848921
843858 44313
-386936 -979458
-237997 -66503
839596 -397959
-936433 841891
246951 -229443
428220 -291376
572259 472201
844997 665341
-386529 522981
992932 -121311
913728 -727427
49728 -285827
436459 -658228
-753575 -94465
-645419 -267461
-626675 82911
-929725 272693
941573 949076
574347 -235905
201191 -517451
-701465 259602
458204 -796387
-23742 353251
143699 -67765
-704538 -208764
-380666 920433
-756312 -757843
225634 -754162
-967113 881531
685139 87976
428049 240455
287006 -871388
-910430 -361301
978946 432396
-170457 483051
493957 -496070
886668 -846452
298094 -878758
752239 283199
-891867 719465
-192927 -378196
921017 806024
-807177 -929812
-669333 585875
-521240 -493378
-67975 -584110
-464814 -136456
-257901 -724565
-614949 -626697
259058 343895
897564 -553765
449218 318227
-428903 -342407
-709412 -583995
-14389 228038
-692447 165429
-816321 -917519
-404607 -398234
-736144 -682140
718859 554314
918580 -231616
-92546 666478
480301 -949096
48715 -797733
-725918 -758384
-145679 840812
-720632 567833
124395 760543
880628 706513
968945 -12029
893761 -91101
346630 582729
-131215 -442498
-991475 -104808
813053 122964
88105 -961362
976757 -781196
74459 -279427
-348344 846270
-797248 786381
754289 -942450
551335 -457040
-233131 176789
-590971 -324068
-994080 397287
888490 -775140
-375250 383992
-295974 648562
594897 219124
481296 -443070
973767 938158
352975 88269
-993359 -432908
-231379 -366426
-449811 461636
900148 23041
-29244 556730
-523722 -834047
267098 668256
209668 601020
-123806 697315
830258 583497
-443185 -874123
-799897 -759500
-362119 -311523
-970562 179854
981765 -895496
244024 127837
-850826 -169110
740766 189800
-530305 74506
911430 -122865
-72777 -49246
-982554 -542258
922689 -347442
552853 -475366
583380 145148
-142540 -397018
908180 313530
692081 -123537
472580 -947230
-938778 -109979
-733601 -966092
-393612 -19422
850780 -613491
-699530 433318
110733 560559
106760 -349015
864701 -53411
-354689 -105313
166512 -414160
322126 -800269
-145727 281719
482400 769019
-137222 458409
124797 959226
-404269 -181825
926977 -650076
-845956 -225669
-58656 -130070
-835833 925872
-465786 796124
846583 -925232
-688150 -724652
-257347 -748078
423412 546497
-614599 -964465
-885625 -334465
125365 -368820
-657200 -772751
-407317 -99188
-147947 -698458
595300 -92071
941434 -314091
223076 238400
871801 343228
757700 -216060
-68259 257815
834248 117194
945728 22287
-332763 614060
-101797 -966086
-401290 289287
373148 -771902
227001 812573
238697 -569275
-790743 656217
-491791 -321425
-603261 -535246
-508655 -198289
445927 522711
905458 460639
-106544 468675
-746492 958916
487890 912173
119611 -169047
-671164 804664
40557 113897
374291 936910
956773 -130650
337648 655868
75708 917277
623165 964508
-971137 113040
-896191 508578
-467687 147423
12908 416260
204465 626757
406081 -111796
-79507 96600
-533528 309093
48959 531221
466708 306549
-796954 804105
520503 841822
-417219 206387
-311627 -411945
-204453 595257
-506289 -136701
-530009 859993
-826135 294805
-812375 857220
237589 862898
860778 817797
315959 -948693
-451461 420146
325549 347176
56407 835580
469217 504802
972651 850297
-16223 -163973
683939 -16014
303368 -476762
-451299 -681209
641053 944662
401854 -960784
-289381 607212
-683677 -992779
566361 -494916
9023 5555
-654120 -671031
15737 469011
905354 -829167
748502 126588
44271 178085
410166 784747
-898822 499034
313633 -629663
-702730 -92886
-525454 410824
346597 855732
-433045 728242
766980 -549470
400043 386088
-894016 -768885
850064 902179
603049 225623
-241629 516202
-106822 -983917
739082 -551492
414540 -357262
-976194 96892
145762 528187
732442 697815
-165846 210293
578056 -918076
-541799 927685
-268954 670814
-638455 710606
-302470 -160161
-141162 861170
-839186 -59614
-856984 -216695
-891940 -860321
205003 525026
-630323 332412
125146 -42034
-116784 584776
-792901 -222456
-451525 612074
-961950 543913
-219233 500112
-490403 186233
-932648 85840
736163 -604652
957232 394736
-437334 32164
-733057 557309
-224033 730724
162436 759682
499941 -692811
929885 368797
946474 199123
759540 91460
413515 -796928
460169 -718466
-925600 396139
218025 759841
-191212 -363693
441432 -783408
-529681 -19364
882901 261138
27523 -483313
-855847 -13236
313303 -850568
157739 480378
719734 388119
-285550 887757
-863205 -884273
-372341 74090
-194424 298966
-375429 -245867
759307 -938121
20338 294052
262571 712367
-697871 -501663
911636 -582267
-114820 -989249
-734636 -998968
250165 -23883
-820530 -14142
-50767 -25045
925023 493938
241170 -247293
665236 -924493
-902979 299826
-441102 -433821
-576043 -823390
-376518 512817
967357 470268
501926 -551570
-185404 -655677
-77526 -240390
351021 -103169
711802 38921
310928 858161
-766021 556056
631034 390930
-424449 204911
679388 753905
-730436 987786
-46114 -215954
608402 79358
-400248 764222
-694112 717504
766183 -387776
176237 -791371
830073 560341
-371911 773429
312698 -527390
-95265 112394
545962 -967953
-321840 130877
704733 598871
-854615 440970
-222363 -710561
-31102 892649
138860 -923290
203303 -862007
-976815 800030
-357380 -84650
12013 213534
-391766 107937
-203179 -499859
-571923 675173
-396273 523709
-203704 -610826
456216 976066
-173402 127114
-667365 58086
-935857 -622683
389476 379439
164516 -146781
-522485 -602396
-885541 -314830
-62435 421314
908642 514288
649835 700682
473835 -89831
124360 -28233
124924 -640354
451058 -562181
-147921 878877
-861135 -89281
754371 133457
999504 463046
209600 -522510
-762199 719783
-857059 374102
833330 -913882
-804559 -697091
567743 856802
-198197 265852
959817 581391
803210 306534
-272173 331763
-572531 777374
-991278 -551704
-345975 -730280
681896 -919522
753169 631629
734872 245215
-268591 331993
620108 -648684
-755271 549141
-925807 -339081
-927403 872029
163338 88888
-663076 382482
-620090 -31286
99072 -802484
89152 -820234
-959935 687055
146513 -291117
-648423 775084
169836 936255
819538 880834
-957734 -404033
760580 790197
370356 845444
-548130 -469812
-280554 -856100
-538865 -207236
-917641 -165545
-930277 479944
336866 892027
120525 -472060
274876 -121052
-889961 816984
-119539 133412
972674 43211
609165 465608
793581 225710
997868 391510
540453 -330938
-217691 -198186
-977206 124493
-161813 410217
-261516 902312
-570487 -832980
-919154 941249
311717 961436
410536 146683
-147330 -708584
-179065 475351
-805414 114287
-425055 -425226
-491233 219518
645153 63209
507061 -660718
-231737 -151792
280194 900045
-32628 641105
-275851 -417055
501395 770299
-358114 42245
110971 -677258
-224248 901982
-929904 -157563
950481 244686
906784 925867
-797006 660402
348655 -3518
-353590 -634892
-556333 799295
410817 166484
-199086 60396
-29722 592955
-229750 -413049
-69648 580123
-599758 380431
282668 956271
-457371 -543284
-91292 56987
-766428 537840
-335619 -103510
-988688 751780
543076 502630
150666 224488
-580051 -867463
-213502 724928
-938418 510018
-353980 -926364
-306409 670436
476352 215881
246295 -159582
-724210 420728
-362437 -719618
583796 302993
-505015 88872
-138599 444673
492722 676456
-101128 -561289
-398463 -186773
611883 -593706
268050 242968
649006 934844
847285 758842
-246296 528571
-709406 -521730
931806 -429496
718461 148161
145187 584279
902454 -393415
764949 -231602
-217328 701941
-986377 -722328
179429 257677
-551058 579765
-964576 6681
809589 467777
-843396 -980987
165345 980478
-358692 233817
786347 -984253
-537557 -904079
-219726 -884597
-456475 439648
739118 209375
-369703 619834
-492786 -385976
647420 -287165
462469 -584033
347493 817933
-18379 -5396
-650440 -677287
-670257 -100829
-405555 589392
-160904 -403686
966758 -672829
890738 -338169
940720 -615354
-364782 649006
430875 266750
475073 159800
-808341 -639256
596910 741591
95191 -66190
528657 -373942
912754 -375954
192245 -869330
-495219 -281093
-508888 -825044
216794 863798
-421934 681753
-269734 -372040
-533084 840971
463931 -633761
-60722 761508
-98931 -148269
-314308 620154
-478179 -812017
814256 193126
-477109 126312
719722 -202363
323710 931935
-656284 537369
911413 -3605
125002 -1931
295259 310543
751639 -912423
-545239 -400548
-108923 -567040
-673591 -494508
-550218 554562
162591 857550
990615 770055
269609 -854412
645963 94515
948535 766053
187832 484959
494720 -682023
-573512 548921
-958189 186103
739781 -959516
243861 878160
-54711 979566
-286430 -470467
482363 -792788
-23992 476835
-679441 457799
97557 29561
-500170 -890337
-748912 -174619
280993 -642604
524455 260388
847089 143881
986037 761888
-721677 380152
943497 -595282
-420807 144683
112711 41862
-428324 420568
-874160 663722
445078 -959641
134493 862991
992566 -591378
747286 -589514
416599 -345347
99018 -563150
-501572 -865973
309382 -617870
-18243 -933430
873693 439519
-857507 -764457
81369 -634207
703639 459522
835779 -748930
-748901 16374
277237 38004
-545585 -305930
-693580 820096
293585 84985
-385562 -676877
190302 -972570
756972 632574
-910590 320693
-350274 166331
344318 695269
-296542 210786
-146991 255235
949090 -476411
-175105 -45135
93006 867359
704866 -206332
-678415 -611445
970577 -582849
-744551 -969421
638553 648716
-519402 -202912
414145 571394
-310489 -710909
-981833 321183
-310434 -479486
-210614 -137739
707847 -255335
-929971 688592
-249360 -535127
404315 916499
703819 513565
389114 774014
-371080 -82399
-670062 -915755
47541 159911
-823522 427174
-362223 -817986
223728 -538934
-876284 -798285
-274125 6162
-368171 783215
524509 487416
-293734 -644412
972854 -229519
885230 487254
-75038 807015
139275 -952498
-958434 -984049
341771 56069
394499 617062
245313 571103
-628487 -880959
696067 -189830
-615883 -931287
-887223 -621654
470369 988781
-756197 -263990
99931 -903241
504553 420658
509073 -415631
853118 233103
240596 -20943
398473 454272
65593 447352
-657722 372806
-540506 225287
551327 363839
-927458 -707902
-263034 -728573
708871 -713372
326513 643757
479957 72120
69800 368800
-971348 862261
-602900 769189
-866693 835688
902558 879271
803081 120020
-209872 -977056
47559 837180
555245 -400457
-234725 226958
-170058 -446314
920983 287056
93220 -976383
907831 144998
-806628 -356907
-76050 538141
874821 -249235
-277988 23406
-815733 -405754
-362567 87604
-532656 -94339
-385763 792364
428048 -357300
-508677 237615
506689 198868
721589 -322681
118419 -682273
-467189 800542
1273 383535
-248463 434987
-20480 -136300
394930 -755601
-289006 77846
-713627 -693178
-925424 -542432
-828088 950915
-488274 -584437
-211560 -623468
-438787 -529998
-773735 221476
311788 -456166
348625 -781937
325816 447952
352348 353200
129995 561856
565315 -872763
-970335 -944908
492625 -518087
-661779 442993
764788 -271279
-163236 66650
796804 470429
550005 -322550
211640 -160731
-305144 -26601
-52512 -285851
237072 -495007
-334181 885992
267500 -651167
407615 791827
439485 34443
497685 -15207
-355612 906120
510783 -323517
782695 114530
-376956 697027
-1987 392925
-480732 -417367
62528 -613465
108259 -975247
896428 142028
-343654 -773012
-128445 425656
480639 -541840
745990 472783
211551 104186
768181 -318667
769210 -638410
196157 644254
21023 -490747
733908 456830
573659 32664
-767637 -48803
305347 -287847
-299371 653550
913048 833964
-722008 908422
-314110 992847
-718410 987825
-700735 -250121
-416604 -551469
86850 924620
-630772 277193
-26369 569639
387477 843348
272904 -629280
213357 -239920
435605 -610902
-14807 31836
729825 705402
524664 -831744
-710617 538955
-150407 254857
371754 -412309
32819 725692
735554 -908570
674489 411924
-389274 -186898
-627819 -417215
334285 -926387
-46217 -314835
-360365 -236651
-497246 -761142
645120 -656135
517976 89944
-192881 -487884
400262 900643
-597771 427419
-308749 -184436
442205 -77753
535744 182090
-470144 253151
-338804 284158
-4674 86874
625021 701792
206975 226812
-705098 311414
-740171 -321587
-818334 975997
-25686 -961995
595568 157030
414714 254132
-313171 -46195
500859 594131
-108774 597166
345267 525027
91375 183394
849963 261222
-780551 -254233
-747308 177597
-395040 227803
-478292 540679
346424 -909591
698446 145231
36000 -576173
-645044 -547908
-488299 -567183
489338 -900519
489567 754015
548221 80506
-653622 408580
-459899 186659
62028 -961018
-257875 471434
-279297 383278
214890 -562995
692445 337258
-374200 -203723
-493571 -780123
247976 488936
438506 980798
-803554 -756225
-270958 39198
427889 26886
99129 420883
703931 -535057
-928883 -61570
967466 -824412
344916 818457
-249425 636848
-333384 -107729
675877 -329605
600867 -198415
386442 -471708
-605305 347318
887652 -753708
-392021 -942941
-77049 28368
-85343 -351176
872850 146758
467737 500147
752228 -817944
-628568 -946785
-483609 -733907
293583 -824829
73181 -617382
565997 -783765
-717945 -626449
6967 -7317
-839388 -473175
782235 -359403
-522253 323612
808737 -303045
799191 -542267
-951899 806542
872638 -501923
541318 -208046
125097 886769
-716838 898142
-349700 -468429
-681235 477245
373505 -576096
-36160 -450739
-403357 -148779
700522 -301082
-363618 -632932
553919 221540
-753034 -423407
-339890 454074
180645 536417
843829 -274506
317213 247507
949176 818149
255549 315402
-489175 96655
-546055 673273
41912 587760
377892 988127
-935388 372649
-10045 -303818
371720 144104
7725 -555172
-843857 966717
-83483 -678656
-654643 183326
687795 -823871
-418824 942714
-263111 95885
-676200 -530425
83514 -417534
208770 322220
145911 -442792
82467 -260313
-863289 -90946
97418 -438877
-191124 76922
52983 117240
-756642 903406
-926796 635015
-937810 422641
-448191 -949806
904708 -892406
294600 63691
-752924 292306
-289564 887591
-338182 301520
-755023 718470
-878065 -245257
-32623 -841824
314384 -743443
-423347 347942
948485 879049
501671 -614858
485646 404739
961668 658813
53876 -281336
771708 860345
-271960 325995
-809184 449868
-450055 483123
-1
