60
-620602 -697305
-879184 -8381
-716384 -708538
394117 491281
300288 147997
-943310 -480395
-296249 -246753
94651 845551
-883283 640828
272663 -319653
29766 789282
346394 -582724
914910 -872919
-226289 -465514
514111 -607601
-171845 -773083
-146657 -892650
864032 -935971
183354 -631333
245470 448193
873202 666532
319135 896715
978156 -951215
-945733 98633
391686 -410560
-850681 303543
85314 -740430
431664 -490686
898712 634010
-490479 -908214
-795097 -111816
47882 476124
927032 -101636
488100 -997158
-457129 -51078
-443083 431391
307145 332508
249820 130591
-651653 665487
990876 785482
766238 372083
634324 -252784
418361 -534102
-196150 839295
826079 -5516
-300945 -701549
-575155 992202
552603 761986
139516 277621
-213977 -483931
-790328 -75281
-457652 271682
-179671 380556
790550 790337
-702362 -9700
-83958 106240
-700074 419025
-300158 132603
-529008 883997
347339 286960
-1
