80
252098 842914
-561458 -672043
-534126 -302904
484079 437018
911006 571841
66780 -505669
720807 -819067
-274990 867145
-982965 -227221
-497138 564461
-95135 691107
-593507 595257
565496 -254246
-173730 449864
690190 -998606
-307741 -811912
-652547 317483
-894226 135868
792273 357008
-645919 535560
384077 206995
876878 895747
81147 940748
-629977 880734
480333 242321
303432 -614803
175357 -658318
9204 202954
843211 480131
64385 -364988
-27508 -894541
767378 -532
-480165 -439145
860614 740553
257759 435179
614788 53556
-948103 211496
100845 -350496
-497544 171752
-495438 591400
593575 444846
591373 597670
875644 -313375
-869095 967589
485250 137545
-581632 89056
823071 -750834
-952018 -542921
-123630 -802676
-115062 -423639
540081 821246
24156 581999
292504 207374
-189717 -646338
-528367 -360352
197779 -465530
-943039 908515
-665578 55436
256133 -953555
825471 882421
248486 581060
-274035 892076
530429 -822948
-217765 355632
707760 -31154
-883792 -963211
702063 -642762
750709 921424
709598 14153
893843 255419
183686 918269
673360 -395618
439220 769891
-142286 235096
854991 493579
991107 -14100
-860306 889348
-34935 440258
-672922 -477959
-194819 985651
-1
