100
951533 -751582
775659 109384
-627976 782110
-115561 565632
823151 363526
-185508 465079
-419018 -646946
-437105 271746
-444735 621260
-18757 728238
-707277 552784
-133259 -360249
831576 701128
-433983 -54959
632221 293333
-370121 -45021
911280 484880
242450 488970
-723254 -351967
129639 325257
-155429 364686
389949 -987589
-847322 160183
912463 -235155
-611390 103683
82098 518372
-231111 -862727
-917936 511813
-39943 -626138
791531 -49965
-89509 -182283
-459405 -841697
-933564 -97520
493535 825685
145289 -387084
-343054 -650428
77889 -395230
529415 96137
334966 -669743
-374049 -539780
-196422 -495856
-557550 184708
-598623 -468155
-195833 975604
124700 -997635
-571094 872617
-600107 962400
395342 -301783
211310 257542
-229075 215910
31202 -781284
-865117 399301
177394 420203
381128 154773
-901035 -164483
-774692 644436
-106222 228060
-1969 187297
-82535 -690492
-600533 -117451
-608936 -843146
-989014 997156
344266 998026
117134 951255
850618 292175
-298568 -966809
-894537 -805555
-919594 95441
85678 -853783
481871 800160
413161 929161
-480526 -306250
827284 555892
-965010 404681
932435 -289532
131157 -424568
157695 850987
689744 37304
-991024 46364
557505 -92818
-394378 837247
532138 -834725
266326 365644
812312 -426540
-700796 -846577
505806 243095
547572 -41057
941682 600805
717571 317575
204281 -19830
435374 319810
-772160 -480049
593739 -329515
-720026 539825
-93768 -644618
378870 395926
108498 -870118
-257395 -599418
640196 -523081
912537 -824005
-1
