500
-568810 -343738
37066 -72033
122417 -737589
-121015 -708728
-759366 -651412
897846 -373160
-669044 13526
915534 -620916
821617 -830604
-792975 -529157
151510 -438781
95316 -988640
25025 -435172
75720 -265439
-692561 175319
870952 208694
504599 -543645
885721 199011
-930510 -898167
-371990 -256924
-945554 -276031
60689 130518
-500138 293092
496960 -386460
-359216 -519809
456263 260142
893980 -259270
-956648 795237
436684 -482921
-83997 -53597
986263 143127
216385 65348
538048 75637
896999 78173
-435107 633857
901562 -245814
-169403 -906411
334864 601448
751551 -470550
-768491 441359
-163961 485180
-649119 10468
678325 345922
-336339 616296
-342047 -710430
291473 392193
492272 122192
-782568 -96947
61856 445588
-457014 514425
-190829 421778
-717529 -156879
-304291 822593
971584 53238
391193 -118411
166985 -394964
55636 688553
818740 -408749
-300210 615356
-654803 160329
443195 -795931
805831 -327724
-236354 640773
-884242 136175
99749 501419
518297 -27952
-551766 92282
583658 372488
-684484 -870274
-844423 84731
-16081 -977155
-198089 341020
932362 -392738
-237846 807253
689083 -776509
-554154 -949845
-650542 880148
-702461 10225
755407 -962841
-123349 -316476
70025 -618284
-267672 -547634
-274395 457197
863123 -737597
344702 -909903
-292835 -759387
322194 -58297
-962981 -635691
-774262 819745
53102 696356
-394611 107635
156270 638346
899533 -204937
-83556 645333
-836856 498845
-526783 -911298
-413151 -858667
-165998 -443410
-974517 -256281
23635 -484038
-397618 -452479
36236 -601569
430373 755011
-78673 628840
-305732 793857
-802733 830304
-456177 947847
-674554 151981
372996 859946
-174195 -274696
42274 250335
363643 236668
-362047 114321
947086 456831
458923 833122
-436686 772915
-721075 520289
-448673 -12365
905298 -25097
383389 -844546
648385 21305
-619447 -203005
13208 -879058
886824 283059
-46382 450750
-273359 36678
501508 -713973
479430 551995
541043 132952
-779121 -142366
519210 444281
-69198 446452
-752310 -617458
542743 176283
-118686 769280
295516 894334
463253 782514
-835057 -626333
-831156 170775
769422 -875410
-304002 923536
818562 -596341
574714 238095
-92970 551976
-283020 -946009
-314241 -338286
-559612 -872248
-586103 837026
-566201 594397
-634883 590959
-349704 316118
888071 -94381
942613 -372664
247231 923953
304339 -675605
602996 802168
428877 652010
987738 773445
-800945 480486
144453 628919
816935 -666264
-858510 958240
-965830 923089
25024 512835
-368221 -628294
40353 -237225
443867 771904
630508 352760
-835282 -665579
-222604 -170795
765363 993325
336866 612049
586361 491022
-145179 -912843
-581718 -198354
-761383 -418384
-862958 -51131
-522932 -157703
-422395 -887176
-682923 -548439
-396945 -861540
918163 195076
-429320 -516906
-856009 -16785
-14095 -901971
-466249 246620
-889220 532360
928683 640829
-535536 -430149
-245948 -537665
-530012 -865744
-979377 615340
-117097 -853009
-566166 674470
543121 946005
-6577 -470901
-364684 921699
-184353 988643
385915 -760393
-694361 396264
-227797 -945833
343748 851299
-81535 -68085
290651 531494
-848643 238863
962335 -521521
235081 306750
-164539 488289
-105900 -464959
926205 -205347
-742365 -320634
-187739 858729
-961750 377252
-834169 -135921
-221238 -654784
-864405 -945142
656039 -601536
733262 152871
300982 -393504
577226 -505525
-825590 -1713
465829 -852211
-22391 -59011
-610077 -919957
791715 896870
179212 -697616
494730 -470745
987959 873180
-811349 -949476
168334 262604
925684 -210749
-397508 -981010
-973542 280012
-188859 936724
-628604 -152554
135806 -221566
172795 -387750
582500 -590517
929806 -957309
-547664 878467
-935451 -896846
854313 766729
-98896 322647
893922 -326284
-419158 -415146
-508274 589034
766021 -967571
-365712 -983722
817928 -595427
-838466 -594020
-190343 38865
-40587 129888
-583330 671264
-867858 -960539
-803340 397944
948298 -115403
278502 -972447
-662707 618882
-269628 -836639
-868783 -835824
-763089 -698212
-726576 293712
-707812 884219
453189 790135
-941338 322958
595076 509858
32719 -69387
946235 -927516
92880 895397
275097 -228528
222179 37004
660360 -962148
-817141 87672
858738 -280229
-186705 -798457
-701343 -716479
-721784 -268006
-121702 -301564
-596638 -544270
-233868 -930506
-622112 -410742
220297 219638
-23610 -915788
87937 -610094
-21332 590381
-870103 -940371
-343388 -22209
-753397 637153
-84241 -911019
-100874 -93917
730050 793138
774404 560939
769161 117542
-216346 414818
60605 837711
742400 359525
-117090 -310348
230978 -110846
-279862 -246917
593191 312645
626324 -517833
184152 695091
-617626 -828150
51340 -322973
763894 -346403
-202280 91801
-222146 -959971
809350 -713307
-110332 190169
377496 9413
298266 884023
-106112 -782311
-427072 -373703
459804 -545362
990966 -415371
-463968 -314370
17595 -276160
-106997 -818577
862007 128858
-212381 -590658
691238 747238
314989 -371415
81822 569449
-95471 -539058
-234040 -731183
-328569 -459109
-719907 797250
-76077 628298
-702855 3917
186890 834375
731260 -803115
919014 -333061
-998953 -767295
-215098 -194128
-123842 -705969
-443315 683589
421909 380640
-380269 416061
-707660 -67800
781187 -334072
116716 459117
-366634 -536578
241332 -312788
851273 -490567
542825 455481
-555928 356143
-708450 739944
-517136 -158838
880126 -836031
785914 148945
-246550 719206
-47554 692499
500592 14331
-375159 805061
-987806 785375
488373 -711158
363426 -273408
-165907 468750
-180371 431504
-338799 -582805
-810409 -597168
-521590 -341365
-135536 344173
760787 211102
162129 -231120
-958258 409440
-207644 -720441
690158 283965
619095 735712
281403 -235505
153951 -371519
-66955 -424937
-687818 256222
798774 970112
-331994 646830
908868 789398
359012 664437
-308777 -549298
-308303 715185
365982 -733165
-475986 441116
-556766 -521814
826723 -492846
701314 -768603
-728612 -468039
-773693 -63018
259543 -979971
987459 -50306
-98206 29095
190939 -526939
-403491 -282285
-919053 -965290
-173958 -927817
390436 -13685
211348 -744448
407022 -701662
421100 -335120
-655641 -345560
635336 254626
-81716 242599
-180049 552085
-596707 858441
721555 52191
625522 -676163
554863 -151998
463011 966664
613895 -10597
99410 -436909
420456 824526
-723127 -29034
620970 261383
-73099 638974
-773117 -573580
802676 745190
930980 493006
798242 172327
-77219 -352666
-916697 -112960
670678 -870609
933898 448032
-173772 488030
958709 -46137
-607367 -434237
-799932 571350
608395 -340854
936144 57312
-287484 513551
-640847 787114
-701514 -714835
-671700 794188
308630 55599
-740510 -857946
623244 536961
-999418 30118
-757160 846415
332786 949131
-467436 -231410
-825910 -451834
-281829 -374278
-776903 -411851
-696225 625967
-488522 -360115
223968 -84124
-994852 750931
894165 -362132
427877 -743775
333648 358204
689883 196271
246625 4153
595131 948242
898822 -6429
493440 -770069
912450 -327920
914210 897858
9776 -62110
-962957 234025
437448 -42214
381033 -891568
-177014 169493
919177 -128190
-886607 677400
335926 190999
428354 -233958
-128400 -282443
-632703 437600
-63939 -370254
610427 103647
572926 -794320
820366 -594794
64085 549143
-885054 -99893
-302978 191501
-868678 -171697
889744 164702
683190 -960510
-529270 734465
807200 -651037
337651 245708
-1722 -794813
-787217 885037
425311 102422
-278601 -933385
521856 -945148
666387 -466608
290423 305911
-307179 -798800
37988 181285
228214 -230932
989732 172984
-15448 549525
532376 -106298
-588644 399167
-724861 769239
980425 777432
926969 -508565
172456 377143
498754 198873
-818974 492138
27131 293290
-583710 -670552
-1
