600
-898644 271731
545399 -686831
-262681 187653
895544 804736
650452 -371548
987876 -678891
-249598 -773744
492570 662295
410982 -432915
-81058 372828
233876 994260
647476 641071
-911112 -473454
279542 38836
961204 -451732
769566 837849
-335142 -758041
-545674 -98484
25590 -258449
765846 -24271
-785088 938755
581329 -437065
538701 -537091
-159179 -308792
898200 858121
-98210 45718
394633 883364
961012 -308649
852287 -477107
441399 496748
-977988 308891
118759 667927
-754984 -950113
-136948 -83487
161584 683899
-617672 -850853
-765732 893244
-346327 595649
-906740 -277363
512572 835212
681930 -451547
-841060 -816119
282844 55002
-562055 -517828
-132396 -926339
-831979 39918
345025 -383195
-186556 195133
78692 540197
-733370 481537
-8094 -768455
-224091 382814
-739715 289300
37542 102360
56813 392565
232027 697242
25049 905353
-667074 587420
-672030 67073
-678546 890435
361100 323206
-846371 -50970
-886827 -674310
779700 -337396
876024 -764411
462422 815108
163490 -916218
147320 -922047
446305 -939845
725345 900197
-110349 -836539
-644895 825709
250207 -213836
189137 71265
-60850 568816
601001 383810
320685 384390
-751886 553613
749233 471617
-971846 699203
-389631 -845890
415020 -915280
313091 646553
358781 607830
555798 477942
294823 -779023
730306 -906840
600194 -892374
-242142 525606
208388 -808529
-496541 -580859
-702730 -776598
600352 885989
1508 -865789
-74271 -332152
160328 835656
976701 827708
627419 -293811
944299 -675427
-510037 -838650
287714 289920
-938858 127480
-502448 -999512
736067 188594
894010 -981994
-276962 -476641
-812213 893885
-29803 362529
-565364 116597
411632 -330869
555581 997424
-700343 69683
473784 -836204
-701127 -862683
705030 586509
-868202 351198
877391 337470
413861 168125
-645511 -891743
-110647 -190718
-228624 248838
167240 362762
588632 -437871
-835511 399344
937492 -752051
392896 349661
-557474 281163
490920 607746
290870 -967129
775432 -8984
-725189 -845227
-632929 604161
329599 -564297
-990077 376845
-767861 -450070
-916194 289845
-354726 -755636
-44391 364601
154490 -938194
986984 564244
726974 148282
780241 -947344
813191 -684545
-796064 -552554
-218251 277827
774435 684597
-793455 486602
-940275 -757435
-87925 696485
-23580 814863
793900 726554
-393046 -568456
890724 -701114
80540 978120
-869184 794013
-920172 -918602
-26931 -721426
-74796 385446
-80391 -205564
130180 -398410
247726 833014
771316 -312368
540239 -659072
-56274 -192515
-525555 -376243
-747652 736534
112615 -333695
928729 652441
-883284 -8022
210128 770100
801750 -499809
908870 -486646
-841355 355695
477905 -361245
541310 -382787
655980 -478902
-265609 -711215
318843 842224
-611753 653466
894299 -849637
894618 803647
-680201 -445493
823768 772736
-341248 716102
-334762 -724137
251281 549595
275642 -880084
769787 999744
-768378 -99027
-46501 -208211
120019 -60835
954164 -93611
-116858 -961482
431549 20154
-992781 -542428
339416 624117
-977094 156728
-887982 606295
-868675 -447595
-378264 -250332
-495796 -68463
-729169 -521639
863261 -902549
245655 -65397
168483 -182207
-884360 564762
-431976 70804
694991 459613
-405044 647581
213112 -179614
195986 663943
-540976 -808014
-632531 717768
857219 844484
-867896 -218561
-292803 119341
415178 -734235
867664 940083
596830 -98610
-457862 182622
186871 456817
-747509 -611962
545454 67513
-915658 -375366
-254294 -944952
-923808 673572
547877 676188
-513093 -53527
-587426 684527
282575 -634867
-755245 -202694
-698343 -630092
30759 190778
-179722 787982
630740 -951455
-215960 -894519
46725 86782
-908201 -439766
477921 71509
409326 596599
627756 -995204
-558166 443563
-503289 -629403
194372 -872810
-899809 -486027
-805676 218586
823681 -244219
634746 573917
-77836 -330456
707104 -382044
585467 278836
909668 332511
250026 451565
92959 615745
154090 -948615
834692 -675446
315278 -466595
-225039 -983161
277686 809088
-955335 345290
-511947 227749
930003 -148684
96070 930933
683332 -481887
-192475 591748
368728 866786
43745 118461
577983 293125
-472846 375299
-209444 -399607
246761 208670
-962690 2957
46642 -314512
-222290 635115
-451464 -509270
-616464 -439667
541574 71513
931790 -101212
403423 438201
613567 508132
768218 315194
345711 -541223
733265 -874863
-462667 296236
140228 584066
-580624 -657845
-993863 -574181
-694341 -701779
474102 318
187208 -506752
-963228 557708
617573 -365601
-630357 -81944
864883 415053
193206 800033
-258087 -463185
470968 -961116
907832 845320
840348 -151563
438327 378508
930542 742148
-658719 -862882
365570 -218584
-602210 523834
788327 511461
473418 424214
-759669 -235505
-836864 548872
-272138 705835
587456 48537
561890 382590
-892609 93687
-240755 -48616
328524 -97414
-242813 381845
-159352 678981
-641897 826836
-991733 764047
-808446 -948192
342258 -937176
614573 -679288
16163 647027
-713682 974656
760646 182305
-174212 892343
558972 -628897
235010 -851432
-937869 434722
163226 43007
796776 862452
-693699 88000
-876759 -934757
220773 -330825
833832 853082
-596519 -486707
374504 -3007
-784077 561268
219931 726605
-714042 952348
-101008 -12417
69205 930134
-988073 -443632
490012 464558
-418199 -629710
626022 -378420
309457 -38121
-770295 221163
-43527 -149606
-396392 -250700
-164551 305543
-201089 104860
291548 -84360
192432 -595449
-689586 -801743
-64198 -71046
-451638 -201303
407925 -676036
-138061 96571
-55268 250728
704819 -932725
744348 640752
-975784 360867
626456 631252
-463773 -679283
584419 331193
604866 907430
308294 887444
497928 -269442
422399 -634471
-407288 266916
941580 -241304
-827578 604972
-182606 -490229
-766064 -40033
-251012 547865
-527235 629183
-183637 -55472
659741 -316086
247467 -932784
339959 867566
900613 699209
874728 -41324
12910 576310
-606909 204640
-921892 -370623
-366994 539674
-693134 -131982
-435224 -395207
-187539 352652
-761169 502546
513580 -408284
325430 -468519
283836 -335288
-656355 -893857
-960121 847094
-993254 232985
482128 958672
-655641 -103259
-165249 780586
-924693 -138093
-99811 -941127
117518 888718
336306 313259
-356852 95647
368573 -258281
225860 817297
-134124 -750392
-269753 -413851
-80545 301184
573782 -131554
-849692 -710988
495218 -243536
-941061 646730
-131825 -694710
863199 -509452
960602 -201256
-296798 96440
334721 934980
-854287 -940950
-350500 -562884
-769103 -175481
-427606 480686
3994 -530771
-804401 208480
-190839 -269616
725679 -275392
293883 -546852
-985485 -573016
272956 -700034
752381 60086
-212998 -521492
-214875 442075
-659527 -761418
990771 557098
907580 201093
-176075 -472443
473794 511571
716294 -895816
49349 -569244
-242418 -711439
-294319 -915811
-10242 205327
-726095 -691347
-311041 -796793
-24496 522839
-650752 -720248
-341022 -364493
-761094 -638622
734972 199055
203201 830310
-13139 438756
13828 -124092
780374 -474267
574228 319594
-846795 786115
776769 -442319
509710 -710062
-130426 904611
-787725 846061
213355 -242239
-42490 -993649
-83651 -891245
-138770 -837823
-808694 734611
-840396 25332
573305 -828631
-96160 -333249
-976993 -640338
-599826 637172
645546 709082
409037 -176820
984348 -438695
-297167 921416
-169770 959661
259451 936803
862315 889695
-430786 -117365
697557 -703063
718427 984504
757135 -839367
592049 -568536
550595 -437537
592231 497012
871307 312230
844066 110112
-932427 456695
692810 426912
463586 -925508
837548 -882413
-884386 518365
733079 -138328
814480 -2378
-895549 -26003
-145034 -451981
-325796 -194234
775273 -258573
127340 494019
578811 664108
483005 -139243
60212 565932
-60066 -508848
799040 6104
-587778 -727367
-862861 12269
518598 -566267
782316 792595
-587941 -62221
-401371 -148150
899043 767217
-349970 -297145
-887117 -473059
220793 -731257
-356805 -431538
-683530 -586557
206087 -848611
126163 -609732
395279 -43509
-429632 -183068
-158622 -227282
-814999 293367
-187411 -265702
-506810 -386019
735305 764612
561792 950916
-277370 603496
-349961 -369990
467185 720549
-343569 678358
426154 11989
950244 702274
181173 717375
243963 931548
449209 843564
-14396 369496
-292432 -703774
-647326 -285349
-438944 -844629
-915976 837436
890571 558746
962139 122274
626059 918181
916430 -215354
468416 -879913
94036 675363
843925 16911
513170 285515
91010 653489
669954 -384896
101964 -713402
-164836 533247
-214104 -305971
107529 223429
423416 -952173
130558 111183
91964 971629
-68541 581672
788174 -705555
750355 555629
-958275 -678058
-384158 219015
564758 54251
76539 191472
948981 846573
961053 -737100
-600014 -783869
-720902 984646
590110 244189
-867564 -390608
504264 363972
522487 -147467
740984 -189410
-441923 859614
-329608 -43969
126938 180953
-878737 -731964
831173 800334
427310 -815609
-39067 547602
751770 516049
798817 -639904
467651 314563
-30737 -217509
-962402 651341
265447 -838648
987412 625063
-898147 -328534
929943 183986
-920821 -916073
280935 50645
-748515 -536731
-392130 779284
-144076 909929
-554686 -285244
832957 -797951
-356927 332837
324375 860395
948731 -236517
-254638 -711688
-587940 280049
302864 387373
-1
