700
591526 -710371
525353 79209
398076 -924561
925353 962657
786829 322623
-76360 931822
-83924 119755
-324355 -560649
101738 -264972
-123019 -400738
-446818 605245
196818 253312
-732170 -92440
371449 -764939
876052 -102386
286952 914755
-178713 74523
-414846 6750
869738 -517420
123162 299912
-609868 139762
156718 -544013
-379603 -37970
-922493 -104303
-360478 115174
719110 -582281
377503 716832
498677 -36851
-643387 -431952
-130380 303969
235622 -273285
102048 339084
186587 937315
-392337 181637
-229343 497046
-426803 -145737
419463 -304592
-293231 -255824
303066 918893
614334 962675
28742 504556
-962045 427094
-111313 232987
-817476 182582
770156 219205
607981 924174
-815852 897358
381988 273155
-970072 25691
-834207 -645421
996954 197241
-94026 -794711
914732 614375
465353 -444106
452368 916991
-569055 -555609
226378 59195
566605 -958392
515951 289005
9611 665574
641087 -504571
424524 472457
997418 176117
902019 292901
-462641 -467427
-808765 -294760
89858 897400
669947 -850838
101247 576969
-88938 -4896
18748 -244667
718092 795983
817506 167882
129626 -10456
-771010 395537
-188104 -203299
922229 230940
565610 243592
963628 797096
-166156 -588014
-697600 -908108
684071 854492
442752 -694493
182335 463893
402844 850058
188543 -948872
-217182 -179836
220920 -433595
679956 958893
334810 -843815
-78834 704332
476286 -983755
-569356 -428183
406007 684178
364891 168798
437469 -154651
-260016 -190234
-758180 -21850
216350 917084
853007 887406
792469 -213799
341404 -986194
315399 -297498
-749768 -270883
365645 -948212
38014 836935
309145 397475
-710067 -77917
917597 -344876
-853443 -331157
-410648 389004
988492 -681889
-1675 309434
-217924 -402534
572830 -402846
-672595 -174845
-447700 -640341
-924158 614986
176123 560264
226142 423326
-351888 -527230
264453 589427
176452 -949960
-504219 888765
-407054 236405
683172 443889
804964 664846
460919 43450
-819080 486181
-102868 30931
-665689 235459
163292 -472777
307682 531141
-999067 -730360
-626026 359634
127547 -363014
-781913 663970
-567570 650340
13988 -970748
-730060 -97056
887137 -850883
-451911 -195945
-826006 -351928
-24815 925709
994128 860253
-934740 -251752
749761 318714
-163467 995464
877422 565318
736238 -851747
-251532 252347
259814 -49851
-992015 873444
395262 -720363
453762 -113781
697479 490243
-909619 -543246
219957 -608639
907621 -601235
879649 363976
-159363 520959
-28026 700773
706791 891001
-347824 -82853
449342 -750693
638844 103269
635599 100492
-44134 959519
-992862 -16790
254332 941809
281034 795571
74577 -124066
224642 96944
347348 -546781
780381 734269
-229595 219884
905146 500892
87544 671632
500959 115901
405710 777127
874792 -20286
176833 -825128
855047 -318801
-980891 397005
-843997 -380973
-733587 807570
-336756 369982
-535403 918471
483529 -70355
148228 219730
188153 816123
-888523 430742
912425 -357773
-411282 29752
-690163 -223242
-541789 -945096
-499817 -226767
97957 -590642
-336166 -83533
-712790 -254520
-950739 -515066
-504739 545534
934891 -603173
690246 -561204
-413824 961791
-986300 1810
810143 -774543
693773 -527675
-364504 -796265
-234139 149963
-133251 -953066
322661 -445206
147442 -502804
-659389 -917577
921630 -682466
977487 -961778
703161 -492718
-665451 615248
-380973 651910
879705 3150
977682 -668206
480495 119313
-595228 427469
-42234 -508733
871791 -899620
-129285 -68441
-856173 -407653
461293 618125
-999842 -262084
521937 -30659
73141 826922
142737 -979417
157941 411116
-504487 -695756
-845017 -891194
-612358 841929
775620 814301
-840307 864974
-482951 -291902
-586186 -652388
-774435 -712757
-819678 -422873
-513937 754271
490123 -67565
-168763 -679454
-484308 -914845
-370083 -507225
-962643 -285238
123808 -621258
253804 260817
230937 622734
-935224 68179
933219 800564
970881 625249
-329794 459447
-318342 -537151
592246 819999
718970 763777
-818459 421692
-404555 -655158
762322 993947
609856 316843
112063 -704030
-492718 912797
-658031 -266943
-286973 487066
75923 746659
-644778 -494374
-170087 519786
-618078 -603127
158536 -18555
75527 20489
-697332 -496677
-262944 728577
-584700 -55510
-626286 10367
200335 987358
-134605 221194
580346 -929930
-668973 -909259
-312581 685983
162634 -961417
-207023 -201663
-798258 17156
-322983 991200
768631 -206347
822582 407661
421117 -920608
-431395 82340
82165 -453607
-569284 168899
-840596 548518
-638384 798822
-518537 -678732
-700394 328291
90830 -977401
-262846 101668
-849394 -643787
60790 -297274
887950 911629
25063 799423
-741512 806946
207822 858529
-334862 -784926
-375333 -795990
521170 211857
-193562 -926235
-39748 835871
-465446 -505312
-506456 298536
-292885 208954
-761427 -676738
-56790 759001
28325 623124
-84688 110668
965655 29735
973343 -12080
-703253 646682
-645709 -770890
-887658 302844
486872 -500916
295188 -575530
438474 313314
415654 4970
-654078 -122067
-474451 372006
402707 -330090
254687 -26787
253266 -692030
692015 -129213
296747 847789
533893 93831
-483209 526213
-427437 666886
-121537 -853810
-875582 485522
107103 674437
-218398 120475
-806024 843945
182490 -263370
332941 132444
586172 -727305
375735 931700
-334180 191990
-690898 -430937
-569232 579720
-268050 253228
-844152 878768
-68713 346390
-308002 257475
638324 -192897
5326 619594
-33006 -149789
-500670 -391634
-279852 810393
-220051 -770342
827181 -466221
-944819 848396
167473 870639
-353499 -539258
-468651 -235513
-962809 -286967
-64101 -469684
-266894 209240
-381366 -567563
-585868 -207689
-135227 -356611
-679362 -468383
350244 729344
321294 332593
-277116 -402971
-167531 -720689
405006 -96475
-225027 -493975
522350 -508721
735161 -315771
995592 -688007
532919 -833319
579030 993912
-639530 961330
706308 560593
-975999 595229
-49239 -450273
-827322 -976207
727869 567703
976756 -878011
-141254 -248466
53186 -707528
833694 -745322
-344967 218835
-243891 -6118
-721754 -173171
-375712 903446
-921013 207103
-730091 -913179
-577108 94515
-148397 999980
-964308 60085
528399 448263
-527746 -493434
-379644 -647170
-180660 612640
-562643 -217607
-495786 -534494
423700 116678
-730410 -856555
-322707 -340298
510539 -367124
46048 161502
-518673 615407
-730063 -917747
140854 -267598
-235039 -185535
-799178 -350760
360628 -932717
57915 -96741
-84280 337359
-936228 113465
427086 582558
908292 379677
882728 -835546
139099 120724
-764533 -666068
568904 -829872
-175211 39441
-263140 -6383
-641896 -886929
478622 -779688
84054 256216
-105281 -541516
-783479 -665544
-904647 -996284
584521 889303
-169572 982260
-707150 429848
647004 220871
956977 473264
936009 675599
206829 528153
916978 567663
-109177 -4825
-756289 475294
778059 744191
-852820 829327
889848 -408815
487049 -286437
154430 -535475
273185 -216806
267507 -958037
185156 -351786
-178988 565104
-462203 650956
-985394 833437
405191 -166155
227485 -255889
-739331 932425
85178 -591815
226293 638799
93698 -497266
204060 -579602
-989326 725622
715803 -434080
401027 -175648
-180637 -266485
-545890 -143506
633618 462942
-552716 701095
6830 636495
-345054 811466
739622 -935551
-103810 480546
-841605 -211930
690764 991071
770188 -157204
-730549 471934
678908 126156
-195111 -421484
456765 683872
600450 495873
43489 44537
-250725 474605
-902650 -99559
758638 527116
-71996 833698
233022 -55768
-490370 403154
-980868 -331006
3706 683027
778306 -338419
607576 -414151
-639764 -434431
621153 -123727
-169148 888209
-689825 -204290
700763 -544692
563442 -387037
-749793 273172
-824226 667120
707866 -295383
-680457 446053
-135307 -813162
-874702 -456225
-666206 -607646
421674 -937221
620421 -910472
266827 542658
-580392 -980407
913077 -581649
577625 971915
368272 254239
470672 23425
46704 -409603
853460 721388
72309 -268485
-430073 725463
-769317 823562
-852564 -73830
-231535 -886658
883450 -725803
302615 573900
-27363 -301994
-229586 771459
-900271 617891
83014 279336
-291847 938469
308161 968319
9529 -265693
496172 -131440
-652501 902431
326301 338274
209 42311
-885100 378264
-535439 -346656
457308 -54125
366641 322007
229957 471360
-928066 20034
87190 605163
26124 875788
519487 -280331
-828890 352110
487003 205693
-596800 -880265
798508 -934467
525590 674082
61028 -598529
367255 920073
-669559 -124769
-385960 878558
601058 763412
-717749 -656419
834048 -211102
563754 214
-657760 -56032
69830 -865908
-846238 348815
293016 -638832
-998763 -142540
811769 -624219
188152 -796750
345102 -612534
-91561 -921379
-67528 682171
-981614 -789226
-441459 36590
350069 -9869
-805833 349178
-236632 231005
-936625 -617786
-902174 323612
-660968 -911115
-471367 -52454
897840 78327
171995 794135
437298 988039
-356061 441120
676075 -384936
680735 199777
-522917 -503909
-981612 -509229
302598 -781139
-149170 -774122
-10139 -361858
-245812 31533
-952170 970343
-786930 848477
-154873 527786
323656 -653268
-975354 -959529
478318 -284203
-764225 -261580
327491 481925
-176036 -263454
429443 209832
525031 701387
-897635 768616
-850022 -433070
-163288 822363
635161 -682223
233826 -372970
-769662 -138151
-274379 -823376
677842 -160084
-767319 -550501
-378717 827191
619149 -640644
960579 604449
144833 -938421
781830 31260
531560 797549
-550553 -51871
809804 -690273
641264 -539432
-477028 -324879
-713014 976633
752790 -729689
409854 -27611
517672 -669255
575380 -939207
-814400 -929564
205834 -379522
-449651 151996
298814 907664
201186 -625793
-307382 -220136
-854609 -933432
256442 -823764
967378 -456883
696233 792302
-804827 339440
705866 -921393
637616 838105
867515 -812468
-761331 569488
909998 -131596
-729836 40694
-106870 -993521
157070 -535561
230915 -740595
531014 22122
-102101 -392493
971587 -651072
607084 450830
-300868 -451447
-557232 -154730
193988 941610
474429 -513078
-471758 465651
243681 984779
-314072 -393722
-121207 -350744
-843057 190364
-514541 233356
-785203 531385
724917 132470
-839900 -103519
-63085 -748290
-535971 386056
-921243 -852277
-372428 -594137
365572 -502959
320951 -155161
360457 904324
-84570 -319984
506105 667291
128732 -562292
594822 193710
938485 -301643
560814 -121216
-393073 710909
864108 -913188
540508 -605933
-498843 91950
-592870 190206
-958984 274015
458940 -383409
-598629 -300412
105705 -870551
822828 -481
-729739 -459241
-148116 -72122
293313 -318367
-319521 775958
897278 75839
-737657 -772170
704333 -674468
-397369 893160
38085 -18376
-543410 975582
915034 -149735
-827628 -610538
-708187 7620
750023 -893702
-47645 828497
-793660 -132075
-566253 -116692
533188 -820371
378693 694190
42563 -663105
981933 -603516
-1
