800
539424 -744799
-275702 271808
699453 -85732
356898 -651020
-253589 -857049
408312 253014
-322241 -723473
-613667 -631018
-921919 468322
494207 -201947
666722 938131
248159 -502698
384528 -339331
-142517 -480270
996478 322698
409984 221105
626671 -913561
-488468 -729697
238603 -232714
-762233 862026
934695 -900824
957212 576738
7400 435396
-595317 -766158
-100913 513825
145531 -486902
-403827 -269814
-127573 405709
-358821 407388
391250 613706
442466 -928898
37826 -452406
-410174 118271
207767 337629
-91351 91792
-99094 -750838
-576530 -562377
-781031 -856033
-133032 -494287
512288 822798
-90680 485402
852345 -921551
393816 161072
-665783 896203
868144 335764
-394999 813050
461548 -683492
-545078 -602513
-47411 4054
466249 85503
501956 714683
-701125 -955753
-757858 74016
-503151 -753104
714447 126788
322907 181977
746927 769548
-588398 -257949
-425191 -262842
966775 -937953
-584839 636650
-702228 -811040
-797360 668758
11482 -427904
825553 -350328
-190838 785908
-885650 -801114
-933916 -573415
-405460 -657424
986543 397578
731752 784672
7209 15825
610129 783459
-137012 -887424
655512 883147
-31292 240099
688590 -191530
-645668 969842
199313 -660436
-315432 -646440
-825355 -883631
-651095 -86089
-296358 -747272
157067 118112
675556 275437
-829877 620976
716648 -727675
-973007 -644451
501041 103876
-629718 -604656
-229248 632068
-875804 683652
361054 -280623
590681 594287
834108 -589563
-30888 910048
-100446 846577
846579 -588232
782506 -809238
751480 485197
-842824 679491
132230 226488
-91197 -968437
535961 428017
856064 920574
-96339 -816492
185932 170874
566544 -123933
-990436 -127579
-189585 -876580
-227577 -596366
-139580 -335447
915891 -656231
-351042 729145
-505567 1723
81318 -726246
-759488 -671083
-358076 -212548
-621601 -95372
-901760 -637746
975648 81968
-852519 -373723
931515 570281
-134246 -846996
822502 610933
456017 942427
-904064 -890890
879894 461828
-15433 850917
520902 -512876
836191 -104411
-481806 -730654
993285 778517
-440418 562132
125343 -505353
-436090 601
-363575 -391809
-768138 713538
885477 -762292
-933792 -900137
243726 937388
-776928 -775715
707989 -53498
122148 136203
392570 -381530
966598 469223
306603 -26617
572614 -591448
399380 455299
-223251 -180150
-53323 702745
598690 631227
283375 -783144
-902167 839132
717977 342350
46405 -901049
-40724 -512317
-930115 -114196
-883687 -505521
75221 -574381
-548921 786574
407355 612259
-75157 -95369
-933841 -233977
-618121 391362
-620088 147653
-778206 934188
580259 -445449
610249 -480445
888911 769010
-71716 -853018
251795 249012
823826 -122092
-65780 -706349
870293 195483
-743348 -551869
840269 185140
-164846 967169
-367557 57954
374370 878410
628264 -325421
611732 -492690
-606133 -810371
40855 -169811
-208832 529029
552213 -177491
-740152 632706
379176 491452
231334 -504707
-135691 -105567
-92108 -716795
-596428 252853
548708 -735840
-849552 -336438
-852090 -323586
-89667 -999942
412839 724211
-72509 607439
183256 734787
427973 660133
215687 505268
-562684 324464
-145122 284394
-855443 -424891
861221 -421587
-439094 -536276
-133126 -561232
936934 -315911
-838009 -9965
-574901 -413757
643872 515836
5075 910756
702956 621472
663793 -45996
507662 -445151
756313 -24889
-921661 565961
-17072 -788614
476060 764863
80957 381488
-199764 972485
686554 171356
-785541 -478510
665592 -255692
-92408 -482789
-468823 416369
-32754 -772159
226410 452967
969191 879946
-573606 493863
602815 -565848
753806 -432859
941679 54530
776992 -712669
858407 369110
-372482 27030
-360918 -103898
566722 -72721
-67587 -126656
565034 218762
-277010 739802
730689 762540
462865 -179536
-479358 889109
342131 -131242
187525 -400339
121768 902387
984581 -581846
-858499 -123744
-2540 100417
-587208 442452
-815817 -484564
-876581 419585
887128 489726
648090 -749161
-350833 157728
245839 -638405
-243580 189101
-532176 680962
-682822 962891
656957 89019
950172 -498268
-22203 -78900
-933646 -397227
508674 62386
-417181 -183535
967064 -416417
26462 -968858
-301456 -805594
376088 768214
-9065 276894
449908 115426
235864 -590726
-272922 283244
364663 -561718
-983715 54364
118740 -32150
-369058 -388469
973993 -890257
409389 718058
-305195 -452715
538454 -867738
-794476 -42938
75494 -52831
-286638 229671
-843326 -276200
-692867 438451
-679307 -165546
-752665 -176135
870093 319581
-480761 869253
46267 -934936
156557 447583
-351080 187141
-820359 333204
-218388 388160
-496146 -737219
963039 -667061
-229938 -344382
-34479 737609
553304 308622
134681 -125514
675428 -698557
-874984 896189
-28482 -209860
-25790 -871100
-563997 989031
-784208 -670292
-397042 -588019
-936550 505741
-632879 799783
-413316 715632
451445 173756
654188 486510
-442194 -875252
-45206 -534995
-104110 557714
-273745 -879118
276431 742673
322669 239827
-769573 -633258
-766301 194847
232242 -533236
-392839 -813895
-277117 -265394
620054 723080
204555 -325102
-86858 32413
167383 -254602
536428 723549
309948 -567410
-217119 133015
-853071 -745254
121151 315629
282348 206648
557187 413113
691875 -397723
-16878 7617
662366 -481520
481692 -91038
-971256 -109945
-644963 -588897
394756 -316959
-408323 707775
-950182 -843538
308988 991955
-429640 -49455
466355 -627278
-484746 448940
-452165 82502
731148 660256
-243031 -281691
870715 283123
-344143 797712
-355501 -389561
130589 -726167
-502693 -794940
642379 -636996
918179 700340
77238 -556945
-37759 -34352
-35386 322220
315189 -827522
-499399 134536
442604 645220
890934 -746851
-539697 361477
961043 228328
214812 314719
272907 999957
-301765 -949511
-915685 10769
476289 938303
841700 888837
799388 -659129
323143 310133
573899 -547532
149342 -748798
-465247 -347465
-179355 -223787
-190986 -16091
-793557 774101
248661 -99989
768102 685167
992830 483505
-276242 77176
37899 -836721
-324132 -641466
57600 711393
-40220 935049
215629 531133
-374616 -640650
-267547 656735
753110 -674988
449861 924688
-837709 -429215
26692 -397247
852969 172439
-980634 882945
-151409 200873
-212390 -85195
-342246 -149063
-70897 204225
535446 724365
-843052 156931
324261 819510
735855 319152
395975 670043
-871927 844633
-708748 -635455
483919 734695
806389 600576
438850 -829376
540310 820748
-312559 -623914
-849626 -703043
240866 978307
470518 139913
924339 423657
-458214 -269112
-65491 -978740
-70652 28222
-225090 788147
-982627 607763
675865 479200
-447562 -901740
885252 -793378
-988034 884788
-689256 -474233
-293184 763053
-708360 -292366
246771 -852447
-641725 -927886
-225099 682040
-91148 827681
-594215 119143
594405 -63848
-625709 57301
-650637 28596
102303 -833429
746800 163717
543246 -126741
736589 -582487
354841 557927
434842 300995
106096 337565
245746 -596758
-101264 442233
-352061 794474
350784 -398722
-339836 81566
-531558 -812767
-61704 -916546
-584154 83908
-927422 -319188
151621 -266710
107120 342474
-62319 -404204
473727 -855565
910535 -872901
857064 -921028
968149 608290
-505572 -887822
6349 200030
-318277 799596
-567266 -253345
428643 382284
862240 -234542
563806 513235
-15244 -136509
-159785 -500783
291355 -241799
-206025 -330814
-442340 721806
-250698 -110118
-892867 440476
-395514 -739205
129799 -999302
-906222 -639357
197948 -702895
-769161 -383571
554227 650360
-699152 -695453
-25383 61599
886333 -408529
-902711 362907
-948768 316272
112793 864952
-677877 504665
-891362 -897899
-61929 -789030
51108 948273
517084 374441
575532 725682
401303 407521
-854460 -605543
206851 10857
603206 -483031
356729 821126
55242 -797290
798305 173638
-886947 710336
410462 -899934
380353 -100305
673802 -566903
-501677 886478
-726654 593558
863139 -713095
738900 736725
378796 454896
-809524 671592
-262395 -608150
-776472 -972516
-267772 -726777
316802 258740
-616259 297884
452972 -830787
-170578 -806795
243093 -852771
629737 142046
393228 123412
167145 -924352
-539375 -59349
-55351 -270184
-33976 -113214
152010 597947
-208295 661644
-32602 928324
716056 413303
-495600 -880878
-502189 438768
540570 -359153
542813 -794247
289239 81892
275605 169212
437543 65196
89744 542185
-31845 741147
401676 -677868
936305 -400697
96661 181354
111570 -262547
-747617 -44966
52537 -330397
900903 89126
-970824 199476
13557 -856683
-206400 600551
-993462 -853747
-275778 -202015
-179553 -212627
-248176 865242
-241841 -648291
-393259 -215472
-57457 457250
224487 -400593
864851 -672958
439416 -245576
-357559 -146792
235901 787996
-500680 779750
-89487 -79181
-438855 164819
187837 -381151
97200 -587750
636406 810172
528313 444228
605438 -763254
-844086 727343
607675 58190
108590 -572297
-854756 139315
-861589 991536
-72782 -28439
229980 -725210
184382 -863404
-870151 203217
-263076 633393
297867 -501685
-65500 -557167
395696 884996
753875 -704145
784438 -231209
-367401 633041
-320079 829424
-34836 654533
853234 -479126
687516 -26122
-170227 -317056
-438419 -713591
426795 -727361
-783108 -936719
483182 651276
699606 -508890
466329 678851
177948 -618202
-94421 -234538
875973 -56291
-434944 -458514
-221604 527088
980895 401450
242677 103423
439988 87859
-236717 109339
-249015 390298
936371 -36951
463001 183935
-633247 -806947
-858444 73977
973413 -113275
-319183 209754
-20307 -792709
464246 778039
77687 -421789
626135 61566
-318721 767307
742097 -763485
763943 -672892
39009 170678
743441 -828575
-76654 -708028
-408834 550357
-448153 -82376
800203 -453955
817419 -848267
-897014 128796
764500 626729
365261 756558
-176921 -758296
-871037 704890
-781852 687053
141409 -877189
-224150 -738000
472492 -858456
-607930 -864720
-346012 858353
-274977 101706
554282 322960
676757 153630
-48359 -423657
-194841 331895
-271134 -863447
111366 994237
-785947 -357194
292872 677871
85205 314267
532502 -836335
-850491 -444483
101767 -558412
-415985 -958512
944275 -570920
618999 718162
231390 -325029
900240 705726
881847 284313
955865 -135843
186570 54271
73896 -409542
63890 -714410
-940478 297744
-350389 695270
658609 181021
777336 923942
589892 522646
-901722 -624050
982823 -415523
-477705 1225
992453 -503158
-810799 531449
-991726 -451917
-160625 -632732
-166006 643760
233469 -967628
453017 -478979
920700 -870796
-188420 -382350
479405 913423
297857 708669
151307 -640615
-975583 858150
396637 -100324
-302258 100545
-193408 -944911
-890348 -6023
691064 237527
444766 -82202
112158 566944
-13212 246902
-22614 732529
782791 587795
-787766 -801401
-282667 -418431
-933164 -7376
-768382 397207
-739228 -107486
-597916 754140
81610 770021
108547 -201809
-940494 -15837
921265 -821670
-172691 51265
818499 978713
365924 -53981
940033 278450
908460 633179
607548 13051
-735058 -337788
-473120 22573
-46765 311432
817904 -338485
-524339 -778075
394498 -292446
672410 -117291
624152 -744113
-814079 -127074
-259359 345988
-714277 589743
-406910 -256103
761699 55993
883536 -953882
-728325 -470325
240127 -457531
638307 632203
525660 361036
85591 -838654
-631958 -244705
626723 463251
-246361 -396531
93021 -188775
-743766 -653904
114992 484776
87384 -886292
-887078 971081
-173863 689626
-728663 -229569
370566 -935707
-648268 -245992
913387 -91246
659691 457268
680844 377642
422949 -18037
882031 -768006
230806 979888
347872 107133
-240472 -790358
-38577 595877
305052 444150
297301 427588
-896263 587729
713471 496510
-191992 -911451
-847529 203170
-831198 -672998
94304 -102088
-189172 642636
685615 -125846
-188883 -837852
53768 114226
231925 343577
543830 419430
-566971 498020
-708132 802949
395157 873689
202743 240556
-962351 -439367
-184794 -342844
151336 -963518
-456202 262399
257946 -302850
740465 -699328
-344906 4291
-235962 -639679
617068 701799
836596 -176358
622403 -530515
-868153 688801
-372028 265291
888523 -744420
583468 655787
277844 -226506
-608814 -358583
858680 442289
947076 -47751
-662004 880599
-133311 357426
860099 -171757
529691 -390705
-658283 405246
-402146 896186
-745208 218643
627601 -98326
823095 691275
-775580 350305
892899 -43396
-611541 -987723
222455 -312761
-64343 553187
466781 -222677
-544240 718545
791196 -491616
-1
