900
65073 -422637
-258332 72888
-309160 -986144
620651 -334504
-290543 942810
290273 -645472
-960812 -683236
-501112 -686874
18655 -170812
964874 367476
317305 -578087
205450 16890
730287 282279
-819904 567065
745125 526854
-752198 -983801
-102266 570081
-510762 413354
725147 225064
-741468 -209918
-296046 864470
71010 -118618
-882547 -641691
105168 888198
-65944 830913
555294 129293
761187 936153
-465134 -556882
327011 770842
-718452 238913
-131906 -495082
820920 241776
-124694 -110671
394809 -690855
-88878 -1255
948280 -935978
583130 -56791
452194 -110109
-28770 587066
-557448 623986
-389131 261895
-265579 109137
-276638 -912668
66970 -424526
291624 -607618
-953056 589280
304651 -42173
-489221 163960
989390 -4485
877243 -204656
629269 963175
-119437 -461187
-355121 -30494
881034 155604
500039 -201377
605579 -301624
-916786 -742677
430492 409498
-57028 373345
693381 490334
-94420 760010
856366 -236077
933348 -358772
-791097 80294
68950 -903413
-641306 -561815
417815 418149
235925 -412804
-919939 -343271
947123 656028
-972867 -730952
691908 287718
-579936 -702088
-13906 657763
-563656 320758
-495094 98251
-49537 -846236
-878246 996573
-82031 601257
-517230 -629416
242438 -101408
-754091 634231
333675 934145
27791 952727
778408 520926
-277695 -831012
71119 599523
-240331 720112
-446023 843903
-933309 -772976
-115473 -867979
292630 -888806
724924 -893198
-584656 946476
481753 -106882
-634369 -269512
-276112 802209
821066 100057
282597 355992
-981182 -869622
-449280 -141510
417452 -917316
310640 330660
-462271 -973066
-618884 -440284
817823 -592751
277478 -462823
352820 706606
-768118 -601331
-622439 -736240
711760 246885
-885405 285043
-528307 54893
910152 378381
-74720 710715
-196520 60423
-853265 384646
253570 109150
-733310 60325
-664530 614517
590175 383487
-521643 -505980
319524 539243
-598028 889345
982190 -217192
-475834 -983849
-855048 -361958
-804654 -705202
830188 -442796
548775 -110237
615084 340370
462543 -63412
19892 553067
-929267 88251
998951 -476136
197273 14302
238425 79256
-603598 545452
-31195 -279698
902190 764943
285015 695832
135547 -748221
948924 -400244
237857 -457551
-765402 431013
953186 669775
753473 818863
655536 480123
429684 836819
557152 -886023
46612 -69512
140337 -346033
-319748 -268001
496440 698288
405255 232841
-376972 337910
-478780 239234
-661180 412986
805902 90256
614167 375379
-13338 849788
527196 856171
884832 -998591
433458 945492
270696 -624093
183466 132057
757009 352406
-398780 -719665
-504450 -107218
-496728 774228
-388836 -938363
375435 -776866
92886 -398173
55428 926724
529604 -614621
829729 763566
7398 166708
164273 -907144
-27327 935001
-511476 -412207
-182622 281854
368276 729534
103847 633074
695174 647115
108689 237488
785176 605940
169546 -524212
-984963 643870
-670554 225064
-207261 828796
186483 812450
11843 464258
-735833 -919612
-500577 -934162
-555171 720269
50012 -836788
-85436 519830
655705 -308573
-129111 -848418
403757 524760
-653874 -585643
674610 803845
736172 -7663
109065 -559451
908858 577161
-36485 140236
340567 93200
357722 -775546
715654 835494
579746 -253759
477220 -900516
-908553 -33734
9945 -470667
859781 -306628
72804 773811
-704174 14584
122013 973868
978380 -11460
959251 533004
886546 -58360
930203 659480
18788 709377
-941759 -285958
361760 -414018
-399334 -622964
349400 -186287
817812 136179
346358 -398599
-138602 772848
397246 706234
-876043 256388
806934 -787681
-315594 -870218
967585 -385736
-358618 -510613
-273606 615338
-299364 -26234
-421243 -466837
-988141 826565
-431061 543171
9231 -276158
448875 404075
-63991 416360
272818 246854
14484 464773
-913901 -113642
-405586 -282942
-203843 -686653
326083 784053
-825883 -14261
924664 158680
-281470 -454400
-762932 85710
-764811 -813997
-513555 -269888
-241620 -670168
871577 986997
-298088 81781
-811687 192570
-61097 -93136
-931658 184988
183641 38182
689865 -777360
814966 -77393
135762 894276
-924127 363106
328006 597537
-216581 -536727
423740 709756
332577 -83976
684099 -868236
-625278 -200229
246834 -224336
-71744 845134
-216576 727128
863817 -901159
-883013 535881
281570 -281667
-20674 879296
-700994 -200371
-158974 685510
692087 -51428
-737837 -246549
-537976 -534328
303377 796799
36463 729861
643916 -660521
975154 -70845
-349099 916206
104024 321386
858513 832880
516751 34279
908241 777611
302260 590347
-751305 198333
511500 897774
-721992 755291
-367032 -201385
428034 326211
-329945 416974
26679 985861
-769616 -400529
-245276 528182
444603 -648058
-173371 -788709
777359 870202
179580 669242
-58316 -807299
111757 729590
865666 -298332
345110 -796757
-732200 193865
-259143 214893
534723 -24089
174248 -595903
-749393 78335
424136 825387
-66215 813256
-200934 837600
319255 226286
-427311 -933739
768010 -90186
-776624 66548
-611357 883051
-20483 962257
38798 -818750
74515 525935
-682862 744980
991783 378242
272642 -527943
-79182 -407176
-96248 679817
-425190 55366
984587 -235794
-158386 756388
346978 -357675
-629762 -505992
603032 998619
-236735 -55669
114898 561691
781818 174004
854524 -235384
388894 81379
278590 687470
828488 911790
-138695 -772913
-322951 -105588
432681 -912977
-72655 -219647
-317375 677202
473473 -6526
113435 385294
309067 783853
435835 -414104
-2507 931438
876262 -243507
81357 245964
923254 349672
611334 -478129
713477 -708960
699246 432754
-169530 -198334
95177 475081
545632 679380
6929 647682
638563 85603
537032 297253
819710 757559
462841 693495
305521 -89278
-846029 -53933
628841 565395
-518351 564305
-179658 798160
-938335 -530522
-530580 82308
524081 -941300
-497161 -819554
364421 408205
631497 -450598
-425061 83288
51724 -192132
-190549 907416
377170 -831011
-602020 -244549
-949886 -617215
-940391 881503
656476 901941
-406602 371761
69714 -506644
879495 646786
348344 -616119
-97897 -333405
-283940 345232
297342 537874
40608 -803148
-336965 -884729
-718032 996496
-331511 -177595
990018 -245298
-847162 11188
-217541 905842
764907 545987
-965362 -853506
598825 819738
212376 305428
631930 942900
468493 623235
-749543 -774939
-341270 -826748
196976 775637
-766057 254061
-734659 422825
-850444 -317214
768448 940277
958293 92488
-79690 -20428
-833176 -555927
-95441 865527
160247 828001
630200 -705829
-914397 -33086
-674967 47265
-354723 -673824
-225960 962203
160322 323258
-508090 552890
816602 -609521
26825 -531106
591265 718086
441606 844560
-326027 603537
-486716 794252
321583 -785544
-855165 503222
581723 -47118
906678 -781058
939434 -499715
-289994 308808
969565 578083
589222 963398
225540 29290
-477303 -943734
621729 646280
-425689 -277540
806085 -105725
440959 679067
-807034 728782
803095 -810053
957611 -340571
-128342 222734
106218 190352
662012 -98463
545689 804057
-851474 -584425
-119145 -307794
-318048 65184
-750489 -743813
-698648 893327
-684765 -698743
433335 -838247
860326 523930
-586672 -975522
-587838 595342
784036 -763118
317076 -927798
-864341 945593
-367483 -417274
821728 -857905
865678 -525131
83894 -259215
-998049 -519873
-545478 527687
451039 247547
-350779 -484990
-645303 -399843
344177 751144
-687499 257884
831889 -212124
-120045 -518555
550938 -199933
-81862 811993
648305 -369531
-468441 972273
641216 -90607
607421 754605
423918 -767360
755772 -391200
-219543 419745
745632 -467890
-756571 -847022
85534 618000
141177 -460705
-122012 724572
594299 -64704
-190352 106269
-616281 944723
343381 -556588
21640 -952186
-878525 875292
392959 -842142
522582 621404
-153314 -165419
-705744 -410765
382083 569329
-893601 28196
-655117 523636
581999 881990
-690827 -655074
-470192 -263473
-745577 -737024
-788296 -397360
-699741 636750
-223389 -212621
148212 982527
838970 22948
918831 379309
-668668 -779629
592260 -494881
200417 750058
871100 763835
-842279 -325953
419217 17417
86518 -633998
-240648 438350
539934 -316647
484053 403904
66250 -863679
-344765 741990
521602 432376
-410275 -752669
290704 -420991
-49468 868026
-875227 461460
443189 546937
473285 42935
-951349 -490774
968695 505578
522357 -583001
848346 207928
950814 -300435
-384494 -582824
-796938 891552
204092 -451743
298092 979028
665676 278748
-129073 -387596
-385146 405606
749063 -216378
834032 56323
976259 -338778
-786642 255404
490677 877485
-947008 -254259
-77392 416261
-573229 831831
-132753 -297003
795040 -21442
-891183 -744577
601351 -247885
-634583 -654069
991681 -205456
197274 466752
798982 -355702
-495764 454026
-394208 524754
364986 903850
833776 451345
392702 955680
382951 -531585
27526 87148
220380 899052
885037 -431727
-615446 -662963
664607 579110
-795896 115949
312219 643868
508444 659744
-238113 -222989
643802 995623
-71371 -868785
-705157 -333812
-217328 922984
-203701 -437998
162857 -737156
192320 -391680
841710 306143
-786076 -939767
164589 -911188
931559 255237
442319 -612138
972308 20560
186928 -93881
657286 -439232
-73857 -50676
194965 -94901
830437 484422
47997 -63912
-339557 727319
-169564 -694141
-24842 970290
-612098 -724726
-181084 854080
278376 488938
804353 -57997
-274481 285911
10159 -521076
-958505 508558
-343723 582569
-590541 87988
152796 -408222
-133720 -173142
-711087 -640779
-907251 908592
-872362 339608
131241 754903
838102 914018
39923 547136
414556 367181
768728 441056
636866 -981015
-349360 -814459
-761915 220654
188748 -12630
30793 342022
-161972 -651871
963463 -2926
-486439 390543
493366 -583523
-160397 39995
317749 -782183
741646 178039
-550934 -415078
756388 -322447
-545327 641166
-993011 398676
-755574 585898
-270710 -495701
-710574 45972
-215643 -245583
-980638 -863306
201644 81579
647514 289777
-739109 -324924
126713 896142
-818269 -695910
222653 584272
672834 684228
222529 -248447
709059 -191642
313813 627052
99602 652346
-640291 532933
-131391 -791180
-121967 102958
-435128 -746673
388131 -588867
-961860 282089
-860553 635523
42607 -677494
873887 -298693
43550 777403
385400 -344257
-853180 348442
-730426 336766
369508 692165
-938269 -294036
-559748 -340984
355250 214873
-214938 573180
-132288 -957344
984318 -482864
981480 -551826
-173004 -118436
-350918 -370515
-618861 842916
968106 -913374
146712 -395852
150725 -151838
403320 314861
-666318 -816608
-465213 -614984
250763 180367
-112408 293576
272463 593840
579642 -312490
-696008 277385
-55596 -264569
438555 415059
376477 -945677
-586563 -103172
53424 129103
-320395 100417
-469101 222487
-221131 974862
906490 704757
484050 241294
-568406 -734745
404243 194077
986221 -140663
510757 -720605
-236879 -329940
154756 793643
641381 -984398
-366404 168178
495365 358920
969723 932001
-613324 -779300
442013 857227
-893148 -943392
861427 -469379
100710 568845
904403 63863
512288 -8397
-703951 -90138
-268592 -698275
401287 -875024
-788364 -47165
132439 -100254
6493 -74353
-905859 -367864
-401108 -42106
-657312 -488173
-557176 -868725
-468895 864676
-13461 -600264
-236587 -289464
459324 973027
-472989 587405
37286 837813
-257662 187330
936580 225928
-61224 974197
360450 -642614
174024 -992311
590800 514543
600419 953705
434674 920094
-780842 -336191
757265 -109651
-389387 208627
-243921 388665
209481 951982
341275 290937
859170 -241334
816054 167465
-931671 -88354
-467369 757348
770078 -804827
502327 858565
-754925 -164579
-122037 655292
975694 -28776
-104340 500471
934236 -14767
401904 81724
850353 -634329
-72382 -553413
4471 815327
-795681 -100235
-577435 -865018
-251476 183010
-395191 -244814
-863842 -69944
126199 -104068
-683817 -537246
-18656 661539
495836 -438146
-226144 273687
-990555 291229
-624979 822534
398990 54648
-754489 -17745
877323 514150
209724 178829
-897115 -48090
-251437 -949608
-164056 205829
-287750 -558691
4737 -632376
-500736 -48703
337542 742802
-828942 160872
-389801 646120
144642 18832
-103372 -606577
906155 288002
-255970 137854
-76295 849762
-881981 -621399
345374 -781626
-205327 705328
-569608 815866
-184947 -424455
961256 30993
-802884 502410
-344279 872317
755934 -847428
358446 117836
607077 -580861
-615479 555246
-934575 115189
526825 -502100
258818 546735
-202045 748261
75007 397209
122703 -953840
-772202 883295
441006 602365
776454 -480527
136968 833743
525711 623547
860417 664607
396775 -514480
972094 639853
922075 532488
152718 -664246
-653921 -161461
-65047 -25450
157015 114669
112258 92524
-215909 -350727
-452195 -397162
987898 643971
287487 -424937
895010 88894
-874406 -83053
-280265 560896
-531974 59274
971157 329643
-238501 870030
449306 344908
-341590 -28960
375788 -277860
-609946 338624
414289 194952
674387 -768201
256078 159020
810764 -595688
575291 44461
340978 -116404
975333 -731945
731575 -636293
398661 788816
857629 558012
162084 760817
212211 -129166
978184 917740
-181277 302101
472975 -671346
-773735 -754850
501216 -827098
-769031 -590252
-140935 854263
-314281 -255807
730661 -850412
841159 992607
804562 -387859
-435248 -500247
350255 -783037
986753 865268
-513794 -94415
-756155 794958
-369491 -377200
57469 -539681
-451419 351607
909105 -350923
848739 173248
944526 594832
369958 623391
-775942 65710
835654 -928839
955947 -193418
616424 975602
801592 25261
-133805 -679578
-600018 756602
787245 341670
-945382 75553
-643849 268923
652249 434782
379020 211021
-442208 -529990
493919 316317
-120645 -479925
578543 442598
-577045 21512
-502052 460614
-54292 605511
-9198 -104136
932204 -588935
139175 -908318
-26792 -769276
-747669 -293314
44437 -991133
821038 956864
-987283 -158720
-216928 -705456
-423509 -108753
-369172 284309
-1
