16 107
5 11
13 12
2 7
13 10
7 3
10 4
5 4
3 2
5 16
14 7
14 3
11 16
9 3
8 16
4 6
16 15
8 13
15 5
16 9
13 7
8 7
2 13
10 9
6 13
1 12
8 12
3 8
6 10
4 2
5 9
6 8
4 9
16 2
9 13
5 1
16 14
2 11
2 8
12 16
5 7
14 4
15 3
2 5
9 8
3 10
14 15
5 13
12 4
6 5
8 15
14 11
3 1
7 1
6 7
16 10
11 12
10 12
11 1
16 1
3 16
12 5
14 8
9 7
1 4
8 4
7 4
14 12
1 8
10 15
16 13
5 3
13 3
16 4
11 9
16 7
16 6
13 4
6 2
6 15
12 3
7 11
11 3
10 11
12 2
6 11
15 11
7 15
9 14
5 8
10 2
14 6
1 13
12 7
14 2
13 14
11 4
10 14
4 3
1 14
6 12
5 10
8 10
7 10
6 3
11 13
8 11
9 12
