19 133
10 6
14 4
5 18
19 8
2 5
12 3
4 3
11 17
2 4
9 19
16 18
10 4
7 15
19 4
9 6
17 5
12 19
2 13
8 16
6 4
14 6
3 15
1 8
18 11
2 6
18 3
7 17
13 18
19 17
5 15
18 19
5 11
10 8
13 7
10 2
9 13
11 8
7 14
8 13
11 14
1 13
4 16
2 15
3 16
1 18
18 4
17 4
7 2
5 19
7 4
4 13
3 8
18 9
3 11
4 8
6 13
19 1
12 6
5 10
6 15
17 16
7 18
17 10
6 8
17 13
9 1
11 16
3 6
5 9
15 19
8 9
17 8
2 12
4 9
1 16
5 3
13 12
1 10
4 11
13 5
16 6
15 4
18 6
17 6
5 7
8 7
2 19
3 17
18 17
1 7
1 11
2 9
3 10
11 6
3 1
10 15
2 3
18 15
5 1
10 19
7 3
12 7
13 15
10 14
1 6
1 12
15 1
15 8
2 1
5 16
1 4
13 19
9 3
14 19
11 2
16 19
16 9
12 18
6 19
2 14
2 18
5 12
9 7
13 3
18 14
18 10
7 6
16 7
10 9
16 13
1 17
14 9
1 14
