18 147
1 18
13 17
10 15
11 16
18 6
1 5
6 16
14 18
15 11
10 4
5 14
7 10
16 7
8 12
13 1
1 4
8 9
15 4
9 10
6 3
13 5
12 16
10 13
8 18
17 16
17 18
17 7
4 12
16 3
5 6
11 2
17 1
8 15
1 14
2 13
13 8
3 13
15 1
18 16
2 4
16 13
13 7
10 6
4 17
1 8
10 5
7 11
7 18
10 12
13 6
13 4
5 7
11 17
11 1
13 9
17 12
3 15
5 4
9 7
4 6
11 9
9 3
13 18
11 6
3 5
17 15
15 6
4 3
2 5
14 17
12 2
5 18
2 18
17 3
4 16
3 12
7 3
16 2
7 4
6 2
10 1
8 7
10 17
6 8
10 2
2 8
14 9
11 4
12 18
4 9
11 3
9 5
1 7
17 8
14 16
7 12
18 15
15 5
5 12
16 5
3 1
15 2
6 12
14 10
12 15
18 4
14 8
15 14
8 11
7 15
2 9
4 14
12 14
9 17
8 16
16 1
15 13
15 9
10 18
14 3
16 9
13 11
4 8
16 10
2 7
10 3
1 12
1 2
3 18
8 5
9 18
12 13
2 17
11 5
2 3
11 12
11 10
3 8
12 9
18 11
5 17
16 15
9 1
10 8
6 1
13 14
9 6
