19 165
8 9
11 14
13 10
16 6
14 2
18 16
9 4
3 11
19 11
5 7
14 15
14 19
17 1
16 11
19 4
10 1
8 6
15 17
14 6
15 9
4 14
3 14
16 13
18 13
9 12
15 4
19 9
1 19
19 15
16 2
14 17
10 17
13 14
1 4
8 2
10 9
19 7
13 12
3 9
6 11
18 14
4 13
16 4
19 6
11 12
14 7
2 18
5 18
6 10
17 5
2 5
7 13
15 13
9 1
18 12
15 1
19 18
10 15
5 19
10 12
4 12
10 18
13 11
6 1
7 8
1 5
16 9
2 4
12 7
14 10
3 4
6 17
3 6
15 16
19 2
15 2
8 10
13 17
9 14
14 16
15 7
13 2
18 8
7 9
8 3
14 12
17 9
12 15
16 7
16 3
15 6
16 12
8 5
18 7
19 8
7 17
3 2
17 3
16 5
5 11
19 12
13 1
17 8
3 7
5 3
2 12
10 3
1 3
5 15
11 8
17 12
8 16
10 4
3 19
6 2
18 4
12 5
14 5
18 3
11 9
1 18
19 17
16 10
13 9
7 4
6 7
14 8
16 17
11 7
4 17
13 6
2 9
13 19
17 11
4 8
10 19
8 1
11 10
3 15
16 19
1 7
15 8
6 4
11 18
2 17
13 3
15 11
10 7
16 1
5 10
13 8
12 3
9 6
17 18
9 18
5 9
1 12
4 5
4 11
5 13
12 8
6 5
18 6
12 6
18 15
