21 209
13 19
11 7
1 16
21 6
18 14
16 19
17 4
20 5
1 12
16 4
16 20
8 19
7 10
20 21
6 14
10 5
5 14
14 16
7 21
21 17
11 8
20 15
12 7
9 8
13 16
6 4
2 15
5 16
18 17
3 15
20 8
8 3
8 14
3 19
1 8
6 20
14 4
15 8
19 14
18 6
5 21
21 9
5 7
7 8
12 21
17 11
13 5
18 10
6 13
1 9
4 20
5 6
7 18
18 8
20 13
19 9
5 18
14 17
4 3
15 14
13 14
11 12
8 6
5 17
18 21
19 6
18 11
15 16
12 4
18 16
21 13
1 15
2 21
12 16
14 1
19 17
3 5
15 17
1 10
3 6
2 4
7 6
10 13
5 12
4 7
17 7
1 13
19 11
16 11
13 2
10 9
9 4
6 17
2 10
21 10
1 11
21 19
12 14
3 11
12 18
3 20
13 7
12 3
19 10
20 14
21 8
3 17
21 16
19 15
15 7
6 2
9 7
9 6
1 6
19 5
15 9
13 11
8 5
11 20
7 16
18 2
16 3
8 17
2 16
15 10
1 20
3 18
10 20
1 2
8 2
10 3
10 14
19 20
7 14
17 1
13 15
19 7
13 4
15 5
3 13
21 15
18 4
1 4
12 9
11 15
16 10
9 3
11 10
16 9
4 19
12 19
14 2
17 13
21 1
19 2
11 21
6 10
2 12
6 16
8 4
8 13
9 2
4 21
11 14
4 11
18 19
10 8
21 3
13 18
12 15
6 15
18 1
17 12
10 12
3 1
8 12
5 9
12 13
9 11
12 6
5 1
20 18
21 14
5 2
4 5
17 16
20 12
2 7
14 3
17 10
5 11
9 20
6 11
7 1
20 7
19 1
11 2
3 2
2 20
4 15
17 9
9 13
18 15
7 3
9 14
17 20
10 4
16 8
2 17
