20 171
3 14
7 18
13 4
1 19
20 15
14 20
5 1
5 7
9 14
1 7
7 19
3 1
9 16
4 20
18 3
15 18
4 2
14 8
7 11
8 12
2 14
10 17
4 15
18 2
11 2
4 11
9 20
6 1
12 11
5 19
20 6
18 10
11 5
12 20
15 5
7 3
1 2
14 5
9 2
19 14
11 19
6 3
9 3
13 10
1 14
13 1
8 4
6 15
16 20
6 12
2 10
3 2
5 13
8 15
7 20
6 17
20 3
3 17
9 13
7 2
13 7
5 18
17 14
4 19
19 2
7 6
9 17
10 8
6 13
20 8
10 6
16 12
13 11
3 16
5 10
8 3
6 4
8 6
16 1
17 8
16 4
20 17
4 12
8 19
18 12
7 15
8 1
2 17
1 17
14 15
9 18
19 15
12 13
5 4
16 2
3 12
15 11
14 7
16 14
2 13
10 14
9 19
4 10
19 20
9 11
15 16
17 13
13 3
9 7
18 8
10 20
10 16
11 14
19 18
20 1
14 13
15 13
7 8
15 9
9 6
19 16
10 12
14 6
11 16
4 1
4 7
1 10
7 16
9 8
9 1
18 1
4 3
11 17
5 20
13 20
9 10
19 10
18 20
2 12
14 4
4 9
19 6
18 16
18 11
2 5
5 6
13 8
1 12
20 2
15 10
5 3
7 10
18 6
19 3
8 11
8 2
1 15
12 7
15 12
2 15
16 8
12 9
5 12
4 18
10 3
15 17
2 6
12 19
13 18
13 16
18 17
