20 97
19 10
2 8
2 4
16 11
16 9
7 4
20 8
4 15
6 19
15 16
2 15
4 13
11 20
15 9
9 1
6 10
13 6
10 20
12 3
7 2
15 19
2 19
13 3
15 11
7 19
11 19
2 13
1 12
15 7
17 2
18 4
5 15
10 9
14 11
5 10
14 4
10 15
17 19
11 17
14 15
1 6
19 5
14 18
5 1
6 4
10 8
1 13
4 17
1 14
13 12
11 8
8 1
14 7
11 6
16 18
11 12
12 18
16 5
12 6
14 6
8 17
8 15
3 15
3 5
8 14
17 7
6 16
1 11
18 7
3 11
10 11
12 15
12 17
11 7
10 12
20 15
10 14
6 8
9 5
15 17
8 16
3 1
13 10
16 2
9 12
12 2
1 16
7 12
13 11
11 4
1 15
12 5
10 4
10 1
5 6
17 9
16 10
