20 120
14 3
19 4
10 11
6 7
7 17
4 16
3 17
20 18
17 4
9 13
19 18
17 6
6 12
1 16
6 11
16 12
19 20
3 4
11 13
20 5
6 2
11 1
14 4
15 17
20 7
19 7
10 3
18 8
11 17
16 2
8 7
9 1
3 16
3 9
2 20
3 2
2 17
7 15
14 15
11 9
17 19
10 1
8 12
6 9
20 10
14 11
11 2
7 2
13 19
1 3
6 8
10 19
15 13
14 19
12 9
19 8
3 8
19 3
7 4
11 3
9 7
11 15
4 1
6 1
13 8
2 4
7 1
6 3
13 1
19 1
18 3
20 6
12 2
7 13
1 8
1 5
8 9
20 11
20 3
5 16
5 6
19 6
10 17
15 2
11 5
18 2
18 1
1 12
5 3
3 12
17 13
17 9
1 2
6 4
1 15
4 13
13 6
11 4
1 17
10 4
12 4
20 13
4 20
1 20
17 8
5 18
10 15
10 8
12 15
9 5
20 17
8 16
12 5
9 14
19 15
20 9
7 3
10 7
11 19
18 4
