21 153
9 11
6 11
14 16
16 9
17 4
3 6
1 5
1 6
12 9
16 6
21 18
16 7
3 7
5 19
13 2
20 17
13 5
12 21
8 18
18 9
12 17
4 2
21 10
13 12
2 8
6 5
6 19
20 13
15 14
15 20
16 15
19 12
1 2
9 19
14 9
7 15
1 11
21 16
1 4
10 13
20 9
2 19
2 9
16 13
11 8
9 10
7 6
15 2
13 11
15 17
15 21
10 1
17 10
4 18
19 17
6 8
11 12
9 1
18 11
20 21
19 13
1 14
5 9
13 18
16 10
11 20
1 13
12 6
2 17
3 20
14 19
1 18
19 3
6 17
17 9
16 17
2 16
19 11
13 3
7 1
17 18
15 3
21 8
7 12
21 7
15 8
12 5
10 8
17 8
19 15
8 16
2 20
4 9
19 8
17 13
2 11
19 7
20 8
1 21
14 18
20 1
12 10
16 18
16 5
19 4
1 12
6 20
2 6
21 6
9 3
18 6
11 16
13 4
19 21
20 16
21 4
5 7
3 1
15 12
12 2
10 20
19 10
8 13
11 5
13 9
18 12
19 16
1 8
1 15
6 15
5 2
21 13
14 10
19 1
1 16
17 1
16 4
2 14
8 9
18 7
21 9
4 6
15 11
9 15
5 14
4 12
7 9
18 19
19 20
2 21
7 17
7 2
7 10
