21 100
3 18
17 12
11 10
21 20
12 11
7 20
8 21
18 5
9 16
12 10
7 1
18 21
20 1
10 4
7 15
16 15
13 4
3 21
12 3
6 10
13 3
18 20
12 2
14 3
3 6
10 14
21 5
3 9
2 15
5 4
11 20
10 5
18 1
15 5
18 10
10 3
15 14
12 8
5 16
3 8
1 16
9 4
14 20
17 9
19 15
1 2
20 6
8 10
10 16
10 21
19 1
7 5
18 19
7 2
5 17
5 3
11 15
20 3
6 1
11 3
20 5
19 5
1 14
10 20
18 12
13 14
8 15
18 11
19 7
19 20
9 14
9 12
1 3
3 19
1 8
8 6
2 8
9 1
17 10
7 18
16 2
3 17
7 12
1 5
14 6
18 13
5 2
1 13
14 18
6 11
8 11
17 19
9 10
17 18
15 12
5 12
19 14
15 20
5 14
5 8
