21 192
4 13
16 19
16 2
1 11
6 15
11 21
3 1
20 14
21 6
11 18
21 16
19 17
8 16
18 1
4 20
7 14
7 11
18 12
2 5
9 10
16 14
11 4
21 12
12 10
14 18
5 6
9 15
7 8
20 3
19 11
10 8
21 14
7 1
2 9
5 9
15 8
16 13
5 11
12 17
13 3
4 15
5 19
19 14
3 21
10 6
14 2
12 13
16 4
21 9
11 16
13 7
8 18
5 16
6 17
14 15
2 20
15 2
4 12
15 11
5 12
5 20
17 10
17 14
4 18
1 12
6 2
15 16
11 20
9 3
18 17
9 11
12 19
15 5
7 18
18 9
5 21
10 15
16 18
17 13
6 20
3 16
17 15
6 13
3 7
6 9
15 19
4 7
13 18
1 10
8 17
19 4
8 14
4 21
19 18
17 4
17 9
9 16
1 20
4 10
6 14
6 1
14 4
17 16
20 12
8 11
1 17
8 12
5 4
2 18
17 3
15 12
20 18
13 15
14 11
19 6
9 1
14 3
8 13
20 16
7 12
2 7
1 19
15 18
10 2
20 9
21 10
10 13
2 21
11 3
21 1
13 9
1 14
16 12
16 10
13 14
12 14
13 21
7 19
19 20
3 2
16 7
21 19
12 11
10 5
12 2
20 15
13 5
14 10
4 8
11 2
11 13
8 3
15 3
13 19
14 5
2 13
3 19
19 10
4 3
8 1
7 10
11 6
5 3
1 15
5 1
7 21
21 18
4 2
11 17
17 21
9 7
20 13
10 3
16 1
17 7
9 19
2 1
9 4
11 10
3 18
21 8
1 4
9 14
18 10
21 15
20 17
5 18
2 8
2 17
7 5
6 4
1 13
