100 100
4 66
49 78
70 91
42 14
85 25
99 91
33 58
1 88
84 9
13 37
72 56
94 75
79 7
82 38
92 79
85 96
96 85
25 66
75 19
31 59
43 30
49 75
87 2
62 23
10 27
11 33
82 4
8 60
62 41
50 54
19 86
1 67
70 25
32 44
95 14
54 38
43 54
64 82
55 78
56 17
4 66
49 85
21 8
96 82
49 45
87 67
82 39
85 51
16 16
46 10
82 99
99 76
53 63
57 59
40 64
75 43
29 76
79 1
83 74
83 31
71 21
50 52
60 34
55 75
2 100
36 83
51 35
58 55
97 67
13 88
30 40
82 11
67 60
11 49
85 45
32 7
66 81
11 77
66 65
3 67
16 38
1 18
24 59
72 72
77 37
59 6
28 40
68 94
51 31
94 88
75 25
94 92
57 4
68 23
20 22
41 88
12 42
5 35
52 77
7 80
