100 100
50 49
38 49
78 36
25 96
10 67
78 58
98 8
53 1
4 7
29 6
59 93
74 3
67 47
12 85
84 40
81 85
89 70
33 66
6 9
13 67
75 42
24 73
49 28
25 5
86 53
10 44
45 35
47 11
81 10
47 16
49 79
52 89
100 36
6 57
96 18
23 71
11 99
95 12
78 19
16 64
23 77
7 19
11 5
81 43
14 27
11 63
57 62
3 56
50 9
13 45
78 87
67 89
85 61
100 63
31 67
78 5
43 84
23 53
89 55
47 54
33 57
68 89
71 71
45 20
79 9
16 56
95 83
44 32
95 95
46 78
61 23
82 55
6 57
59 46
11 6
52 44
14 19
84 84
89 28
55 19
88 71
75 83
53 70
66 47
17 11
24 77
33 58
84 90
14 42
88 76
47 39
71 61
57 55
96 98
82 3
16 22
73 42
56 77
64 21
75 80
