100 1000
399 326
811 452
683 315
631 211
54 305
965 938
1000 619
835 955
298 50
848 839
364 22
379 263
180 563
230 55
120 653
102 519
978 265
322 12
579 952
223 984
257 539
921 256
158 107
562 807
156 409
997 871
783 375
486 962
289 715
368 409
719 470
279 48
86 600
411 664
904 985
999 512
524 919
119 33
25 680
839 533
441 188
755 223
562 240
536 203
306 903
963 376
724 241
423 809
192 834
824 447
818 822
958 693
740 76
725 117
108 916
1 548
103 755
770 16
347 305
218 652
559 532
380 283
124 802
91 316
987 915
114 157
736 72
849 828
499 574
296 606
841 648
153 943
402 274
310 100
578 880
104 489
411 483
771 535
284 213
202 623
127 315
779 215
738 627
394 237
552 41
842 392
688 347
686 441
620 996
541 550
875 644
38 637
126 808
171 761
20 724
383 499
391 513
65 128
140 458
716 43
