100
399 71 41
-627 91 30
470 88 71
-457 13 99
-659 8 3
-696 47 95
-771 18 85
574 40 38
486 53 23
-391 65 63
614 93 20
-304 81 96
-271 79 82
-247 68 11
-244 57 61
917 39 38
-137 16 60
39 64 89
427 33 6
-507 38 14
-333 6 20
553 1 20
13 30 13
433 41 43
489 32 12
-284 31 94
-875 78 57
48 75 36
755 60 84
186 8 50
-374 20 23
-114 91 58
995 30 48
260 40 21
981 3 73
739 4 65
-571 64 72
-272 8 64
-515 64 49
977 83 30
324 63 39
173 89 51
402 64 96
-928 26 67
-560 6 100
-395 55 35
-87 90 99
-675 6 72
909 88 43
27 90 13
-665 29 91
-127 56 23
367 99 68
133 20 18
689 76 60
478 69 85
803 30 83
971 75 55
66 18 75
-209 15 21
-175 63 96
-927 85 19
173 60 25
784 37 89
-319 54 21
418 21 69
-251 45 62
700 71 42
-294 41 97
366 20 86
762 13 42
-409 18 61
530 13 36
134 8 95
630 98 46
-533 6 76
-798 31 95
965 44 47
201 71 50
-617 50 26
472 19 81
881 100 36
-319 28 34
-619 38 27
-621 73 22
371 14 87
-771 78 38
795 52 91
-582 17 92
547 3 89
-205 59 94
436 44 28
557 66 4
-808 15 3
-913 37 70
16 5 49
448 73 66
-401 99 81
686 36 46
-134 49 68
