80
-516 5 89
-687 98 33
429 56 7
838 79 64
714 11 29
-587 44 97
-811 71 94
-587 78 87
-771 21 51
360 49 96
-907 85 40
119 12 74
769 88 58
974 69 19
-842 15 99
870 2 17
83 43 50
926 11 48
-656 73 86
362 88 100
-60 18 30
-1000 44 52
-38 40 85
807 36 60
556 80 8
-358 93 67
596 97 99
85 42 70
924 94 35
765 26 34
995 27 19
-273 44 79
-295 50 15
-123 7 14
-68 49 51
558 72 74
-699 77 99
-663 81 57
627 50 36
118 33 38
191 40 21
720 8 78
453 73 17
482 38 8
205 99 100
-867 73 28
564 71 28
-980 15 48
887 48 30
653 79 53
-45 84 53
-784 1 66
567 91 81
351 74 79
-862 29 69
834 1 19
432 35 87
-509 31 64
379 35 55
-212 24 88
-323 8 64
-826 61 47
781 100 72
-531 22 46
955 85 63
876 11 26
-392 20 16
479 60 3
215 52 24
-528 66 37
-791 68 24
728 42 8
-644 91 37
-983 98 60
-424 70 78
20 74 32
407 50 54
-643 41 5
624 80 8
800 73 13
