70
330 58 75
217 36 17
-153 39 76
-204 56 71
153 46 100
390 86 88
362 8 54
-222 47 43
-406 79 35
279 44 71
-473 63 11
205 51 41
-157 65 11
-347 28 85
465 58 10
171 72 65
36 23 42
-250 92 9
-42 90 30
-475 98 37
432 14 45
-408 18 29
-334 66 16
50 79 66
-142 1 79
-185 9 88
-61 34 51
-227 50 61
274 2 22
273 75 81
181 37 80
176 19 77
-223 6 69
-25 42 5
-385 41 100
-22 13 14
-87 68 35
414 19 27
-306 42 56
39 7 94
81 62 33
62 56 50
401 32 13
295 10 40
-201 8 15
-63 25 99
469 56 37
113 30 2
407 30 47
415 70 81
-487 40 85
-336 31 76
268 84 13
-375 3 29
485 34 12
-147 79 58
-476 81 53
-372 84 2
159 67 34
350 49 89
217 76 51
328 71 28
350 80 48
311 12 42
302 33 58
-391 35 79
-117 73 76
496 93 26
-258 8 35
-187 30 7
