60
353 56 52
-270 70 82
-430 30 57
488 91 39
-352 94 100
485 100 94
-242 75 7
212 16 80
-494 4 18
424 29 46
314 78 73
476 12 16
-442 1 20
429 33 31
-373 34 79
131 65 2
-319 73 94
61 81 61
428 87 19
-143 53 46
-170 19 1
-482 94 51
307 91 89
212 41 66
-381 85 66
-496 99 64
15 22 28
-143 99 99
-95 89 12
-465 57 63
472 20 39
-326 99 36
491 17 13
-105 41 97
-209 52 63
255 73 89
443 18 50
483 47 22
376 66 35
-230 61 51
-255 12 68
-170 13 84
-356 45 66
-243 99 27
172 69 91
-202 49 67
42 6 40
431 46 40
-35 39 9
-379 55 78
-168 51 60
-240 89 77
0 44 79
-174 69 66
-146 27 20
250 34 19
150 97 81
-184 9 37
276 93 18
-391 7 50
