70
-493 2 66
594 32 30
-80 79 20
529 15 65
441 91 96
-492 26 3
816 39 47
-922 47 25
-859 45 34
-495 2 39
-120 68 34
-611 73 80
-517 23 36
749 75 66
319 91 1
830 95 54
960 93 1
-763 100 99
-187 2 75
695 43 40
338 91 87
926 52 74
603 65 90
202 30 28
316 64 95
330 83 11
672 85 75
169 91 8
-213 49 92
-741 76 17
286 9 78
-544 92 39
-581 61 26
797 74 6
-124 60 81
-397 1 49
-170 95 13
-594 9 84
-460 75 46
-151 87 96
622 59 56
-512 97 11
-304 17 69
-56 58 27
-423 60 76
994 29 96
-862 21 62
339 31 18
445 58 61
859 64 18
-726 95 60
-687 27 35
300 83 47
552 40 15
507 91 77
-770 56 48
-942 83 47
-89 55 30
-504 61 38
-953 82 49
285 89 75
612 63 3
-405 36 14
-462 13 99
-276 54 83
-77 69 63
-330 18 8
75 46 81
-533 57 86
686 33 84
