90
286 17 22
-188 40 22
-295 84 64
-722 100 20
-740 34 41
-943 79 38
-960 42 1
-745 55 57
939 36 41
-397 75 13
-669 44 82
-357 72 21
-977 28 15
461 76 85
993 12 30
245 29 55
658 67 86
-398 36 48
59 73 44
-661 23 88
-673 77 45
-587 80 49
-448 9 89
419 52 87
-640 41 74
130 12 47
-612 78 56
-650 21 77
-219 1 90
653 98 40
755 81 92
-39 62 66
69 58 86
58 73 55
-758 37 93
-233 42 43
169 94 70
-323 94 73
-875 39 10
-749 68 41
870 26 4
436 75 57
-905 18 74
-707 31 3
-965 49 71
-206 95 75
119 32 73
499 35 8
-965 44 93
973 81 75
-720 58 72
-374 36 72
-500 88 10
811 24 45
587 5 39
861 31 23
-528 45 34
-296 63 71
-625 78 18
694 93 26
499 84 34
-485 1 33
-887 96 50
-805 11 81
-650 28 38
282 43 49
792 20 70
155 84 53
955 45 73
-373 29 56
-724 12 98
-791 94 88
898 26 56
-323 54 36
735 79 75
521 43 13
-654 60 100
-138 63 90
-429 32 64
568 25 92
986 2 99
431 78 78
974 77 63
-703 49 54
-998 41 6
845 48 25
-365 30 11
-226 92 53
125 35 37
-63 60 86
