50
376 21 29
11 4 79
61 53 69
179 27 40
143 73 68
-419 82 99
385 42 92
-123 16 85
186 28 2
-200 14 88
101 60 66
-21 6 22
-495 36 30
-28 38 78
-212 9 81
92 26 71
-443 55 13
373 37 80
-103 17 8
190 75 86
229 92 58
444 1 73
-52 16 62
-393 3 35
379 1 21
192 21 8
91 9 4
-59 80 37
-232 44 69
30 8 45
-237 35 65
403 48 95
206 29 25
-186 8 89
-265 63 26
-468 34 64
-28 36 96
-217 74 49
289 59 45
268 83 9
176 63 3
-402 1 86
-113 89 18
220 20 46
-224 98 68
-342 5 35
-384 23 74
-250 62 11
-478 49 40
-173 7 44
