100
-776 48 51
385 67 84
-763 6 8
-325 69 55
382 11 83
-956 97 41
707 88 9
850 16 13
876 61 96
-771 76 22
-361 67 22
-277 3 17
-534 54 49
-985 80 24
753 30 60
253 27 46
82 90 47
257 78 77
379 95 53
802 28 11
221 70 91
123 45 39
244 24 58
-561 20 70
-179 77 65
893 40 86
-7 47 24
166 2 81
-757 55 97
-664 63 5
677 90 54
-151 90 72
-158 81 95
129 6 85
-533 70 47
225 35 42
59 99 90
137 49 43
-335 77 34
-160 41 91
667 32 24
657 12 32
288 22 73
578 40 49
-357 84 48
126 69 50
810 68 79
122 9 70
-154 26 68
-215 77 32
747 14 84
380 17 98
-200 55 62
794 68 89
-492 46 71
902 55 50
-299 57 58
-395 32 98
-589 88 54
-44 41 52
-744 53 77
852 27 62
-681 92 44
579 17 8
-386 67 79
102 78 30
227 74 76
-27 48 71
-302 39 8
-264 49 20
-495 46 48
166 96 98
-38 56 92
-638 1 59
-422 7 81
941 19 90
514 51 42
517 18 59
-253 56 93
790 28 94
-168 44 22
-510 94 31
650 70 85
-961 49 80
568 23 46
-98 64 34
-590 35 1
305 64 59
681 24 70
-380 24 74
-389 63 41
881 58 17
823 64 94
-661 86 30
917 4 77
679 5 25
-829 18 37
953 13 29
167 19 99
926 89 63
