1000
16 292
93 217
25 210
53 228
23 227
8 168
5 281
19 199
50 280
99 157
93 246
45 289
99 231
22 274
47 215
20 141
15 151
94 4
97 164
77 62
60 178
56 112
84 142
92 260
75 170
83 295
58 37
58 253
39 245
73 287
96 216
40 96
96 91
87 29
97 81
69 213
38 95
17 45
29 34
96 283
23 249
27 61
11 89
8 64
85 170
46 206
84 264
2 273
33 263
31 61
85 158
34 32
69 262
23 119
48 49
83 103
71 124
90 54
36 150
50 136
31 162
84 201
25 156
95 88
69 195
19 100
33 89
48 158
64 271
63 158
98 247
8 178
25 76
89 109
65 60
85 299
38 284
92 282
52 175
14 68
44 59
27 118
97 133
30 148
1 127
21 286
17 277
39 82
91 167
31 199
10 160
48 38
35 248
26 59
78 137
28 270
62 140
90 86
81 206
5 14
23 13
96 66
59 218
49 176
7 71
49 268
67 145
52 125
12 274
37 45
97 19
80 130
63 233
100 17
42 221
72 20
7 158
53 31
94 78
50 76
79 8
94 260
81 144
85 247
63 230
97 191
55 160
87 140
83 179
78 59
78 153
4 149
91 165
43 249
8 258
97 250
41 36
15 90
46 211
38 86
43 261
71 219
78 256
9 144
26 229
28 128
42 3
81 106
84 186
75 160
35 157
19 286
99 233
47 111
71 196
80 36
75 91
47 283
8 272
41 73
93 147
17 276
3 269
58 148
22 117
16 104
93 263
16 91
52 118
83 280
81 11
50 282
49 86
36 212
4 195
24 112
50 41
66 63
75 209
95 17
13 131
91 160
81 132
31 126
32 20
75 183
50 26
33 292
52 292
43 134
74 241
69 233
30 64
55 44
24 111
29 9
26 279
80 110
47 177
48 39
7 282
30 252
68 243
17 58
68 100
59 217
37 23
65 224
34 247
87 284
96 121
4 210
95 125
22 236
55 42
56 30
41 24
81 117
74 126
97 287
85 147
37 28
67 47
39 97
24 298
22 151
57 17
67 286
90 110
45 127
49 197
55 19
30 142
83 112
19 197
77 45
19 144
48 241
19 84
24 48
98 174
13 77
50 102
79 63
77 253
39 175
93 240
16 245
38 117
17 207
9 174
70 78
86 51
93 230
93 127
32 292
82 38
68 70
3 77
36 147
90 18
77 103
31 266
84 137
93 32
87 244
95 136
28 255
70 36
60 176
78 102
10 234
74 166
86 137
92 33
77 34
60 182
62 113
87 163
46 139
87 124
20 163
13 228
74 299
52 284
64 259
4 228
15 198
65 183
24 191
76 262
14 74
83 296
20 267
73 48
95 183
48 167
100 82
43 17
9 120
42 218
6 30
56 217
78 24
47 151
61 280
98 45
68 34
22 160
63 138
9 264
67 125
69 52
72 47
21 199
40 244
89 42
81 79
98 214
36 7
12 153
2 288
11 60
99 69
7 218
68 198
40 20
1 100
4 76
68 80
91 102
16 252
38 141
42 228
47 222
36 233
83 174
11 3
24 17
42 288
97 291
31 154
16 114
81 170
79 189
11 35
53 47
89 180
63 274
96 274
97 105
95 68
18 84
71 248
57 180
6 83
88 78
71 56
11 144
29 277
80 110
18 205
52 281
90 16
10 245
44 13
62 24
8 33
37 94
26 253
46 248
38 38
68 224
69 18
11 234
42 222
97 243
24 253
82 80
88 300
17 39
42 44
100 298
8 272
26 297
9 280
79 177
63 184
65 284
56 157
54 134
91 220
48 232
26 77
20 53
58 91
94 51
5 41
93 179
3 76
38 23
12 62
57 151
45 110
100 226
97 97
86 58
54 113
87 270
12 279
27 95
52 39
12 285
69 274
95 144
40 231
25 258
50 271
30 187
19 189
63 294
3 62
45 50
83 223
97 293
89 264
9 3
96 142
42 162
32 88
16 64
76 67
71 190
28 78
64 24
65 115
7 13
19 247
46 176
3 227
62 211
25 240
92 31
20 121
58 277
11 95
15 107
74 41
61 290
74 60
73 134
36 232
21 218
9 249
21 270
81 189
30 254
14 19
46 65
96 247
59 2
85 279
28 2
71 125
73 270
10 166
23 182
92 210
55 221
60 5
14 91
59 261
17 257
69 81
97 284
73 282
17 157
51 91
11 72
42 79
57 158
79 274
93 291
64 199
63 47
84 49
56 92
82 179
3 101
97 277
12 293
71 4
64 107
4 89
36 201
76 50
59 259
83 72
10 253
61 73
27 199
87 57
62 188
41 66
68 213
27 160
46 263
81 46
100 91
90 63
87 269
61 208
57 252
15 82
88 280
31 90
29 257
95 7
21 291
97 231
88 97
14 222
1 254
75 160
26 66
49 10
68 85
100 167
30 133
54 262
18 185
29 162
20 282
56 77
78 105
21 238
75 269
36 55
60 227
95 118
36 127
11 294
27 284
29 136
53 38
77 42
76 7
51 155
43 241
83 284
25 231
55 203
5 90
61 191
91 233
23 243
63 250
61 282
32 163
65 274
36 52
79 252
86 111
66 88
48 118
71 16
70 64
83 262
55 299
15 193
10 20
15 185
35 223
14 148
100 48
96 95
54 70
49 293
56 160
54 96
46 174
13 229
70 224
66 270
95 112
47 35
13 96
4 170
13 179
67 266
25 225
82 261
47 265
30 136
74 210
98 240
81 43
21 147
27 32
68 37
35 126
31 219
48 134
93 119
91 61
15 45
56 210
93 94
19 252
27 191
45 245
55 164
61 280
66 1
98 99
60 289
77 12
99 22
12 197
63 136
95 225
40 201
22 45
40 296
78 127
100 32
55 246
60 132
30 74
9 257
88 65
91 275
95 290
39 123
47 113
98 44
16 172
82 250
34 236
5 227
24 166
96 108
41 52
18 59
28 135
1 149
80 99
48 299
91 189
30 140
82 171
25 221
45 45
6 279
83 83
13 33
29 186
24 103
88 100
8 86
95 178
55 182
41 132
92 112
67 16
72 287
26 218
13 229
4 100
100 145
47 244
95 109
62 18
83 69
62 152
56 34
4 31
34 299
25 188
58 223
90 123
30 221
69 235
1 21
16 173
7 276
85 177
91 174
21 3
62 97
12 134
83 81
25 71
31 78
95 288
23 261
28 75
52 34
89 224
6 265
33 77
100 132
100 165
47 65
39 59
72 213
39 101
31 155
63 213
94 265
99 11
3 172
81 146
13 186
4 23
84 285
11 267
2 249
86 53
16 6
85 152
86 179
90 66
72 274
19 21
94 13
68 269
21 156
77 291
46 277
88 91
30 256
98 180
66 195
78 116
61 241
85 126
96 128
24 172
25 240
95 236
60 42
16 62
9 67
16 107
38 138
64 121
48 8
14 263
32 41
32 286
80 65
5 31
53 96
91 123
15 43
25 45
11 144
70 227
73 211
26 4
38 174
64 264
83 123
43 108
99 132
16 27
17 63
39 169
66 254
50 220
70 57
8 44
92 110
43 55
23 250
3 37
49 25
43 164
55 238
97 183
23 144
50 232
21 171
17 216
34 12
77 22
64 78
7 178
38 74
57 35
47 94
39 238
100 203
35 266
87 172
28 5
49 93
67 152
16 45
30 26
82 248
32 217
44 156
56 230
6 166
89 118
6 44
94 152
75 20
55 204
80 203
12 265
49 130
49 168
65 261
70 101
21 43
87 57
96 58
50 68
79 123
31 212
99 51
29 34
17 259
71 77
73 25
66 268
82 245
29 54
41 147
97 84
92 249
2 87
13 239
17 1
30 253
55 193
35 89
30 117
59 206
63 274
15 119
96 96
69 260
55 116
87 86
99 264
54 54
81 178
62 140
17 283
23 264
18 262
98 216
91 47
56 151
96 53
94 153
84 111
49 272
24 218
56 47
100 276
60 281
12 267
88 189
78 249
45 135
22 14
75 77
98 146
93 19
12 261
5 115
68 49
91 9
46 219
76 86
88 32
22 24
99 149
70 2
24 8
73 215
89 105
31 4
73 217
5 5
76 174
84 13
26 28
51 139
51 207
78 75
15 156
3 281
27 148
1 142
79 250
78 224
53 288
1 49
2 205
89 143
97 265
9 38
97 10
76 33
50 266
6 178
37 117
64 253
66 148
8 34
35 42
85 182
68 10
66 147
39 1
64 67
1 33
61 8
20 202
71 264
98 272
5 6
2 26
84 107
98 166
65 283
81 64
9 149
97 79
9 160
99 209
75 82
29 38
35 153
1 53
31 109
73 166
35 65
62 12
4 53
89 9
49 215
35 237
27 252
60 100
91 62
34 74
22 96
74 237
61 194
11 226
40 13
98 280
55 5
2 273
51 65
57 13
78 242
18 264
35 157
84 67
12 286
92 123
28 221
7 281
11 170
86 229
80 195
45 176
38 235
68 127
14 24
28 143
80 34
19 125
56 262
19 43
11 180
89 124
78 37
15 282
66 75
26 215
13 38
70 112
60 146
42 66
37 178
20 193
86 41
20 145
3 108
28 245
37 215
1000
37 20:49
75 19:49
72 17:59
46 20:21
35 17:12
99 22:35
77 20:27
72 19:08
70 15:42
19 17:00
24 22:05
73 23:12
39 22:30
43 15:35
55 20:40
77 16:32
16 20:49
84 18:42
29 22:49
78 20:44
77 14:02
19 14:15
50 14:10
66 23:24
30 19:56
88 23:03
20 22:29
88 15:41
90 15:29
5 17:08
60 15:32
96 21:20
70 22:57
93 16:03
22 14:52
98 17:12
20 17:25
81 17:45
25 23:21
43 18:54
1 18:27
58 18:47
68 17:09
52 15:45
91 22:38
40 15:58
56 18:33
61 23:46
11 20:53
13 21:05
3 17:46
16 17:59
92 14:39
44 23:25
54 16:45
43 16:17
58 23:03
70 16:27
7 16:27
29 14:26
21 18:52
57 21:54
29 22:42
49 23:43
15 20:27
76 17:58
3 16:50
13 19:45
26 15:15
33 17:38
69 18:41
45 21:41
79 23:41
87 20:16
99 17:42
22 21:07
92 18:20
87 16:42
92 19:45
80 23:35
91 15:43
79 20:56
73 20:14
48 20:36
48 20:59
55 14:35
86 15:17
38 20:50
71 15:30
31 22:16
16 15:46
8 16:37
84 20:25
87 15:13
97 14:13
45 18:17
77 17:01
2 15:07
10 17:44
83 15:11
55 18:51
47 21:35
2 22:26
49 16:43
6 19:57
46 17:40
12 18:19
70 18:20
73 16:43
5 23:06
21 19:17
40 17:05
15 22:50
20 21:37
27 23:46
90 19:33
40 18:01
100 23:50
31 20:43
83 18:57
92 19:36
69 20:35
92 14:43
69 18:02
3 19:55
76 22:08
14 22:52
74 15:52
75 16:53
98 16:31
20 22:37
82 15:16
62 19:55
99 16:39
67 22:21
15 22:38
65 16:21
92 23:02
12 20:04
36 17:02
50 20:12
97 22:59
82 15:39
27 14:51
31 19:09
23 21:52
69 20:13
79 19:18
12 14:10
15 22:02
56 19:24
62 20:10
97 14:14
66 23:06
72 21:09
12 22:06
86 20:40
19 14:16
75 19:54
18 16:46
17 23:43
40 14:42
99 21:14
72 14:12
48 19:35
13 19:13
24 21:30
48 17:35
56 15:31
64 16:43
93 20:30
76 17:23
87 18:54
51 14:40
31 20:49
76 16:53
3 15:07
21 23:54
52 16:05
98 17:52
25 17:18
49 15:18
14 18:11
40 19:20
47 21:42
85 19:55
5 19:23
49 17:37
57 22:27
29 23:43
97 21:07
37 14:47
56 18:54
25 21:34
22 19:47
28 23:46
98 16:34
66 16:19
17 23:32
75 21:18
32 19:31
18 19:35
94 17:45
27 21:57
1 19:20
39 17:01
41 23:20
44 23:43
44 18:48
68 17:35
15 20:13
47 16:45
57 18:50
69 20:19
7 14:31
32 21:52
48 20:52
10 15:43
90 17:14
45 15:00
89 21:33
100 22:04
42 14:43
77 17:14
31 19:00
60 20:50
53 20:58
11 18:13
85 14:56
49 14:20
39 15:36
100 21:56
92 23:58
62 19:03
75 22:17
80 16:51
22 14:33
82 18:23
66 18:10
29 22:27
17 20:39
98 15:08
10 16:11
15 16:54
70 23:42
91 17:21
85 21:10
6 16:45
94 21:07
70 17:35
44 19:01
47 20:05
5 14:47
14 17:23
92 22:26
32 20:54
30 21:16
41 20:20
4 23:56
95 22:15
60 23:24
71 20:17
33 14:18
51 15:12
20 17:59
85 23:02
8 19:17
71 18:44
69 21:02
83 16:33
48 17:54
89 23:37
34 17:36
99 22:19
74 19:54
64 16:54
7 20:21
84 16:03
51 22:40
43 16:25
29 21:18
15 20:14
65 22:33
51 19:16
45 21:20
66 18:16
10 23:38
81 23:05
57 20:31
44 23:43
72 18:26
74 17:08
91 23:07
22 20:36
59 16:48
33 16:11
16 17:08
93 18:56
22 22:12
24 23:41
3 18:55
30 16:52
74 17:29
59 14:17
59 17:09
5 21:23
30 16:44
84 20:37
97 19:36
30 23:42
57 21:47
41 18:41
43 23:45
75 20:47
71 19:12
38 15:22
2 15:08
68 22:44
13 15:58
52 17:38
68 19:52
65 20:01
100 23:36
59 17:36
67 15:47
12 15:15
62 19:40
37 20:38
33 20:33
77 20:35
88 16:11
12 14:18
74 17:40
96 21:11
85 18:24
60 15:00
41 23:15
2 22:10
46 16:41
6 19:37
50 16:58
63 19:59
72 15:58
86 20:07
46 20:16
33 23:55
61 22:41
39 21:49
14 15:21
85 16:30
63 21:42
90 14:48
100 17:06
13 17:37
84 22:10
6 17:51
23 19:31
100 14:42
100 23:03
71 20:44
70 23:48
74 22:25
98 18:47
54 17:46
48 20:19
99 17:52
36 19:42
26 22:48
39 23:25
25 16:55
10 19:12
83 21:52
28 23:14
67 18:04
79 15:02
42 18:33
97 17:17
86 19:42
20 14:24
66 14:27
71 15:52
59 20:31
74 19:40
58 18:24
44 19:26
15 16:41
36 17:22
96 19:42
43 19:00
27 21:53
51 17:38
91 18:06
79 19:00
78 15:22
61 21:04
58 22:36
7 20:26
45 21:40
99 22:50
79 18:17
69 21:37
26 21:23
58 23:10
81 21:52
42 23:57
40 21:43
14 19:24
55 16:26
4 16:36
49 19:52
10 19:09
51 22:33
49 18:51
24 23:26
45 18:03
32 18:42
69 17:36
84 15:39
21 17:47
52 14:23
99 19:24
51 20:17
42 20:33
42 19:00
92 18:46
91 16:46
68 20:36
44 16:02
83 21:04
89 20:58
98 16:54
22 21:25
27 21:16
41 14:52
47 15:07
54 14:39
53 19:57
68 14:08
29 15:57
63 19:45
27 20:33
54 21:32
17 17:14
74 23:07
2 18:12
24 17:22
57 15:38
40 16:35
29 18:48
10 17:34
14 23:43
50 22:33
76 18:21
82 19:51
50 14:21
43 18:02
62 22:11
40 17:33
26 15:29
53 23:33
90 21:42
68 17:37
37 23:18
76 19:50
26 20:24
91 20:08
44 20:55
2 17:37
39 16:41
50 21:59
61 15:04
45 19:51
43 22:04
81 15:19
8 20:30
32 15:27
72 17:11
21 19:48
72 17:41
30 22:18
98 16:44
7 17:57
79 23:48
50 19:32
44 21:02
11 14:02
33 20:13
38 21:27
87 17:51
62 22:06
94 16:11
40 15:23
62 22:25
36 19:54
41 21:08
76 20:35
29 19:31
43 22:24
6 20:03
75 18:47
94 15:01
70 18:30
24 23:37
1 15:42
43 22:22
62 22:22
31 19:12
40 22:24
82 21:31
61 19:55
8 15:56
95 19:42
31 22:42
2 22:49
28 14:14
97 23:03
89 19:09
14 22:47
69 17:47
83 23:50
21 14:51
82 21:22
13 20:52
41 14:05
46 19:44
31 19:43
49 21:50
9 20:08
16 22:32
49 21:32
67 15:30
43 19:40
30 23:22
60 20:22
56 17:58
79 22:41
35 21:26
46 23:21
19 15:16
58 20:23
40 21:34
75 22:14
92 15:37
14 21:58
64 20:24
3 21:45
58 14:43
81 14:21
15 16:47
48 16:39
54 21:11
55 14:27
96 18:46
5 15:40
9 14:06
48 22:46
43 16:42
8 18:20
81 14:30
46 16:41
83 19:56
77 22:42
17 22:34
89 21:14
41 16:42
73 14:54
77 19:02
80 16:50
80 14:34
64 16:28
23 18:53
71 22:12
34 17:05
7 21:52
41 18:31
47 17:03
86 17:02
7 19:39
12 14:26
80 21:06
72 22:38
56 21:28
26 20:00
40 18:56
62 15:48
22 22:55
21 19:54
98 21:05
63 19:50
4 14:39
78 23:29
72 19:37
79 15:42
16 15:46
91 21:20
81 22:02
37 16:23
8 14:41
17 20:11
87 19:27
52 20:34
64 18:15
75 22:00
74 17:14
41 21:23
54 17:25
17 16:54
75 15:13
35 23:19
57 20:11
86 23:07
54 21:38
98 14:54
30 17:45
83 18:27
48 15:27
89 17:24
38 20:33
41 15:50
14 15:07
44 19:14
5 19:56
31 14:57
25 20:07
31 14:21
33 22:56
77 21:14
71 15:59
81 20:19
81 19:58
34 18:18
96 16:34
45 18:52
79 16:56
91 14:49
47 22:23
16 17:13
62 16:55
70 22:31
25 23:11
1 16:31
45 18:15
60 19:57
77 23:38
12 21:08
10 15:28
100 16:04
39 16:44
60 19:46
11 19:26
45 17:02
68 14:29
65 17:19
85 16:05
76 20:18
24 21:41
87 15:46
80 17:04
80 18:10
60 14:35
17 23:59
93 17:27
91 16:45
60 16:31
34 21:15
88 16:06
40 19:15
86 17:01
99 17:52
61 18:59
63 20:38
41 18:21
56 17:19
51 23:24
95 20:33
11 15:24
50 23:38
25 18:05
37 17:03
83 17:54
8 15:32
47 16:57
90 14:01
48 22:18
59 21:13
31 14:21
69 21:36
73 14:20
43 14:31
25 23:18
18 14:34
99 22:53
37 21:11
26 17:23
76 19:26
42 18:18
80 17:07
23 23:56
1 22:34
7 23:58
15 23:08
63 18:44
77 22:58
19 17:25
50 22:56
100 21:43
38 18:11
31 17:34
33 19:59
46 18:29
70 18:01
6 17:39
83 22:40
1 21:02
19 17:51
59 18:13
72 17:29
80 23:37
18 20:17
24 22:42
12 17:30
57 21:31
97 23:22
56 18:20
90 14:28
50 19:25
58 19:43
26 14:21
53 18:14
32 21:07
10 15:34
7 19:37
35 16:19
30 20:40
10 14:48
72 14:49
93 14:09
38 18:39
17 22:35
97 15:30
28 15:23
1 17:13
28 16:07
83 15:12
23 17:55
82 19:06
20 23:07
92 18:18
6 22:05
86 22:16
80 22:27
50 16:48
25 22:13
75 23:56
37 14:04
15 18:54
67 14:37
12 20:50
20 14:30
76 19:32
19 21:03
47 21:46
47 16:38
65 16:50
19 17:12
44 16:56
8 14:54
58 17:15
4 15:09
91 20:14
76 18:50
18 19:50
23 17:25
30 14:12
54 20:53
71 22:09
7 16:17
44 14:58
70 20:54
83 22:11
8 21:33
55 15:04
58 22:31
2 20:09
94 22:39
99 16:21
40 19:36
13 19:05
80 20:07
49 14:17
98 17:05
76 16:19
50 17:23
49 16:29
49 16:33
45 14:57
39 19:06
64 19:05
38 21:28
59 15:03
55 19:40
71 16:03
80 23:41
53 18:52
54 18:22
25 15:54
72 23:35
8 20:44
39 23:21
29 16:02
60 18:45
56 23:00
11 23:01
6 20:21
8 19:34
84 16:52
83 16:19
66 15:03
64 15:20
65 23:53
57 18:51
8 16:59
44 18:29
59 16:37
4 19:32
5 16:28
62 22:34
96 23:49
19 14:44
38 22:14
45 20:21
35 19:02
3 14:55
36 18:02
40 23:22
14 17:21
6 18:45
63 19:16
62 16:45
56 16:37
36 15:19
24 17:18
97 14:45
16 20:22
61 18:56
12 17:03
39 22:03
48 17:28
5 20:05
58 18:45
8 18:20
7 17:50
43 19:16
89 18:39
59 15:00
72 15:52
27 23:26
59 22:19
89 16:38
45 16:56
32 14:28
63 14:59
95 22:43
64 19:30
82 21:37
32 15:47
84 16:30
25 19:29
81 20:52
35 17:49
49 21:34
86 14:58
65 20:42
6 19:04
76 19:25
18 20:22
60 19:22
91 22:18
70 22:03
67 21:59
23 18:33
81 16:45
96 16:56
56 21:51
65 16:17
12 22:28
30 23:30
83 22:58
74 14:22
80 18:12
11 16:00
76 23:00
37 23:58
50 18:20
34 14:24
76 20:15
50 14:02
86 21:13
25 23:20
63 20:00
1 19:19
50 14:26
44 20:36
91 21:28
10 18:38
93 22:16
66 20:52
34 22:38
55 20:50
17 19:09
9 20:58
24 18:02
17 21:35
18 14:49
97 18:09
14 17:27
67 14:14
73 19:13
89 14:24
41 23:24
57 18:12
46 18:48
93 18:28
49 15:29
38 20:40
63 20:55
29 23:34
14 21:35
11 15:51
42 20:58
57 22:30
87 17:13
2 22:16
98 22:34
39 15:06
9 21:18
71 21:44
63 21:19
29 23:42
52 23:15
10 16:24
77 21:48
12 20:50
91 15:36
51 20:45
74 19:15
66 17:23
31 19:41
45 18:05
93 15:04
56 14:34
76 19:03
68 17:17
91 21:14
88 21:20
80 17:13
28 20:15
46 14:51
24 19:03
74 17:18
87 21:20
93 14:03
62 14:18
41 21:47
2 14:24
89 19:15
47 14:34
66 20:09
33 15:04
3 20:04
72 21:55
13 18:53
10 19:37
76 22:07
83 17:13
88 15:16
70 15:58
99 18:47
39 17:35
11 18:56
76 16:15
71 19:39
67 14:24
74 22:23
48 20:28
95 23:09
27 16:32
34 17:31
45 23:02
63 14:40
52 16:05
1 14:43
16 14:10
18 15:54
99 17:19
17 21:58
71 23:49
14 23:51
58 16:12
37 20:12
1000
62 87
54 98
19 240
4 178
86 22
32 260
47 61
52 105
5 21
63 292
36 238
36 145
87 105
55 166
39 65
98 57
24 33
56 252
27 111
22 129
15 269
95 82
28 112
90 52
85 151
9 282
17 221
92 181
28 73
50 162
50 260
10 215
13 187
38 237
46 168
97 45
18 147
19 285
75 34
2 122
36 196
18 284
61 149
76 65
58 67
82 66
75 54
33 226
72 134
24 40
54 225
76 48
10 272
69 109
48 39
85 157
34 127
78 256
6 82
56 217
9 71
87 175
50 156
30 211
47 198
29 155
10 28
16 119
6 266
24 237
23 131
74 254
91 293
66 91
3 48
46 109
14 18
98 21
60 233
42 242
49 117
62 76
90 148
77 121
20 235
97 86
60 11
82 229
84 56
86 116
84 100
23 296
35 115
35 171
3 18
84 247
53 209
50 268
86 186
30 8
99 94
52 108
32 274
24 150
19 19
93 169
65 149
82 128
1 218
73 131
28 233
77 270
33 1
18 267
70 268
20 118
87 104
12 59
61 109
25 8
5 202
7 16
10 8
85 131
41 228
17 207
100 168
48 142
96 266
42 209
98 289
30 240
96 200
89 267
88 266
53 76
83 98
2 298
99 112
36 294
81 252
90 12
65 171
34 16
14 155
57 201
43 94
21 154
34 34
57 91
34 159
11 18
55 114
39 291
97 293
16 285
47 46
77 126
52 217
78 64
27 64
91 256
23 33
88 56
77 66
41 200
1 28
48 282
95 102
77 239
46 243
9 63
29 11
50 132
6 277
65 178
71 65
61 87
7 13
8 65
33 269
28 294
75 107
83 68
70 191
58 57
7 87
10 6
21 58
40 284
86 186
51 270
15 179
7 275
16 34
92 283
42 126
28 113
91 262
13 232
51 156
86 98
89 272
52 208
10 143
68 40
35 69
67 135
61 101
28 111
48 297
29 268
76 134
73 65
64 216
38 81
72 281
90 19
18 110
10 22
83 103
13 225
11 284
22 258
42 240
45 82
52 57
47 297
40 231
88 94
64 290
1 8
100 198
86 142
68 42
33 116
98 213
43 203
21 215
91 79
59 214
5 115
29 134
81 297
36 171
52 115
2 131
18 29
99 116
81 27
61 231
76 114
38 233
56 74
89 4
99 286
10 57
45 139
26 213
76 122
2 50
75 45
42 215
82 44
69 286
8 176
35 277
68 259
23 131
30 5
51 161
69 223
24 9
25 54
2 233
79 38
4 6
14 72
100 47
21 205
6 77
22 119
13 201
17 13
37 288
9 70
95 85
38 154
2 24
64 196
7 34
51 103
44 129
59 288
100 257
42 287
74 128
72 262
63 222
62 26
28 227
58 11
57 141
50 62
35 268
3 69
100 81
19 91
20 115
54 184
22 208
90 115
65 195
93 11
36 120
92 99
49 89
33 173
89 251
84 116
86 253
41 116
25 300
60 99
98 206
99 126
26 153
52 269
75 78
14 110
2 135
30 187
10 17
13 272
59 37
32 40
81 65
3 114
6 250
50 174
41 256
84 80
84 210
21 149
97 154
55 105
44 40
45 268
60 7
3 91
15 179
24 42
79 70
100 179
51 176
76 18
45 296
60 15
25 190
65 75
89 78
55 15
26 162
8 200
11 127
62 288
26 152
65 185
72 115
5 263
52 228
99 153
6 103
33 171
51 65
59 250
40 150
83 23
64 130
68 1
8 162
75 17
2 192
34 51
16 121
13 154
45 277
86 20
52 300
100 91
87 104
51 68
43 251
94 286
55 263
13 169
61 239
85 207
8 231
49 42
35 23
9 240
54 123
14 47
7 151
48 221
2 270
30 207
84 168
5 196
77 141
6 160
12 94
93 190
57 62
38 147
81 265
37 184
47 231
98 82
99 68
89 75
18 251
96 264
85 169
51 17
91 144
47 148
36 80
86 265
75 208
66 6
10 39
96 183
13 24
27 224
84 140
25 274
69 100
16 58
65 35
65 12
9 241
82 227
72 224
81 270
40 17
9 14
6 14
79 37
50 287
32 295
18 34
82 6
74 232
71 263
43 257
31 118
56 67
60 11
30 66
82 11
79 34
14 221
57 69
65 282
12 134
50 201
25 63
76 95
32 187
77 165
5 103
24 40
74 182
8 98
45 22
16 265
63 129
5 25
12 128
27 225
61 275
61 103
94 50
16 68
61 102
29 245
34 222
48 283
21 243
87 277
89 157
4 144
86 173
44 115
85 296
28 76
15 146
16 112
75 163
66 26
24 108
91 199
10 37
92 130
68 133
8 219
98 278
21 300
19 259
1 231
62 120
89 13
4 9
8 130
21 14
13 2
1 197
72 111
17 52
40 224
70 264
81 286
40 170
36 117
18 209
20 201
21 92
54 121
42 194
36 75
53 296
37 134
56 57
20 85
35 283
31 252
1 77
94 256
83 28
41 82
51 110
54 36
44 149
22 184
88 288
9 121
86 12
76 126
1 205
22 176
8 55
94 299
12 207
9 94
95 64
47 124
74 75
26 206
73 174
54 257
90 272
74 226
35 174
87 160
28 116
75 229
16 207
17 257
71 250
91 220
72 194
30 171
19 211
37 161
22 259
97 234
72 257
88 235
50 174
93 46
81 163
82 41
35 56
11 86
29 30
87 38
46 119
19 55
6 254
27 274
34 77
28 141
9 283
79 79
78 253
64 169
20 44
52 257
10 92
44 182
20 268
10 7
49 182
34 275
100 100
43 105
16 79
6 279
27 115
18 12
30 123
68 149
18 290
5 116
79 157
9 12
28 179
51 241
74 268
18 105
51 10
6 133
78 257
56 212
34 15
14 4
88 110
94 42
97 154
96 141
19 135
90 246
15 136
8 134
51 43
8 151
20 103
11 191
59 252
21 47
16 41
18 48
59 288
90 40
30 22
94 71
71 20
26 254
62 246
53 207
6 53
96 26
92 127
95 64
99 46
70 126
78 109
91 252
55 104
59 238
6 41
2 171
69 18
82 281
65 137
63 196
97 286
65 242
57 59
34 222
2 38
31 23
76 34
96 184
52 155
30 270
59 83
100 221
55 49
45 38
68 5
26 224
18 240
19 151
65 238
11 258
72 133
87 255
10 188
42 291
55 43
54 38
11 17
46 157
96 7
96 43
32 139
1 205
92 129
91 72
38 128
50 15
46 217
11 70
33 107
40 279
6 222
8 47
29 6
66 98
95 134
71 210
67 154
89 233
6 208
37 230
54 226
84 27
90 53
2 24
79 88
47 170
10 220
91 36
60 210
60 254
54 250
61 264
63 194
65 193
18 178
100 17
72 219
85 244
73 281
49 237
30 258
23 9
3 44
28 155
74 213
5 183
72 149
87 161
62 32
10 221
15 286
17 229
64 23
64 135
96 290
31 104
84 101
3 91
26 210
67 114
18 32
53 202
49 109
88 265
86 103
47 173
49 88
15 134
86 218
78 292
53 43
53 86
23 66
32 202
77 50
79 266
88 142
59 142
49 217
96 204
73 267
73 292
72 153
43 200
9 45
87 291
46 148
7 151
10 64
25 240
62 5
60 199
32 280
87 293
36 238
69 81
13 285
24 176
68 95
76 266
55 171
90 163
69 262
44 267
88 31
7 31
43 94
32 169
42 245
11 226
38 278
85 97
41 103
79 271
53 40
47 173
28 293
63 57
20 248
8 6
87 199
41 17
22 13
68 104
98 297
40 268
19 164
48 96
41 240
23 214
11 156
12 169
10 34
91 210
89 150
65 43
82 197
68 91
98 6
7 299
92 92
65 32
3 157
55 86
49 33
47 192
22 26
82 134
2 214
30 112
6 289
68 291
33 180
100 204
66 294
71 123
32 47
44 50
87 103
22 47
13 20
52 183
67 42
62 288
56 13
75 203
62 100
36 130
48 165
24 290
24 241
76 212
10 205
9 41
25 25
24 162
1 132
77 181
56 40
79 182
36 176
99 181
17 127
3 112
15 163
65 271
67 57
95 138
99 7
5 279
10 155
97 85
93 162
71 300
3 173
18 77
91 202
81 128
91 290
97 25
42 114
94 188
55 164
92 45
53 19
80 222
99 6
31 38
53 60
22 274
82 64
22 233
15 159
6 13
76 294
7 92
82 186
84 169
48 193
22 144
78 139
89 47
78 101
71 246
93 281
57 91
39 253
24 214
90 208
33 56
92 282
41 75
73 108
18 294
38 25
62 184
60 123
97 154
5 40
24 72
41 30
80 293
12 125
80 88
6 300
31 33
59 47
98 4
100 271
85 198
49 278
47 185
1 21
39 227
63 272
52 14
42 13
68 6
11 7
37 58
45 287
8 272
65 120
71 280
32 260
84 235
6 91
70 235
19 251
96 37
39 252
75 142
86 165
73 44
7 203
99 29
30 46
43 220
94 285
7 238
19 157
84 243
95 5
82 26
48 285
83 210
51 284
2 93
51 10
51 241
71 202
64 82
68 116
93 247
63 30
11 252
26 168
65 151
5 146
56 285
71 25
97 188
1000
50 14:09
69 15:27
91 23:04
32 22:14
77 22:04
49 17:30
17 17:49
21 14:13
54 16:34
14 16:19
38 22:56
78 20:25
25 20:42
92 20:55
52 22:46
2 20:16
16 16:22
99 17:21
16 16:47
59 23:42
24 22:18
33 22:12
52 20:12
64 23:35
85 20:27
1 14:14
50 14:31
16 19:13
37 15:38
9 22:19
71 23:05
5 20:13
65 22:42
41 16:10
45 20:11
78 14:23
84 23:02
81 19:52
57 16:19
33 17:45
66 14:18
52 15:18
41 19:12
46 23:27
63 18:53
88 23:36
92 23:45
55 23:42
77 17:10
34 18:12
49 20:49
73 21:56
89 21:56
52 17:53
72 16:50
45 20:57
15 20:14
66 15:55
41 22:23
9 17:44
49 15:41
64 18:44
59 15:43
39 20:08
32 22:58
43 14:43
50 17:50
10 23:42
39 21:48
60 15:38
17 18:53
28 16:59
6 18:33
35 23:17
93 17:04
52 22:02
49 20:31
66 23:35
100 14:32
54 23:37
74 14:30
87 20:01
47 16:13
86 15:25
34 18:50
77 22:36
24 23:33
45 21:02
53 21:45
8 20:40
93 16:02
32 20:46
73 23:07
9 19:02
23 14:30
35 14:31
15 15:22
11 20:24
60 15:29
11 15:18
71 20:20
69 15:03
81 19:29
37 20:50
99 14:38
61 20:20
13 20:49
45 18:59
39 15:24
38 21:53
88 22:43
27 23:48
96 18:31
51 22:57
21 15:05
5 22:58
80 18:47
53 16:21
84 14:02
19 22:31
20 14:08
22 16:28
13 17:36
26 15:00
26 21:33
16 18:02
3 17:58
13 16:53
59 17:58
66 21:56
46 16:05
88 23:35
22 15:58
76 17:46
18 14:25
44 14:46
87 18:24
45 18:10
65 18:18
88 20:42
10 23:52
68 14:09
57 14:45
86 21:35
46 17:01
37 22:27
67 14:13
91 21:47
62 22:53
71 19:35
45 18:22
75 14:38
78 15:55
77 23:35
25 23:32
78 19:27
3 16:57
74 17:01
88 15:11
78 21:18
27 14:11
7 22:42
96 22:02
86 16:36
90 17:40
65 14:02
47 17:36
81 17:40
64 22:13
20 16:53
65 16:47
25 20:02
49 21:38
37 18:24
86 21:12
28 20:46
12 20:10
5 14:36
29 22:44
86 16:36
100 15:49
72 22:18
50 17:15
37 18:58
49 16:13
99 20:02
5 16:04
60 23:46
56 22:54
18 14:54
85 20:32
49 14:18
67 17:58
54 14:21
79 19:18
11 18:47
82 19:50
100 20:33
36 22:22
96 17:58
6 14:57
65 21:08
82 18:10
24 23:21
32 21:59
4 16:14
39 18:29
28 14:37
66 15:45
99 21:53
4 23:24
52 15:41
62 15:41
14 20:55
27 16:43
82 17:45
33 20:37
58 23:09
78 15:38
28 21:05
49 22:26
4 19:59
14 23:07
62 16:59
76 16:51
44 23:12
49 21:23
78 15:13
63 17:24
2 20:31
69 15:39
58 21:38
35 21:50
12 15:07
63 22:40
29 20:35
48 18:49
17 19:47
64 21:16
50 20:59
64 23:54
48 16:16
71 15:20
96 23:47
37 21:15
75 22:26
53 17:25
97 19:36
12 15:19
80 23:51
51 23:20
87 21:00
31 15:03
68 17:06
52 21:25
37 22:51
32 14:47
27 15:03
44 20:08
55 23:17
8 21:43
2 20:38
50 14:51
46 17:04
97 15:53
9 19:24
8 22:13
5 23:58
3 14:17
73 16:31
26 14:51
39 23:08
11 22:27
26 14:22
58 18:16
78 18:06
59 16:36
78 16:13
18 16:33
58 23:47
88 21:46
37 19:32
48 16:44
60 19:37
33 17:50
67 14:35
50 17:27
79 19:00
65 22:12
41 19:09
84 22:02
94 21:01
44 17:46
84 21:08
96 19:49
28 23:12
83 19:22
56 15:12
1 17:03
67 20:30
55 22:14
83 22:40
72 17:57
22 21:56
26 18:34
95 15:10
77 18:24
75 20:23
14 20:26
32 23:21
36 20:41
89 18:59
44 23:12
51 18:07
46 20:57
51 23:36
71 20:19
4 14:15
84 19:42
7 15:58
90 20:09
69 14:13
7 23:01
64 19:56
54 23:57
49 18:44
42 23:53
85 18:26
69 14:08
66 23:06
43 21:59
43 22:27
80 18:58
43 15:45
98 18:50
79 20:35
17 15:58
35 14:09
25 21:25
14 18:56
74 23:54
27 16:12
66 19:57
31 20:17
49 21:07
64 19:56
68 16:31
48 19:03
77 18:28
99 14:28
74 23:10
57 23:44
68 19:05
84 23:37
99 19:36
48 18:00
59 21:08
79 19:35
41 21:01
83 18:44
79 22:28
70 17:18
12 21:23
82 16:45
64 14:16
33 20:47
88 16:17
2 22:55
37 18:53
68 14:25
45 23:29
35 14:25
89 21:38
9 21:44
17 15:03
74 23:26
53 21:40
31 22:56
21 17:27
60 18:31
68 22:54
24 20:01
28 23:23
50 17:01
81 22:56
100 16:06
31 20:38
14 19:43
9 17:45
76 14:29
27 14:33
40 22:29
26 17:23
84 22:27
15 23:04
79 22:44
17 14:21
81 16:27
71 15:31
72 23:18
25 21:02
76 14:22
69 17:20
34 18:04
29 15:53
33 20:28
84 19:00
61 23:34
90 20:28
93 17:29
32 22:25
6 22:11
39 16:40
68 16:19
35 15:20
20 18:43
91 22:12
55 23:51
23 15:35
15 16:03
63 18:44
55 19:33
18 18:24
19 15:43
33 14:07
41 18:38
61 18:22
50 23:16
94 16:05
36 17:48
61 18:18
83 18:31
1 16:39
18 14:10
73 19:07
52 21:40
49 17:11
75 15:20
43 15:30
45 16:24
43 19:34
4 21:28
74 15:28
26 22:39
74 22:12
66 18:08
34 14:32
25 16:28
77 17:54
36 16:47
80 17:25
49 15:31
97 18:26
17 21:32
17 18:52
5 19:43
8 21:30
52 17:35
55 23:59
23 17:41
3 22:46
93 16:26
57 19:53
81 18:48
5 16:29
38 22:14
54 21:35
15 19:27
81 17:49
28 19:46
86 18:44
72 14:06
48 21:36
6 19:22
73 17:04
40 23:02
5 23:40
42 20:51
81 15:59
64 20:15
72 20:26
76 20:02
89 18:32
70 22:03
75 15:52
13 20:39
8 16:57
29 20:30
80 21:56
16 19:22
10 15:23
14 22:55
68 20:05
96 17:24
72 19:03
94 18:00
25 17:44
29 21:39
91 20:54
1 16:10
82 22:24
67 23:45
25 18:14
96 15:21
54 18:40
22 17:59
36 22:24
57 22:57
81 16:29
64 22:14
81 18:09
94 17:42
18 23:49
30 23:28
86 18:57
77 14:14
74 15:24
74 23:36
28 18:57
39 23:29
55 14:14
52 18:41
61 23:18
20 21:15
62 15:27
10 22:18
72 21:03
64 23:25
66 21:09
70 17:55
12 22:44
70 20:03
19 22:04
48 20:44
21 14:09
59 15:17
64 16:19
25 18:45
87 19:01
96 18:30
33 14:47
21 17:40
24 20:09
81 18:49
49 15:33
98 19:20
59 14:02
91 22:58
21 14:53
55 23:35
92 21:43
3 23:33
27 14:50
85 22:37
25 22:06
20 19:39
76 21:34
46 16:14
35 17:39
25 18:54
15 23:56
53 17:03
30 23:16
96 21:49
12 18:30
83 23:38
81 14:11
53 19:36
26 20:44
69 15:34
2 20:55
97 19:18
77 21:02
52 21:57
16 23:23
15 21:12
76 22:31
32 16:21
44 23:46
10 19:49
60 22:47
17 17:20
72 22:44
69 20:12
71 18:27
1 15:55
32 22:32
78 20:24
82 14:44
68 20:44
28 17:02
16 14:42
44 19:46
22 14:32
39 19:20
5 19:44
97 19:52
29 20:02
33 14:22
16 17:34
8 23:26
64 22:49
6 22:43
16 18:29
77 15:19
9 20:28
13 19:54
31 14:53
64 19:19
36 17:52
30 23:34
88 15:44
87 17:00
14 15:02
84 14:46
70 15:20
80 14:32
31 15:37
68 23:00
75 20:25
73 21:45
20 20:56
64 22:04
37 14:36
10 19:59
74 23:27
53 15:57
76 21:30
95 20:47
61 15:45
89 15:24
42 23:43
63 17:36
97 21:26
74 22:30
90 18:37
50 21:11
32 18:01
21 18:12
50 23:19
91 22:50
95 15:34
20 23:25
25 22:12
47 23:00
13 23:25
97 22:19
21 17:19
97 21:52
87 19:25
64 17:15
74 22:01
20 15:56
34 15:26
41 16:55
97 18:56
48 21:11
15 16:20
99 22:52
66 15:26
72 16:31
71 21:19
74 17:23
70 17:19
89 14:45
45 21:45
94 17:51
10 19:53
26 17:36
74 22:55
62 17:20
74 17:43
87 23:32
44 22:48
2 22:46
71 17:15
99 14:36
94 15:43
97 18:10
90 22:10
45 22:51
38 18:30
37 16:38
23 15:06
14 20:01
55 22:15
5 17:21
91 18:31
82 17:40
43 15:08
58 16:18
53 19:12
18 21:38
67 16:41
31 23:57
57 17:00
5 21:01
26 18:45
79 22:45
12 14:53
24 18:09
6 17:04
75 21:43
57 21:33
67 19:29
3 18:20
45 20:31
96 18:17
55 14:17
61 21:31
18 22:43
90 18:16
3 23:19
94 16:27
21 16:00
18 18:58
30 20:17
46 22:59
91 18:40
31 16:37
48 20:08
34 19:24
24 18:57
95 14:04
1 14:21
10 15:21
20 15:15
45 14:58
44 22:01
82 15:43
16 21:50
20 19:40
5 22:53
16 21:42
84 20:24
70 21:53
92 14:06
40 21:24
4 16:06
83 17:25
43 22:56
63 18:10
80 19:54
55 14:33
28 18:37
89 21:28
30 15:37
7 20:36
57 20:34
52 19:47
8 19:39
45 14:04
2 22:51
14 15:13
43 17:00
3 14:46
39 19:17
70 20:10
54 14:53
24 16:56
23 16:53
4 17:38
80 23:11
7 20:55
55 21:19
9 22:47
94 21:54
98 19:18
76 21:18
8 17:47
83 19:31
68 22:03
8 18:59
67 22:20
49 23:03
67 16:26
30 21:38
7 17:08
99 20:18
87 19:18
69 17:10
3 14:12
58 21:26
45 21:08
49 22:28
29 18:01
10 23:08
1 22:33
70 21:39
45 21:42
23 20:02
69 20:59
11 14:07
65 14:52
66 17:18
92 21:46
68 16:28
71 17:32
27 21:11
12 23:46
17 18:39
42 16:45
34 16:09
67 23:09
77 20:19
89 20:11
79 19:04
26 22:53
100 20:40
74 14:40
44 14:24
5 20:54
89 19:50
45 14:16
51 19:53
60 18:42
44 20:18
70 23:51
6 19:31
2 22:11
13 19:04
7 22:50
5 20:15
5 19:53
59 22:51
19 15:19
79 22:19
83 17:46
62 21:55
8 21:50
57 23:48
31 22:55
26 20:06
62 14:05
30 16:00
17 16:21
62 18:20
30 15:29
37 18:21
14 22:16
82 21:33
76 14:38
98 18:41
57 18:50
57 17:48
41 15:39
89 23:11
1 22:57
59 22:58
17 15:16
89 22:53
97 17:51
4 16:42
14 14:06
27 19:45
2 18:47
32 15:45
8 19:21
45 15:46
68 19:04
37 20:42
7 17:02
40 21:45
26 23:47
36 16:05
68 16:05
21 14:27
33 18:27
56 15:00
72 18:25
75 20:43
29 23:34
68 16:41
8 18:15
44 21:33
92 15:55
66 21:59
3 19:22
84 20:08
97 21:47
15 21:47
31 21:13
9 19:29
94 21:20
96 16:16
76 18:22
66 15:06
22 23:21
16 17:49
55 21:58
71 15:46
52 18:15
39 22:18
41 17:55
46 23:33
50 19:54
89 17:38
49 14:26
49 21:29
19 18:04
37 21:42
85 21:39
62 16:35
22 19:13
67 14:52
86 16:08
14 16:46
72 21:30
86 14:33
60 14:01
66 15:59
58 15:29
83 20:26
87 21:19
25 17:52
89 16:52
92 21:49
84 19:09
80 23:28
4 21:44
77 18:44
64 16:26
81 22:48
90 15:30
2 16:48
60 19:50
1 14:11
73 18:19
51 15:12
4 22:29
66 16:35
92 23:11
67 16:22
17 19:31
17 19:51
57 14:05
38 15:30
42 19:27
92 22:40
79 15:30
11 19:22
26 17:40
85 22:28
14 20:47
51 16:09
81 14:33
18 21:19
23 19:09
76 19:09
15 23:25
15 21:28
72 16:40
34 20:34
96 20:42
51 15:01
22 16:21
73 20:44
38 14:41
8 22:06
82 16:38
69 22:44
21 19:00
74 18:37
18 18:16
57 20:21
34 14:36
40 23:54
18 20:38
89 17:26
57 21:47
79 23:03
9 14:16
45 15:41
63 15:57
4 21:54
76 22:06
59 19:38
21 23:24
14 22:31
22 19:28
20 15:18
91 17:37
31 16:15
35 20:20
87 18:55
86 19:12
6 19:55
36 20:58
85 17:08
62 23:42
91 16:26
45 14:51
72 17:47
1 23:13
63 14:04
51 14:17
36 18:36
22 17:09
83 18:34
38 20:47
1000
81 200
30 116
22 15
8 63
46 49
19 248
4 271
72 295
59 49
4 153
95 202
96 183
77 108
22 158
70 101
16 6
53 193
94 81
21 246
37 259
52 174
5 252
91 240
18 45
6 146
62 187
68 148
58 292
78 297
12 239
83 98
64 38
20 291
73 162
21 74
42 274
88 97
52 288
15 76
15 121
60 119
4 12
89 276
73 292
13 192
35 93
26 30
87 200
99 109
24 5
52 64
48 10
40 30
17 225
26 71
70 143
69 240
42 243
77 262
56 245
49 81
56 207
23 154
96 183
36 139
55 91
60 243
90 285
94 134
80 67
19 213
31 146
13 89
52 66
6 48
27 229
18 93
2 239
10 189
76 205
77 18
1 40
8 63
41 73
32 108
40 254
6 187
20 120
40 95
92 299
95 136
47 277
56 3
54 211
39 180
51 296
68 229
87 139
40 77
16 96
72 36
62 230
47 232
66 43
58 61
89 167
44 121
52 73
28 232
84 120
46 234
88 209
87 264
96 118
48 260
4 103
93 75
93 174
87 257
40 176
16 136
49 230
72 264
49 125
96 43
55 98
15 155
27 84
77 96
69 167
7 284
1 25
10 96
78 171
48 193
84 103
84 114
76 51
81 180
23 157
93 80
56 180
46 207
82 149
46 108
1 287
11 49
10 280
37 247
81 141
39 36
14 192
75 1
95 96
50 121
30 280
80 63
94 104
55 215
6 80
70 60
81 178
32 52
7 238
17 189
93 140
16 174
59 66
62 281
58 103
80 159
100 191
51 125
74 176
39 298
98 76
89 192
88 112
24 280
14 260
30 292
58 292
52 92
15 66
83 48
36 209
81 267
40 110
67 209
87 77
76 40
56 290
75 257
23 128
28 186
84 222
84 7
49 228
1 237
89 157
12 176
62 58
18 276
28 141
21 71
50 251
64 182
92 294
100 214
14 239
28 48
20 88
87 227
94 113
33 181
62 116
51 217
24 262
67 247
49 108
4 112
35 117
13 231
91 212
100 272
76 226
28 8
60 141
15 26
12 152
66 161
85 114
6 133
32 68
25 166
98 86
39 175
41 229
17 251
41 24
11 150
18 3
13 270
52 155
9 19
12 178
70 272
23 106
44 98
25 198
98 251
40 8
84 216
20 141
19 71
77 57
69 76
3 290
49 160
49 84
71 170
62 70
60 74
75 231
100 231
29 238
80 114
18 290
26 71
54 50
74 278
68 32
42 158
56 281
22 272
15 205
74 52
17 71
3 52
86 118
40 29
61 145
9 193
81 168
85 153
44 84
60 24
29 154
95 85
88 298
26 62
49 282
54 16
25 164
13 288
72 247
99 203
96 214
11 122
84 166
49 17
17 275
64 122
81 276
26 120
36 38
11 140
64 262
16 226
59 198
21 225
56 218
5 37
67 279
88 197
24 159
2 68
22 26
90 42
15 45
33 39
28 69
40 52
7 19
26 223
83 129
7 32
3 19
90 264
61 170
98 40
5 277
96 85
70 11
26 223
68 256
46 195
47 59
56 102
71 139
18 26
80 213
31 43
84 189
82 158
59 61
40 105
70 270
79 192
23 136
76 290
15 60
95 287
69 112
89 220
19 31
91 231
63 77
5 285
12 21
45 77
100 190
2 171
72 171
35 93
6 282
24 5
74 226
39 59
96 71
82 104
92 91
76 251
99 19
21 279
6 95
4 53
77 102
84 247
70 71
44 69
62 97
38 51
98 110
5 200
13 81
59 73
34 134
39 169
81 5
88 275
95 43
53 229
42 8
70 200
29 44
86 47
31 32
67 276
53 56
19 9
71 259
96 212
32 230
75 85
89 4
64 251
78 253
49 193
70 94
24 262
24 152
74 232
7 241
9 157
43 223
40 98
40 118
49 231
46 165
12 76
30 24
54 15
65 28
85 245
29 10
62 293
36 277
86 202
7 150
13 229
47 97
56 87
80 49
90 73
46 48
78 28
68 72
15 297
69 194
15 34
9 281
48 246
52 153
32 223
74 20
76 193
18 244
91 281
80 111
76 203
5 239
33 244
25 130
17 164
48 297
29 179
24 299
26 204
70 232
54 31
74 247
76 71
16 121
65 155
80 227
73 51
74 54
1 165
10 12
82 105
66 2
13 116
78 192
24 276
55 292
94 208
63 299
7 21
40 268
34 170
15 198
70 8
7 192
42 17
94 203
76 269
58 192
89 226
36 59
55 100
21 223
59 184
90 11
79 59
30 180
82 25
10 56
67 26
36 175
76 231
66 259
85 241
37 273
76 32
81 1
9 242
16 143
88 98
27 160
86 127
72 139
30 200
44 37
49 286
98 141
96 219
49 172
44 161
55 103
21 2
58 159
64 266
67 282
87 203
33 254
35 99
83 211
24 155
26 116
82 63
73 19
20 106
45 1
32 163
71 192
46 184
3 139
6 58
71 129
27 126
29 5
50 142
30 185
17 91
15 135
48 293
44 153
1 127
86 148
51 81
17 137
98 139
3 285
45 36
36 187
76 207
58 65
2 285
14 33
58 291
100 40
10 109
72 278
28 126
97 111
12 274
2 257
25 166
11 179
36 80
5 286
70 135
21 118
81 251
14 251
93 211
93 12
47 2
24 180
83 32
54 195
79 295
74 219
39 118
98 271
14 296
34 136
9 36
42 187
90 224
48 250
68 60
25 107
57 160
73 97
52 76
28 7
96 59
20 282
88 218
93 251
33 54
84 70
29 288
4 297
17 84
40 132
30 49
24 244
15 100
34 222
81 42
80 125
59 78
37 156
84 38
20 105
64 81
23 208
58 43
43 144
95 172
91 15
22 106
40 17
81 232
64 167
88 155
93 195
76 288
92 3
36 94
85 229
55 38
94 254
64 200
92 160
42 59
41 40
54 204
42 52
99 95
91 231
52 218
44 167
72 226
66 171
86 115
27 53
74 208
46 68
76 67
71 12
91 174
37 231
37 57
65 50
93 254
18 232
21 147
97 95
89 51
75 198
11 36
4 175
37 175
3 225
88 32
55 106
58 107
32 167
43 96
95 243
67 7
21 140
71 135
75 199
48 219
42 239
52 245
33 201
40 79
27 26
30 296
49 216
40 116
57 50
12 258
76 70
13 9
22 16
46 252
59 209
58 215
67 169
47 167
53 101
99 193
61 155
28 66
76 51
83 181
13 194
52 161
45 173
35 176
42 36
58 17
52 219
37 118
92 49
2 45
97 52
74 280
79 184
8 66
53 95
85 276
44 8
67 268
62 126
53 25
16 164
15 187
82 95
23 237
26 95
55 127
84 65
46 101
70 101
28 29
88 164
20 143
65 148
61 120
10 146
4 159
82 83
57 272
71 39
66 70
60 243
8 78
63 290
73 10
93 185
46 234
76 277
18 78
36 293
2 199
29 149
70 251
88 99
24 287
93 256
72 83
87 12
32 273
34 245
64 225
81 165
17 269
74 59
85 111
22 241
26 39
53 23
21 227
55 234
88 128
12 253
20 67
10 144
27 28
92 51
80 290
77 293
28 202
25 103
83 96
27 174
34 280
68 188
71 149
11 233
90 36
57 44
45 43
3 33
24 244
53 168
59 43
30 105
37 214
33 138
83 84
98 133
24 241
22 39
54 237
59 24
96 294
71 75
61 190
18 160
25 159
95 88
59 86
59 57
27 161
92 63
41 220
56 206
29 186
52 105
48 269
40 290
44 99
64 31
31 152
44 125
61 164
79 11
83 47
65 24
18 145
52 249
97 111
60 37
82 259
49 286
19 91
73 169
68 93
61 100
3 34
13 147
96 20
32 68
54 216
84 272
94 248
53 167
35 193
47 121
41 213
3 250
10 6
47 15
2 94
52 238
37 98
64 236
58 273
63 200
74 147
91 279
71 225
28 94
95 27
25 211
72 278
83 169
49 15
61 205
44 1
45 141
45 143
74 282
76 242
79 211
62 151
7 118
65 216
33 6
25 271
77 244
2 37
59 118
79 277
88 99
96 223
76 36
51 286
99 198
76 27
74 13
18 169
23 140
25 134
47 287
29 111
24 106
91 271
55 78
26 48
72 180
17 79
67 192
100 113
29 284
19 73
32 118
94 40
40 91
61 138
7 189
55 63
33 73
62 118
15 193
65 177
100 218
7 201
37 45
14 267
35 27
29 35
31 177
54 24
97 197
86 133
8 231
36 66
73 211
77 121
45 19
53 142
100 299
25 134
92 135
66 256
91 165
31 146
68 76
46 117
43 108
49 201
67 238
18 192
91 98
91 37
40 40
60 253
74 164
33 297
61 238
13 213
78 88
47 284
69 269
34 272
65 22
88 36
27 6
98 73
4 140
92 33
86 15
43 174
95 9
26 158
31 197
57 101
19 245
67 75
14 285
30 136
24 295
49 178
21 299
89 34
7 255
4 253
91 238
70 204
14 282
93 293
14 265
88 276
78 232
77 251
43 183
31 22
60 201
38 241
72 149
86 298
1 219
11 189
25 139
29 231
53 114
60 259
48 258
72 259
93 101
1000
31 20:20
15 14:19
43 23:55
12 16:22
65 17:14
62 21:59
64 23:21
58 15:46
2 23:04
9 16:38
21 19:08
8 15:53
16 16:10
55 16:14
95 23:25
74 22:08
48 23:03
18 18:24
96 16:45
33 15:52
1 14:18
60 18:01
85 20:03
61 20:31
27 17:55
62 16:25
96 17:50
52 21:24
17 18:57
87 20:06
23 15:11
73 22:43
12 20:53
29 16:34
96 17:16
14 18:44
50 20:46
64 19:45
20 19:22
67 18:51
3 20:21
17 18:36
88 18:04
97 19:31
83 19:07
85 15:11
74 21:59
51 23:52
6 18:09
48 22:13
1 16:49
20 17:26
84 21:39
58 18:46
28 20:40
3 19:40
46 19:52
9 19:36
43 15:00
26 21:18
71 23:20
13 16:35
43 18:39
40 19:41
80 21:22
34 20:45
17 21:25
91 15:46
38 17:09
85 18:33
15 23:04
6 19:14
41 23:01
88 20:48
27 19:33
68 20:21
95 15:21
94 16:12
46 14:36
47 23:47
49 22:17
36 19:29
66 19:52
6 20:06
82 23:47
14 21:38
68 20:24
55 17:26
98 23:48
66 15:29
19 21:21
54 15:47
45 16:16
4 23:04
79 17:58
20 21:12
93 18:58
93 21:46
19 22:38
17 22:14
83 15:06
37 18:22
59 15:09
35 18:32
99 20:14
44 20:01
14 14:40
61 18:01
67 14:19
17 14:08
86 19:44
49 19:30
24 23:32
34 22:57
95 21:51
89 15:24
42 22:06
65 19:15
8 22:37
38 19:16
23 22:37
14 18:43
58 23:34
100 17:07
47 21:02
90 15:15
95 18:25
59 17:35
87 14:27
14 23:16
96 19:30
22 22:20
57 22:47
74 22:39
15 15:43
95 18:56
13 20:32
91 17:45
42 20:56
96 21:32
64 16:07
78 14:20
14 22:24
25 21:00
92 22:22
10 14:55
9 22:12
23 21:19
57 21:31
25 18:54
65 14:12
46 14:07
47 18:42
84 16:27
42 17:08
77 15:13
66 14:28
51 21:09
71 18:46
53 22:36
16 22:03
26 20:11
30 22:19
45 14:56
74 17:49
74 17:18
24 18:23
41 22:04
100 20:03
88 17:51
50 19:28
14 17:35
100 23:11
45 14:34
39 15:10
95 18:53
67 15:42
85 15:11
11 23:53
43 15:18
5 23:26
96 23:11
73 18:28
65 14:27
12 23:48
92 19:16
38 15:46
15 16:28
44 15:47
49 15:19
72 20:12
44 23:36
54 15:28
72 22:03
48 19:40
14 17:07
76 15:23
28 16:52
12 23:18
49 14:13
59 17:22
40 14:43
62 17:47
2 22:14
41 19:43
75 20:12
79 23:01
32 17:12
47 21:00
26 18:58
21 22:16
98 19:24
81 22:48
94 16:27
86 16:25
27 15:06
45 20:19
35 18:22
63 17:50
96 20:45
3 21:48
62 16:54
81 15:35
30 14:25
88 18:57
12 14:56
95 21:52
6 23:41
78 20:07
45 20:12
25 17:04
43 14:01
42 21:34
37 22:13
23 23:59
100 22:11
70 21:04
71 16:05
44 14:27
87 19:30
11 22:16
85 22:00
12 17:22
59 14:03
61 21:00
85 21:18
39 17:19
14 21:31
54 21:07
95 21:24
47 17:07
84 20:22
18 18:48
21 23:23
58 16:04
54 18:13
22 16:12
58 14:17
1 17:31
80 22:55
84 17:16
15 14:52
55 23:51
64 19:35
49 18:16
85 21:50
87 15:40
96 23:30
52 21:26
89 17:33
90 14:26
96 15:48
56 17:00
98 17:42
3 18:38
74 21:16
41 22:57
55 17:59
48 22:07
24 22:39
31 14:31
70 15:30
76 14:57
57 15:14
46 23:36
38 23:59
87 20:26
80 15:55
13 14:25
2 23:11
44 19:52
12 22:31
83 21:26
16 23:45
12 23:15
34 23:39
33 16:34
7 20:22
64 20:52
63 18:46
1 23:15
97 22:22
19 18:29
47 20:42
60 19:10
86 17:42
98 21:59
79 18:33
98 17:08
35 20:14
18 14:12
8 20:59
53 16:21
8 15:20
49 19:10
81 18:44
26 22:27
78 20:14
33 23:57
17 14:49
63 21:22
57 20:07
19 14:33
94 23:44
74 23:45
39 17:23
90 19:26
32 21:24
24 22:04
44 22:15
46 20:09
56 18:09
51 16:37
52 22:59
57 18:40
77 14:16
21 16:16
16 18:21
49 19:50
58 23:51
95 14:20
77 14:13
32 23:21
98 21:20
11 16:03
7 18:00
82 17:01
35 19:39
82 22:12
15 23:10
7 18:23
28 14:39
30 14:19
50 15:11
7 14:50
71 14:17
77 15:55
24 21:37
64 19:01
43 18:32
77 23:53
50 18:23
39 14:34
79 14:15
49 18:01
57 14:11
43 23:28
73 19:58
86 18:11
40 15:23
97 15:10
80 18:44
40 23:01
13 16:37
58 14:08
42 16:13
81 15:22
49 21:10
76 23:23
83 21:24
54 22:04
51 18:25
9 16:00
25 19:45
18 19:51
90 19:45
2 16:21
2 19:27
64 23:07
32 14:02
30 22:07
44 20:09
89 20:34
35 23:10
37 15:45
88 23:07
28 20:31
100 17:15
65 17:51
35 18:58
84 16:29
95 21:03
92 14:27
28 14:06
29 21:05
28 17:42
16 22:13
41 17:30
24 23:43
65 16:03
46 22:35
74 16:51
66 21:48
62 14:02
19 18:32
68 23:58
13 16:21
39 23:59
82 15:20
27 19:56
52 22:57
70 17:31
96 22:21
28 14:58
13 18:17
86 20:29
11 17:42
24 21:27
34 20:39
53 21:05
96 20:19
87 20:42
61 21:04
31 15:13
40 16:34
38 21:29
75 14:02
21 14:10
7 22:08
10 20:37
46 19:57
35 16:11
24 22:26
34 22:22
59 18:50
78 15:41
2 14:14
69 17:35
89 20:26
39 23:20
78 14:26
10 16:59
11 20:39
98 18:29
91 16:55
98 22:10
82 22:36
44 14:46
89 18:00
74 22:22
69 21:27
69 17:00
26 19:56
30 23:20
15 16:29
86 23:03
61 23:55
94 18:55
37 22:38
76 16:15
81 23:42
13 21:35
9 19:21
28 19:48
94 17:16
81 20:49
24 18:50
45 17:19
5 18:52
25 17:21
33 16:24
53 23:52
67 22:50
23 22:21
27 20:51
56 21:00
90 22:22
15 23:24
15 15:37
31 16:52
11 14:46
42 18:28
48 19:26
87 16:49
93 18:10
19 23:21
25 19:38
79 17:22
25 23:35
65 20:49
59 15:25
94 16:33
44 17:21
3 21:43
20 14:52
86 20:30
57 17:50
11 21:31
65 15:07
26 21:39
92 23:39
47 17:37
17 17:54
57 21:04
79 17:20
63 20:17
72 21:41
37 21:30
53 18:51
85 17:55
45 22:53
21 17:10
2 22:32
52 15:49
67 14:42
59 15:55
21 17:00
22 17:48
56 18:03
11 17:27
54 20:56
34 15:14
37 17:16
57 19:25
12 22:52
42 17:01
72 21:46
79 19:26
28 22:32
70 21:26
75 17:28
1 19:40
11 21:27
95 18:08
62 19:12
80 17:59
92 20:01
37 15:32
28 14:53
16 22:51
24 17:03
98 14:20
54 20:36
37 20:39
69 18:21
9 21:04
11 23:45
25 22:03
48 22:00
59 14:18
18 15:41
100 19:03
83 18:55
69 16:36
48 22:31
99 17:28
19 17:44
48 15:51
8 18:55
55 17:15
7 15:08
56 22:50
60 19:10
31 20:00
27 16:24
82 20:19
74 21:02
97 23:04
1 23:36
6 22:14
1 21:31
85 22:39
64 17:04
97 14:52
80 17:19
51 17:38
4 23:48
36 20:20
43 22:37
6 23:34
64 18:09
3 22:48
77 20:01
84 21:27
68 19:56
23 22:55
87 23:11
71 20:55
51 18:48
21 17:11
19 18:39
8 15:07
10 16:58
48 15:38
10 20:02
63 17:44
87 21:20
3 23:51
7 23:35
36 16:28
87 21:20
76 19:18
42 23:19
84 16:44
16 15:30
39 21:07
38 22:07
56 19:02
16 22:56
69 23:14
79 17:48
5 19:23
8 16:53
37 23:56
44 18:00
14 23:23
46 14:02
94 18:41
98 20:39
6 16:31
11 22:24
7 16:26
48 23:54
56 23:39
70 18:48
78 16:11
33 23:22
93 14:26
55 14:30
2 16:07
1 14:38
41 16:35
45 18:51
45 23:50
87 21:22
42 15:39
4 19:30
62 22:21
28 23:34
55 22:13
95 17:23
32 22:54
51 16:26
78 17:48
36 14:20
33 14:45
84 17:07
59 18:13
35 16:32
4 18:56
10 22:47
55 14:27
15 22:27
8 22:32
88 22:56
62 17:00
69 19:04
27 17:21
51 21:53
33 22:14
11 20:33
75 20:51
74 21:21
72 19:29
50 22:21
20 20:38
25 14:26
97 22:15
9 22:43
60 17:13
3 14:54
40 15:09
83 14:08
98 21:54
76 20:57
93 16:35
21 21:55
12 22:47
44 18:24
38 17:36
41 17:28
84 21:05
97 18:03
82 14:25
100 19:21
39 20:56
81 21:37
42 22:49
10 21:30
57 18:29
6 15:58
47 18:38
88 18:52
67 18:25
100 14:32
74 14:43
37 21:36
93 17:56
55 20:38
43 14:10
21 18:15
40 20:50
62 17:33
15 15:12
72 14:48
54 23:22
17 21:27
75 18:10
17 21:41
40 21:04
51 15:15
86 17:52
84 19:14
87 20:11
25 14:20
7 16:39
85 19:59
32 16:30
86 22:18
28 22:18
74 17:26
82 19:28
53 21:16
48 22:47
65 21:11
4 22:33
34 21:19
74 14:15
47 21:39
77 23:28
33 17:36
56 20:09
86 23:47
58 15:59
57 17:44
73 23:15
68 20:27
40 23:59
90 14:27
59 20:17
66 15:05
7 17:11
88 18:41
58 21:50
2 14:49
48 20:43
69 20:03
62 17:50
70 17:41
35 18:43
11 20:53
33 19:02
58 14:43
66 16:41
68 15:13
63 19:14
74 15:43
68 20:38
80 15:28
17 17:39
10 16:20
27 18:29
59 20:32
26 14:51
95 15:24
23 20:44
20 21:02
17 19:40
97 18:39
76 22:47
27 20:01
1 21:18
23 21:10
16 18:10
16 19:08
19 14:42
81 16:37
82 20:39
58 20:09
32 18:14
39 19:21
17 19:30
84 22:39
56 14:11
83 20:35
23 15:57
40 20:32
40 23:04
63 18:16
87 16:27
27 21:11
61 20:56
73 17:45
23 20:40
54 21:07
95 14:06
61 23:42
58 17:53
4 19:30
7 19:25
34 20:28
3 19:23
77 20:37
37 20:06
93 18:27
20 17:34
49 20:36
91 19:14
92 17:36
28 14:30
34 21:57
16 20:27
65 15:23
25 14:17
46 23:29
13 15:24
80 19:56
51 20:40
75 23:28
8 19:57
29 20:02
35 23:13
45 16:18
52 22:34
96 15:40
89 15:23
20 23:25
22 21:23
75 15:56
71 22:32
76 18:45
79 22:51
3 20:29
76 16:55
71 23:22
56 15:02
67 18:56
89 19:27
49 20:34
9 21:47
55 17:13
67 23:10
95 14:27
98 21:46
94 22:39
91 14:58
56 18:42
33 19:47
66 17:05
61 23:42
99 20:53
46 23:49
19 16:49
78 21:49
24 23:52
49 22:40
91 19:13
2 23:15
11 16:11
84 16:40
80 21:35
54 16:20
84 14:56
26 17:54
12 22:43
99 22:03
93 17:45
29 23:49
81 14:05
9 14:24
67 15:58
89 14:03
75 14:22
69 15:17
16 19:03
11 18:55
32 14:31
100 16:58
22 14:11
67 22:03
71 19:50
85 21:26
83 19:02
50 20:21
65 16:51
27 19:35
36 21:44
32 19:40
23 21:06
88 15:33
63 17:34
35 20:26
39 14:54
12 15:33
32 19:32
87 14:56
86 21:47
28 23:50
71 23:50
8 21:52
95 22:57
83 22:23
28 18:23
71 22:18
71 22:33
17 21:44
94 16:36
37 22:06
31 14:54
15 16:17
73 19:18
43 19:19
49 22:30
72 19:40
20 17:40
32 14:39
47 18:55
74 23:15
67 14:09
26 16:39
35 17:32
90 14:03
94 22:12
21 22:39
25 22:27
72 21:46
36 15:48
50 21:50
100 18:43
36 21:53
26 21:08
1 21:01
45 17:01
100 21:03
14 20:39
72 19:23
15 20:41
47 14:04
72 22:35
46 23:57
89 17:09
20 14:15
15 18:49
45 19:13
63 15:53
48 21:50
49 20:07
56 18:15
30 21:12
68 20:10
23 17:42
42 19:06
91 21:12
69 22:57
74 18:16
33 22:43
36 14:22
6 14:17
97 22:13
23 16:02
78 18:08
78 19:20
85 19:43
61 19:36
88 18:16
94 20:24
19 17:19
27 20:28
59 18:12
75 23:14
77 14:54
21 21:45
28 18:10
47 16:52
74 19:10
37 15:54
66 21:19
31 23:44
26 23:12
35 16:16
61 19:34
36 17:05
59 23:44
8 23:03
67 18:19
98 17:01
90 17:26
11 14:40
11 21:19
38 17:38
1000
66 208
63 131
61 297
26 82
32 85
91 72
31 155
87 65
62 200
88 259
75 121
38 87
56 132
27 37
47 238
12 14
62 265
68 168
20 140
17 246
59 91
64 245
4 146
54 98
47 280
32 76
28 112
6 165
78 62
16 20
46 118
77 225
44 225
9 300
75 213
68 199
99 131
47 99
62 252
15 9
100 235
59 293
84 172
19 290
66 18
83 3
67 288
48 285
33 271
1 163
11 95
84 215
72 54
55 226
7 81
86 121
40 4
78 148
53 29
68 163
91 20
55 231
17 254
14 196
13 92
17 265
26 194
77 87
67 78
65 85
22 137
96 179
51 164
25 150
89 240
86 172
89 229
52 116
54 19
70 112
1 26
84 213
38 82
98 295
38 210
73 77
3 185
44 247
44 277
23 275
34 156
13 288
64 220
20 242
85 76
21 6
43 220
59 256
42 23
8 138
2 291
2 234
98 217
4 109
73 110
21 6
10 189
92 273
52 78
57 60
62 148
10 5
21 266
18 274
17 142
6 70
80 251
97 96
3 219
21 168
49 48
26 261
87 12
79 205
17 66
87 60
25 187
90 123
49 169
28 255
61 163
33 261
55 89
93 35
30 109
21 114
85 82
67 58
84 28
35 49
63 260
59 100
58 74
53 226
5 44
49 118
49 132
4 140
6 53
87 95
39 30
64 157
91 248
32 122
5 297
28 225
54 112
13 177
65 215
30 135
67 51
63 125
9 95
8 83
87 203
94 223
74 286
54 26
80 298
64 181
34 248
1 137
86 87
12 55
94 280
61 154
77 94
75 70
49 23
41 89
41 276
91 68
59 278
34 205
92 193
99 262
3 163
71 245
91 296
9 1
81 233
95 211
46 26
84 50
61 117
38 112
16 120
41 286
2 233
88 162
72 4
98 135
60 161
93 60
66 92
15 189
39 265
20 118
82 139
12 133
17 204
11 54
55 61
38 197
28 8
41 284
90 147
9 234
73 147
32 179
1 41
31 257
34 32
96 238
89 139
67 59
41 108
77 208
72 105
59 129
39 121
61 284
23 19
71 164
86 259
60 222
62 185
16 186
12 46
93 192
75 12
22 167
69 113
96 150
74 67
74 177
25 150
83 155
8 259
85 237
95 96
56 225
3 116
55 188
67 52
22 84
12 85
69 35
57 200
68 280
5 176
47 207
88 171
24 178
16 119
70 97
81 86
4 80
86 164
19 146
45 89
65 174
68 198
23 109
6 208
96 213
6 102
29 53
82 282
3 88
82 28
39 191
66 82
34 162
66 243
74 150
40 153
15 6
47 72
61 6
34 273
28 255
15 299
97 287
73 117
49 208
44 293
64 109
31 67
43 36
66 8
5 54
26 209
35 275
85 2
78 281
43 160
53 60
5 227
83 119
79 300
29 77
69 134
100 133
65 21
10 186
8 128
94 219
30 175
97 102
83 97
67 224
47 92
99 41
48 193
78 228
67 249
88 156
57 248
35 192
74 181
13 148
79 114
9 9
55 38
83 156
71 275
3 225
80 57
33 126
81 249
62 25
49 214
74 93
72 9
11 214
52 82
8 146
67 190
77 288
95 75
10 194
83 270
59 49
20 204
67 98
38 123
76 163
25 70
78 88
81 40
89 126
66 20
28 287
88 92
47 159
53 128
77 95
49 22
95 196
33 240
51 227
21 160
16 230
39 222
32 61
15 170
64 33
39 84
9 169
62 201
63 296
49 196
14 54
99 85
62 266
62 5
7 35
32 175
33 182
19 33
74 19
67 209
46 272
41 193
26 74
69 108
20 73
87 44
97 286
95 25
36 267
3 264
35 131
69 68
72 14
45 267
82 155
66 280
71 181
91 127
67 171
61 118
42 203
83 194
79 264
99 186
83 206
63 44
72 79
63 247
100 256
41 8
44 149
40 47
4 137
89 126
58 116
50 142
10 34
74 269
80 176
70 122
24 161
4 101
34 90
45 101
10 274
15 177
85 233
49 255
61 255
19 263
28 48
53 176
92 249
42 278
31 230
100 267
42 14
65 83
4 70
45 126
50 37
59 149
8 59
18 259
85 217
45 265
56 32
44 288
51 74
84 67
5 257
80 32
7 17
71 139
10 105
26 300
27 221
82 32
86 34
69 60
8 109
83 61
20 181
5 263
4 95
17 239
77 71
36 74
47 124
60 72
21 236
12 77
69 165
34 27
3 16
28 68
56 88
97 202
40 297
10 228
95 109
35 290
4 142
87 192
83 258
53 119
45 59
99 56
33 151
56 261
82 83
13 209
74 146
31 104
49 232
37 219
55 280
19 149
10 91
57 66
23 82
22 74
98 254
79 50
95 293
69 94
84 200
50 83
37 111
82 11
79 296
60 289
40 76
62 203
62 226
67 252
34 257
83 195
2 88
40 145
26 176
40 43
48 186
21 68
39 150
92 28
9 216
53 165
99 164
43 168
68 275
67 287
40 119
9 202
56 215
43 80
51 24
20 155
19 279
80 58
64 297
87 22
56 271
55 219
4 53
17 289
9 285
42 50
91 272
78 273
62 9
74 28
86 61
11 38
80 201
46 152
25 90
9 185
43 162
37 103
82 287
30 205
77 25
12 66
57 51
28 286
33 95
86 183
6 46
28 129
28 134
67 167
90 38
84 242
71 141
5 46
86 278
69 248
31 183
58 205
34 238
37 277
88 189
4 112
7 81
3 259
59 4
27 194
14 184
14 76
12 83
94 224
27 242
42 214
76 131
62 113
11 43
39 276
19 54
42 27
14 32
47 120
48 263
6 1
82 178
57 99
45 146
40 119
38 299
69 128
24 229
6 118
31 15
77 177
60 212
22 21
71 136
26 300
44 49
52 272
97 102
84 120
90 244
43 297
42 104
54 173
58 92
100 222
28 142
82 236
53 1
58 229
81 232
83 48
66 16
77 100
92 246
46 38
76 274
3 233
24 282
85 162
70 54
94 243
27 275
64 131
10 214
36 299
5 134
15 175
47 78
93 188
86 64
81 49
71 124
53 211
56 229
62 38
61 165
63 272
46 144
82 276
88 95
35 156
94 20
28 86
86 193
44 221
24 116
4 181
50 98
23 300
65 77
69 1
71 266
82 282
57 7
80 110
50 11
34 270
89 276
15 12
96 14
38 89
42 268
51 51
98 288
42 39
40 162
6 83
79 217
97 56
55 165
14 298
66 80
83 192
58 84
84 17
92 208
52 235
31 151
2 74
70 137
42 117
92 219
90 109
74 129
47 254
65 18
92 202
45 272
93 111
20 168
92 121
4 265
92 8
8 268
89 159
63 146
16 200
22 257
83 34
51 136
72 285
63 138
2 113
73 212
40 169
91 258
9 13
25 127
32 102
12 60
92 277
85 99
90 30
21 256
66 70
79 20
80 296
52 264
17 80
42 280
68 181
76 13
24 100
97 155
42 24
44 167
76 192
11 100
58 99
42 60
68 30
1 90
39 219
24 41
23 153
84 72
17 8
35 32
42 226
68 265
96 226
23 137
47 32
29 205
78 137
89 289
99 117
2 34
89 126
65 149
21 35
37 103
31 220
87 84
13 260
89 25
28 236
94 49
70 18
33 25
40 290
93 294
21 231
38 199
98 270
80 40
63 230
84 215
82 72
9 209
39 297
25 154
76 131
96 24
54 133
88 25
67 49
74 300
41 133
8 15
3 114
36 66
86 203
79 294
43 57
33 214
71 61
76 30
71 195
55 251
21 289
5 21
47 247
82 68
18 110
85 100
34 298
86 251
36 245
15 85
16 281
18 277
73 9
17 111
17 58
20 151
81 191
98 217
100 163
82 91
26 282
80 59
60 211
45 86
47 208
63 184
6 31
76 80
60 251
32 46
10 230
33 23
88 206
55 169
13 21
69 104
88 126
82 48
14 116
83 168
98 9
63 74
50 167
80 140
98 66
46 35
82 130
62 162
16 262
73 284
40 158
93 110
8 80
18 243
90 21
92 165
84 23
37 93
82 134
62 45
98 223
23 297
97 191
26 235
52 52
24 296
29 52
62 248
6 51
89 75
54 115
25 277
55 254
71 227
68 183
37 119
56 156
66 174
19 220
74 279
32 27
51 283
98 198
9 291
86 264
3 62
100 97
58 144
34 35
97 253
75 10
86 222
48 124
24 156
40 41
10 138
7 199
6 250
28 229
54 255
32 45
11 138
22 175
54 5
33 192
56 35
66 92
8 185
35 84
48 292
56 218
93 52
79 276
15 85
67 195
12 252
12 145
1 28
15 274
6 209
44 284
91 84
75 184
96 73
91 82
99 214
59 64
43 1
99 195
43 295
95 255
51 202
11 180
7 171
71 157
93 136
7 24
60 6
29 182
98 290
41 232
77 173
74 66
69 236
31 119
33 209
93 245
69 24
91 159
62 101
46 204
20 270
14 26
84 187
24 230
21 176
57 42
25 211
59 156
39 111
23 277
31 144
35 250
47 211
1 17
49 296
31 104
15 167
69 161
69 68
20 217
93 175
96 10
23 250
1000
4 20:42
8 21:11
40 18:21
57 19:02
35 19:35
64 17:41
38 15:20
86 17:41
16 14:32
97 19:04
60 20:15
55 21:52
45 20:16
72 20:05
28 17:18
65 20:51
95 19:18
57 20:31
60 21:09
8 16:43
67 19:57
18 20:05
80 20:44
97 15:30
57 18:43
42 21:40
91 16:43
26 23:04
55 23:56
67 15:51
7 20:03
8 23:47
90 15:57
25 19:47
44 22:08
88 21:17
73 14:40
65 23:47
89 22:03
19 14:54
4 20:05
51 14:36
83 14:32
68 15:05
10 20:04
81 16:56
67 15:04
95 16:35
39 22:20
9 19:32
36 15:25
4 18:45
27 21:59
86 23:20
75 22:26
92 14:21
46 18:28
48 14:21
34 16:49
48 16:40
66 21:35
71 14:27
62 16:56
67 18:00
96 18:18
93 22:12
29 14:54
9 23:31
35 16:34
21 16:25
64 21:58
63 21:49
67 21:51
48 16:24
98 17:11
36 14:59
79 23:40
24 15:32
23 23:02
79 21:09
12 22:56
20 19:17
97 19:09
94 22:35
68 14:08
29 15:32
63 14:12
89 19:39
83 16:24
56 21:11
5 16:12
45 22:41
70 23:45
46 15:12
34 21:16
21 21:42
71 20:35
27 14:12
66 22:31
24 14:18
30 19:40
31 19:18
96 15:28
33 16:48
47 21:37
36 18:05
73 16:04
58 20:53
57 14:26
33 17:26
26 16:28
93 17:49
53 21:50
37 22:18
74 15:05
70 16:32
25 17:29
70 17:08
3 14:58
64 23:35
37 18:08
7 22:33
96 23:34
35 17:15
62 20:31
10 22:18
13 18:02
4 19:02
42 14:24
30 15:03
43 21:31
81 21:35
21 22:57
47 18:36
4 16:28
61 15:50
71 18:47
45 17:53
88 18:24
78 19:45
35 19:08
21 14:47
90 14:09
2 17:25
50 16:16
84 14:38
44 19:23
77 21:15
86 20:47
54 18:08
71 22:28
41 14:50
59 15:44
87 16:22
80 18:52
61 19:58
26 15:29
69 21:45
37 15:44
6 20:32
89 19:36
57 16:24
97 17:50
85 15:48
52 20:49
70 18:04
24 18:18
95 17:19
47 22:11
25 16:23
80 19:06
96 20:54
85 17:01
15 19:08
14 21:19
81 17:18
39 16:56
73 14:41
70 21:48
6 15:02
19 15:11
3 17:54
63 16:51
93 18:30
14 14:47
74 17:04
15 20:46
8 23:58
94 17:33
10 14:49
98 19:18
63 16:13
44 17:48
41 18:42
14 20:52
51 16:04
83 21:07
14 17:57
72 20:50
4 23:08
35 21:13
7 20:42
95 22:27
24 17:12
100 21:57
63 18:34
11 19:44
94 17:10
44 21:03
65 22:36
63 14:28
1 15:35
77 22:18
59 20:29
19 14:42
78 17:23
20 21:27
87 18:31
11 23:17
50 18:53
15 17:22
6 16:17
98 21:22
93 19:36
52 21:50
36 23:36
32 23:38
47 22:45
27 19:22
49 20:51
52 21:30
3 15:48
44 17:40
71 22:35
36 19:15
27 17:59
19 23:08
94 18:43
79 14:39
18 21:23
70 16:26
70 16:50
54 14:09
54 21:09
30 23:19
17 22:17
4 20:11
38 19:33
79 14:17
3 18:04
92 23:57
41 20:47
88 20:54
76 21:32
95 19:51
34 21:48
76 23:17
77 20:25
39 21:30
26 23:52
11 23:24
22 14:04
17 17:12
88 14:12
65 23:52
18 22:05
16 20:51
84 20:11
98 17:26
87 20:35
32 14:51
48 16:45
4 23:11
50 20:26
52 22:57
42 19:30
64 16:58
49 20:20
57 15:52
97 17:46
74 15:21
8 23:41
64 20:56
56 16:22
93 14:44
23 22:27
96 20:17
73 16:24
96 22:02
48 18:57
37 14:27
54 18:00
79 17:38
70 14:18
66 21:14
80 16:45
42 15:45
58 16:52
36 18:02
27 16:06
45 21:05
38 22:47
69 18:32
96 20:32
18 22:06
81 15:57
55 20:38
24 18:53
15 14:19
48 21:02
6 22:58
61 17:11
73 14:21
44 15:43
21 21:43
80 14:39
62 15:56
38 20:18
21 14:43
46 20:22
76 19:41
85 17:23
48 14:54
17 16:03
59 21:03
40 17:41
52 20:32
74 22:23
68 15:37
61 18:07
81 19:11
1 15:38
84 20:54
59 17:29
3 14:30
58 19:33
69 20:22
89 15:19
41 16:21
44 19:58
1 17:05
57 17:19
95 18:05
88 16:27
93 23:18
66 22:04
2 20:22
87 15:15
80 19:55
58 19:53
78 14:34
73 14:19
29 16:06
77 22:35
75 15:49
51 22:31
96 20:57
68 15:02
9 15:29
86 23:36
49 22:18
6 23:29
82 18:03
73 15:09
88 16:08
14 22:07
96 15:03
11 18:09
24 15:47
88 18:07
73 19:50
26 21:03
28 16:23
32 16:42
17 21:20
53 17:44
1 20:49
82 20:10
67 15:33
99 18:21
9 20:51
69 23:38
56 18:54
59 18:14
18 18:46
23 19:47
38 19:36
70 15:25
17 19:20
2 15:26
23 15:55
84 18:11
47 18:11
58 23:02
56 16:00
19 17:30
80 20:37
48 15:54
34 17:49
49 23:06
75 18:28
69 20:23
28 23:12
83 16:53
47 23:54
49 22:07
83 19:19
13 19:45
49 23:01
49 20:53
56 17:11
23 16:33
100 21:12
9 19:18
26 19:11
87 19:44
23 21:40
75 21:44
10 16:17
44 16:15
34 20:32
42 16:45
97 19:15
48 22:42
69 19:08
32 18:31
1 23:46
7 22:01
68 23:35
92 23:19
44 22:08
18 14:41
58 16:15
44 17:36
4 23:14
37 18:41
94 17:48
69 17:04
85 16:14
74 21:41
69 15:31
38 18:39
62 23:57
44 15:55
50 21:01
1 22:16
12 17:27
97 15:52
40 22:19
37 20:43
42 21:13
24 15:58
8 23:34
9 18:03
47 22:24
47 14:59
76 20:27
24 19:59
35 22:46
13 15:40
77 21:53
91 19:31
75 22:45
82 23:44
29 19:16
74 15:49
44 19:06
34 14:11
22 19:46
31 21:26
68 18:41
30 15:12
14 20:21
5 20:16
92 19:55
4 23:06
8 16:51
46 17:22
55 16:16
41 20:09
50 14:40
62 16:34
6 14:26
78 19:01
49 15:46
98 16:05
10 21:41
28 17:28
75 18:01
86 19:11
57 20:49
6 20:43
77 21:44
7 23:03
57 21:55
83 23:31
93 15:20
2 14:34
12 23:29
34 14:37
34 17:58
95 18:45
22 16:47
52 19:29
83 20:12
26 14:17
70 22:35
89 21:16
7 21:42
2 19:55
74 16:31
56 16:41
16 19:11
17 17:26
22 21:15
58 20:30
19 22:02
29 18:07
37 18:02
23 16:11
94 17:08
46 16:10
52 15:09
29 17:05
94 20:00
54 19:04
40 21:24
83 14:54
37 14:35
88 18:47
52 15:34
11 21:45
82 19:59
69 18:55
29 21:12
1 16:11
28 17:07
22 17:27
5 20:05
73 15:57
62 22:09
72 17:44
77 23:44
61 18:58
82 16:52
54 20:11
94 18:47
97 14:51
29 17:53
2 23:47
96 17:47
17 22:26
73 23:41
21 15:39
50 20:39
14 14:05
36 22:56
59 22:04
51 16:27
61 18:07
1 17:44
44 15:06
61 15:03
59 22:48
2 21:03
78 18:25
12 17:59
47 17:29
49 16:41
100 17:13
87 22:55
80 20:15
70 18:15
76 16:10
52 17:02
28 21:06
48 21:07
10 20:03
43 15:19
14 20:04
40 14:08
66 23:22
71 14:50
72 15:12
72 20:01
42 14:42
69 21:38
74 18:40
89 20:18
38 17:08
43 18:47
45 14:02
6 19:06
63 19:30
50 18:09
21 16:34
83 22:50
64 14:12
16 14:51
84 19:04
62 18:02
84 18:31
26 16:14
44 17:54
81 19:29
86 17:04
39 17:49
41 19:35
59 22:59
3 19:49
72 20:51
77 20:38
30 22:11
56 16:31
67 22:34
74 16:55
68 22:02
89 18:03
8 18:54
8 23:07
99 18:23
52 19:56
74 20:43
48 15:55
23 19:22
23 20:28
83 23:29
89 20:11
23 16:28
85 19:45
99 21:55
83 16:07
4 16:45
78 14:40
46 20:32
23 20:53
61 18:53
23 18:46
27 21:04
73 15:31
46 19:57
3 18:47
1 14:52
70 14:33
61 14:01
20 23:26
34 17:51
54 19:31
52 15:01
95 22:47
51 23:45
60 20:18
85 21:02
79 21:28
62 14:01
97 17:32
40 18:44
50 21:04
36 21:21
40 15:30
12 16:34
85 15:02
7 15:48
72 14:19
90 21:56
75 20:39
53 16:54
56 15:54
89 20:03
58 19:03
23 19:23
75 22:26
53 18:56
61 22:40
3 16:13
94 16:16
76 21:01
27 20:53
6 21:05
29 21:22
32 14:50
75 16:36
31 14:05
62 20:40
23 17:29
17 17:25
38 16:51
36 16:15
29 14:58
24 23:49
74 14:26
1 16:40
86 15:25
86 16:27
100 23:37
56 15:52
89 19:12
46 16:49
9 16:58
32 16:03
2 16:00
11 20:19
83 20:42
51 20:22
12 17:27
82 23:45
97 18:28
68 20:51
4 14:03
59 19:03
71 19:09
30 18:28
36 16:49
93 20:37
63 17:06
94 22:59
37 17:31
46 18:44
83 18:01
29 15:51
78 15:16
3 20:42
40 17:47
80 18:28
95 20:35
66 21:00
20 22:01
94 19:25
51 17:39
47 21:06
85 17:41
21 23:54
10 16:13
54 17:23
44 17:35
21 23:55
4 19:27
80 14:50
19 20:29
92 15:44
56 15:38
18 17:38
27 22:26
5 16:14
73 16:50
97 18:28
47 17:42
21 23:39
32 14:25
92 14:05
59 19:50
52 16:37
60 23:19
65 18:17
98 15:16
37 19:09
45 23:12
16 15:09
93 18:08
58 20:07
10 15:51
86 23:49
73 20:43
13 22:37
47 20:46
8 18:35
65 18:00
22 23:08
56 15:24
29 15:10
57 14:41
19 18:53
91 19:33
20 19:49
96 20:47
90 16:35
66 17:15
51 21:19
67 20:12
90 22:33
99 15:02
5 15:34
48 16:59
2 22:21
94 23:25
37 15:36
92 16:01
49 16:28
87 19:03
77 15:51
98 15:36
8 23:40
49 19:56
52 22:57
81 17:09
15 21:49
64 16:14
12 18:42
82 17:27
73 21:31
48 16:18
12 20:32
16 18:07
47 21:51
56 18:21
63 16:23
77 14:37
97 14:56
27 23:54
72 16:49
88 15:23
29 16:04
46 18:35
12 20:40
49 21:45
22 23:22
20 19:14
31 18:07
87 15:41
75 14:35
89 22:12
75 19:32
27 14:32
49 22:16
4 18:28
52 15:52
70 17:26
80 17:35
90 15:36
18 23:08
19 20:55
78 23:09
12 22:37
98 20:13
14 19:06
98 22:36
44 15:49
1 16:27
90 20:46
95 23:10
81 15:07
23 19:07
61 14:35
55 17:03
30 18:55
93 18:36
43 18:51
77 20:30
59 22:03
40 21:51
26 17:31
59 22:20
8 21:22
52 23:12
24 21:32
8 14:36
92 20:34
74 23:26
11 19:43
14 16:34
7 15:25
30 16:42
16 23:58
26 21:35
61 18:19
74 22:55
25 17:39
3 15:39
1 17:26
65 20:48
4 19:40
99 20:50
2 23:45
52 18:50
86 18:35
63 17:47
90 18:14
45 20:54
24 17:37
41 14:02
50 18:32
7 19:22
37 17:11
25 16:55
11 20:39
99 16:16
50 20:48
89 15:46
12 18:51
26 23:05
64 18:35
7 17:49
81 18:42
73 17:43
62 18:37
15 20:53
90 20:55
39 22:01
1 23:12
83 21:54
54 14:04
39 15:36
2 18:11
73 15:45
84 22:13
92 17:09
43 15:49
33 22:15
50 20:23
10 18:35
10 15:43
12 20:42
13 22:56
28 16:41
68 20:51
17 23:02
82 18:47
24 19:46
80 21:54
52 18:32
84 15:25
33 22:44
70 18:03
62 15:04
95 19:04
14 18:02
96 16:19
3 14:35
47 14:22
84 19:12
44 21:42
37 19:58
47 18:13
23 14:36
20 19:41
2 17:24
71 19:18
89 17:38
69 19:58
29 22:45
18 18:41
90 14:21
64 22:28
1 14:56
20 16:00
11 16:19
80 21:16
28 19:00
61 23:53
88 16:04
74 22:00
38 21:01
40 15:51
98 15:41
19 19:45
4 20:17
13 22:28
9 18:56
6 19:03
57 16:45
60 19:06
6 20:46
44 22:36
17 20:46
40 23:41
34 20:58
10 18:05
16 17:42
85 20:20
77 18:32
78 15:24
99 22:08
82 18:50
61 19:12
66 19:38
68 23:26
28 14:55
53 17:17
52 14:36
1 15:28
32 23:36
98 22:08
76 21:45
70 15:57
65 19:14
45 23:56
53 20:41
3 17:12
52 15:28
94 16:22
1 22:24
66 20:55
78 19:08
27 22:29
4 14:47
91 18:47
14 18:57
7 21:26
41 19:41
1 15:02
1000
4 215
4 160
36 164
40 271
51 203
85 31
49 37
94 144
71 73
28 182
80 229
97 210
64 24
46 240
15 274
56 247
26 107
14 76
32 79
81 160
75 217
94 209
67 93
32 275
96 44
14 271
76 147
75 252
28 75
90 292
95 55
53 73
19 207
64 296
95 275
99 53
48 175
76 13
60 233
5 44
75 27
66 163
8 179
22 242
12 9
40 201
98 204
52 180
39 59
30 278
62 181
45 262
98 50
76 253
78 281
9 151
94 290
55 54
1 201
74 255
94 176
52 198
47 140
22 276
74 287
43 287
85 188
40 54
81 136
97 186
95 287
47 280
76 246
43 275
33 84
6 185
45 6
73 189
85 247
35 23
8 128
64 123
1 248
16 287
53 196
96 64
58 233
32 135
36 86
50 96
30 228
3 146
4 102
75 280
42 170
74 136
93 61
4 90
24 10
76 63
39 10
92 15
2 26
16 107
28 278
53 187
66 293
56 71
13 185
20 48
89 80
59 82
82 10
72 260
24 45
32 211
57 3
58 30
77 171
58 241
67 271
20 157
67 236
98 48
7 182
25 105
17 77
24 114
21 12
95 76
79 293
38 243
28 274
94 210
14 131
22 1
37 156
74 118
71 8
100 280
22 201
5 135
100 258
3 108
59 282
94 251
55 119
83 126
73 39
51 56
25 198
85 3
86 69
32 181
100 253
75 297
94 26
22 257
93 277
40 287
81 45
81 269
99 14
38 14
74 87
46 169
42 129
27 119
26 26
33 268
25 179
79 109
23 58
4 293
64 89
20 37
61 39
55 214
70 166
40 145
17 89
78 160
9 234
71 36
37 20
6 229
65 55
71 49
77 168
64 101
69 171
2 152
49 178
76 142
82 24
8 44
17 157
44 4
54 264
78 199
31 222
6 257
90 77
88 237
52 245
42 278
40 33
19 289
88 157
93 244
94 67
28 223
21 52
27 16
85 84
83 104
84 181
10 244
51 135
37 77
16 220
1 56
98 174
11 220
54 113
46 17
14 199
28 149
11 109
36 77
94 132
99 235
41 291
22 53
80 51
35 29
98 233
93 166
73 94
57 269
54 265
67 157
34 20
81 172
34 12
2 175
58 267
10 292
8 258
65 286
61 104
5 68
92 208
100 18
14 286
82 84
66 237
6 268
26 259
63 98
34 254
82 134
63 113
7 198
94 266
24 109
90 271
80 163
60 210
19 150
53 201
77 28
29 106
46 118
14 139
25 84
55 237
92 78
82 287
55 131
4 9
38 231
47 86
96 262
96 182
45 107
3 256
47 22
83 86
53 250
2 245
92 74
73 80
99 170
72 268
93 149
12 61
40 228
65 119
32 237
26 180
60 237
26 125
68 170
64 208
56 174
11 255
63 168
64 144
32 276
67 296
1 169
20 274
49 44
50 62
8 280
8 5
36 56
68 82
23 64
44 145
70 104
7 243
79 213
36 199
78 298
21 8
69 58
67 242
46 126
99 134
85 166
32 32
6 251
20 258
36 216
92 15
35 189
79 181
52 283
29 232
46 209
1 167
23 238
84 207
67 296
21 87
63 292
89 53
90 79
57 182
40 121
10 249
53 16
60 64
5 32
47 3
35 280
22 129
31 83
45 57
71 208
6 65
82 10
30 136
67 200
41 141
75 33
63 55
42 211
96 116
30 105
63 53
70 61
54 51
38 122
45 118
42 119
64 73
92 56
81 26
74 278
43 255
84 154
87 186
50 264
57 257
33 198
47 133
99 230
76 44
92 167
20 136
57 257
49 246
48 286
25 15
2 113
19 233
24 41
47 73
14 173
54 103
19 94
33 108
93 172
52 120
84 186
98 62
80 153
67 280
48 43
82 69
4 105
41 50
87 73
5 24
61 68
50 31
43 63
91 48
49 75
94 247
78 99
79 97
66 9
73 263
60 289
68 38
88 93
97 74
8 12
59 228
76 53
91 113
58 159
87 111
18 263
98 226
80 145
23 279
96 227
34 116
98 174
67 113
49 122
55 233
95 208
4 16
67 234
72 143
99 227
87 224
13 63
8 16
67 217
94 203
42 216
4 218
11 167
96 94
79 168
67 220
33 230
99 32
1 17
69 187
36 227
57 32
33 5
16 174
30 131
16 294
63 284
18 278
61 88
33 234
23 15
1 254
10 102
42 65
99 52
6 264
49 274
92 54
71 287
66 214
91 283
86 2
11 246
24 163
44 48
59 256
53 46
73 116
25 100
88 246
44 249
59 159
23 138
24 254
42 182
47 251
86 161
26 46
63 152
90 105
4 141
54 133
28 251
15 112
47 152
97 55
5 261
84 183
22 273
13 245
87 162
65 254
24 268
93 194
19 20
28 196
52 81
31 43
1 152
44 16
23 41
57 80
46 175
53 208
45 120
54 78
2 3
77 193
21 298
80 191
34 7
71 225
12 69
96 184
47 78
18 292
38 200
60 190
18 285
22 238
1 175
73 189
6 216
20 263
64 97
5 260
25 105
61 207
77 161
27 128
99 193
87 130
19 221
58 228
97 281
27 166
37 150
30 186
80 18
80 220
18 94
26 69
96 210
63 183
19 296
67 89
81 265
9 288
67 44
39 55
17 196
89 219
46 212
15 62
91 261
95 253
54 109
26 231
73 285
85 159
13 136
87 97
40 61
62 182
54 297
91 270
35 62
6 213
24 251
49 248
100 133
80 205
49 213
92 105
47 104
88 169
44 27
61 291
13 58
73 122
31 59
62 221
2 183
32 165
74 105
24 156
22 294
70 52
22 295
10 91
92 133
46 241
35 202
28 256
63 133
81 146
19 67
73 64
19 166
97 114
8 167
61 279
98 203
47 230
34 4
95 169
9 49
17 29
87 149
92 287
43 295
80 189
81 41
38 272
53 221
19 164
48 153
46 48
28 126
10 272
17 98
63 268
57 195
39 19
3 139
21 192
28 231
5 280
54 89
6 256
54 158
92 48
15 58
64 180
63 297
39 169
10 197
62 155
17 289
70 23
32 2
18 124
87 224
80 142
81 203
58 44
34 130
98 25
80 240
68 29
20 53
30 210
62 39
72 147
96 45
77 11
94 280
18 277
43 297
9 259
83 163
41 173
62 221
32 147
80 133
72 33
66 270
95 242
96 278
73 3
23 53
84 157
16 106
86 198
45 11
76 211
16 204
98 158
30 118
70 299
34 134
30 208
62 255
94 177
5 160
9 59
53 67
55 220
35 268
87 100
1 58
85 39
47 243
43 91
85 83
7 224
96 19
21 108
27 25
3 251
28 79
92 299
63 116
77 161
90 170
21 53
70 106
20 146
17 188
51 81
36 74
17 262
26 19
25 275
34 61
14 233
74 84
63 84
89 227
84 31
66 136
16 264
9 55
46 129
37 199
65 75
46 160
27 177
97 156
21 188
50 185
35 118
94 146
32 153
90 238
91 110
86 45
37 221
61 76
13 15
32 19
59 133
68 205
41 166
85 264
23 108
65 249
91 227
13 219
72 22
14 147
63 142
15 262
42 125
27 178
50 88
61 150
40 263
50 17
16 120
41 104
74 174
24 51
84 178
31 13
56 288
71 63
78 264
57 271
61 83
66 205
74 164
29 74
80 150
91 99
22 188
58 152
50 66
33 218
4 285
19 189
90 22
23 94
33 75
59 244
16 151
95 137
75 288
43 32
19 121
87 300
48 116
67 208
95 80
20 13
85 120
58 295
44 276
26 20
40 168
37 237
69 198
21 158
3 295
88 148
25 85
19 265
62 46
9 119
14 189
36 9
17 285
35 267
89 47
93 220
92 229
88 161
74 135
74 55
48 221
56 33
3 292
63 275
49 114
96 191
49 176
58 274
30 46
11 224
60 242
91 215
99 244
12 181
57 82
75 286
20 290
78 85
87 141
50 221
75 82
51 214
69 238
86 219
78 259
89 144
91 13
49 262
18 125
49 45
5 244
70 77
78 27
59 254
42 37
37 58
26 176
34 97
82 13
11 22
24 110
78 185
49 193
51 15
26 174
81 257
70 131
63 89
62 16
46 213
5 202
68 177
96 84
83 272
25 87
45 197
52 81
62 228
34 253
72 2
42 161
99 141
8 202
77 257
91 99
92 118
38 299
46 111
3 184
3 86
64 256
97 61
90 115
96 173
42 49
9 57
73 82
97 172
35 190
33 83
43 254
24 145
7 104
67 156
42 90
49 177
37 194
27 102
86 17
81 7
5 13
53 78
41 91
47 248
71 177
71 5
33 112
11 257
74 106
48 116
56 270
42 67
74 223
22 112
100 50
84 272
19 254
17 239
13 42
26 215
64 122
54 68
1 38
97 140
1 168
97 163
43 190
49 65
45 271
27 183
44 10
22 26
44 159
4 110
77 82
54 10
30 262
6 248
64 254
61 28
50 102
81 4
10 12
40 199
13 48
41 78
10 249
46 14
76 129
43 135
65 152
22 189
49 275
40 261
88 83
27 178
47 228
57 152
85 123
27 284
73 240
57 298
6 188
49 4
1000
40 14:07
86 19:18
61 17:28
63 15:28
38 14:45
28 18:45
90 22:22
28 23:56
19 23:00
4 21:25
40 19:15
67 20:54
59 21:17
91 20:36
92 21:21
35 20:01
26 15:09
8 17:49
33 21:44
85 21:54
71 16:05
61 23:30
70 17:29
68 22:48
54 15:01
27 14:33
99 20:38
84 15:54
30 18:53
82 14:31
73 15:15
75 17:23
27 19:08
42 23:48
25 19:02
67 20:56
29 14:31
28 19:46
9 20:10
91 16:30
12 22:44
21 14:40
34 18:42
81 19:13
14 15:59
26 23:37
3 17:05
53 20:11
100 21:01
79 21:57
37 21:24
65 19:12
89 19:50
1 16:14
69 18:36
15 17:03
81 16:25
40 15:21
1 17:24
31 23:11
71 15:51
12 15:00
56 19:22
58 16:42
31 15:06
32 18:52
45 19:35
8 17:40
93 19:58
47 14:41
96 18:32
3 23:02
49 17:18
25 22:10
37 14:16
85 18:34
25 23:59
52 19:55
82 18:07
54 17:42
10 20:48
8 16:03
81 16:01
32 16:51
15 20:56
22 17:43
16 21:27
53 20:23
4 23:01
10 19:39
60 19:34
32 15:39
68 15:14
45 20:31
87 23:17
12 22:24
88 22:45
68 17:00
86 18:50
12 19:50
30 22:12
43 16:56
43 17:35
73 18:41
30 19:19
19 14:18
39 16:26
4 16:10
24 15:26
20 14:54
85 19:27
77 22:33
52 21:57
100 18:15
86 14:59
1 16:57
9 17:16
46 17:03
99 15:52
13 21:49
47 14:13
67 21:35
91 15:33
36 20:13
82 23:52
61 16:09
46 22:50
33 18:18
20 23:25
11 14:15
91 15:58
90 22:12
94 15:54
26 23:32
62 20:58
26 19:10
72 17:56
27 18:58
14 23:20
40 17:32
28 16:49
39 23:21
85 19:34
39 15:18
75 15:32
37 18:24
23 17:13
76 16:55
52 20:11
4 15:02
87 19:16
79 19:41
87 18:50
62 18:48
26 22:01
38 16:14
51 20:58
86 20:31
66 23:17
63 21:42
65 20:45
3 23:08
56 20:40
66 18:58
87 23:16
55 17:57
14 15:50
37 16:40
10 21:39
57 16:33
22 19:34
51 22:51
68 21:11
59 20:39
37 23:26
78 20:02
74 14:55
57 15:48
12 22:10
73 14:45
67 17:37
80 17:48
63 14:28
15 22:57
51 19:15
24 15:29
81 14:28
18 19:29
65 20:25
70 21:40
26 19:18
32 19:24
46 21:59
7 22:40
61 15:07
53 18:59
28 14:55
2 16:03
6 18:47
95 19:50
92 19:38
98 14:57
1 22:05
76 17:41
92 15:04
54 14:35
13 23:39
80 20:17
61 18:10
79 22:04
90 22:47
29 21:57
2 15:02
6 19:07
63 15:57
37 17:02
79 17:13
36 19:14
25 16:35
8 23:24
32 18:29
72 18:13
58 16:10
19 18:41
99 17:51
64 15:22
67 16:03
74 19:23
21 23:01
64 15:23
34 19:57
74 23:49
22 14:31
21 21:35
13 19:35
68 22:10
32 14:27
43 17:32
37 18:10
16 23:05
68 21:40
72 17:41
44 18:33
27 19:31
18 23:15
3 22:11
71 16:30
46 20:53
64 19:12
62 14:15
73 22:41
20 20:51
74 14:55
8 15:16
42 19:42
84 20:26
81 15:33
3 17:16
21 22:39
73 14:57
87 15:15
12 18:52
6 19:59
32 14:22
48 21:16
86 14:23
97 16:06
1 15:57
5 19:57
99 20:14
81 22:29
7 19:02
8 23:28
86 14:17
78 15:22
67 21:53
57 20:45
34 23:42
56 23:33
89 22:54
16 16:59
50 21:06
57 17:40
87 18:13
1 16:00
39 17:19
11 18:06
40 20:50
94 15:49
69 23:50
83 20:33
42 23:54
25 16:46
38 17:00
51 19:02
44 23:36
7 19:38
97 16:37
77 19:09
29 15:06
74 17:35
40 22:09
34 18:39
19 22:11
44 14:02
59 21:09
80 22:40
70 14:07
49 22:27
83 23:55
5 16:58
66 19:03
93 22:55
64 21:00
61 15:49
20 18:20
100 18:33
43 16:31
76 23:07
82 17:48
28 15:53
21 18:11
65 15:59
94 14:02
91 19:16
86 15:40
12 23:40
67 20:14
14 21:39
11 23:18
29 19:49
59 22:12
55 23:50
8 14:02
3 18:06
42 19:02
88 17:18
43 14:03
19 23:28
66 20:40
5 19:45
19 22:28
50 17:08
62 17:44
39 22:52
21 14:34
18 17:56
51 20:32
79 18:50
87 14:26
37 20:01
54 21:34
23 23:30
4 22:48
100 15:42
83 16:31
85 16:51
13 22:25
81 21:04
7 16:27
38 15:53
35 21:49
78 22:42
12 14:30
80 18:50
54 18:15
76 19:55
11 23:39
4 20:48
72 16:21
49 23:05
45 19:32
86 20:31
56 19:37
79 20:55
71 17:53
12 19:13
84 22:58
11 15:22
61 14:45
63 16:39
12 16:10
74 14:37
84 18:57
65 21:49
76 19:40
95 14:48
91 16:08
96 21:10
62 23:06
35 14:53
58 17:56
61 15:32
25 16:01
31 18:51
94 17:29
66 22:02
83 19:38
94 22:34
15 19:35
5 21:26
100 22:40
76 18:37
38 15:13
34 20:16
64 15:01
24 18:44
79 14:57
54 23:43
69 16:51
72 18:54
12 20:16
90 15:16
83 16:14
52 18:04
52 17:15
92 15:39
51 18:21
82 20:01
74 14:08
90 14:30
57 15:19
68 15:12
91 22:47
53 15:02
21 20:19
12 22:52
59 14:19
76 23:32
17 19:29
12 14:03
21 20:55
22 16:44
62 23:27
52 18:22
30 15:41
47 22:45
59 15:56
6 17:27
86 20:47
24 22:51
41 20:19
85 19:52
18 14:04
86 14:30
81 23:48
17 19:11
19 20:17
59 15:10
88 17:50
5 20:34
42 18:12
57 17:22
74 14:52
58 18:37
98 16:44
29 14:40
12 15:38
66 18:47
14 17:34
26 19:51
26 16:40
34 23:54
84 18:13
67 20:39
10 20:20
47 19:22
23 22:28
69 20:33
71 22:03
60 20:26
38 20:52
98 21:19
79 14:01
83 16:08
79 18:24
90 20:36
33 20:28
4 20:15
96 18:19
6 21:05
31 17:41
61 19:07
57 16:38
65 15:01
38 22:19
96 19:21
20 18:59
57 15:56
73 19:19
79 14:09
48 14:28
48 16:59
65 19:32
52 23:04
75 21:29
4 20:40
80 22:37
83 17:01
35 19:29
26 14:29
22 23:35
3 14:34
69 21:10
68 15:36
83 16:10
48 14:56
37 23:11
27 20:23
51 17:14
54 15:58
12 15:11
86 17:41
41 19:52
29 21:53
58 17:08
32 22:03
91 14:39
95 16:57
48 14:09
22 17:55
24 22:17
97 14:06
31 20:31
91 18:30
39 15:52
70 17:06
11 18:19
78 23:44
25 23:06
63 14:16
34 15:17
96 22:59
75 20:14
37 20:13
62 20:05
11 14:30
1 20:20
82 14:06
26 17:47
68 17:11
68 19:43
37 21:35
45 15:15
5 18:38
29 23:56
69 14:30
42 18:00
96 23:42
91 14:12
78 15:38
22 18:28
91 23:17
41 18:59
76 19:07
21 21:50
86 17:27
34 18:02
45 15:02
30 18:44
88 14:24
12 14:03
7 17:36
70 17:51
42 23:57
82 22:13
48 14:18
49 19:29
18 23:20
97 14:46
33 15:00
93 22:03
5 16:40
27 16:01
31 15:53
57 18:12
18 21:10
55 15:57
93 20:13
47 19:53
8 17:34
14 22:02
24 21:58
34 20:37
48 17:04
13 23:14
90 20:20
21 22:08
17 20:20
56 23:50
16 18:20
87 23:17
46 22:30
61 18:12
88 18:53
45 14:38
40 18:47
43 23:16
3 20:09
46 21:52
33 17:59
88 15:59
99 15:27
66 15:21
78 16:14
24 17:41
3 21:10
91 14:22
94 23:03
95 21:21
66 21:44
71 21:04
40 15:54
50 17:34
28 16:06
25 18:43
93 18:55
79 19:29
65 22:17
56 20:27
80 20:13
24 15:42
39 19:00
50 16:05
80 19:41
8 14:54
56 21:37
10 20:40
18 19:26
75 19:34
22 21:42
18 19:08
12 20:48
69 22:11
34 22:42
94 14:37
11 21:35
7 23:52
30 15:07
79 21:35
58 14:28
45 23:15
99 18:14
53 16:19
77 16:16
77 17:46
63 21:39
50 22:31
11 20:55
63 21:34
8 16:05
60 23:26
60 20:40
79 14:19
87 15:34
39 23:35
7 15:48
6 22:49
18 21:46
33 20:26
21 17:19
45 17:48
6 22:18
16 16:42
68 20:37
56 14:03
1 21:39
7 15:05
77 23:04
36 15:04
78 17:01
30 23:10
79 23:10
14 20:06
20 22:21
89 16:51
54 19:49
86 16:08
59 15:48
53 23:07
69 21:38
37 20:58
11 19:14
27 20:09
20 17:41
71 19:09
82 22:58
59 16:56
54 15:23
22 18:20
27 21:44
66 21:55
76 20:19
69 18:12
74 18:51
4 20:34
24 16:50
82 22:42
17 19:34
19 20:44
67 20:28
60 17:27
29 18:39
6 19:55
80 19:20
65 17:55
42 20:21
20 20:24
91 22:20
18 15:33
91 18:04
22 23:16
51 14:16
26 21:33
14 19:52
92 17:16
8 17:46
74 20:57
30 23:50
61 22:36
69 18:19
8 17:09
52 17:25
10 19:36
63 19:50
48 17:30
94 21:42
99 22:04
24 21:14
93 21:46
48 14:15
94 16:50
21 20:02
74 18:32
46 18:13
53 15:06
33 20:45
7 16:16
59 14:54
5 18:12
24 17:52
31 19:29
19 19:43
66 15:08
57 20:17
1 20:41
78 15:32
80 17:54
24 21:01
76 15:05
87 16:04
17 21:45
49 16:13
37 21:32
82 22:22
48 21:29
6 20:47
64 18:52
50 17:47
31 20:09
93 16:11
55 19:27
12 14:07
78 17:21
64 18:36
22 17:28
78 14:30
99 19:32
91 17:35
66 14:10
53 22:12
56 22:03
74 18:07
35 14:57
87 20:19
76 20:20
40 18:51
86 19:17
42 20:15
93 14:38
85 16:57
47 20:25
59 15:13
79 20:49
4 18:55
55 14:18
20 18:26
16 22:02
54 21:37
19 16:04
79 20:25
86 17:17
5 17:32
16 19:18
8 15:52
69 14:36
66 15:24
37 21:45
86 22:44
54 16:29
61 20:34
88 14:06
83 14:57
29 19:05
75 18:17
53 15:25
56 19:57
60 18:07
30 19:37
21 14:42
98 15:40
89 23:32
85 15:35
41 21:14
68 23:17
52 16:53
100 21:00
4 14:43
54 19:08
98 16:18
98 20:14
96 15:14
31 23:33
96 18:20
54 17:39
6 22:33
84 14:55
14 21:24
53 14:17
62 23:31
55 21:45
48 23:49
63 20:59
100 22:08
30 22:18
5 18:10
81 15:59
97 16:44
1 16:23
6 20:05
49 20:34
63 21:56
87 15:47
39 18:22
11 23:29
28 19:21
21 21:45
55 14:35
84 16:27
31 21:28
53 23:21
31 21:42
50 15:04
96 20:07
76 23:28
75 22:48
84 15:23
75 16:50
41 15:02
41 21:12
33 14:28
61 14:21
48 22:41
92 14:50
1 15:31
78 23:46
20 16:58
38 16:26
96 19:20
56 16:28
50 18:35
59 15:29
29 21:23
51 14:18
99 15:13
100 18:08
92 16:38
67 20:10
6 19:41
24 16:52
17 18:37
9 20:56
40 20:34
62 23:16
6 16:56
34 16:54
98 21:10
89 15:34
85 23:03
54 19:15
30 20:30
35 19:49
28 15:45
46 16:22
78 18:25
82 20:19
99 21:20
51 15:01
35 22:11
42 15:41
70 17:07
41 17:31
79 21:18
6 22:58
20 14:09
41 19:42
12 17:57
42 22:27
77 15:41
23 21:27
64 18:31
11 14:20
81 18:34
20 18:51
83 16:41
95 15:31
75 21:21
78 16:21
99 22:56
21 19:04
67 16:34
91 14:31
47 16:14
22 23:36
12 15:31
13 17:03
43 20:07
63 23:32
94 23:18
62 18:24
70 20:38
77 20:07
41 23:22
40 20:25
49 20:36
23 14:45
24 14:27
73 15:34
82 15:40
87 17:26
99 16:34
22 15:36
81 20:16
57 21:02
38 23:46
70 14:30
70 18:11
15 19:21
52 19:08
12 21:39
65 15:41
71 15:15
89 21:12
82 19:42
12 19:26
52 19:31
8 22:24
75 15:35
25 23:35
94 18:18
41 14:32
71 19:58
2 14:28
81 21:32
28 16:51
65 21:01
3 14:12
66 22:24
24 18:26
4 22:45
83 19:24
42 16:47
5 18:49
30 17:26
67 20:29
45 23:28
35 21:10
42 16:36
37 21:01
20 23:22
49 15:48
68 15:28
63 16:48
19 16:33
59 22:52
12 22:29
90 15:02
89 22:47
24 23:49
63 23:31
87 17:05
23 18:59
12 15:43
90 15:12
61 23:22
84 14:08
67 18:40
41 16:53
33 18:06
12 22:15
0
