100
51 295
87 78
41 87
91 207
73 200
100 59
17 92
17 28
22 275
42 101
52 111
76 296
90 80
63 276
14 259
88 299
72 111
12 298
91 99
17 288
81 211
69 41
24 41
76 16
85 77
97 267
72 32
49 276
40 50
64 139
4 214
60 107
90 98
47 178
79 143
7 286
63 266
55 132
42 68
65 82
88 63
22 155
89 137
14 189
52 284
81 72
89 211
25 33
12 204
88 17
40 294
84 19
7 125
26 284
16 196
8 50
95 114
14 62
20 161
19 282
90 158
99 109
81 21
83 105
94 288
33 11
2 17
26 97
86 281
17 17
21 178
49 123
18 97
5 153
39 264
31 50
31 26
42 252
16 4
56 103
64 178
16 292
89 167
95 171
10 142
2 15
89 189
83 123
42 210
99 158
85 267
43 175
90 42
30 135
27 18
50 23
35 284
7 288
54 293
4 244
100
74 18:28
87 14:28
84 20:02
95 16:10
33 20:05
100 23:12
23 22:41
63 15:22
67 15:34
58 21:14
41 21:18
59 14:21
26 21:43
80 19:07
9 18:13
93 23:49
11 18:33
53 16:04
99 21:46
54 23:44
2 19:56
83 22:45
47 22:28
19 16:47
71 19:59
92 18:14
47 14:39
93 21:50
38 23:59
11 18:29
60 19:15
14 14:23
71 16:16
80 15:07
85 14:12
49 22:54
2 15:35
61 19:41
80 19:45
27 15:41
88 17:17
62 18:04
59 16:05
21 18:02
13 20:18
82 23:38
81 22:05
10 14:05
81 17:43
87 23:17
23 22:36
23 23:40
35 21:48
14 20:22
39 23:18
54 22:43
17 22:28
5 19:37
92 22:24
26 16:55
9 19:38
76 17:36
99 22:21
43 19:57
9 16:47
96 15:36
19 19:23
7 16:58
12 17:01
94 15:34
67 20:52
89 15:24
35 21:07
29 18:02
83 14:35
50 19:18
58 22:44
76 17:47
75 23:56
27 18:48
40 14:55
97 17:18
15 16:59
12 16:26
22 23:08
57 15:14
72 14:17
41 17:59
96 16:32
9 18:47
34 23:34
83 22:46
38 19:50
7 14:52
27 20:45
63 19:27
1 20:07
19 14:05
7 19:00
11 23:37
100
64 244
90 63
54 284
35 226
67 240
23 10
8 138
38 69
7 16
61 47
41 146
39 103
28 270
58 221
53 133
56 158
86 130
91 25
78 96
22 159
93 157
89 266
93 268
79 157
33 86
33 131
25 56
62 29
74 260
81 53
43 235
91 64
12 154
22 22
67 47
33 25
61 65
24 51
78 283
58 160
26 210
57 215
49 106
94 19
66 158
94 34
93 262
76 161
75 256
16 106
5 162
23 290
39 67
84 289
6 176
78 160
48 265
67 250
16 116
13 234
44 281
67 203
13 118
58 176
90 221
77 198
41 220
33 207
39 229
93 69
21 62
33 159
98 38
100 220
51 193
88 12
25 188
13 34
9 64
39 80
82 237
12 112
50 194
55 241
18 300
46 145
59 250
65 4
25 254
100 208
44 173
71 15
71 144
76 162
16 88
73 35
85 131
30 65
68 247
69 239
100
79 19:20
76 14:06
85 18:36
71 17:20
20 23:56
75 19:44
13 23:53
2 22:01
93 17:45
8 22:24
95 17:07
1 15:27
49 17:19
44 21:05
60 16:02
75 21:11
66 16:52
16 15:58
91 19:15
3 16:01
87 18:56
9 16:58
37 19:34
40 16:03
72 18:26
24 15:34
1 20:47
14 18:09
34 18:15
4 21:50
85 20:45
60 18:48
72 18:53
36 23:05
31 17:08
96 18:32
74 23:48
17 19:56
21 16:53
99 21:16
74 14:06
86 22:18
22 22:09
30 22:33
74 15:12
94 19:25
31 21:13
61 19:45
32 15:30
44 19:33
87 17:10
76 19:56
74 16:46
88 20:52
35 17:46
77 16:55
6 16:38
80 16:51
34 21:41
43 21:46
87 14:41
4 15:38
15 23:15
38 16:39
94 17:27
18 18:34
2 22:25
49 23:12
58 16:39
78 18:15
10 23:03
59 18:59
57 22:41
39 15:33
82 16:58
78 14:35
33 23:45
25 19:39
80 20:53
71 21:54
51 16:08
4 17:47
16 15:00
48 14:04
43 14:43
15 17:53
35 18:51
84 16:16
21 21:19
59 23:16
65 19:44
39 20:39
82 20:10
20 16:58
98 18:13
56 21:45
38 16:28
19 14:06
30 19:12
21 19:06
100
56 258
95 284
65 93
46 110
12 115
75 287
84 158
18 273
52 279
86 21
69 13
80 35
71 173
15 42
35 106
36 160
1 262
17 169
12 202
19 293
14 19
93 251
94 166
95 176
70 286
91 183
54 3
48 205
10 264
16 164
24 92
84 256
30 238
51 278
52 135
72 84
61 120
19 269
51 204
33 209
77 199
74 84
12 80
17 48
28 212
82 71
79 272
38 17
4 251
3 249
90 95
21 96
63 258
66 135
35 96
21 21
56 23
41 28
92 217
64 98
72 277
8 203
14 81
62 197
62 107
82 288
25 83
2 91
76 76
14 7
91 157
95 238
35 233
70 255
40 238
56 276
39 291
60 172
69 116
4 166
24 54
67 165
50 19
43 282
98 262
47 43
22 295
15 274
22 114
42 69
98 226
8 186
32 24
72 18
46 60
64 210
19 143
40 218
51 13
83 293
100
43 19:44
16 14:32
28 17:14
57 19:13
2 16:06
73 23:06
34 17:10
23 16:20
3 22:59
17 16:28
75 22:10
98 20:09
53 15:22
87 14:27
14 21:40
24 23:29
67 21:44
82 21:14
37 17:39
20 15:35
6 17:54
51 22:33
78 23:11
26 15:14
80 20:43
2 21:12
48 14:41
13 22:55
81 15:15
61 16:52
83 21:09
12 23:34
36 22:19
69 23:35
38 16:53
21 21:21
42 21:45
32 18:23
24 20:55
61 19:09
72 23:18
41 22:18
83 14:10
70 14:18
64 14:45
22 15:50
96 15:41
52 14:49
64 19:39
73 19:50
15 14:40
64 23:39
95 15:11
7 17:31
24 21:17
56 18:47
94 19:35
80 15:10
30 20:42
49 22:23
80 16:42
30 22:01
87 18:15
67 18:21
74 14:22
30 15:33
78 19:36
41 20:29
64 20:25
41 17:16
24 23:29
63 15:47
78 16:04
72 15:34
96 15:34
86 21:01
48 15:43
17 22:19
20 17:11
67 22:09
3 17:43
72 23:41
69 21:32
60 19:39
58 16:14
98 18:14
38 19:43
49 17:25
65 22:51
69 22:31
22 14:09
65 21:56
33 21:46
82 18:03
17 15:35
14 21:03
98 21:35
6 16:27
55 21:27
53 19:49
100
95 277
50 177
34 275
3 200
74 102
95 107
71 38
93 65
10 244
98 80
96 242
89 243
47 244
9 30
1 171
67 296
45 143
100 124
10 59
37 195
69 12
46 81
71 151
31 201
35 174
37 294
4 137
64 211
58 179
57 129
61 264
75 6
47 227
58 178
96 244
43 82
59 231
49 189
42 153
91 19
40 162
43 30
18 216
59 114
76 12
34 248
58 118
65 71
94 153
34 99
47 215
73 17
31 202
73 26
69 205
73 95
70 69
28 217
37 263
49 170
28 272
91 136
37 174
13 41
49 19
77 210
12 223
58 44
17 115
86 256
63 154
29 253
80 63
11 111
61 185
64 211
18 2
50 173
8 55
14 149
56 294
39 105
37 38
55 219
25 259
64 171
96 109
98 166
70 19
10 173
82 218
82 215
63 48
33 36
74 150
18 108
8 261
40 7
61 88
41 146
100
80 18:44
47 14:44
5 15:55
74 15:28
85 23:06
47 22:20
53 15:41
8 18:27
54 15:26
37 17:06
67 17:15
27 20:27
35 21:26
39 17:23
85 20:08
5 15:34
13 23:12
14 23:17
49 22:20
31 22:24
48 17:24
83 15:51
57 23:52
94 18:40
99 22:47
58 18:04
80 23:22
94 21:14
88 21:17
62 22:47
7 18:26
66 21:31
69 19:16
82 15:49
20 15:56
38 18:13
95 19:18
77 18:01
71 19:08
47 21:18
47 22:07
96 19:32
100 20:48
63 17:52
52 21:18
7 19:44
82 23:58
23 23:31
35 17:55
35 15:47
71 15:59
78 18:01
71 16:51
31 20:35
97 19:38
97 15:39
93 23:16
90 22:16
11 17:23
61 19:26
97 18:52
39 16:35
30 21:06
95 14:16
47 16:46
97 17:04
81 14:50
89 21:51
67 15:38
79 19:40
5 14:43
54 17:44
77 22:39
77 20:17
90 23:58
2 18:50
38 23:46
97 16:04
32 23:02
23 20:16
17 23:57
92 17:57
58 20:03
29 19:37
19 14:55
26 21:43
55 19:41
87 14:35
16 23:10
38 14:59
44 16:46
88 19:55
99 21:41
87 18:21
95 21:16
35 14:52
34 18:19
47 22:58
39 18:11
43 17:57
100
76 15
80 184
69 230
16 105
73 201
14 31
37 257
72 6
49 9
51 3
23 177
43 290
1 145
28 76
55 30
59 107
92 99
85 214
97 140
81 230
88 135
60 281
33 217
62 33
71 24
2 13
49 40
47 90
62 222
69 152
66 127
97 182
42 214
89 279
87 70
5 286
13 242
91 281
57 98
50 42
21 161
24 130
64 107
66 97
78 173
39 110
24 142
93 102
71 208
43 27
9 91
6 179
13 142
98 163
24 124
51 37
72 109
1 231
56 109
5 141
84 239
82 232
14 210
2 213
41 168
68 270
69 168
78 96
95 130
38 225
15 112
99 6
71 123
89 263
42 174
92 33
92 35
73 168
11 128
1 243
55 123
20 121
26 252
10 237
48 7
43 200
5 166
44 17
14 73
47 1
96 52
71 197
31 215
26 101
88 279
23 66
29 177
59 154
41 24
37 254
100
66 19:54
41 18:09
62 16:13
95 23:56
38 18:40
37 20:43
29 17:37
42 15:39
68 22:39
23 21:23
44 22:37
45 22:12
24 17:08
17 18:21
33 15:09
89 18:16
96 17:45
4 20:40
18 21:11
75 17:27
58 23:38
89 14:08
2 23:52
20 15:39
87 16:43
53 15:02
7 19:02
6 18:47
79 17:21
57 14:48
82 21:13
40 18:09
55 17:25
67 23:53
30 23:45
34 15:36
70 19:56
71 16:43
13 18:28
46 18:31
80 21:44
36 18:19
1 17:49
29 18:18
79 19:51
52 19:28
96 23:14
24 15:35
45 22:47
71 16:37
53 16:53
66 15:31
14 18:55
89 19:01
85 16:46
77 19:07
20 20:25
67 14:20
75 16:26
21 14:49
82 21:21
39 15:26
16 21:35
91 21:46
41 15:25
96 18:02
35 23:39
61 19:22
7 22:36
50 21:54
3 18:18
90 15:02
22 16:06
8 15:21
44 16:28
11 16:17
98 23:14
95 21:21
37 16:44
45 21:48
67 17:25
22 14:40
53 14:13
53 22:03
44 17:43
65 16:35
77 15:36
52 14:44
15 15:39
57 18:05
80 23:40
15 18:37
11 23:26
31 15:04
20 17:20
44 14:37
88 20:26
65 16:22
10 22:49
3 22:16
0
