1000
87 285
2 257
72 280
7 3
51 272
20 163
80 172
11 283
67 112
86 95
99 283
15 27
81 193
39 93
45 97
15 139
12 189
43 12
2 21
22 204
63 36
30 280
56 21
56 101
3 290
3 227
23 206
38 255
8 256
78 60
31 246
60 204
60 151
79 22
45 116
86 283
86 249
1 192
46 115
40 238
49 105
59 131
70 92
92 239
7 23
22 185
86 219
48 297
99 242
78 42
95 58
89 84
95 193
20 265
25 214
86 83
10 274
59 51
29 197
31 109
7 206
76 273
35 262
46 68
4 159
3 1
69 35
5 45
72 73
45 149
66 282
66 288
65 169
65 72
47 80
49 249
43 133
10 75
26 289
34 135
91 82
24 177
10 43
25 168
73 44
59 231
60 283
3 163
3 14
10 225
61 106
64 273
59 120
94 123
98 217
76 5
53 279
4 153
15 146
52 217
27 284
14 248
60 289
39 82
15 285
59 287
31 39
71 27
5 270
94 190
11 2
52 151
54 2
7 130
39 79
8 278
6 19
62 47
37 235
57 112
6 114
74 8
76 215
13 47
39 272
80 295
55 132
90 236
97 90
61 51
99 43
64 273
53 202
19 52
92 166
61 86
16 180
53 58
68 273
20 31
89 270
82 270
72 3
34 288
95 272
31 68
62 182
36 281
20 265
2 267
81 194
3 158
28 256
87 112
45 155
35 141
32 292
66 224
62 210
44 263
3 92
39 49
57 204
59 243
1 300
89 141
15 267
52 183
30 298
4 259
92 139
82 232
43 18
63 76
86 122
60 210
46 218
82 139
4 157
51 162
25 146
29 65
67 236
54 6
24 282
63 98
92 274
5 21
12 19
1 158
23 239
42 240
60 2
16 157
78 156
12 134
71 33
34 243
28 23
78 5
11 135
22 241
83 144
24 186
96 180
44 14
82 37
63 93
84 247
66 239
43 155
20 87
49 275
81 160
19 186
69 183
38 175
72 77
57 205
47 234
33 214
83 65
59 124
77 270
34 183
22 130
61 76
40 274
15 173
48 107
15 18
25 36
55 68
33 72
71 244
94 166
31 42
48 78
41 179
90 134
36 284
6 53
42 144
84 110
98 15
77 256
81 119
92 161
58 171
29 141
65 159
70 244
70 251
63 30
41 251
52 109
83 51
4 276
58 22
80 72
2 108
42 60
9 53
96 209
12 192
80 73
6 212
93 27
8 272
18 144
26 292
69 112
50 67
38 212
74 276
41 98
2 114
53 78
10 159
15 264
93 158
71 170
19 136
64 231
76 292
2 252
57 158
23 26
42 106
59 284
73 240
89 154
83 11
13 82
92 42
75 39
48 51
20 11
19 2
36 41
44 84
7 202
49 73
84 155
50 190
19 128
68 287
2 104
68 100
62 93
49 15
50 237
33 5
12 256
11 116
39 28
57 244
54 283
11 232
99 240
64 296
33 93
59 257
2 298
90 101
36 38
66 87
63 58
78 41
64 274
58 288
23 64
34 216
93 62
39 1
32 276
84 24
19 269
69 262
63 226
56 122
6 25
22 245
22 266
53 267
90 280
13 31
19 46
35 36
45 255
24 146
99 255
19 222
56 195
83 250
39 232
11 86
6 138
83 172
47 150
2 7
3 30
88 261
38 69
94 19
63 151
43 4
59 233
81 94
60 184
4 4
36 286
43 143
40 110
5 191
42 29
10 144
52 33
50 230
10 117
48 106
61 253
67 151
62 59
93 131
75 230
97 45
73 194
79 255
70 248
5 27
27 248
68 276
80 200
23 294
14 211
84 257
25 141
57 262
100 176
84 274
14 136
49 197
50 151
88 175
97 73
23 44
38 150
46 57
66 227
93 276
6 189
88 84
34 176
28 219
47 289
58 88
19 186
5 120
55 214
45 42
85 279
54 6
23 235
45 160
88 251
29 274
66 162
88 119
36 161
25 104
64 165
89 54
35 41
33 210
52 38
67 250
30 81
18 113
50 235
15 76
85 123
98 218
14 259
89 245
10 176
11 70
91 32
32 243
2 72
92 234
57 203
77 241
65 28
93 72
36 275
12 219
1 203
54 108
94 10
35 135
70 17
11 241
85 278
41 210
29 164
99 261
34 249
72 81
12 90
48 56
75 10
95 187
8 131
41 218
26 206
9 82
91 153
37 276
84 156
85 62
86 243
61 32
31 217
60 288
69 142
74 209
16 252
69 66
46 124
28 287
14 232
72 259
17 235
28 205
77 45
35 228
83 51
75 88
44 170
16 230
26 172
89 47
88 214
10 94
87 113
43 26
14 230
87 101
56 192
45 258
33 117
71 92
86 108
96 8
17 169
28 169
77 281
97 286
1 167
33 96
99 103
1 116
95 110
63 191
16 227
39 272
71 9
83 54
69 172
69 7
11 268
22 179
76 147
31 113
49 175
98 215
54 113
10 173
39 76
12 232
6 124
87 219
58 184
61 233
99 253
66 204
68 17
99 194
49 261
79 218
75 67
3 85
84 207
36 85
83 122
89 249
28 147
56 275
80 134
77 7
76 170
46 188
14 296
2 192
15 88
52 127
3 198
85 188
94 125
33 39
8 242
54 150
87 101
3 247
68 44
40 202
67 156
25 215
87 139
8 214
30 110
87 37
72 252
58 197
46 88
49 33
81 56
45 67
56 173
76 188
70 296
66 31
74 282
13 49
13 52
12 47
46 182
43 47
8 142
78 200
41 127
85 225
13 10
3 248
33 91
46 246
49 101
46 61
92 104
7 285
95 195
8 169
47 109
37 95
46 238
37 141
76 250
36 216
2 182
47 128
24 64
10 77
19 228
76 282
53 218
98 225
88 258
64 242
53 202
45 251
74 147
2 51
14 278
56 42
27 43
98 132
59 43
87 237
75 275
98 197
85 37
31 39
62 27
30 115
12 53
30 124
96 26
49 79
82 278
82 174
15 58
91 268
40 160
22 54
61 105
53 201
17 80
13 36
36 113
19 24
40 198
16 194
64 237
63 230
10 158
84 22
76 222
96 32
30 292
14 191
38 71
32 139
75 148
2 224
10 61
94 157
53 222
48 41
10 31
32 157
25 75
50 96
69 255
57 72
60 290
24 181
44 123
93 11
20 16
50 283
100 38
84 189
28 80
66 185
19 88
19 139
50 160
27 213
34 10
31 155
28 254
99 128
72 239
36 68
76 240
35 164
74 208
100 282
47 112
61 13
21 185
65 103
79 193
88 257
63 29
10 138
93 261
12 204
30 295
38 52
36 288
54 52
44 63
20 218
51 267
86 250
65 25
45 64
67 162
93 248
61 255
29 130
51 129
95 185
71 53
47 253
86 273
33 103
42 60
100 130
21 4
16 256
48 73
48 59
70 168
61 177
14 253
97 120
62 297
67 118
33 147
18 16
84 282
20 77
12 78
69 74
63 95
84 263
48 187
66 76
44 190
68 105
95 121
61 95
50 70
73 285
38 33
84 41
49 283
19 170
19 62
63 221
55 293
82 271
59 157
98 123
9 253
16 296
88 182
46 86
39 274
16 104
20 61
12 12
36 193
57 114
69 182
57 137
68 189
21 183
60 298
52 228
50 123
94 18
30 88
16 212
53 208
89 195
97 213
83 164
63 298
90 8
23 172
4 196
41 291
74 273
74 23
45 138
53 51
53 39
35 88
74 150
49 252
8 88
36 97
80 127
81 237
59 225
58 60
95 3
48 252
4 251
11 103
65 223
35 190
62 267
73 221
32 224
13 163
12 74
53 215
32 107
74 55
68 209
28 168
27 42
92 231
28 130
26 270
75 201
45 46
52 77
54 59
44 82
98 40
1 184
79 33
3 169
57 146
72 168
7 246
75 121
77 104
57 125
95 89
44 113
65 66
9 182
48 167
99 156
25 231
64 55
96 142
100 165
12 45
88 117
86 242
16 231
3 23
24 290
2 115
51 86
77 142
45 66
30 204
100 133
44 229
13 223
31 299
40 130
86 1
87 142
64 194
6 86
38 117
56 47
87 232
13 134
27 279
93 113
63 290
20 118
73 101
83 228
64 283
42 122
92 141
34 229
99 4
72 152
82 297
66 90
2 20
90 191
93 292
13 147
93 9
10 3
27 95
3 181
23 6
3 283
40 269
16 67
58 3
83 46
35 248
94 276
83 256
13 174
85 41
20 291
11 238
88 68
21 204
56 196
49 72
26 110
7 233
10 52
57 248
46 275
94 201
35 208
46 239
91 59
49 30
55 274
61 49
18 245
37 163
51 123
68 250
88 19
37 130
20 211
32 26
46 197
89 132
78 153
91 70
3 170
92 44
81 96
99 240
37 117
86 256
88 47
21 99
72 78
7 263
69 246
63 217
6 290
81 129
98 282
34 103
70 19
90 211
19 289
33 109
89 257
48 76
54 92
64 75
39 210
87 148
10 59
82 129
23 20
67 25
100 169
40 228
87 173
15 101
81 293
19 11
25 58
99 293
65 285
70 31
53 224
18 218
46 223
37 103
37 69
37 295
7 160
87 261
1000
91 20:35
7 20:26
2 15:19
93 19:32
70 14:21
83 16:44
58 18:03
25 19:18
85 14:52
41 19:22
78 14:46
89 16:55
91 19:20
89 22:00
36 16:01
5 17:06
25 16:14
38 21:28
42 14:39
12 17:42
23 16:00
8 14:55
61 18:31
35 21:55
52 18:55
91 16:33
25 15:21
84 23:44
5 23:44
9 23:24
95 18:03
4 22:02
6 15:12
44 18:07
86 18:35
74 14:42
25 15:20
50 15:03
25 23:44
50 22:24
5 14:50
39 14:01
36 16:52
47 20:35
41 21:07
91 14:15
79 15:40
46 21:55
58 22:23
61 22:34
74 23:04
68 23:04
88 17:33
13 23:34
27 21:18
40 18:50
73 23:45
87 19:11
10 22:23
23 23:48
64 22:25
90 14:29
76 18:52
6 19:10
12 19:19
25 16:24
37 17:07
59 19:58
67 16:20
38 19:12
35 17:47
20 20:58
59 16:26
2 17:40
44 19:50
34 15:30
17 14:01
94 14:30
67 20:48
7 17:56
9 14:49
69 23:20
64 21:42
29 22:25
90 20:48
95 18:47
4 18:44
22 14:22
4 14:59
52 17:18
86 22:04
58 23:27
13 18:54
90 18:45
20 19:30
91 21:02
60 21:20
59 18:14
35 22:41
80 19:07
95 19:40
21 18:26
50 21:43
29 23:13
60 17:00
68 21:04
47 22:05
81 14:18
11 20:20
32 20:58
62 14:57
81 21:11
86 15:43
29 22:17
53 14:59
55 14:28
87 23:00
53 16:31
78 16:12
71 20:31
82 22:36
16 21:20
56 23:40
77 19:10
5 18:13
39 17:05
10 23:08
49 18:38
14 17:16
41 21:53
78 22:24
53 20:30
53 19:19
57 16:36
16 20:39
95 17:55
3 23:18
59 21:27
4 16:43
33 16:11
99 23:45
27 15:19
72 15:03
79 19:24
13 16:43
25 18:34
63 23:45
52 16:09
14 19:39
35 20:22
19 15:31
61 15:49
26 17:12
94 18:14
4 15:56
16 23:55
7 17:48
81 21:59
47 23:33
11 18:14
91 18:25
43 23:12
48 23:53
79 17:54
73 20:31
85 15:52
64 23:11
81 23:17
32 19:42
15 16:35
28 19:11
16 23:49
10 19:35
47 15:42
55 20:32
61 15:39
31 14:04
57 14:49
68 22:30
78 22:05
64 23:54
41 23:21
50 18:00
47 15:14
72 15:48
47 22:31
35 15:09
64 23:04
70 19:45
42 14:19
78 16:52
97 23:47
89 20:47
94 21:37
44 18:22
41 19:41
35 20:14
98 17:10
38 17:24
36 18:08
75 15:56
86 19:34
77 15:33
12 20:30
51 15:32
78 16:47
85 18:22
36 20:37
31 22:21
78 23:03
91 15:05
76 20:22
39 15:23
52 14:59
76 22:33
2 14:18
41 18:59
57 18:12
31 17:05
24 23:40
29 21:29
68 15:28
6 16:51
76 18:40
58 19:48
100 18:54
46 19:23
71 19:36
4 17:46
99 22:39
35 14:49
54 17:40
45 19:18
82 15:16
97 15:23
16 21:49
83 15:48
22 23:45
89 22:02
98 17:23
53 20:49
86 15:59
5 18:49
34 21:31
97 17:13
67 15:19
47 20:26
81 15:02
3 23:47
18 15:42
30 21:01
16 14:03
69 21:00
85 17:23
14 16:42
99 16:45
66 17:23
23 17:25
19 18:08
53 19:01
59 16:00
80 16:13
33 17:37
53 20:42
36 20:41
22 23:47
47 20:37
73 14:02
48 22:10
34 14:15
76 18:32
57 19:34
89 18:07
99 18:35
32 18:45
96 20:42
41 21:57
66 20:52
5 23:31
24 18:53
44 20:47
13 19:00
51 15:42
45 14:12
24 19:49
8 14:28
67 20:08
2 14:23
91 15:59
3 20:03
45 15:14
20 22:47
32 18:21
49 17:03
98 17:20
28 15:27
94 20:20
78 15:56
71 23:47
45 19:47
72 15:54
82 23:24
36 17:14
8 14:21
12 16:26
53 20:33
14 18:09
55 21:20
28 19:49
17 14:43
37 20:08
19 17:54
67 17:01
35 15:35
95 17:25
98 23:35
45 21:51
62 18:39
19 23:20
69 15:27
35 20:27
34 15:07
22 21:52
86 21:08
68 20:36
94 21:59
6 19:04
96 23:37
47 15:03
71 15:55
66 18:00
78 18:17
98 14:41
19 15:56
11 18:05
92 15:21
80 14:27
30 16:56
6 17:55
82 18:37
96 23:21
69 23:21
80 22:07
74 17:36
61 23:02
34 22:23
48 21:56
43 18:09
32 22:42
25 14:20
1 20:03
1 20:24
13 23:16
58 18:27
98 15:43
22 18:56
66 19:10
92 14:22
55 17:22
51 17:33
73 22:07
40 17:27
71 18:42
99 19:13
86 19:46
48 17:00
28 18:40
3 22:42
67 14:20
32 20:19
48 19:32
69 23:01
67 18:41
85 16:54
20 20:46
10 22:57
92 18:53
4 16:55
80 18:33
36 17:19
73 16:17
24 16:24
29 16:25
52 16:05
57 23:24
66 22:26
71 23:50
73 20:30
38 16:53
30 23:55
23 14:21
11 18:58
34 15:24
41 14:46
18 14:54
57 18:50
13 22:57
21 14:13
27 14:50
51 23:00
33 21:47
74 19:52
97 23:53
93 22:40
48 15:23
81 17:45
31 15:00
34 22:28
50 22:08
60 20:10
10 23:01
82 17:02
33 17:04
39 23:18
71 23:14
88 18:49
51 19:13
70 22:55
55 23:55
40 23:38
48 17:10
84 19:54
73 21:35
71 23:07
73 22:10
42 21:34
47 16:09
78 22:45
70 21:23
42 15:45
1 17:05
32 20:27
80 14:57
60 14:08
92 14:17
76 22:09
92 23:39
89 20:06
100 19:01
34 15:14
38 19:52
63 15:35
39 17:35
99 16:44
99 17:07
62 15:54
12 16:40
65 19:34
60 19:39
58 15:15
17 20:07
8 22:41
44 18:48
43 16:11
85 14:10
80 18:48
22 19:12
67 15:05
54 21:27
76 17:13
69 23:54
64 23:16
25 18:20
52 14:37
38 16:32
39 19:13
57 15:41
28 15:31
73 19:02
58 19:21
64 18:47
83 22:38
9 15:34
63 14:09
86 15:02
25 22:20
3 16:51
6 19:39
83 20:26
45 21:41
67 17:11
11 15:16
69 17:07
8 15:29
23 22:13
13 19:00
56 23:39
100 14:14
90 16:49
89 23:04
16 23:21
78 14:52
66 17:41
53 22:00
23 19:07
41 22:37
10 21:40
46 23:43
64 15:30
73 20:16
45 21:42
86 19:40
9 15:36
72 19:44
97 16:18
86 23:21
86 14:39
48 20:21
98 18:21
66 22:28
68 20:42
86 15:01
36 16:41
84 18:18
11 14:58
25 16:17
32 23:16
20 21:06
29 22:12
49 21:07
72 15:49
27 15:43
28 17:53
65 18:59
74 17:26
67 19:32
71 19:22
42 18:08
57 16:08
29 23:47
70 17:33
85 14:33
47 21:15
24 16:26
9 14:14
37 19:03
92 22:37
15 20:09
62 22:12
38 16:42
50 19:01
18 22:47
36 21:13
19 17:00
52 23:33
21 17:15
24 18:23
89 15:55
67 18:20
4 19:53
36 14:20
54 18:49
48 16:31
53 20:45
99 17:33
63 18:10
51 21:28
6 14:03
62 18:28
79 18:18
49 17:57
92 17:58
82 23:21
90 22:55
36 16:46
1 23:49
51 20:05
70 18:32
98 18:38
11 14:59
11 19:56
49 23:47
45 16:53
22 21:26
1 15:12
64 17:28
13 23:48
47 20:24
7 21:29
86 22:45
77 20:13
19 14:01
89 18:05
100 22:03
78 22:42
56 15:28
23 21:22
86 15:40
8 14:34
56 17:12
3 17:30
64 22:41
48 16:58
84 15:22
56 19:41
27 22:24
82 14:53
66 21:20
72 17:59
75 20:47
65 17:52
88 15:55
55 17:41
84 14:36
18 16:24
27 16:52
33 16:22
22 16:49
1 15:49
72 20:40
40 14:56
79 17:36
57 22:23
43 17:53
16 16:10
13 19:00
74 14:41
7 23:28
46 21:50
98 17:08
2 23:48
87 17:10
86 18:49
26 15:29
25 14:13
40 21:35
64 18:01
24 21:39
75 18:45
52 14:58
26 16:13
77 23:43
31 17:20
77 16:21
29 17:41
31 18:33
54 22:36
24 21:03
80 20:52
80 18:58
16 18:32
54 23:21
88 19:52
89 17:43
55 23:35
63 20:11
98 19:34
79 22:33
65 23:16
94 22:02
59 17:59
73 15:49
78 21:03
86 15:38
87 16:27
72 23:17
73 19:29
44 18:42
31 22:13
53 17:39
86 20:55
74 15:18
51 16:40
47 22:54
82 20:36
22 20:16
17 18:40
27 21:36
52 19:59
57 21:18
8 22:29
70 20:15
72 20:19
36 14:22
34 16:57
78 15:01
35 17:15
87 21:16
98 19:52
25 23:52
62 18:48
89 18:55
74 16:25
45 17:21
61 14:34
53 16:41
31 16:49
62 16:15
30 23:51
28 16:23
28 16:43
39 15:00
72 14:34
65 18:21
2 17:39
73 23:16
57 18:46
55 22:11
23 16:56
26 20:14
31 19:30
22 19:35
3 17:21
80 17:32
71 17:13
11 16:01
6 20:16
64 19:42
77 23:16
72 17:56
60 19:13
68 14:42
62 18:00
80 18:22
52 19:03
88 15:00
62 17:57
45 16:04
92 16:55
40 15:00
90 17:06
45 16:43
47 15:21
25 21:46
3 19:16
71 20:39
84 23:58
64 20:24
41 18:19
57 22:01
100 15:20
98 16:17
94 22:39
64 14:22
64 16:15
43 18:15
60 14:36
53 20:06
56 17:32
14 16:40
78 23:55
92 22:22
49 19:10
70 14:23
39 18:12
40 19:59
4 18:27
69 14:25
6 23:36
61 17:53
64 16:09
35 22:38
92 17:20
61 18:14
60 15:31
67 18:31
69 21:09
94 15:15
83 21:01
7 16:18
4 23:21
55 14:18
83 19:00
31 20:19
22 17:27
10 16:26
7 15:20
46 22:14
39 17:20
56 23:04
12 19:55
76 17:16
53 16:11
69 15:30
76 17:46
13 17:35
59 23:12
88 22:08
22 23:35
97 14:45
3 22:11
89 20:52
55 18:32
54 19:51
60 23:12
94 20:03
24 22:11
42 20:22
9 19:48
13 15:41
37 23:36
42 22:25
33 14:27
29 15:56
56 20:47
95 17:09
85 18:21
4 14:17
32 18:21
89 19:55
24 14:58
96 16:44
59 20:58
51 15:14
30 22:19
46 16:31
5 20:40
28 19:36
97 23:19
64 21:27
18 21:05
2 15:44
79 14:56
97 19:04
55 23:27
93 19:42
3 21:01
80 14:49
78 15:43
72 20:48
12 18:23
61 17:58
2 20:03
25 20:46
64 21:34
11 21:29
23 19:56
76 17:22
2 23:22
7 22:49
92 21:28
92 18:09
80 22:19
63 23:24
60 21:54
22 21:54
26 22:13
12 15:14
80 18:54
63 19:12
17 19:23
89 22:11
52 22:54
95 20:37
77 16:35
73 21:14
74 14:58
93 22:53
44 15:20
65 21:37
78 16:59
67 17:55
48 16:30
20 15:41
80 22:12
60 16:55
17 22:22
14 17:53
37 19:18
81 22:47
5 16:59
65 16:24
86 18:26
87 17:20
58 14:52
35 21:56
95 20:22
89 15:08
68 19:20
74 14:55
33 18:06
15 21:39
64 14:38
34 15:05
69 21:32
40 20:59
57 18:24
86 15:32
3 19:29
48 19:31
91 15:22
87 19:03
32 23:23
51 23:20
75 20:15
56 14:49
61 18:25
40 15:49
97 16:50
33 15:34
97 14:02
26 16:58
14 14:13
4 14:03
62 19:29
31 17:18
54 18:32
71 21:43
65 23:27
100 22:09
72 22:24
88 15:23
9 19:16
99 21:38
64 16:57
55 20:18
28 23:03
81 17:07
28 15:08
87 16:36
87 19:55
4 16:11
100 19:47
29 19:09
29 22:52
98 14:04
96 16:17
84 15:58
47 20:30
68 23:00
55 15:31
48 15:33
59 16:56
20 21:44
62 22:30
3 23:03
57 14:16
87 18:28
53 21:45
11 21:36
48 15:53
24 14:56
34 14:52
62 19:56
3 18:04
11 18:30
32 22:33
56 22:40
42 19:59
47 21:41
17 18:00
49 22:34
12 23:49
84 17:05
80 23:44
60 21:36
8 15:46
34 14:40
36 23:39
69 18:06
61 19:47
68 16:27
63 22:30
23 15:20
56 17:19
46 20:38
36 16:53
23 15:25
17 15:59
12 17:42
54 23:27
83 23:55
46 14:45
8 20:41
34 19:34
52 18:20
95 15:31
99 16:56
93 22:17
25 15:19
69 21:17
85 16:50
100 21:46
22 18:08
92 17:04
1 21:46
22 20:00
26 18:30
61 20:00
34 16:14
97 21:59
93 14:48
72 18:07
45 18:42
5 14:19
71 14:49
42 17:58
44 15:30
100 14:48
74 15:28
80 18:23
36 15:24
72 22:02
96 17:31
39 17:42
52 20:14
37 22:52
67 16:52
82 14:17
28 22:11
1000
60 227
35 210
55 23
55 9
69 270
76 227
82 25
13 165
66 244
33 52
92 198
86 29
37 138
54 294
70 252
21 198
54 173
23 263
51 283
98 135
43 115
18 145
93 296
13 218
6 256
41 39
89 65
40 148
90 97
62 66
75 242
13 237
62 189
73 293
27 186
37 230
1 191
30 129
26 116
98 181
36 222
28 18
58 42
34 177
27 33
35 284
25 242
38 71
29 287
91 84
70 43
48 122
95 92
35 116
57 105
46 28
73 198
62 130
82 210
73 23
89 229
45 253
38 250
50 33
10 103
11 198
93 4
60 100
54 260
88 249
49 146
16 190
41 28
47 26
34 21
71 54
56 20
100 56
24 7
84 122
66 193
3 209
68 187
47 11
78 125
15 184
91 164
51 196
71 79
84 234
13 59
97 103
15 31
73 258
83 288
87 294
32 28
70 236
18 181
3 203
74 5
3 222
26 287
9 101
36 100
7 98
8 184
68 25
62 6
66 129
72 71
29 38
85 137
44 212
95 10
66 13
91 201
72 10
59 43
65 189
83 295
81 71
30 51
15 108
98 9
84 23
7 102
89 133
41 168
89 276
9 202
94 176
53 172
10 236
81 132
7 5
97 56
75 184
52 93
85 201
35 220
64 104
91 134
99 223
23 21
5 148
89 289
58 252
87 260
33 172
45 190
39 288
41 159
15 77
34 142
76 79
20 210
72 142
88 55
3 44
64 284
56 28
94 102
45 2
65 59
61 63
90 56
17 274
48 200
35 7
59 234
31 46
46 200
10 295
84 121
65 297
67 160
70 93
70 182
93 41
64 154
10 236
49 239
9 259
62 230
61 205
3 105
77 171
77 102
9 191
56 260
93 273
13 46
75 262
85 33
53 149
4 181
28 192
78 251
67 168
30 118
55 47
100 266
60 177
52 244
68 4
39 167
83 297
53 86
99 36
36 235
93 103
76 192
63 113
56 40
91 220
76 120
76 290
3 262
71 56
15 6
17 24
91 43
7 115
16 280
2 157
74 32
29 137
81 299
27 25
88 58
65 196
65 280
52 232
31 141
18 288
55 123
55 282
60 292
26 142
70 48
41 284
77 207
61 49
59 61
37 268
33 224
90 102
69 225
39 52
18 87
57 122
32 152
6 255
87 254
10 183
86 193
74 46
74 182
69 67
89 27
99 121
44 267
76 12
64 205
92 171
92 256
61 29
81 134
34 130
36 169
16 72
16 177
59 225
92 43
17 142
59 165
59 12
28 11
20 22
4 22
5 159
42 203
84 178
43 194
31 207
26 152
81 4
49 10
82 76
44 219
85 222
34 163
59 113
54 288
39 126
16 197
30 159
8 58
63 63
33 183
89 230
70 184
59 103
49 257
65 235
69 169
66 87
82 261
9 41
78 266
55 278
98 206
53 264
25 15
18 242
76 200
32 56
3 285
20 190
19 69
94 46
61 295
6 6
46 186
79 190
79 80
14 30
26 8
95 8
17 11
18 203
68 64
84 184
18 175
79 176
4 52
55 2
8 163
94 146
43 219
11 103
29 72
43 88
18 21
8 37
66 213
77 124
80 284
33 95
30 214
39 37
24 296
67 39
87 78
43 235
32 60
44 193
57 184
81 162
23 243
40 111
10 163
97 47
56 120
36 75
48 229
14 209
2 178
78 135
30 84
7 230
46 29
14 226
83 197
86 51
76 95
12 197
45 203
24 144
49 284
43 130
4 186
3 157
74 130
72 84
64 89
60 246
20 166
25 241
51 258
65 16
78 53
34 211
92 147
60 77
87 76
76 104
17 251
86 172
45 168
29 21
38 177
57 163
39 162
77 91
91 121
38 216
8 109
56 113
94 8
80 40
1 15
17 155
35 129
27 11
31 164
97 31
55 63
1 22
87 99
38 39
66 176
9 99
84 42
24 72
20 9
47 289
100 42
84 121
96 28
70 121
87 37
88 36
48 268
14 90
59 7
76 93
54 80
98 281
62 254
52 203
94 69
7 270
32 281
27 114
57 223
75 46
42 69
14 279
68 16
63 99
24 7
23 141
95 197
73 135
79 263
15 202
67 147
19 97
84 44
28 260
5 64
18 90
31 286
51 237
96 167
32 37
57 34
75 280
87 291
86 64
71 210
56 205
12 273
91 205
20 231
34 229
14 97
59 22
99 136
43 8
100 285
57 93
7 18
97 185
47 98
70 33
21 187
53 229
24 77
15 31
77 57
57 4
48 79
7 1
98 193
99 263
71 69
50 14
33 1
51 80
89 253
71 164
18 237
13 169
92 228
63 2
31 232
9 78
100 230
48 252
83 176
25 218
26 257
11 9
64 49
30 194
13 233
22 48
53 30
76 266
96 29
59 174
1 10
34 222
14 277
55 257
22 260
95 102
72 219
20 281
71 12
31 6
47 182
36 30
99 16
14 135
3 122
7 231
44 236
76 184
29 250
85 30
89 274
47 90
6 63
73 130
4 294
76 104
70 148
75 156
32 232
99 172
73 217
28 154
95 41
43 28
74 147
72 111
93 134
19 130
51 239
15 80
76 121
59 289
58 247
17 29
67 38
35 217
24 163
24 82
91 243
75 191
32 37
70 202
93 8
13 255
20 294
4 256
17 235
71 172
8 198
56 149
64 177
58 291
29 108
12 219
48 12
80 292
48 192
46 101
46 15
99 104
80 211
86 273
95 202
32 241
8 295
34 276
52 283
69 89
87 172
61 262
85 273
30 92
53 188
83 131
91 133
12 29
93 247
83 207
17 136
65 33
69 160
42 99
7 238
2 252
19 146
85 134
30 266
30 198
40 200
15 81
34 220
84 194
76 126
37 267
32 174
92 259
96 126
20 38
72 179
90 166
40 124
18 191
88 191
82 294
89 145
89 62
27 157
83 44
3 144
38 152
96 7
64 243
12 224
92 167
68 98
66 97
84 32
7 146
67 296
55 244
39 76
37 86
27 212
37 295
74 297
56 90
4 45
1 21
38 92
93 96
91 171
92 121
47 139
47 210
82 16
54 189
87 43
3 122
66 4
78 81
44 252
82 74
28 114
87 206
13 100
81 192
39 61
66 56
46 113
84 19
94 76
42 148
16 70
15 36
47 75
70 44
94 114
15 119
45 267
70 157
2 157
92 152
91 285
50 204
25 125
13 174
99 116
18 253
7 155
53 91
83 15
5 171
60 123
9 141
7 4
34 179
29 211
8 198
61 248
38 173
47 253
42 233
36 232
84 244
91 292
41 172
62 105
79 30
5 123
99 80
73 181
28 183
73 74
98 253
6 204
57 185
37 39
31 55
17 8
35 178
29 14
55 97
74 113
84 298
45 94
33 105
44 174
62 97
3 34
78 162
57 293
99 74
74 200
88 253
95 43
66 251
36 25
19 277
58 154
13 262
57 151
79 215
24 142
17 125
82 242
80 167
51 117
88 83
31 252
37 241
34 59
75 73
17 197
42 84
52 38
20 291
9 15
49 203
95 102
38 216
27 291
53 39
35 86
16 37
36 119
14 26
97 298
53 66
72 142
74 155
41 55
99 263
56 74
75 20
48 254
67 197
13 209
91 242
26 237
3 35
40 188
11 241
29 221
96 297
52 235
25 17
44 82
36 200
47 88
70 50
41 54
82 240
41 160
76 37
19 27
5 289
87 56
28 148
45 275
28 143
2 62
77 94
62 287
53 205
53 253
60 169
79 274
21 262
67 212
66 179
79 61
42 291
10 219
54 73
34 262
6 58
93 241
68 139
62 286
68 223
35 1
90 182
5 41
62 58
6 132
7 248
50 2
2 42
1 245
55 36
28 300
88 12
82 125
16 131
57 150
35 213
49 99
53 256
36 4
8 300
94 30
90 25
11 32
33 89
7 70
48 147
30 298
27 17
20 73
55 278
66 273
73 43
2 20
55 51
31 95
67 40
29 148
90 281
19 17
24 56
69 66
2 216
52 48
47 128
48 215
100 185
82 261
62 226
30 272
22 124
87 102
38 107
60 199
97 148
69 179
53 48
47 44
96 183
79 98
1 213
98 281
15 215
37 15
54 89
91 299
60 126
43 297
63 8
34 99
18 90
66 123
37 144
96 117
61 174
39 280
7 20
57 72
16 128
6 151
29 68
66 280
91 33
48 139
41 196
17 267
41 64
53 44
57 237
92 233
11 219
63 145
83 174
38 260
63 76
1 172
67 111
62 137
86 22
22 174
72 34
33 60
2 253
15 24
59 97
72 12
73 137
60 2
47 142
44 17
36 112
48 136
48 279
9 88
97 60
56 36
25 130
63 171
21 238
80 25
57 74
60 42
26 45
78 275
49 240
4 54
63 175
72 117
16 7
59 122
59 43
23 242
98 4
15 158
34 126
43 4
94 95
71 282
96 54
72 276
68 92
65 253
52 174
12 280
15 248
93 35
58 163
62 99
20 189
84 289
57 21
12 33
77 297
46 93
26 68
70 5
19 103
40 28
95 108
10 141
90 60
11 223
93 173
58 97
23 292
22 98
90 51
1000
37 16:24
20 23:04
48 15:50
72 15:50
45 23:25
84 17:15
24 22:59
100 20:24
50 20:27
47 20:17
72 16:13
80 21:00
66 17:16
36 20:50
11 22:42
18 17:34
3 18:30
62 18:19
66 23:22
42 21:08
5 15:55
38 14:26
42 17:58
24 15:04
93 14:38
27 17:25
60 14:27
15 23:41
51 16:25
53 21:19
49 16:55
67 18:00
41 23:37
43 21:16
44 21:38
92 14:08
69 23:00
93 17:05
42 17:01
5 16:46
3 18:38
71 23:33
81 18:50
83 18:38
52 14:19
68 17:54
96 17:30
87 19:28
17 17:19
35 17:26
85 14:46
27 14:06
30 14:40
93 21:59
59 17:45
65 20:24
51 21:19
81 23:31
100 19:31
74 16:01
15 22:29
7 22:00
1 18:38
72 14:13
43 17:37
78 18:42
49 14:48
65 16:11
51 23:59
46 15:15
22 20:54
6 19:36
86 19:54
67 16:15
40 14:30
69 18:49
57 15:03
28 20:14
71 23:31
68 14:17
36 18:03
40 16:10
85 19:46
43 14:12
73 14:53
92 23:59
18 22:06
82 23:45
27 14:13
60 19:50
11 20:44
28 21:43
40 17:23
53 14:27
3 17:17
33 16:22
52 20:34
25 22:05
1 22:40
46 23:37
44 22:30
40 14:45
20 23:01
91 23:54
71 22:26
31 14:44
49 21:19
96 18:05
64 14:33
8 18:40
21 21:03
45 15:54
58 19:38
70 20:56
96 15:29
8 15:45
51 20:33
92 16:09
31 23:11
87 23:54
17 14:11
82 23:33
15 14:10
59 17:02
36 15:51
80 23:18
100 16:51
27 14:02
26 18:10
37 16:28
91 19:08
79 20:30
54 18:09
89 22:07
40 15:13
1 15:12
78 15:39
12 17:05
29 16:13
63 22:20
41 20:13
21 15:45
45 16:47
86 20:38
2 14:34
63 20:35
33 19:32
57 16:35
90 16:57
100 18:47
63 19:36
81 16:07
34 14:27
53 15:24
62 22:17
63 17:36
99 22:02
87 16:45
15 23:47
12 14:21
72 22:37
81 14:29
59 18:37
88 21:23
3 14:05
27 17:27
71 15:49
91 15:32
44 20:41
37 23:44
15 17:19
94 23:59
73 17:07
62 22:17
27 23:53
44 19:28
64 14:42
17 17:28
97 23:10
71 21:01
8 20:59
40 21:41
93 22:20
43 22:07
5 15:53
28 22:35
75 21:10
14 19:37
67 23:42
30 16:27
57 18:03
34 18:00
79 22:36
5 21:08
62 21:59
81 20:18
30 22:49
69 20:14
48 19:37
33 23:21
88 14:02
22 21:38
91 21:32
26 23:04
26 22:39
7 19:42
36 19:07
86 18:43
60 15:30
72 23:22
99 19:55
48 19:49
1 22:00
84 21:07
81 17:04
37 14:14
74 21:41
79 15:52
66 19:14
46 15:47
2 16:10
77 20:35
84 16:03
52 18:04
25 23:13
45 23:10
39 23:42
83 21:50
92 17:34
79 23:29
27 21:59
83 23:40
14 16:48
95 15:20
29 14:04
77 14:55
54 18:57
52 22:54
18 22:39
33 15:15
59 15:54
86 14:45
39 18:02
42 14:23
15 22:52
56 16:52
43 21:50
11 14:10
37 22:45
95 22:25
64 16:37
1 19:20
15 17:08
81 23:47
6 21:49
43 18:11
96 23:10
86 18:35
78 20:35
1 14:08
91 17:54
42 17:51
12 14:50
13 15:00
42 22:32
69 21:43
46 17:41
85 19:33
24 16:22
74 20:21
43 21:15
83 16:30
8 14:17
37 23:21
97 21:04
16 22:28
48 17:00
65 22:14
40 18:13
30 17:12
38 16:24
10 20:03
76 18:48
78 15:57
30 20:46
44 14:14
14 14:47
34 15:32
70 18:43
27 19:58
55 14:04
27 17:39
85 19:56
53 22:14
24 22:19
16 16:22
9 21:14
75 15:22
45 14:39
74 16:27
21 16:59
68 16:59
26 18:06
90 22:18
39 19:36
48 21:34
5 20:13
54 18:26
79 23:08
66 14:04
18 18:20
40 18:00
74 22:20
18 21:53
66 14:47
86 14:46
24 18:55
20 16:32
48 21:53
32 16:41
71 21:28
20 16:29
59 18:01
70 20:31
45 20:18
96 20:16
34 23:24
27 16:18
34 20:30
93 16:08
10 17:46
10 17:24
44 21:12
10 20:05
36 19:52
89 23:05
1 17:17
63 15:17
80 16:06
57 20:06
40 21:46
67 21:32
7 23:45
8 15:57
56 21:58
87 22:44
42 17:04
55 22:33
24 22:47
45 15:56
37 16:38
36 21:45
37 16:35
65 23:42
29 23:54
52 20:18
28 15:08
3 17:54
30 16:24
70 22:41
21 17:23
19 18:35
46 19:16
15 23:01
13 21:05
64 18:41
88 19:47
32 18:40
29 16:16
74 16:49
85 19:54
40 21:46
12 21:39
25 21:31
87 15:30
79 22:46
13 18:00
39 15:44
33 18:46
32 14:25
38 23:03
5 14:06
20 21:54
19 21:27
62 19:46
79 20:44
21 21:30
83 18:02
36 14:01
55 15:46
17 23:08
18 18:10
23 22:27
66 19:37
3 21:57
60 15:09
96 21:08
39 17:08
50 21:35
20 16:29
2 21:58
58 15:01
100 22:14
35 14:15
89 23:16
46 20:15
84 16:16
19 16:40
19 21:50
80 15:41
49 18:18
9 14:10
26 15:04
70 15:06
89 18:15
75 15:53
85 23:12
96 23:11
43 19:20
22 18:20
95 23:03
51 19:50
13 14:56
93 17:41
10 15:42
97 16:46
51 15:07
65 20:15
9 15:15
98 20:22
38 21:25
72 23:25
55 16:20
6 15:11
26 17:15
26 18:50
53 22:25
88 14:34
16 17:03
6 16:26
8 23:10
97 19:49
84 18:45
34 23:54
65 16:30
91 17:40
20 15:36
15 21:37
31 22:36
34 23:07
84 21:14
42 15:13
40 18:54
7 16:41
60 23:37
69 19:45
36 14:45
60 21:02
9 14:31
35 14:17
89 19:02
49 19:47
52 20:06
56 15:47
69 21:47
94 20:15
10 19:38
14 23:24
4 15:29
91 20:42
74 23:31
75 17:19
55 16:25
62 14:47
82 15:36
36 16:21
82 18:36
72 22:56
6 20:22
31 15:51
38 16:05
29 16:08
51 21:38
34 23:16
64 20:37
87 19:18
9 17:33
34 16:22
36 19:36
15 15:49
46 22:22
89 16:41
19 16:23
57 20:18
77 23:45
56 14:33
78 23:12
15 15:32
48 19:28
46 22:15
84 15:19
77 18:29
74 16:40
71 21:03
56 21:14
64 21:51
69 21:55
94 17:41
17 19:05
66 22:34
86 19:34
99 22:12
68 16:22
27 18:23
32 17:21
74 20:36
1 21:54
8 21:17
33 18:33
94 23:05
99 20:48
47 15:06
80 21:30
99 23:22
67 18:50
64 20:23
12 19:06
77 16:01
97 20:06
43 16:53
24 21:26
58 23:12
27 18:17
56 14:08
77 15:07
92 19:57
56 19:07
5 21:47
59 16:11
68 20:37
98 16:15
76 14:46
88 22:35
16 20:47
92 21:33
34 15:27
35 19:51
86 17:44
77 14:47
33 18:37
18 14:59
71 17:51
59 15:26
15 23:24
13 14:09
49 20:51
17 14:24
64 20:50
73 16:22
33 14:08
58 20:18
72 16:40
2 19:41
30 20:35
12 17:15
83 21:32
29 23:56
52 18:43
49 22:40
11 17:43
43 21:26
38 21:21
69 17:46
54 14:09
52 20:30
57 18:13
3 14:25
29 22:22
17 20:02
10 22:46
95 22:54
46 14:54
38 18:39
72 16:11
6 21:04
67 17:41
100 20:09
47 18:01
6 17:30
4 17:11
97 15:13
30 22:12
78 20:21
77 16:41
31 21:53
31 15:10
35 18:35
98 19:56
28 14:45
50 19:38
81 23:21
18 14:27
65 20:13
1 15:32
55 21:57
4 18:51
71 15:39
14 18:42
7 20:04
17 21:47
17 15:17
7 23:14
80 22:25
11 16:05
44 23:50
53 23:04
7 17:44
31 15:26
74 14:43
78 21:20
17 16:11
77 20:15
30 22:56
52 17:10
87 18:04
51 16:19
74 15:07
7 18:17
13 15:09
25 19:04
18 22:34
99 17:24
16 20:52
12 19:11
54 21:32
68 23:26
31 16:32
10 17:39
19 19:06
100 18:48
94 14:16
80 19:52
91 19:26
16 20:14
66 22:55
45 15:46
9 16:30
19 21:06
83 18:57
24 20:36
22 20:37
45 19:42
50 14:54
25 15:31
74 22:09
65 19:23
71 22:57
37 21:26
47 14:06
97 17:47
40 23:19
73 19:19
29 16:05
96 21:22
60 19:35
35 15:39
85 20:50
67 16:40
94 22:41
77 14:36
23 23:13
37 21:37
7 15:04
52 18:06
79 23:58
29 18:20
79 20:31
79 16:58
19 17:52
60 18:12
4 15:51
41 16:37
11 20:07
4 19:36
58 18:41
14 23:49
80 20:08
23 22:48
93 19:54
90 20:19
15 15:55
78 17:59
98 15:58
29 16:22
7 23:17
90 23:15
79 16:16
6 18:03
54 18:17
78 15:29
82 18:11
56 21:23
56 15:00
7 14:53
34 15:14
84 22:38
38 22:46
55 21:33
22 14:48
61 16:15
80 19:50
14 19:54
56 14:54
94 18:34
96 23:04
92 14:01
75 14:59
19 23:37
81 23:36
93 16:40
38 21:20
25 15:54
24 18:15
19 19:38
51 19:26
69 17:36
15 22:49
44 14:16
16 21:12
97 23:04
5 15:16
30 22:34
57 18:19
52 16:10
43 17:53
1 21:38
20 16:58
76 19:05
7 23:11
16 14:30
20 21:52
55 16:37
79 23:40
73 21:12
78 20:11
79 22:50
10 14:40
28 18:18
19 18:50
1 19:50
60 15:45
95 19:00
37 19:13
63 20:29
8 22:16
37 14:08
77 16:37
50 18:44
65 22:44
75 17:15
67 15:15
65 19:03
63 21:52
34 20:04
62 23:46
15 20:38
29 18:53
96 22:36
52 21:51
13 16:33
10 16:09
90 15:17
75 15:27
14 14:37
21 18:17
7 17:38
55 22:17
45 20:25
7 17:41
16 22:28
25 14:43
38 23:51
16 16:13
98 19:04
38 15:58
50 15:56
15 21:32
31 19:17
42 16:49
11 20:05
54 14:36
9 23:21
45 18:40
12 22:38
74 20:40
86 14:46
89 15:46
51 22:57
37 17:24
50 20:50
6 22:07
30 23:35
19 23:04
100 14:24
45 14:35
33 20:18
92 14:57
6 14:10
22 21:13
55 21:47
22 21:25
44 21:53
78 23:33
92 23:35
36 22:17
85 17:51
9 16:28
9 18:37
75 17:17
18 19:23
93 16:59
8 21:28
60 17:34
32 21:24
9 15:17
60 18:04
64 16:33
66 18:44
83 16:07
43 17:46
44 17:27
77 19:58
38 20:31
75 19:19
91 20:49
87 19:57
1 18:51
28 16:10
66 15:32
9 19:17
34 14:35
53 17:58
75 21:39
49 23:37
77 16:55
75 14:31
17 16:37
24 21:38
30 20:12
16 23:19
70 17:07
28 22:17
26 19:24
17 22:06
13 19:08
39 23:40
71 15:23
17 19:03
13 23:09
35 21:46
35 19:00
95 16:12
72 18:25
68 20:07
25 18:04
84 16:22
33 23:47
10 22:27
32 14:24
99 19:17
94 15:24
40 22:05
30 19:25
71 22:19
66 20:35
17 23:01
41 22:44
45 17:27
45 23:28
3 14:21
70 22:04
31 16:28
31 15:13
15 15:15
90 23:58
94 15:50
61 14:25
11 14:52
27 22:45
33 16:54
11 22:28
4 22:59
21 19:11
28 14:01
99 14:21
68 21:58
22 14:36
74 16:49
1 15:51
9 17:05
76 17:51
59 19:10
17 22:18
36 14:01
59 22:11
22 22:57
16 18:07
86 23:03
5 22:35
48 20:52
19 15:32
55 16:25
76 17:30
63 19:51
6 22:10
42 20:10
11 17:06
80 18:56
62 19:02
46 20:13
90 14:45
50 21:10
4 19:56
5 22:09
1 20:52
9 18:14
48 14:38
36 15:40
37 18:11
79 16:14
35 15:31
44 21:21
23 15:20
42 15:53
53 14:37
55 17:04
27 14:04
1 20:18
60 19:23
12 16:08
54 20:21
47 22:37
55 20:03
31 17:38
80 15:24
71 15:51
96 19:11
94 17:18
75 21:36
30 14:09
34 21:03
58 15:36
50 15:09
55 20:15
87 15:43
46 18:24
52 22:53
26 14:39
95 16:15
48 17:46
94 17:30
50 23:45
24 22:32
87 19:18
76 23:27
62 15:59
8 21:10
35 19:45
53 18:32
24 14:15
50 17:14
29 22:15
22 14:37
50 21:11
53 19:38
35 21:23
67 21:13
63 17:20
11 16:52
69 14:27
10 23:52
20 21:48
36 15:00
78 22:08
25 17:13
52 20:46
68 18:14
60 21:30
32 22:23
15 17:20
33 22:40
64 15:27
34 18:49
88 15:00
74 18:24
31 15:32
28 21:19
19 15:26
69 20:21
100 14:07
1000
73 193
51 133
54 114
59 143
92 209
85 15
66 154
51 270
67 288
100 168
53 299
17 42
94 25
7 148
16 47
55 70
39 146
98 170
44 50
58 269
52 279
60 54
37 146
96 168
48 155
42 294
44 177
51 193
13 265
27 229
9 43
20 271
75 157
99 271
61 209
5 12
68 244
33 104
25 188
47 190
30 268
88 168
1 10
73 222
61 198
61 48
3 91
51 288
38 81
95 20
22 126
100 113
5 102
66 64
31 286
69 223
44 158
81 127
71 1
71 88
57 46
52 210
46 153
53 67
96 259
95 246
2 278
55 242
66 3
53 42
14 285
8 247
24 210
57 290
56 192
85 76
90 54
76 162
76 187
80 58
52 56
1 88
66 37
34 165
32 119
52 162
91 1
62 75
78 64
88 17
81 225
100 28
95 253
9 269
86 31
38 201
55 217
19 230
33 150
14 10
55 140
89 157
34 82
5 210
27 144
78 184
29 249
86 223
45 261
92 66
31 215
9 62
24 13
52 105
84 99
21 64
62 44
55 5
42 15
99 116
27 62
32 76
76 180
60 58
20 80
31 73
16 248
31 175
88 163
35 116
55 70
33 243
86 229
69 129
67 257
87 58
9 281
48 56
88 206
59 35
39 35
31 118
80 101
51 196
82 274
70 151
73 117
40 159
70 277
25 198
59 37
24 23
77 86
95 233
50 215
29 77
66 102
64 74
9 224
36 143
83 43
24 74
86 97
84 117
27 25
6 122
15 148
88 227
49 50
74 157
13 134
4 104
70 113
67 292
19 27
36 34
39 182
61 94
39 173
87 252
81 228
100 28
66 25
66 282
74 258
79 94
75 260
30 197
59 248
42 104
83 163
46 276
9 59
13 162
64 108
87 192
95 164
59 117
62 271
30 97
15 193
80 256
68 57
37 266
84 10
91 183
97 220
78 74
90 194
44 247
48 237
7 93
73 27
67 168
7 289
100 39
6 282
35 25
73 297
72 250
70 124
80 248
12 154
64 127
21 226
18 156
72 297
46 176
92 102
40 73
38 56
12 37
23 140
10 71
2 116
59 146
13 162
43 63
73 261
44 95
47 48
27 177
40 296
94 221
72 257
94 136
75 52
86 150
47 140
63 70
86 189
78 116
20 124
11 105
47 168
46 166
87 8
67 42
47 242
50 166
36 80
9 106
97 157
54 162
38 170
56 40
14 197
85 15
3 154
47 61
95 76
79 225
2 270
63 196
77 251
30 17
53 147
34 74
40 223
1 221
23 206
80 19
1 120
24 160
15 223
81 195
97 89
33 15
27 22
41 62
7 2
34 169
94 17
79 244
70 237
25 36
75 243
95 182
84 142
15 262
84 53
76 283
92 147
81 108
3 67
90 172
37 253
42 183
76 75
57 101
1 92
39 278
73 231
21 286
27 119
66 29
77 282
92 282
45 26
80 241
14 167
3 39
22 122
86 145
19 153
77 236
41 48
8 211
2 204
18 266
45 206
65 93
3 275
21 124
43 237
64 9
79 196
98 118
79 38
43 237
18 239
50 221
59 37
42 296
22 151
70 198
50 1
48 19
45 43
23 151
98 229
91 1
31 23
65 145
44 128
43 171
10 109
47 41
78 291
71 252
100 148
33 242
44 230
36 130
92 288
54 289
12 22
27 103
5 231
91 201
47 58
27 118
38 254
46 91
11 113
5 231
44 87
27 99
48 230
27 78
8 64
7 137
43 4
26 229
82 158
59 41
75 130
92 42
86 123
18 75
98 213
2 42
35 151
68 16
45 168
74 112
64 112
68 7
43 167
51 54
45 262
55 201
70 281
8 271
80 16
34 14
98 165
37 292
97 41
77 217
40 254
78 271
4 156
26 256
17 39
53 15
55 221
30 130
1 255
69 230
50 185
32 67
32 50
34 181
57 145
32 139
64 162
18 127
81 212
2 151
32 183
98 175
12 165
32 151
91 28
13 101
68 138
83 110
11 15
32 38
20 135
19 229
3 6
57 245
55 112
46 40
10 236
65 226
87 42
9 168
57 148
30 299
83 166
87 295
100 182
53 117
98 71
16 147
33 168
45 216
93 7
11 248
28 134
18 225
97 94
41 197
38 166
23 193
47 283
12 219
59 273
100 73
6 168
73 130
23 132
9 296
68 206
14 10
56 17
33 18
29 239
8 231
63 235
12 189
55 55
58 257
67 245
93 151
72 160
64 293
65 256
92 234
96 165
38 106
90 296
6 51
48 91
54 141
19 179
32 182
75 299
89 230
32 162
1 25
61 165
3 196
42 130
88 141
63 232
30 297
14 253
13 28
53 44
23 8
19 26
1 297
17 255
74 233
83 156
74 98
81 188
33 112
59 84
40 153
68 203
72 18
34 202
47 248
25 215
60 294
99 240
86 53
31 82
71 78
8 127
45 266
11 157
30 56
15 116
72 6
13 165
43 85
17 132
46 107
80 3
71 105
14 16
35 30
37 57
45 85
50 246
30 190
72 251
33 224
31 159
24 129
43 256
55 159
21 263
67 61
41 70
29 225
16 296
80 204
4 13
57 19
78 290
26 289
27 168
84 121
51 252
84 209
41 166
84 242
23 22
51 127
76 86
11 280
15 82
34 248
67 32
33 259
83 267
79 11
45 126
90 97
10 69
25 67
100 140
42 153
30 107
84 152
90 248
51 80
36 219
27 157
39 54
67 125
50 293
87 1
69 298
87 251
36 220
65 213
83 209
69 185
34 80
36 76
31 104
91 241
6 282
68 128
40 69
49 18
51 252
24 94
16 208
80 52
46 254
9 189
35 223
73 244
57 146
93 300
18 190
98 57
35 25
21 79
29 220
5 149
49 95
20 258
78 135
3 190
80 87
42 199
31 88
62 181
73 277
57 155
80 93
7 274
59 30
27 296
75 138
22 242
69 116
49 22
18 109
93 224
69 71
62 169
29 157
41 56
82 213
11 33
53 187
56 139
39 118
76 23
17 240
24 297
18 5
37 205
77 148
50 98
38 297
87 161
22 78
12 246
9 197
54 187
44 166
8 21
59 149
10 230
72 130
94 127
37 259
91 259
66 157
75 33
63 259
47 163
80 11
16 66
2 214
100 264
5 211
31 59
26 51
19 87
96 195
90 23
81 145
99 97
74 224
98 156
83 251
92 185
11 40
86 48
32 249
48 140
25 290
21 273
73 120
9 122
84 81
95 186
71 133
33 90
60 129
17 79
90 174
49 73
34 200
24 33
27 52
42 219
4 254
10 196
23 23
31 25
40 282
61 299
14 293
13 142
93 299
94 155
37 296
65 199
38 180
64 272
77 15
78 2
45 113
94 2
21 233
25 114
9 47
37 50
7 71
11 113
81 188
59 151
32 188
34 125
23 192
5 297
23 68
68 280
29 57
33 281
6 22
7 4
11 280
37 111
42 40
75 64
75 194
6 207
42 228
31 81
91 128
78 217
100 137
68 110
7 135
23 233
39 134
12 236
69 201
10 163
62 219
9 78
96 110
97 16
56 26
84 290
25 172
49 19
34 191
90 206
40 143
89 233
72 249
90 77
52 154
36 133
40 227
93 72
43 143
55 241
53 231
65 33
43 91
13 267
5 266
91 82
96 236
89 5
80 182
8 127
31 230
96 90
35 283
64 284
20 291
4 294
6 59
66 57
6 275
30 206
22 70
9 78
50 20
81 13
64 22
79 178
87 214
64 184
100 213
64 188
73 268
4 231
10 34
59 234
81 162
64 22
81 143
2 93
82 17
87 274
79 90
1 183
44 74
54 109
42 43
58 16
20 44
75 221
51 11
64 64
77 17
39 18
1 164
72 23
86 76
97 139
74 211
51 225
29 262
72 37
62 237
27 90
21 205
5 107
70 119
86 80
45 151
47 235
63 19
72 292
87 161
97 80
20 148
25 113
78 254
96 18
52 197
30 36
77 159
50 50
69 255
43 169
38 66
80 163
34 122
7 53
60 256
9 42
14 68
68 85
69 241
64 246
55 194
78 34
96 72
26 281
40 284
4 119
55 16
62 137
7 98
60 252
46 65
16 148
8 2
38 243
83 40
50 28
79 199
97 162
25 86
22 148
62 145
86 43
1 74
13 33
33 170
98 64
68 47
5 102
45 159
77 179
15 183
25 149
85 157
94 294
21 107
52 11
8 277
55 116
20 100
90 112
85 168
3 58
48 111
58 184
25 79
7 283
95 90
93 236
25 80
92 161
79 85
33 71
41 123
61 74
31 42
11 105
27 122
42 300
86 157
90 119
9 106
38 73
95 101
58 233
11 252
33 228
36 129
82 243
14 28
98 18
27 264
30 61
50 201
59 249
60 133
85 110
77 255
88 261
96 207
20 157
41 56
36 150
71 298
77 51
39 144
48 71
7 153
29 70
62 41
18 58
79 210
87 174
37 244
31 53
86 258
15 270
42 185
73 111
1 74
68 236
83 187
74 121
48 114
30 202
5 150
31 10
1 78
44 70
15 291
18 251
24 216
75 51
60 296
96 291
1000
18 16:52
29 23:44
71 18:48
84 23:49
61 22:23
11 19:56
36 18:34
26 18:44
90 23:41
100 20:06
2 19:04
85 14:16
78 16:50
100 17:11
35 21:55
41 22:38
21 20:13
42 22:15
86 19:40
6 20:34
71 17:41
22 19:48
74 15:45
11 22:41
46 16:53
32 19:14
8 17:57
16 22:46
94 17:20
86 22:54
65 16:15
93 22:05
50 18:34
82 15:30
69 20:09
16 19:17
6 20:52
78 20:36
93 23:53
78 21:18
48 14:13
50 18:06
33 19:52
79 18:17
17 14:36
66 17:24
67 23:33
82 17:08
54 21:00
57 16:20
47 17:25
70 23:07
69 14:19
23 16:31
93 15:55
4 23:19
44 23:59
95 21:50
6 19:05
54 14:50
42 20:47
98 22:25
56 18:03
57 20:51
53 16:12
42 21:05
45 17:37
76 21:05
5 19:58
36 23:57
63 22:34
75 23:17
63 18:11
8 16:43
43 23:39
41 15:10
95 16:31
47 17:55
29 17:04
18 15:08
43 18:16
11 20:03
6 22:57
90 23:47
97 21:08
95 20:26
51 19:33
64 20:19
1 16:04
63 21:14
15 21:46
52 14:52
84 21:53
6 17:09
49 22:47
78 20:30
58 22:45
71 22:52
67 16:28
16 20:36
38 16:38
11 19:47
92 22:38
28 23:26
65 16:29
98 23:10
23 19:28
83 14:06
54 21:24
65 17:28
98 16:28
31 20:19
77 17:43
58 21:23
20 17:11
74 16:36
27 20:42
25 21:02
83 21:26
33 22:11
36 16:40
15 21:24
19 18:50
46 22:54
25 15:04
86 15:31
80 14:12
23 18:27
14 19:37
45 19:42
48 23:11
69 15:38
37 20:11
43 21:23
43 22:42
69 20:00
65 19:21
88 21:09
17 16:52
2 21:50
88 19:25
56 20:08
28 21:08
45 15:44
29 17:28
98 17:04
60 14:31
15 23:11
15 23:13
6 14:20
13 16:59
67 20:55
17 22:47
84 15:46
20 22:29
25 21:20
80 15:23
66 15:24
98 18:26
8 14:34
20 15:43
54 20:56
87 16:04
49 23:27
82 23:29
54 18:33
60 20:50
78 21:44
59 20:38
2 14:55
54 17:46
9 20:32
40 19:21
38 17:36
65 15:08
70 19:06
92 17:18
13 15:05
18 18:48
20 20:31
66 14:13
23 20:55
77 23:55
4 18:00
100 15:02
12 22:21
4 15:33
60 23:09
17 20:15
59 18:12
2 19:15
38 22:11
92 23:31
76 18:25
32 15:41
59 18:58
70 19:59
86 17:33
76 22:40
56 23:55
24 17:39
45 15:12
9 14:44
100 22:50
35 22:27
49 18:01
100 17:50
68 16:29
73 18:15
5 15:06
66 14:30
45 20:15
3 23:51
9 16:49
96 20:37
66 22:28
54 17:29
65 21:38
38 20:14
35 17:49
89 14:44
92 15:55
44 19:50
64 22:16
62 17:53
2 21:29
48 16:11
12 16:26
80 18:25
62 15:12
34 16:16
46 15:20
54 20:07
4 19:11
78 20:49
87 15:00
83 19:25
72 23:04
41 16:14
14 15:35
29 20:10
25 19:11
61 22:28
35 16:24
62 14:43
43 18:31
9 22:59
60 22:50
66 16:37
90 20:32
78 22:20
91 14:10
62 16:14
41 22:52
56 16:55
86 21:09
46 21:17
8 19:01
82 18:11
9 23:42
12 22:12
22 17:46
98 23:10
16 14:10
31 19:26
51 20:36
5 21:31
99 16:43
10 18:30
79 23:54
13 23:47
68 22:25
66 14:04
74 19:59
42 20:07
44 20:36
35 19:56
94 16:08
36 18:14
74 17:03
72 16:31
16 23:36
56 18:10
47 15:46
54 19:49
3 14:01
91 20:42
24 15:41
45 22:40
86 23:19
65 19:56
67 18:03
11 21:16
23 22:03
80 18:31
10 22:09
47 15:21
75 20:44
83 22:52
15 20:08
27 17:26
23 19:13
59 20:28
74 14:46
78 19:45
2 22:31
65 18:20
18 19:50
59 19:08
72 19:08
81 22:17
49 17:40
92 17:46
89 20:42
93 16:26
71 21:29
68 19:57
20 20:44
12 20:52
47 16:18
6 20:25
13 23:16
80 15:00
85 14:20
40 17:53
39 17:19
44 23:50
29 21:37
48 15:10
47 23:17
55 17:25
63 22:00
26 21:30
39 23:06
3 22:42
25 15:39
4 15:20
43 19:27
38 14:30
44 15:44
89 18:25
15 17:37
33 19:24
7 16:43
63 17:24
39 23:26
92 23:27
87 20:47
21 14:38
22 15:00
39 14:42
5 16:53
61 23:29
80 21:13
92 17:30
48 16:52
15 18:59
60 17:24
35 14:15
20 14:19
28 19:45
55 15:27
17 14:08
23 14:29
16 21:25
47 14:19
53 17:29
32 15:46
69 16:30
80 19:52
18 16:34
99 22:18
65 17:22
34 18:05
95 15:32
86 15:39
40 15:59
81 18:45
69 15:02
32 19:36
47 18:20
20 21:10
37 14:48
100 23:46
95 14:21
31 23:00
15 22:09
18 16:26
64 16:52
93 14:29
48 18:20
11 22:30
34 15:18
71 17:58
45 22:34
56 17:16
24 18:24
15 23:54
70 18:16
55 21:08
79 15:28
49 19:22
76 14:52
74 21:12
75 16:12
30 16:33
55 14:54
78 19:27
23 23:30
76 20:00
96 16:19
56 14:24
64 19:02
7 14:12
56 21:25
20 20:53
38 20:47
23 23:58
80 23:07
49 14:23
3 18:28
63 19:29
31 21:13
86 23:51
58 19:40
15 18:03
99 14:44
9 19:33
26 17:12
31 20:40
93 17:58
2 16:34
60 23:48
35 20:02
68 17:21
77 19:25
92 20:25
49 23:37
85 19:21
53 20:42
100 20:34
38 22:20
90 14:13
1 14:05
8 21:14
61 15:26
98 18:19
95 21:34
40 19:23
66 19:59
3 23:57
72 18:32
61 23:08
41 21:36
13 17:24
42 17:44
49 23:12
60 16:27
92 20:08
42 21:02
14 19:04
32 18:39
82 20:04
70 20:59
51 17:51
69 14:29
70 21:22
32 18:34
71 23:11
25 18:16
6 14:18
69 14:23
76 21:13
97 22:06
54 23:54
19 15:09
61 19:58
44 19:50
79 18:40
15 22:42
69 17:58
54 23:24
81 22:53
4 16:11
53 16:41
87 20:39
73 21:59
94 15:50
98 19:40
61 20:21
83 14:51
35 20:55
33 18:45
1 19:33
13 21:33
34 22:10
76 22:08
3 21:50
3 17:52
15 19:43
16 21:08
73 14:02
21 14:30
29 16:01
2 19:01
32 20:19
40 21:11
12 23:29
93 22:40
67 18:48
65 22:09
79 14:43
3 16:02
26 23:02
28 20:33
43 22:09
7 19:33
5 19:56
7 20:39
70 23:26
53 22:19
22 20:29
49 14:20
17 21:52
41 17:29
43 18:33
43 15:54
86 20:14
12 15:56
37 20:40
42 14:12
83 23:22
83 23:20
26 21:00
18 18:19
25 16:31
50 18:03
76 14:30
85 22:21
70 18:36
87 14:23
59 17:15
74 16:03
39 14:27
12 15:29
11 18:19
78 14:01
75 20:49
40 20:32
19 19:12
27 14:22
86 22:17
6 19:03
100 21:09
84 17:35
35 20:07
80 20:01
44 20:19
14 16:00
71 18:47
82 17:52
24 23:00
7 21:15
43 14:43
13 16:27
98 18:41
1 20:33
62 15:30
4 14:46
71 21:32
39 23:10
28 16:23
79 19:32
94 16:35
73 20:00
64 22:18
43 14:42
84 21:00
79 18:00
63 19:57
47 23:02
38 21:47
97 21:45
7 17:39
37 23:05
98 18:57
34 21:14
81 18:19
46 20:34
6 15:58
85 15:21
15 20:55
58 20:08
63 15:37
6 16:27
55 14:13
25 23:36
87 20:06
27 16:36
94 17:56
37 20:19
83 18:57
40 15:53
74 23:19
53 19:09
70 14:42
10 17:13
73 18:08
28 19:41
69 23:28
93 16:39
59 16:50
8 19:55
85 20:25
62 20:52
80 21:14
43 15:18
36 15:13
90 17:14
3 15:40
13 23:51
48 14:13
65 23:52
96 17:19
32 18:27
38 16:27
64 17:42
60 22:56
59 20:19
76 21:46
31 18:17
31 15:17
68 18:14
59 17:45
71 23:17
13 18:20
78 14:42
31 17:04
21 21:26
66 19:23
51 15:52
42 21:34
70 17:38
28 16:21
87 17:33
100 15:27
53 17:23
69 22:24
99 18:55
22 20:39
96 18:05
30 21:52
7 21:10
74 19:09
11 15:04
73 18:05
13 20:54
49 18:09
51 22:23
48 15:31
71 16:48
97 23:47
69 16:53
92 16:37
65 15:33
28 21:21
37 14:41
64 20:49
69 14:12
3 21:34
23 15:53
63 18:50
45 18:05
63 17:41
41 18:01
21 15:45
32 18:47
40 19:37
46 19:18
54 18:48
2 14:48
76 18:24
49 16:54
73 23:10
39 17:13
5 16:33
100 15:54
91 19:50
56 20:16
48 19:51
26 21:25
29 20:00
66 22:38
31 22:41
77 17:15
86 20:24
17 15:48
68 23:42
20 18:45
99 23:47
30 19:09
100 22:35
47 20:11
65 20:58
57 18:49
41 20:37
86 15:30
70 19:55
40 20:01
43 16:13
74 18:14
36 15:41
62 23:12
3 23:16
92 22:05
28 15:11
33 20:17
40 20:28
23 22:49
40 16:45
37 14:38
4 17:07
94 15:08
26 16:57
99 23:57
45 14:28
44 21:45
100 21:39
26 23:03
45 19:23
26 21:50
2 19:38
45 23:28
13 22:03
13 18:42
90 18:35
55 17:02
35 22:45
73 14:12
59 23:08
90 17:03
3 15:03
48 19:15
26 15:56
9 17:58
58 22:30
49 16:45
8 14:08
2 21:04
35 22:36
89 18:44
34 15:28
80 16:44
64 22:02
45 18:31
48 17:24
42 20:20
87 19:42
41 18:12
74 18:52
46 17:54
38 15:19
6 22:40
13 21:20
15 15:44
22 21:24
86 16:58
40 19:08
20 21:05
21 22:53
15 18:50
53 23:16
14 20:20
60 19:25
64 20:58
88 23:39
86 19:22
13 22:43
68 23:23
39 19:44
69 20:47
90 21:08
56 21:11
97 16:03
58 18:47
65 17:15
17 21:54
86 23:00
83 14:57
53 17:23
88 21:56
96 21:04
48 17:22
44 18:57
61 17:34
53 15:23
91 23:55
87 15:33
48 22:17
3 15:24
50 16:59
23 20:27
43 19:27
3 17:34
93 18:40
68 22:02
2 21:27
38 14:42
57 18:15
57 22:16
73 23:58
3 14:09
78 21:15
93 20:40
66 23:05
7 22:09
30 15:20
89 21:52
5 16:13
80 20:43
63 20:20
96 21:04
89 17:47
6 16:48
17 14:59
41 17:16
46 22:16
57 23:35
73 15:29
21 18:51
69 21:22
9 21:51
31 16:03
86 17:13
73 17:47
41 20:53
22 15:27
69 23:17
91 22:15
41 14:19
67 14:54
25 20:45
77 18:05
95 17:03
89 23:40
81 23:30
10 20:53
58 23:55
36 22:40
38 14:27
10 18:47
90 22:12
37 16:43
79 23:48
1 21:06
61 23:57
55 14:51
95 14:47
60 19:02
13 19:31
82 15:26
83 23:16
65 17:24
80 18:21
27 21:20
1 19:37
2 23:55
83 20:31
49 16:29
54 15:54
9 15:31
76 14:13
74 23:06
41 19:29
7 21:44
92 14:42
79 18:45
37 20:09
64 18:36
25 14:59
32 19:29
63 14:05
57 14:39
56 21:29
41 19:34
18 22:06
27 19:41
100 15:10
52 20:28
17 18:25
58 17:43
26 22:02
16 21:13
53 20:13
2 14:09
83 15:18
52 14:10
76 22:25
45 15:30
30 18:22
38 22:14
95 20:12
54 22:47
7 19:41
61 16:09
77 19:11
40 17:28
24 22:42
39 21:47
2 15:50
21 15:37
68 22:28
95 20:52
96 23:24
87 17:04
71 23:07
67 19:07
9 16:04
19 15:56
11 15:21
43 18:55
72 15:42
41 23:29
15 20:37
29 17:52
23 17:34
30 17:43
70 22:30
8 23:30
40 15:01
34 20:45
64 14:39
1 21:29
17 21:55
6 22:09
50 22:28
53 21:53
85 20:01
2 17:14
37 14:22
13 23:27
90 15:12
88 18:55
99 20:04
47 15:32
90 17:28
55 23:59
42 15:16
52 17:55
5 15:10
86 17:36
35 23:02
49 20:43
70 20:34
27 22:07
84 18:13
20 16:55
6 23:45
84 14:52
78 17:26
10 21:48
31 23:15
17 16:13
51 17:11
71 20:37
26 21:22
91 22:12
2 17:48
63 23:34
74 19:47
39 17:37
26 15:16
93 22:03
7 16:24
57 22:00
11 23:46
31 22:40
12 15:57
70 22:49
93 21:20
19 16:10
1 22:26
78 23:02
27 20:15
4 20:00
45 23:29
87 16:59
21 14:17
42 22:15
29 16:42
12 15:49
22 19:55
90 20:58
11 15:26
58 20:06
43 17:21
95 16:34
80 18:22
59 18:02
10 21:31
1000
20 139
63 267
10 51
4 241
23 164
72 221
4 222
47 132
36 101
78 275
50 5
33 227
72 10
81 122
69 84
59 61
98 27
40 259
73 31
62 219
30 170
36 225
82 284
6 28
96 106
56 116
6 14
38 218
33 115
86 9
69 98
38 20
67 72
56 7
27 277
65 246
28 244
53 19
54 155
67 212
3 93
56 61
73 215
52 47
35 204
77 29
78 204
55 66
98 139
56 28
85 149
28 147
32 226
55 68
79 103
14 255
29 38
56 15
92 102
18 217
38 277
33 84
37 120
34 132
68 44
78 280
83 45
55 273
87 71
39 279
14 260
47 53
57 265
31 61
26 208
60 29
45 285
70 225
78 296
51 281
93 223
67 5
12 264
58 72
52 28
99 140
2 265
83 167
72 286
89 95
64 233
18 278
69 202
96 277
24 24
31 233
100 95
64 151
89 41
69 52
57 94
64 152
12 59
16 116
37 232
70 221
50 149
80 120
25 182
91 79
87 98
8 141
86 274
7 248
53 17
37 186
6 119
27 258
67 154
96 181
89 92
46 192
87 63
87 139
74 238
31 279
8 245
40 84
90 218
70 134
5 300
88 5
80 207
15 146
20 230
49 104
4 134
57 35
67 220
89 16
79 33
24 273
79 164
61 234
28 76
55 97
96 2
35 101
31 184
51 149
43 103
21 227
97 86
3 259
75 32
23 190
17 153
46 266
87 292
93 296
86 83
100 263
75 6
38 299
18 125
61 14
99 228
6 246
28 256
24 215
19 151
42 265
31 300
1 109
41 165
34 65
58 61
8 42
9 297
42 78
10 29
32 161
44 163
78 123
95 111
20 199
94 97
12 170
78 199
29 231
41 26
38 165
80 216
10 85
59 96
1 18
14 245
87 127
23 266
64 80
35 69
92 19
93 58
15 32
86 126
3 270
78 121
68 85
29 177
44 257
77 229
25 124
11 9
48 23
72 66
35 100
30 32
38 196
60 29
17 235
90 145
89 281
64 296
40 4
53 124
73 165
70 188
36 231
92 212
98 73
51 30
17 164
100 157
91 93
98 171
100 96
99 204
60 57
8 236
50 166
11 25
61 197
71 107
40 267
86 296
25 13
10 96
45 111
5 155
84 86
35 84
90 58
64 106
17 176
38 129
45 7
31 32
40 185
67 184
24 89
97 291
13 224
92 266
7 241
80 224
43 64
88 172
37 289
42 208
59 221
5 299
20 160
23 152
6 238
7 293
92 284
68 278
10 229
59 285
7 250
33 46
66 258
1 171
32 26
64 218
85 256
22 6
52 120
28 278
20 43
95 4
60 128
20 261
100 101
35 197
29 199
81 158
12 44
5 224
51 192
3 232
61 293
56 213
34 240
69 90
8 1
90 129
31 66
44 196
64 119
2 18
42 171
48 148
76 111
57 176
22 111
39 298
50 117
32 221
74 171
4 188
31 255
12 214
55 32
73 155
48 75
93 200
28 83
29 60
16 126
4 143
85 167
23 251
16 60
98 298
96 257
69 224
81 161
70 209
31 125
46 201
29 9
39 294
84 173
65 190
91 33
51 241
96 5
84 181
86 264
29 220
9 238
37 169
47 251
32 136
40 202
80 283
56 102
21 29
27 147
31 117
57 120
26 26
95 96
89 126
90 87
53 227
99 15
60 17
87 106
85 13
12 285
27 1
3 113
86 197
51 237
16 14
70 24
48 21
2 145
47 283
51 292
59 66
71 151
57 78
55 181
46 269
92 157
18 11
80 50
64 62
69 1
11 33
18 256
25 56
90 110
73 131
97 92
91 18
14 102
61 85
73 144
18 131
76 226
21 185
93 62
11 60
78 61
18 250
21 173
94 257
9 86
24 72
85 241
52 104
27 221
7 22
27 76
66 233
41 297
14 250
20 244
44 258
53 269
10 161
100 277
11 261
60 90
31 60
37 109
67 177
29 187
76 260
36 31
42 141
45 5
78 255
64 68
99 166
85 199
69 277
5 15
23 4
64 236
63 100
42 172
88 164
54 276
83 224
52 84
53 296
97 142
76 132
65 86
71 190
16 25
19 135
53 44
71 157
83 31
68 188
56 89
86 192
17 24
25 259
22 76
3 238
22 133
1 269
59 227
81 247
5 147
19 55
60 102
83 233
67 247
29 136
100 192
61 292
18 28
98 127
32 237
18 11
59 161
64 38
49 66
4 184
56 127
10 77
11 268
46 277
46 249
39 76
56 297
34 265
68 184
45 212
29 34
43 231
95 270
75 30
37 220
41 55
25 155
67 29
84 202
4 71
34 295
33 227
46 61
85 115
65 42
79 252
25 84
53 81
36 269
22 95
58 188
83 114
48 250
43 290
93 209
58 299
94 208
84 298
52 219
17 118
88 120
55 69
68 146
77 14
1 193
67 263
13 142
79 222
13 157
30 294
17 36
68 187
34 101
7 45
56 119
23 181
30 193
70 109
3 256
70 222
26 170
43 219
32 38
69 239
52 50
59 227
99 211
81 157
50 20
91 280
73 53
54 254
33 102
59 98
4 166
42 297
27 93
61 171
12 273
80 65
85 199
39 162
17 38
6 7
14 4
32 171
19 126
87 119
90 77
99 153
84 1
61 171
40 80
2 6
85 290
69 268
44 104
81 191
46 202
6 199
54 186
65 133
37 186
86 229
41 116
9 109
15 36
57 75
77 182
25 274
80 110
11 51
46 52
42 125
94 231
34 134
42 93
71 208
41 191
74 108
10 7
14 192
42 19
7 147
6 236
60 137
23 163
75 23
53 67
17 166
1 295
37 219
66 149
97 250
42 283
31 179
70 268
78 140
67 179
90 57
71 284
43 280
44 163
20 96
46 129
7 164
7 80
16 60
66 106
36 272
48 141
63 8
39 177
8 150
64 91
99 118
36 89
91 275
65 98
63 250
22 215
23 292
48 49
99 35
94 177
55 237
35 294
27 125
91 110
17 70
3 3
61 137
13 11
52 177
80 66
76 1
55 296
82 74
64 207
1 157
87 201
27 199
11 248
82 67
8 233
92 68
90 180
50 168
95 107
89 132
79 213
90 104
75 272
76 253
55 40
63 110
95 14
31 24
85 21
97 106
60 112
62 31
24 97
38 193
24 224
35 70
20 262
93 49
57 204
100 163
25 146
52 82
19 281
56 37
91 41
11 282
30 71
62 169
41 38
18 101
94 274
65 40
54 214
67 194
24 146
31 54
7 33
21 260
44 93
30 50
2 15
78 6
50 196
69 40
72 168
74 284
75 30
60 246
5 16
9 204
86 85
44 295
67 152
85 206
32 270
20 291
91 227
46 96
35 1
31 261
19 93
81 2
93 159
43 11
25 56
82 179
30 162
96 46
70 235
45 282
33 61
39 244
56 241
56 166
83 97
39 296
13 204
4 287
18 289
11 45
98 139
4 286
28 287
78 15
81 290
65 253
42 73
34 244
35 198
68 173
5 221
58 200
50 30
34 206
72 113
68 10
76 43
47 66
68 159
95 233
94 274
60 223
3 146
98 280
94 117
37 72
65 36
27 147
26 281
48 96
58 14
57 55
75 263
12 260
86 211
87 250
75 49
39 63
11 213
94 128
99 62
72 25
39 6
23 95
70 112
85 265
28 4
31 116
79 64
87 214
66 298
37 136
83 262
69 83
44 133
63 252
81 210
8 94
88 183
1 25
8 155
74 189
50 228
81 149
32 164
51 176
44 40
1 12
78 166
7 125
93 62
49 264
71 179
70 181
50 220
54 169
1 187
99 216
72 252
76 294
19 122
8 232
1 117
45 221
51 127
64 6
66 16
39 67
99 4
74 88
86 92
50 247
5 299
35 93
62 175
87 246
14 142
20 68
3 6
38 161
28 224
81 278
87 8
26 51
60 58
59 219
68 207
96 162
13 56
83 142
100 290
95 22
98 173
5 110
31 242
27 78
32 146
17 61
60 277
13 254
14 299
22 188
53 234
8 275
47 236
66 217
82 183
24 54
48 42
3 152
50 157
29 78
87 60
61 246
42 92
41 273
21 58
50 205
43 232
75 298
97 165
33 78
56 169
33 98
38 221
83 290
2 280
39 11
13 246
53 227
67 147
93 187
73 280
23 252
60 93
97 263
81 275
87 155
15 260
26 94
78 27
68 294
85 30
91 253
30 60
28 34
56 168
58 166
62 287
75 115
70 170
73 86
89 112
57 179
37 193
80 69
7 87
3 299
73 23
58 2
27 171
11 68
78 107
99 260
76 214
32 183
95 210
52 207
4 170
98 17
47 67
79 4
64 9
96 112
60 204
55 137
18 226
81 32
15 142
89 78
40 138
78 79
66 285
18 49
78 248
51 110
22 210
15 131
23 210
74 210
21 144
38 57
88 218
79 300
1 151
72 80
72 117
86 233
99 68
62 189
26 95
20 298
16 279
18 6
87 152
90 5
12 79
37 219
90 45
100 246
50 238
99 214
61 18
55 75
25 222
52 159
34 102
60 93
71 225
95 133
92 110
87 81
5 269
1000
21 19:21
34 14:20
65 16:26
60 14:28
31 17:04
92 22:54
7 20:18
26 18:06
29 18:36
81 23:53
88 18:59
10 21:13
60 23:58
6 20:38
98 19:04
55 15:32
37 16:09
5 22:17
18 22:33
77 20:30
35 14:32
83 19:10
87 23:05
97 22:11
73 21:09
15 20:08
43 21:15
32 23:11
65 22:48
97 21:51
83 15:24
68 21:05
67 15:06
48 20:57
26 18:52
31 18:16
84 18:21
52 17:53
65 20:38
50 21:04
39 23:14
48 22:51
54 19:12
63 15:20
72 18:39
65 23:31
89 22:55
64 22:15
71 22:55
42 20:38
81 19:37
65 21:49
61 14:29
14 23:33
69 15:54
13 17:21
24 14:57
25 16:24
77 14:12
34 15:32
50 17:15
42 23:40
88 14:08
41 16:00
14 14:51
98 23:51
1 22:08
39 22:53
19 18:25
16 21:49
15 22:37
95 18:17
63 23:37
88 18:30
55 21:22
65 17:27
73 16:51
61 23:39
77 15:13
52 18:00
4 15:37
58 15:21
23 14:37
61 20:02
90 14:07
8 18:41
14 14:45
54 18:00
33 23:15
50 17:59
56 18:58
88 16:26
93 20:01
48 16:00
44 19:37
29 22:40
88 14:20
33 15:05
46 14:13
91 16:29
41 23:54
1 21:16
94 21:04
31 18:13
54 16:15
83 18:52
41 14:12
19 23:32
66 16:00
68 22:27
32 15:38
88 23:09
19 19:39
63 22:16
24 14:06
33 20:02
53 19:47
75 21:54
16 22:22
82 23:27
81 20:27
96 21:30
58 15:07
22 18:36
55 22:22
50 17:01
10 19:27
62 14:14
28 21:37
88 14:20
1 19:28
11 22:28
73 17:59
38 19:15
92 21:22
48 22:53
82 22:13
95 14:25
82 16:57
45 23:03
32 18:11
84 14:49
2 20:19
93 20:31
48 16:55
48 23:47
14 23:20
29 16:06
30 14:22
70 16:00
57 22:43
15 18:27
95 20:21
86 21:15
10 21:39
16 21:11
10 22:00
32 21:22
26 19:28
47 21:19
59 19:29
47 19:34
23 14:46
76 16:02
19 23:10
43 15:17
76 21:15
53 23:45
33 15:05
71 15:01
97 15:25
48 21:53
41 20:50
52 19:12
21 20:03
34 14:36
76 19:54
89 18:42
11 18:51
18 19:02
17 14:13
33 14:16
100 18:30
80 15:16
19 23:12
56 20:54
56 18:10
99 23:55
52 20:09
66 14:15
85 17:14
48 14:05
55 23:04
10 20:29
19 21:32
8 14:42
35 22:39
80 19:24
70 16:08
34 19:54
79 18:54
76 22:15
23 18:51
47 16:34
12 21:58
33 20:33
7 18:03
96 15:12
97 20:30
46 19:23
78 21:50
47 20:11
62 22:11
56 16:27
21 20:43
62 18:35
81 15:49
31 21:45
57 19:31
82 15:59
92 18:37
5 20:18
30 18:36
5 16:09
74 18:05
30 19:09
77 23:39
17 22:30
94 18:59
66 15:13
78 17:50
63 19:48
70 20:10
20 23:05
42 20:04
14 15:57
9 16:03
37 16:09
59 23:57
81 22:43
65 14:10
28 21:42
95 19:57
16 17:23
98 14:42
12 21:48
21 17:59
55 20:43
61 22:31
77 23:24
56 19:24
29 20:03
86 21:35
83 14:45
85 14:07
47 20:35
23 19:39
6 18:13
37 15:34
26 18:08
51 22:21
32 21:38
21 14:43
65 18:26
80 22:59
1 15:00
60 21:18
1 16:32
20 21:03
62 15:02
93 18:01
7 17:02
44 19:47
26 18:01
31 14:23
77 17:54
68 14:34
24 21:14
74 15:23
41 20:28
88 20:07
20 14:14
81 22:42
85 19:23
15 16:48
22 18:08
90 16:39
17 15:08
27 16:27
54 22:41
92 18:08
12 21:30
10 15:19
26 19:20
2 14:31
11 14:18
91 17:55
67 14:55
29 15:23
48 14:16
46 18:31
15 14:30
77 16:57
77 15:32
48 22:50
84 20:07
96 18:41
27 19:33
72 18:10
100 16:55
46 14:29
51 18:59
37 15:54
32 17:53
8 16:03
44 19:37
34 22:30
90 22:41
42 16:44
7 15:48
92 17:42
10 22:15
77 18:45
98 14:16
27 21:01
80 14:16
77 19:39
57 19:25
78 21:59
44 20:18
15 14:31
40 18:33
70 16:27
61 23:33
96 23:55
7 18:05
47 15:13
27 17:24
24 17:02
17 23:41
55 18:23
97 22:43
17 20:23
2 22:05
73 16:39
31 14:33
34 21:23
52 19:55
55 23:29
73 23:05
44 14:19
62 23:16
76 15:03
58 21:57
52 21:16
92 14:32
75 19:05
11 22:57
82 14:57
76 19:19
58 18:45
50 15:11
40 14:28
80 18:19
28 22:15
75 16:35
81 22:42
2 15:05
52 22:20
29 18:41
63 14:07
79 18:09
16 14:32
54 17:51
13 14:40
20 15:04
6 19:42
91 21:59
33 18:16
72 20:02
70 23:54
41 17:29
24 22:52
8 14:45
54 20:39
31 14:25
21 17:10
86 15:45
9 18:34
50 15:30
74 18:43
23 19:01
1 22:16
11 17:01
71 14:31
92 17:06
37 18:02
84 18:30
16 16:29
45 23:24
99 23:08
20 16:20
11 14:04
97 20:12
99 23:32
95 19:09
16 22:23
55 19:37
98 18:50
99 17:27
67 22:45
17 16:10
24 15:36
81 17:33
90 15:19
55 16:47
82 17:17
48 18:44
9 20:18
20 23:04
1 23:08
45 21:23
88 22:50
38 16:58
94 23:07
10 19:47
60 17:29
77 23:44
99 14:11
3 20:42
70 21:57
4 16:24
36 23:04
71 19:11
82 20:27
72 14:42
4 17:43
60 19:56
89 22:11
6 23:57
60 14:22
27 21:38
80 23:16
81 23:56
39 22:43
93 17:23
35 15:06
30 19:31
37 23:02
10 20:31
54 18:03
87 14:05
39 18:56
96 17:44
80 18:35
77 15:12
41 21:18
40 23:57
11 15:36
22 17:44
64 15:42
57 18:07
57 22:20
31 18:00
96 21:04
79 16:38
75 21:32
50 15:58
11 23:59
41 22:54
76 22:07
18 23:57
88 17:06
32 18:49
98 22:55
42 16:38
29 23:00
66 22:44
65 19:13
78 16:34
6 16:34
31 14:48
15 18:22
94 19:47
64 15:33
84 19:56
86 17:48
12 22:13
94 17:24
51 23:29
9 21:39
67 22:01
67 17:06
24 22:09
79 14:20
63 21:33
94 15:31
83 17:30
70 17:55
33 14:48
17 14:41
43 21:24
42 23:43
57 17:47
27 20:20
48 18:35
67 14:13
31 19:53
18 21:47
35 17:42
75 14:08
89 15:07
33 14:10
81 18:18
29 18:36
33 17:47
95 22:02
7 22:09
63 15:53
100 20:03
58 15:28
37 15:53
57 17:54
28 19:01
61 23:24
99 17:43
19 21:06
82 21:00
30 15:22
75 17:06
67 20:46
5 15:28
1 19:39
25 22:14
97 19:11
37 14:15
3 14:53
33 16:21
14 16:08
61 19:54
16 16:46
52 23:56
70 19:45
77 21:44
6 20:24
11 19:00
22 19:41
45 16:10
40 22:05
48 23:54
14 20:33
12 17:12
52 19:03
81 15:06
71 17:09
13 21:42
12 22:04
94 16:14
78 23:29
26 22:37
53 16:02
67 18:22
47 16:39
64 22:52
27 15:18
59 14:38
39 22:58
21 21:32
98 23:59
91 21:41
15 21:12
90 19:22
49 22:07
21 16:42
11 16:37
65 23:36
2 14:30
53 16:35
96 21:56
88 15:27
19 14:47
72 21:09
59 14:17
72 15:39
12 15:13
76 18:38
23 21:37
7 19:30
38 21:04
1 15:34
71 20:34
79 20:22
93 16:28
15 19:33
9 20:47
60 21:19
44 14:29
70 15:25
80 17:15
26 15:30
72 15:34
44 18:52
31 15:29
100 14:30
60 22:37
94 23:31
7 17:37
66 17:20
44 15:08
60 23:07
13 20:21
36 20:46
73 16:45
28 14:32
70 14:48
53 16:53
26 14:29
4 23:26
98 17:05
49 18:22
75 21:55
33 21:13
66 16:06
43 17:35
4 22:05
64 23:34
65 16:48
92 21:35
14 16:31
28 17:52
50 23:35
46 17:18
35 22:49
62 18:38
73 21:29
18 17:59
10 16:34
76 22:38
81 16:15
39 22:59
72 17:26
99 21:14
9 15:17
16 15:36
89 14:07
81 20:00
68 20:27
10 19:57
31 23:55
27 19:57
31 19:51
24 17:45
5 22:37
17 14:02
47 20:18
68 18:12
82 17:47
5 15:45
48 15:51
45 15:03
51 18:21
95 14:46
95 20:02
31 22:44
85 19:35
36 18:10
69 18:13
93 18:59
5 21:38
50 22:43
10 22:26
28 18:21
10 14:10
86 15:59
42 17:36
33 15:05
39 16:27
46 14:09
24 20:08
15 23:22
78 14:07
60 16:15
74 18:40
70 20:35
98 20:36
65 22:24
46 22:52
25 18:30
41 23:02
46 21:57
41 18:34
17 19:30
87 22:16
43 16:27
10 22:15
12 17:07
65 23:11
34 15:17
27 15:14
83 17:14
75 19:05
21 14:55
52 16:43
57 19:26
67 20:27
89 22:56
50 21:44
14 16:46
11 16:56
56 17:00
26 18:05
24 22:05
39 15:02
64 15:42
63 19:50
41 22:16
5 17:58
37 21:20
48 14:01
98 19:29
51 19:46
15 17:30
72 16:07
58 22:13
100 21:08
94 18:35
7 21:13
1 15:06
3 20:23
81 20:07
44 14:30
2 21:53
95 23:39
39 20:54
81 14:56
6 16:54
34 15:00
93 15:18
92 18:36
99 21:44
14 18:07
25 18:04
78 20:14
77 21:40
66 21:21
53 19:21
51 19:07
8 22:48
26 15:05
46 15:08
20 20:27
88 17:27
59 23:23
53 15:18
25 22:05
35 21:02
88 15:26
22 18:36
19 22:37
99 19:00
12 15:33
79 16:24
62 15:34
13 15:40
89 16:36
10 21:48
24 17:37
68 23:50
83 22:54
97 14:35
73 18:32
80 17:32
67 23:09
19 17:25
1 20:50
63 17:05
64 16:02
57 20:36
73 21:42
23 21:38
81 14:02
51 15:47
78 15:24
82 23:22
65 15:50
19 23:36
64 14:44
96 17:19
66 23:53
86 22:10
89 17:27
17 20:33
87 18:23
18 22:25
75 17:26
61 14:45
38 15:38
53 19:19
21 14:43
18 17:59
6 16:57
53 16:56
83 16:30
97 22:15
42 21:38
53 21:36
66 18:48
89 16:49
52 16:40
91 17:31
49 14:31
59 17:40
3 22:14
64 14:41
22 22:33
12 16:31
18 19:32
57 15:23
38 14:37
10 18:51
62 19:57
90 19:39
13 21:21
55 15:01
72 23:17
70 17:50
63 19:40
72 18:52
97 19:01
36 14:32
33 16:44
84 22:23
12 22:16
61 20:54
28 15:49
11 16:25
63 16:44
60 16:36
61 22:26
43 19:57
66 23:15
16 23:30
12 22:42
2 14:24
43 17:44
13 19:42
69 18:07
66 17:49
48 16:25
24 15:54
10 18:52
24 22:57
25 19:26
26 20:50
71 22:24
93 21:09
63 19:58
21 23:55
16 21:16
96 20:09
10 14:30
12 16:12
67 22:29
42 23:40
55 14:34
6 22:39
31 21:28
93 18:08
67 20:59
86 15:59
90 19:31
98 17:56
94 16:24
46 19:35
16 19:06
22 23:41
37 14:58
43 19:18
54 18:46
45 23:38
73 21:53
30 23:59
96 19:14
6 14:28
17 15:45
35 21:57
59 22:09
28 17:12
37 19:50
45 14:22
80 17:44
61 18:21
5 23:15
52 22:28
15 16:37
21 16:02
14 21:56
54 20:45
1 23:46
3 21:59
77 17:34
33 22:46
42 22:28
8 22:46
5 20:08
43 16:12
63 15:56
7 22:03
2 18:58
81 21:22
25 21:47
67 14:55
60 17:53
1 19:04
29 15:46
72 20:38
20 21:44
40 22:49
58 22:44
75 18:59
56 22:36
29 16:23
82 22:07
9 22:36
91 20:06
40 20:57
85 21:59
28 16:03
42 17:10
91 14:18
24 23:39
50 22:00
65 16:03
80 23:32
52 16:05
15 22:58
86 18:02
90 14:22
40 18:58
27 22:25
72 14:15
71 14:21
51 16:52
66 17:58
90 16:50
45 19:58
19 16:07
55 16:23
98 16:45
13 16:45
95 18:41
98 17:40
66 15:38
77 17:44
66 16:58
6 22:39
58 23:17
48 23:54
70 15:03
59 23:50
48 22:23
49 18:52
42 22:34
56 22:47
51 22:33
28 18:20
44 21:39
75 20:34
73 17:08
12 17:29
48 21:34
36 17:14
33 21:42
42 23:08
46 17:09
30 19:40
30 20:41
88 19:02
36 21:29
38 18:56
97 20:40
47 23:28
82 15:06
45 22:01
95 19:44
46 15:41
93 14:14
94 17:40
20 23:29
92 21:52
77 15:45
23 23:03
89 22:13
46 23:36
10 17:20
31 18:20
44 23:44
91 19:36
86 18:05
58 14:03
1000
55 22
27 112
38 46
5 183
52 12
36 59
80 9
25 164
60 138
8 37
60 188
53 216
47 222
81 14
52 186
13 285
53 104
39 155
6 256
40 173
1 163
45 132
66 105
78 82
8 230
84 289
37 161
66 67
31 272
35 293
35 145
90 70
98 24
29 150
13 38
86 296
14 201
51 7
69 66
37 8
48 56
60 73
53 25
84 132
63 245
39 203
16 165
17 2
38 186
12 278
33 74
85 293
43 72
58 153
45 147
38 261
94 227
46 294
9 232
2 298
84 82
7 179
62 86
74 230
92 277
65 230
28 286
20 266
85 174
30 141
11 277
1 286
74 244
56 99
33 237
32 246
41 207
93 169
34 183
53 297
93 210
69 246
18 128
27 278
8 28
67 160
7 16
94 258
21 228
33 248
4 234
98 155
91 300
7 234
19 106
66 276
40 81
32 174
48 297
90 286
19 170
34 73
92 28
70 77
75 16
20 181
63 249
44 229
30 225
35 41
22 237
37 97
46 170
98 111
54 152
77 44
3 159
25 156
90 117
91 143
47 235
95 147
41 283
94 68
25 1
52 174
78 61
75 59
27 149
76 292
95 131
68 267
84 109
5 197
79 86
42 49
62 232
97 42
91 268
88 169
56 66
38 226
8 70
34 15
10 173
72 1
19 300
63 128
56 82
3 29
25 176
87 146
47 2
66 36
61 176
14 219
9 246
37 267
28 155
19 51
91 216
28 203
36 100
42 33
62 163
9 195
20 67
39 250
71 134
10 115
18 114
12 39
5 282
93 116
73 114
55 178
12 8
46 269
7 7
33 281
44 224
85 151
49 203
60 38
10 132
65 74
54 259
34 140
79 41
14 298
72 177
8 104
18 162
32 283
91 33
48 97
23 88
53 230
83 4
28 81
83 188
35 53
54 228
85 62
5 41
40 187
44 113
100 66
64 81
56 210
30 257
48 3
90 133
7 43
55 21
70 211
78 146
24 5
26 234
47 241
27 216
11 166
98 194
30 91
11 187
20 289
28 268
7 50
50 289
2 146
85 180
61 257
96 237
33 293
1 32
21 210
34 59
36 63
1 64
49 39
62 86
59 40
78 187
87 14
74 73
58 75
20 239
27 274
9 279
28 126
68 13
24 124
22 78
81 187
78 130
23 230
91 239
73 160
100 172
58 268
11 289
63 175
61 95
7 178
28 242
10 254
7 268
54 271
26 105
19 289
9 77
67 245
82 294
26 23
33 15
78 47
52 124
4 137
67 147
25 181
42 283
12 43
52 194
93 200
55 88
87 97
65 121
45 259
60 219
18 252
10 150
17 179
26 56
99 230
91 33
85 192
10 113
28 5
34 223
68 218
60 130
83 188
11 150
69 77
89 98
45 76
86 243
33 289
69 115
67 1
41 55
7 278
69 162
92 122
35 91
27 233
98 220
77 213
98 256
67 98
40 6
3 273
42 32
93 159
28 82
89 174
12 26
27 68
59 180
62 96
32 38
61 273
32 134
68 236
71 163
83 214
26 204
20 230
81 123
17 172
52 261
15 85
96 222
65 153
31 36
68 39
56 3
16 103
71 268
51 134
97 70
45 149
67 169
24 279
32 60
37 101
68 172
26 151
6 291
21 153
74 54
37 201
32 267
83 110
91 70
28 126
1 110
93 252
21 102
7 33
79 289
5 184
9 159
34 163
78 221
11 80
51 142
61 252
39 210
70 11
47 207
58 244
98 19
52 102
59 122
62 211
33 229
53 216
14 81
88 26
39 163
67 79
3 64
95 135
50 152
1 117
99 169
5 33
98 37
28 204
87 200
11 50
59 63
61 58
32 187
62 54
10 10
38 153
5 299
33 275
24 45
48 68
17 130
29 211
26 240
10 224
54 163
12 192
80 248
61 28
50 145
2 77
31 90
18 98
46 52
30 171
14 248
32 32
38 219
90 181
40 239
3 128
51 188
19 195
13 244
65 213
34 243
50 199
100 267
89 143
49 143
6 35
32 155
23 106
17 147
12 52
84 220
93 272
6 75
22 95
93 247
34 50
81 189
48 102
44 241
9 75
51 48
50 191
77 28
6 245
72 84
55 214
25 65
82 106
25 108
71 270
17 152
10 149
37 174
34 116
9 147
24 210
92 95
12 108
6 36
86 237
35 216
7 34
24 162
57 280
18 290
88 110
73 264
22 173
86 15
18 80
32 95
25 193
19 31
13 33
34 183
9 195
79 84
24 124
65 273
13 33
37 115
88 286
36 56
11 218
87 244
3 179
76 27
87 195
89 157
69 191
66 172
45 294
80 148
95 241
87 157
72 102
43 225
23 111
6 265
99 241
37 281
25 108
94 256
100 16
65 193
97 16
33 49
40 270
25 220
6 252
22 145
61 86
68 17
41 44
76 106
28 57
76 166
56 275
29 97
71 121
16 15
11 258
20 60
60 156
39 268
43 206
91 38
96 277
51 242
90 153
94 126
85 78
51 191
96 165
14 272
88 96
21 215
93 209
7 86
15 211
89 143
56 125
42 276
5 296
8 106
18 290
99 40
73 180
14 203
81 108
40 67
87 196
97 41
21 239
25 46
3 255
16 18
63 79
42 263
68 289
29 127
69 12
56 205
14 264
94 167
75 46
24 176
88 298
4 124
77 98
3 230
67 105
35 85
14 83
88 178
77 239
39 287
91 90
85 9
43 294
59 135
46 167
38 60
27 212
73 217
36 245
20 297
67 104
35 24
23 130
95 67
76 11
45 12
24 209
97 80
44 92
52 247
58 266
77 86
20 273
12 296
73 53
53 274
79 292
44 67
5 187
40 148
25 43
89 19
80 27
92 214
17 12
90 226
40 155
62 153
36 77
35 85
2 69
29 26
59 133
33 97
72 6
87 138
28 262
55 143
68 219
31 178
10 169
60 186
54 86
4 200
53 117
27 295
94 257
37 289
83 260
46 88
36 12
27 297
46 156
36 242
94 66
30 42
55 172
63 257
97 28
4 237
72 48
55 160
57 190
56 298
39 292
1 262
72 276
4 80
13 178
96 122
64 98
64 144
32 223
3 156
94 88
89 38
38 83
85 198
63 83
55 163
63 282
55 32
95 82
59 21
87 39
74 280
84 54
62 61
37 224
91 123
3 90
40 251
13 32
93 214
16 100
26 194
80 276
43 261
10 190
20 282
2 47
19 196
92 86
79 104
83 99
48 213
18 67
33 162
43 101
64 100
88 81
88 172
20 49
35 35
58 273
70 100
80 71
82 106
22 22
96 55
60 271
65 272
62 230
63 158
86 122
22 299
15 279
46 13
72 266
79 188
47 182
54 279
19 206
28 197
80 239
81 168
13 288
79 162
90 235
18 26
20 289
98 145
98 21
67 137
69 229
32 213
81 45
72 163
5 12
56 79
65 189
29 128
35 62
29 300
60 219
79 195
36 224
32 120
71 151
72 268
93 161
86 18
1 103
79 227
69 42
43 210
77 266
89 163
97 266
64 58
55 156
14 261
38 278
38 129
99 290
40 265
10 214
44 267
5 39
23 21
27 243
73 171
16 148
68 65
22 67
7 56
99 109
83 256
85 64
66 96
83 265
8 57
98 73
15 144
34 86
13 263
75 191
69 230
46 222
34 34
52 61
55 237
40 111
68 183
15 21
80 197
85 288
72 144
91 276
50 216
53 14
41 106
61 290
28 6
31 185
77 201
38 104
44 266
98 108
80 115
47 149
13 27
71 112
15 262
32 66
74 8
64 213
62 173
77 41
57 109
67 280
7 139
83 49
53 291
89 127
49 29
53 212
8 8
99 36
77 282
81 204
50 60
33 146
53 26
35 167
33 61
14 263
64 20
73 208
67 248
61 37
63 267
82 135
82 238
99 36
96 214
82 88
83 236
23 222
81 95
63 161
11 143
100 30
41 56
11 123
9 257
63 184
72 177
4 137
23 142
98 269
89 268
95 37
21 284
34 60
39 282
33 70
16 55
53 230
58 227
77 196
16 130
41 198
9 281
32 67
62 228
88 34
75 261
92 136
83 39
25 60
75 253
5 6
51 117
30 14
22 48
39 126
91 258
40 147
5 265
34 163
72 259
93 107
88 9
65 164
29 123
62 231
28 248
52 241
89 232
21 118
1 5
77 238
19 58
73 181
41 187
91 131
96 184
37 80
24 200
86 225
61 42
4 296
94 113
28 212
82 161
16 287
53 88
87 18
51 30
82 294
64 73
65 271
87 272
8 286
4 225
43 255
20 225
43 119
99 291
39 278
81 148
5 144
23 290
18 16
84 230
77 58
36 224
2 73
73 45
62 104
36 146
72 51
57 219
39 112
48 65
3 31
55 293
74 189
18 138
28 176
90 230
100 55
17 203
96 159
53 276
19 91
19 225
94 236
26 126
17 64
48 220
58 192
3 212
9 271
100 34
30 69
8 125
57 15
52 284
93 81
67 160
99 150
14 31
75 230
91 132
99 10
88 12
86 4
74 277
32 145
21 76
81 27
91 196
87 10
13 137
47 81
1000
32 20:11
86 19:34
100 15:20
100 15:43
25 19:16
6 22:56
55 15:11
89 21:34
84 19:17
58 20:16
58 15:55
91 15:43
30 20:45
30 20:38
63 21:00
72 17:34
4 22:57
32 17:15
50 15:27
2 19:30
72 15:40
62 20:29
87 14:55
50 14:18
60 17:47
71 19:54
47 15:15
50 22:20
90 22:14
21 14:43
87 15:00
87 16:57
10 14:18
18 16:35
59 22:03
95 17:17
83 15:02
52 23:58
16 21:53
33 20:22
34 20:31
87 17:40
43 21:36
96 17:47
11 16:12
66 15:50
28 21:15
68 20:23
23 17:29
94 15:13
16 23:34
45 15:54
19 20:58
62 14:10
63 15:03
18 19:14
47 21:08
54 15:18
31 16:25
87 20:50
72 18:58
32 19:24
55 18:11
67 22:47
87 18:20
74 20:05
97 23:18
31 19:03
11 22:33
78 18:05
76 23:25
1 23:05
15 14:40
84 16:44
82 18:56
26 17:53
93 15:19
87 17:08
23 20:16
56 19:37
17 15:10
4 19:16
69 23:33
13 23:57
4 17:19
82 15:06
90 16:54
94 21:47
25 21:34
93 18:13
25 21:33
32 19:15
3 19:35
63 14:48
17 23:53
87 19:09
73 17:42
62 23:01
24 22:40
70 14:45
9 15:17
24 15:37
66 21:22
25 17:56
6 17:52
57 18:11
83 14:31
7 18:44
70 23:25
93 15:38
73 21:31
96 18:20
24 15:15
95 20:55
47 16:51
96 14:13
83 14:55
19 16:21
55 21:44
70 22:51
29 19:05
52 20:16
33 19:59
70 14:06
69 15:05
75 22:51
90 16:26
67 22:53
74 21:22
42 20:41
10 21:19
98 19:48
90 16:04
46 19:16
98 17:50
53 23:40
3 18:04
90 16:17
11 20:18
21 16:33
85 21:12
38 23:02
53 14:58
100 20:11
70 16:22
49 19:18
77 23:13
68 14:44
97 19:16
87 21:29
95 18:28
82 22:05
80 14:16
80 21:21
40 14:30
40 21:16
5 16:57
79 17:57
41 18:25
44 20:22
1 14:47
23 18:57
34 22:48
14 17:58
48 18:19
53 22:23
1 17:22
82 15:36
83 18:29
92 21:46
73 18:48
27 23:58
30 16:57
92 14:34
55 17:02
61 22:19
62 20:44
4 17:01
28 21:10
56 23:05
65 23:32
88 16:31
64 21:20
55 17:24
12 14:08
36 16:00
81 17:20
95 23:11
96 23:11
2 15:01
54 20:05
33 19:33
22 19:47
64 20:10
61 15:25
67 23:33
1 20:48
68 14:45
22 22:05
27 22:26
40 22:56
82 14:48
97 16:05
6 20:13
14 21:18
6 20:44
87 21:45
54 21:20
56 17:01
75 23:12
26 14:35
33 17:24
27 17:19
69 14:59
68 16:16
96 14:21
47 19:15
36 21:07
8 17:11
5 19:53
41 18:17
59 15:26
62 18:09
70 19:44
86 18:54
41 23:11
6 19:42
91 21:25
13 16:57
31 22:35
89 16:32
84 22:27
20 15:47
32 23:09
95 14:40
52 17:57
32 19:36
84 20:53
42 18:31
7 14:24
97 14:27
30 19:23
9 20:48
58 18:10
71 23:45
95 19:56
26 17:31
57 17:52
56 16:41
76 14:15
58 17:27
92 20:46
92 20:14
39 14:08
47 22:51
75 14:50
23 14:01
79 20:21
1 19:51
68 18:52
26 22:33
99 22:46
82 22:50
1 17:23
87 16:45
99 17:01
60 20:33
79 20:26
92 16:36
79 15:33
27 14:19
97 15:08
72 17:35
54 18:43
68 20:45
39 23:28
38 22:28
48 17:55
79 23:59
15 23:32
24 14:02
69 19:19
49 16:50
91 17:43
17 23:30
24 19:34
79 23:51
48 15:14
87 20:33
20 20:29
58 23:30
65 20:43
42 18:07
79 21:31
97 15:32
11 16:32
15 23:09
18 14:10
34 19:16
82 16:15
54 19:27
94 19:55
34 15:35
50 23:40
89 22:42
78 19:47
8 18:52
32 20:54
47 19:34
94 21:57
77 16:57
88 19:17
21 17:13
78 16:48
83 21:39
58 14:16
68 23:08
73 22:33
74 21:23
42 20:46
73 20:24
58 22:59
45 17:46
98 14:16
72 19:25
94 15:42
47 16:44
60 17:35
70 18:50
45 21:46
15 16:50
6 15:43
95 22:53
13 15:42
39 19:18
76 16:37
40 21:26
22 21:41
54 16:02
13 18:34
6 14:38
48 18:34
26 15:19
86 17:42
1 17:56
83 17:42
79 23:36
62 16:18
46 16:34
98 18:37
30 22:10
24 18:55
66 16:04
1 19:40
43 17:20
68 14:23
80 15:48
87 21:33
27 18:01
79 22:49
27 21:05
52 23:34
11 15:46
45 14:28
73 22:16
8 16:58
35 18:57
70 21:07
66 23:00
86 22:58
11 22:34
75 16:56
35 20:49
74 20:48
50 23:18
97 20:46
99 19:09
80 22:29
74 16:03
57 23:18
2 21:47
59 18:34
33 19:23
15 22:26
97 19:25
7 19:54
15 16:22
90 18:19
15 17:10
11 18:51
85 14:30
49 21:02
14 16:40
59 23:48
16 22:07
13 21:40
99 18:16
31 19:28
28 17:26
41 20:48
90 19:03
55 16:51
2 16:27
89 21:11
7 17:45
57 22:14
83 16:53
59 22:56
72 18:27
50 15:07
18 17:41
13 14:10
4 20:19
69 17:55
82 16:47
13 15:50
82 22:57
22 22:31
77 15:28
96 23:55
39 19:53
8 23:52
82 17:43
68 20:26
80 22:56
75 16:11
76 21:21
74 17:03
98 22:04
51 17:20
45 18:14
47 15:49
52 21:44
96 14:50
68 15:03
83 14:47
45 14:29
92 21:49
47 20:16
62 23:15
86 15:52
56 16:04
81 17:48
54 15:21
68 23:06
55 17:29
93 20:30
40 21:52
53 21:30
1 19:53
94 15:49
38 22:31
66 16:49
69 23:26
65 22:46
82 19:49
16 16:38
83 21:58
82 19:32
2 19:47
79 18:29
55 19:14
27 18:20
2 19:46
12 16:47
25 23:03
31 16:17
98 22:51
53 14:41
31 17:12
12 22:23
13 17:16
31 18:59
78 16:19
51 22:10
46 19:51
99 18:44
61 22:44
34 14:19
63 18:02
94 17:34
88 20:50
81 20:59
81 21:58
60 17:17
34 23:48
62 21:14
58 14:26
2 22:08
91 17:49
46 16:14
63 19:36
71 15:46
12 16:19
99 14:10
98 19:50
43 19:20
42 20:05
65 23:28
56 15:56
19 17:26
70 20:17
37 14:31
32 22:54
75 17:49
12 23:22
26 17:07
79 20:03
80 21:04
47 14:35
90 21:24
66 14:08
70 23:01
75 14:45
2 19:14
8 19:31
35 18:14
60 21:49
53 18:13
73 16:00
66 16:13
88 18:01
97 16:19
67 15:41
49 14:35
40 23:13
70 22:42
77 15:35
68 15:05
68 15:03
93 21:37
35 22:07
84 22:20
26 18:45
87 18:29
28 15:43
4 22:56
71 17:09
28 21:20
88 21:54
11 21:40
94 21:23
92 18:29
86 20:33
64 20:21
39 23:26
37 14:07
19 22:59
21 21:58
53 23:42
34 22:18
29 19:48
53 16:11
77 23:15
42 23:28
13 17:43
38 23:13
45 15:10
99 23:22
1 21:10
63 19:11
1 20:33
88 18:04
58 16:01
3 19:36
62 21:32
20 22:39
55 17:42
56 18:25
86 22:09
24 14:08
29 14:52
77 15:35
61 21:05
24 15:48
74 14:12
8 14:26
71 16:17
54 23:50
30 23:45
97 21:20
71 19:17
86 21:33
4 14:36
25 18:48
46 20:47
45 19:39
42 17:52
48 16:27
10 16:47
27 20:11
45 23:14
84 17:22
59 18:41
4 16:42
66 14:35
80 21:45
30 22:12
38 18:51
87 17:22
50 20:46
69 22:22
34 18:18
39 18:54
80 20:11
60 19:09
55 22:58
98 15:28
51 14:45
47 22:06
66 22:01
42 22:35
63 16:48
21 14:49
36 17:32
96 18:37
60 14:23
67 21:19
46 20:19
20 15:51
41 18:26
7 23:15
80 19:34
69 21:54
40 21:46
10 15:02
19 18:58
18 16:30
71 14:56
26 23:48
32 15:26
12 19:42
58 21:05
16 18:16
94 19:02
37 22:22
38 16:29
83 16:25
99 20:17
10 21:13
59 16:10
59 16:15
4 22:45
70 20:50
32 17:08
92 17:05
33 22:22
89 20:39
86 20:47
29 22:04
78 15:37
90 17:53
56 20:59
53 15:11
32 21:28
85 17:49
54 14:04
4 18:42
52 21:41
22 18:46
49 15:46
67 15:50
3 14:15
68 20:14
64 15:52
76 23:47
89 23:13
27 22:19
18 20:03
11 21:19
58 14:26
79 14:50
14 21:09
84 21:36
84 17:50
46 19:17
98 15:45
27 19:26
35 17:40
9 15:56
49 21:16
34 16:44
79 23:58
80 19:35
21 18:19
87 21:49
10 19:23
86 14:05
34 20:29
75 15:19
44 19:18
34 15:58
1 23:19
84 15:24
41 19:30
81 20:59
73 16:15
44 16:27
22 19:01
97 21:09
5 14:49
71 18:49
48 15:38
55 23:09
15 14:36
81 23:30
3 20:14
22 22:15
79 18:27
46 14:36
92 21:26
6 23:15
43 19:38
8 16:37
80 21:26
38 14:15
81 18:07
93 23:44
54 20:17
15 21:21
4 15:38
74 23:57
85 19:44
98 16:12
67 21:17
25 21:58
17 17:11
22 23:24
72 18:42
100 20:12
77 16:17
83 14:49
34 22:16
7 23:14
3 16:32
8 16:38
47 15:59
58 20:45
43 21:44
63 14:36
3 18:40
93 15:52
99 22:19
11 20:50
79 16:11
55 15:24
90 20:31
93 17:29
59 15:43
39 16:10
57 23:33
64 22:43
5 18:43
2 20:14
49 23:19
3 19:59
35 18:44
90 15:40
83 18:33
79 19:32
29 20:16
40 15:32
90 17:14
42 22:42
88 23:24
80 16:34
73 14:23
58 22:06
41 17:13
8 19:49
2 19:25
19 20:38
84 22:12
88 23:02
68 15:23
73 20:24
21 21:44
93 20:17
70 17:17
56 22:34
99 18:49
81 20:45
94 16:12
45 18:53
59 18:26
9 16:14
91 20:58
60 22:27
78 15:16
60 15:57
11 18:25
93 14:54
32 15:38
45 23:24
82 14:41
41 20:48
38 16:46
100 23:09
25 15:55
35 22:56
77 23:43
5 18:23
96 20:55
56 14:08
20 19:33
8 19:25
96 22:12
86 14:16
46 16:36
96 14:59
65 14:14
55 18:05
61 21:38
88 21:35
57 14:39
51 19:56
44 16:57
97 14:33
52 14:10
57 17:06
51 21:04
34 15:52
58 19:12
18 14:28
18 17:43
78 17:17
20 20:51
68 15:36
65 16:15
97 14:58
75 21:22
97 20:06
91 20:23
11 19:57
87 20:26
58 20:28
90 22:24
40 14:47
61 20:50
100 14:10
81 17:31
87 20:47
2 20:21
70 14:21
22 18:54
79 14:27
86 22:55
25 22:28
16 15:53
81 17:17
54 19:40
39 19:04
26 21:39
28 18:58
59 21:38
28 16:44
6 17:06
51 15:13
24 21:32
96 22:58
7 20:25
82 23:24
91 23:20
7 22:52
63 16:42
34 16:17
93 15:35
91 16:24
58 21:14
60 15:23
93 16:57
46 15:21
74 18:53
34 18:26
89 15:14
30 19:56
72 18:55
23 20:27
10 20:25
95 20:42
81 21:31
97 20:02
71 21:57
60 18:50
91 20:11
6 21:16
2 18:08
47 20:47
68 17:52
28 20:34
94 23:02
76 15:23
79 23:12
48 16:23
90 19:08
21 15:10
94 14:34
32 19:45
77 20:31
37 20:17
5 18:55
93 18:03
40 18:33
5 19:33
17 17:27
62 21:02
91 20:48
14 18:08
58 16:27
38 17:12
68 21:11
70 14:11
65 15:29
30 18:56
58 21:55
30 14:33
87 23:18
17 16:22
91 23:29
45 21:00
20 16:31
90 17:22
19 21:07
12 15:46
17 23:09
73 15:15
71 18:24
4 17:22
99 19:24
15 16:14
19 15:52
63 19:58
61 21:48
41 19:04
28 17:15
39 19:06
22 23:29
73 16:23
15 19:37
50 21:35
69 18:36
30 16:56
52 17:32
8 20:04
7 19:56
11 22:33
56 23:57
40 23:43
32 17:08
27 17:14
15 16:04
12 23:31
3 21:11
32 20:07
66 20:58
92 23:34
37 18:16
19 22:00
18 21:22
11 16:23
10 20:11
42 21:02
88 22:47
86 22:43
8 18:40
66 18:12
39 15:10
66 15:42
86 17:52
57 18:44
89 14:45
50 19:30
50 17:13
50 14:18
38 20:34
23 22:00
100 20:36
60 22:57
55 21:57
67 14:30
37 14:12
51 20:27
45 17:40
55 22:45
68 21:21
2 15:46
55 19:30
53 14:46
44 15:59
97 21:00
32 14:47
74 15:32
44 15:17
21 22:58
94 21:55
4 16:22
74 17:01
40 18:45
100 19:46
81 17:35
0
