1000
13 269
90 240
6 144
44 108
24 118
100 3
52 149
56 294
45 94
34 242
98 274
78 157
24 214
64 254
24 300
35 203
89 38
65 297
32 242
23 177
3 283
31 81
21 203
52 153
25 22
35 240
69 194
88 42
80 215
6 42
1 272
62 195
54 266
12 102
65 21
64 275
22 150
61 6
18 156
84 60
61 25
11 142
66 46
90 295
79 221
61 65
43 155
31 22
44 74
23 76
4 225
45 262
44 238
100 248
67 63
9 33
40 152
14 264
61 163
48 58
82 65
86 233
93 145
39 40
56 138
82 89
94 65
16 30
25 128
81 93
36 221
26 262
67 138
54 198
71 245
96 205
40 2
21 8
12 241
51 269
45 125
20 26
58 2
95 104
18 287
88 211
37 101
66 297
84 116
58 257
23 203
5 146
5 250
30 100
30 151
97 161
32 292
27 55
28 164
3 206
2 108
60 20
63 180
96 228
22 138
37 299
25 122
46 152
21 110
56 35
97 56
81 236
63 22
73 29
84 222
99 93
53 142
86 119
82 177
89 270
41 79
60 198
94 25
32 227
93 144
4 288
5 280
45 242
80 52
55 178
51 88
45 85
8 194
79 191
72 53
53 207
34 7
47 12
93 177
7 10
57 108
26 283
89 118
63 232
87 245
85 120
60 148
39 3
29 232
69 2
63 240
32 155
48 47
37 115
94 85
55 103
71 209
30 123
97 7
16 152
14 222
26 82
27 259
82 65
11 7
4 131
54 277
74 194
63 283
56 193
85 262
95 141
61 248
44 266
21 90
20 284
55 27
36 179
77 60
10 157
7 35
58 174
30 81
30 40
88 118
50 152
63 96
49 160
78 285
79 115
66 288
27 106
97 195
85 241
45 52
99 29
67 18
85 11
49 39
53 137
21 117
20 179
67 114
43 24
35 299
37 190
78 257
25 32
57 283
98 243
11 54
25 163
34 49
63 134
50 180
67 197
29 68
82 174
86 117
6 134
38 162
68 260
88 232
73 273
46 242
55 281
68 120
67 142
13 147
54 255
46 7
100 196
33 46
76 157
50 280
69 20
94 7
49 239
97 118
32 104
100 177
19 27
19 246
78 277
2 54
7 263
35 165
80 46
23 155
94 92
38 188
34 11
96 118
36 96
59 262
3 35
87 219
12 241
80 69
42 218
99 266
25 68
52 37
74 88
10 188
47 63
99 264
71 72
70 274
76 247
65 53
83 141
4 257
36 195
11 133
83 40
92 176
30 291
17 148
87 296
39 61
100 234
3 205
58 129
39 244
67 221
24 86
47 162
38 234
16 113
17 21
93 123
100 64
64 105
91 130
55 108
44 113
5 85
25 83
1 75
47 152
63 100
51 230
34 170
42 287
64 299
13 294
35 143
99 265
24 232
81 290
90 298
60 209
98 280
21 277
85 271
75 81
33 78
42 60
87 269
95 76
44 73
28 115
74 40
33 176
22 74
3 141
36 136
12 104
71 296
92 71
57 208
26 239
37 165
37 197
55 131
37 284
39 172
1 225
46 290
35 148
94 117
22 170
41 24
22 279
67 259
81 95
75 9
64 155
18 291
57 29
22 292
4 152
55 46
48 240
23 134
35 58
95 263
77 206
92 100
73 234
83 78
44 14
25 64
86 285
42 162
97 287
40 53
61 11
46 197
97 111
81 42
60 205
99 27
56 17
42 231
77 164
3 82
17 271
68 28
79 8
27 72
66 280
64 148
99 250
89 71
25 166
95 219
95 114
100 176
87 46
51 17
71 186
31 173
13 179
68 189
95 125
42 160
82 183
92 242
70 16
84 138
47 211
83 70
22 33
79 60
47 241
79 290
58 7
55 77
55 197
57 131
10 31
11 182
11 221
14 236
23 246
42 208
95 151
27 161
48 265
36 74
24 95
57 114
66 127
86 33
80 51
38 42
1 175
46 42
61 217
67 292
69 132
37 147
42 41
48 98
14 242
58 230
80 104
87 221
51 204
86 292
99 281
17 238
35 200
42 296
86 276
51 8
44 161
23 266
75 266
38 143
83 150
19 292
93 75
71 39
34 248
37 28
4 265
36 3
41 135
17 12
52 6
5 279
80 73
41 57
90 297
56 266
83 130
77 268
50 85
18 296
59 163
8 156
67 52
72 17
42 240
73 42
3 222
7 232
6 102
23 99
64 168
68 261
34 153
13 54
51 189
36 20
68 46
87 212
1 237
9 64
26 190
99 186
93 180
31 161
9 69
80 250
84 59
4 298
89 77
59 22
41 112
73 4
31 281
85 112
33 285
30 56
73 126
38 228
56 46
62 157
42 225
18 185
14 159
69 168
91 282
34 133
7 158
12 238
79 243
28 56
100 71
93 6
24 39
20 101
35 289
16 180
80 272
55 260
31 160
35 35
13 277
44 289
49 298
38 215
37 32
98 24
16 73
52 256
18 250
59 251
55 124
48 86
31 38
68 148
57 197
45 259
89 158
15 283
48 116
75 224
59 106
96 280
79 15
36 188
19 98
25 7
15 201
16 131
63 76
17 103
59 279
13 100
81 144
24 84
91 201
83 119
27 46
42 36
25 258
9 72
20 220
72 18
95 280
46 235
5 162
82 162
46 53
53 50
49 116
71 78
82 85
22 90
85 123
79 289
36 106
38 254
76 136
8 43
51 62
3 186
48 263
66 277
8 144
50 33
7 241
40 203
98 3
91 288
4 99
33 13
42 234
61 5
35 129
95 57
52 223
55 104
44 172
87 85
80 284
60 5
73 212
3 242
66 268
28 132
16 94
18 202
50 195
84 32
78 35
16 22
13 274
70 73
74 200
87 268
38 240
43 159
86 280
15 262
86 232
67 208
17 285
99 98
77 244
84 41
40 184
34 45
90 7
88 46
13 156
59 160
75 292
90 77
83 250
89 45
39 86
85 299
96 140
32 91
18 182
73 203
57 261
6 149
20 84
20 169
97 67
15 207
58 294
2 16
95 90
89 158
52 30
94 153
4 82
88 19
81 280
35 218
90 245
40 208
50 243
11 91
91 222
54 175
99 103
12 61
82 219
31 145
93 273
73 218
85 128
61 8
18 219
21 90
29 234
27 9
9 192
9 229
22 297
66 111
59 54
57 162
65 118
87 38
10 295
8 142
47 117
97 125
94 219
89 87
93 220
49 156
95 152
70 61
10 159
53 142
5 20
80 73
90 222
44 181
32 251
17 137
59 178
61 257
48 207
29 141
95 252
72 269
62 214
46 233
72 168
76 246
17 284
56 273
72 260
47 234
62 238
93 147
17 166
5 74
69 120
38 284
9 134
49 116
69 43
64 288
51 73
79 150
56 300
32 277
12 247
92 73
49 223
96 52
11 158
69 127
88 65
80 48
70 65
52 50
53 115
85 238
51 114
61 262
25 64
25 235
12 160
63 158
19 19
53 25
63 258
77 216
13 227
90 130
42 29
9 133
65 109
41 222
8 55
8 74
72 113
23 26
67 98
60 130
14 210
34 76
52 189
40 221
32 293
6 192
86 40
64 250
33 246
32 18
83 82
90 58
58 91
46 26
65 150
74 211
50 119
73 46
55 236
91 142
78 164
70 28
21 163
48 297
62 153
98 265
99 210
32 138
85 249
22 247
91 64
79 106
21 47
11 108
6 206
14 59
62 144
59 264
28 61
82 291
2 203
78 203
41 273
14 18
40 112
46 133
24 175
37 172
33 97
88 232
75 128
13 269
4 176
53 294
49 280
38 122
20 204
18 168
87 164
64 219
80 247
84 224
72 248
97 175
74 53
52 124
86 125
12 246
5 48
4 276
26 128
72 172
17 39
28 64
11 198
65 275
47 59
38 164
4 198
26 5
2 133
50 187
62 10
54 187
44 21
31 268
54 102
96 300
15 132
29 264
85 119
59 171
24 296
13 257
15 270
14 93
63 67
36 256
51 19
72 1
9 295
91 125
98 58
41 213
77 16
72 298
36 57
32 244
39 77
84 75
97 231
99 158
73 155
96 133
97 211
46 246
36 178
44 34
77 207
93 205
43 63
15 3
24 2
61 240
33 166
29 259
71 70
78 98
62 242
55 85
9 238
16 296
70 184
54 285
43 218
54 183
2 120
16 243
69 98
78 193
25 165
30 143
84 171
63 228
8 276
41 276
18 273
2 173
71 104
53 229
41 18
49 135
17 72
73 87
51 150
30 282
76 47
4 297
12 169
22 180
94 280
53 206
20 284
15 283
69 100
77 286
10 192
53 33
28 15
84 229
15 85
23 70
28 167
39 255
91 29
75 198
57 286
57 103
39 158
53 181
82 208
97 240
86 112
100 297
60 216
17 267
65 188
43 171
35 146
59 51
90 70
61 278
67 36
91 131
96 44
94 34
1 10
58 139
65 145
68 63
76 283
46 128
99 267
67 144
60 83
23 251
100 137
41 196
51 203
28 186
66 78
43 296
94 19
36 36
72 279
98 251
52 133
45 275
11 21
23 65
12 216
97 121
10 61
27 80
70 178
12 292
1000
62 19:26
88 22:32
78 19:13
15 23:59
58 20:44
10 15:35
13 14:05
28 19:44
24 22:13
94 20:51
78 21:27
11 14:44
70 15:31
19 16:37
6 16:27
22 23:33
83 23:16
4 23:57
44 18:16
10 20:40
72 22:57
48 21:34
22 19:26
73 21:45
55 19:54
82 18:15
22 21:53
38 15:02
59 14:57
37 22:36
10 22:52
76 19:23
61 17:15
21 15:18
65 20:50
47 18:26
88 18:37
40 20:18
91 16:11
1 18:47
15 20:11
73 15:01
57 21:44
50 16:13
14 22:20
84 19:20
86 18:26
92 14:53
88 18:11
17 20:23
19 21:21
80 16:42
44 21:18
69 22:28
44 22:09
31 20:47
44 19:01
44 15:26
2 17:13
55 16:42
73 15:44
22 14:26
11 23:20
27 17:48
53 22:56
29 21:02
72 20:47
38 21:04
72 20:32
36 16:41
82 17:00
21 16:15
42 15:20
55 21:44
57 18:08
100 23:27
95 20:13
93 16:25
40 15:28
41 23:14
71 19:36
45 18:46
60 14:50
85 17:34
30 15:55
97 21:21
48 16:50
33 15:48
74 18:07
54 14:49
98 14:54
34 22:38
72 18:03
98 20:35
77 19:13
94 18:31
83 22:11
36 21:57
65 18:38
21 16:34
8 22:17
60 14:38
3 14:21
96 21:32
95 14:39
40 17:34
18 21:30
9 20:41
89 14:26
53 19:07
67 19:37
85 19:24
95 19:58
100 23:57
17 15:01
17 21:44
54 23:25
85 16:44
46 16:55
10 15:55
25 18:03
35 15:36
48 22:34
13 15:34
61 19:52
97 15:02
1 19:22
84 22:00
41 14:10
47 16:47
55 17:25
46 14:12
46 17:15
55 16:29
57 21:23
47 21:41
13 22:45
13 22:30
68 23:18
38 18:30
60 16:44
19 18:09
15 23:34
29 15:47
49 18:13
46 14:25
64 21:42
85 18:16
90 19:53
3 14:44
28 19:21
78 14:57
98 16:06
99 21:36
67 18:25
79 17:00
58 22:40
68 19:16
21 22:05
93 20:27
73 21:36
17 23:37
7 22:34
79 22:44
85 19:22
17 15:06
96 21:50
81 19:05
84 16:41
41 17:10
48 14:24
34 17:01
20 18:21
2 14:48
48 18:19
55 16:07
99 23:48
31 22:02
56 14:10
79 19:41
96 18:58
5 15:01
8 14:38
34 21:59
4 16:03
70 23:09
24 20:05
37 23:45
69 21:29
9 20:14
63 16:16
97 14:19
71 19:37
50 21:11
32 14:13
72 21:29
10 17:57
59 22:49
24 22:56
54 20:44
49 16:57
8 14:32
17 16:12
25 16:52
30 23:59
23 19:44
83 16:30
69 15:48
63 15:40
84 22:19
97 15:10
77 20:56
79 23:46
59 16:39
13 19:42
93 23:50
75 22:12
25 20:01
33 18:43
6 23:17
14 17:47
70 19:28
99 17:13
25 15:45
77 20:55
2 17:37
94 21:52
55 15:09
51 19:54
40 15:30
26 18:26
6 16:04
63 21:43
82 15:13
84 19:35
91 19:16
1 18:57
92 14:15
83 20:13
87 22:37
44 16:13
20 23:05
8 23:56
34 14:35
31 20:57
19 22:14
87 15:05
19 16:38
24 15:26
23 19:31
96 19:00
25 22:26
95 23:36
83 20:54
83 23:48
84 19:19
53 14:43
78 21:34
5 21:33
14 17:04
58 21:35
72 19:31
37 21:27
26 18:01
30 14:29
47 22:10
7 16:00
93 23:45
97 15:00
96 19:01
96 21:01
11 17:56
59 21:26
68 19:47
60 17:22
95 19:38
61 23:35
55 20:53
59 17:42
92 20:04
81 20:02
8 14:24
64 22:03
81 18:35
34 23:24
30 19:03
93 21:23
70 16:05
74 19:38
33 18:16
29 15:45
48 14:54
99 22:51
15 23:42
45 22:46
53 23:01
74 16:19
40 16:03
96 16:19
45 21:31
63 23:20
11 18:18
90 18:03
95 16:32
42 16:42
74 14:24
9 17:38
14 21:38
24 15:22
86 22:12
3 18:03
13 17:24
96 22:46
36 14:58
38 15:33
11 15:39
66 19:15
45 17:52
16 14:45
59 17:37
100 18:58
7 19:21
11 14:34
73 22:01
20 14:09
18 14:28
50 22:35
11 21:06
100 17:47
8 19:49
42 19:00
10 16:12
25 15:44
61 19:49
78 22:51
38 19:46
47 20:57
36 18:14
91 21:37
37 22:33
96 22:19
16 22:21
49 19:00
60 18:18
64 15:00
20 22:04
100 20:36
37 23:58
80 15:34
7 18:53
60 23:17
12 22:00
76 14:18
53 19:58
82 17:30
90 23:06
23 21:13
72 17:37
41 14:38
73 14:37
30 19:57
87 17:01
21 17:53
65 21:57
97 20:26
19 17:48
59 14:35
28 22:29
73 23:38
1 20:19
63 21:30
19 17:54
1 15:13
29 19:50
8 15:09
99 18:58
34 23:27
51 14:57
52 21:55
62 14:32
10 17:21
84 16:03
14 21:48
39 23:48
24 21:51
77 18:51
22 23:33
82 17:28
22 21:35
89 22:32
85 19:06
93 20:35
38 16:21
30 14:45
58 14:25
39 22:22
43 19:14
76 17:02
13 14:45
66 18:56
41 20:44
97 21:59
28 20:06
37 16:43
79 23:00
98 14:53
9 23:25
78 16:07
68 16:35
37 17:24
77 20:37
74 20:35
46 16:07
57 23:52
53 15:38
67 21:07
26 20:18
33 14:07
91 22:15
81 23:51
20 18:03
97 18:03
34 19:43
13 15:29
12 15:07
68 16:33
95 16:29
13 14:37
37 16:15
40 17:40
41 15:29
70 21:01
49 17:39
41 22:16
74 17:45
81 14:30
23 19:25
42 23:00
59 20:14
95 18:54
48 14:04
6 19:45
76 21:24
9 20:10
91 23:52
93 16:18
65 20:41
73 15:32
6 15:52
96 14:27
6 23:42
39 14:33
30 16:57
9 20:31
92 23:43
88 18:08
90 19:42
21 15:26
58 18:29
82 16:21
45 17:22
67 14:29
89 22:23
10 23:00
51 23:16
28 15:27
5 16:06
93 20:16
8 17:33
29 23:20
22 19:35
96 21:06
6 14:18
67 21:45
31 18:22
56 16:35
98 22:09
72 17:49
58 15:16
19 18:04
38 14:13
51 18:00
94 20:22
20 18:16
86 15:13
52 22:52
12 14:52
59 16:09
62 14:13
21 14:55
23 18:20
59 17:40
42 23:46
98 21:41
91 20:32
38 16:47
14 17:06
70 20:31
78 15:33
32 22:30
22 23:59
80 18:29
6 21:58
48 21:51
20 14:03
79 20:47
44 23:14
86 23:43
69 18:54
94 19:25
89 21:10
79 17:23
20 17:30
73 23:27
35 18:17
77 17:18
3 19:09
70 20:23
60 16:15
12 21:19
67 23:14
20 22:06
48 17:28
38 19:13
60 17:15
24 17:03
94 15:33
88 16:38
91 18:03
99 22:56
27 18:51
7 17:18
42 18:56
97 21:34
7 14:20
31 20:52
88 20:35
50 19:32
66 23:03
19 18:59
26 15:37
76 18:34
96 23:46
16 17:29
91 18:28
14 16:00
26 14:02
9 17:27
49 15:43
91 22:57
27 21:38
57 14:14
93 20:51
55 23:30
75 19:43
33 18:09
7 21:57
85 14:48
63 22:29
14 17:22
48 18:33
96 23:30
78 18:14
40 23:04
59 18:59
34 18:12
38 20:08
10 18:24
25 18:50
8 15:22
30 19:34
92 16:17
72 14:19
80 23:18
5 21:54
71 17:00
47 19:15
14 17:16
45 16:32
64 23:55
4 18:17
28 15:54
10 15:19
81 17:47
81 20:33
73 16:12
63 16:31
7 22:08
16 23:43
5 15:37
80 19:55
15 20:20
71 14:34
88 21:46
67 20:31
9 18:54
45 20:13
95 14:29
22 23:21
32 17:06
27 22:00
62 18:02
86 23:54
59 15:58
95 19:28
92 14:03
56 17:59
73 19:55
97 15:32
61 22:26
90 22:24
11 15:29
37 22:36
7 16:10
99 23:57
93 21:24
86 23:24
10 16:42
88 22:48
37 21:16
30 20:50
25 20:46
43 17:01
79 17:26
95 14:26
91 15:36
80 15:00
37 17:20
60 16:17
30 23:00
7 17:27
29 23:08
10 17:57
71 14:53
68 20:46
26 21:55
32 23:07
76 18:48
35 16:46
99 14:54
99 23:33
60 20:14
9 14:42
65 21:25
95 16:12
43 21:59
28 17:46
12 15:05
12 17:02
51 22:04
75 15:58
53 19:10
77 23:55
68 18:01
68 22:21
74 15:51
5 18:13
1 23:22
91 14:25
1 23:16
45 17:21
45 22:52
86 19:23
81 23:17
3 21:00
43 15:41
95 14:14
13 21:35
2 16:47
14 15:04
20 23:36
76 20:01
99 21:56
34 18:46
60 18:50
26 20:31
78 21:51
93 23:19
83 20:27
13 18:14
83 18:25
95 18:50
98 20:55
69 17:01
70 22:20
42 14:33
53 23:55
85 14:33
67 21:17
98 14:06
87 15:04
23 19:19
90 15:57
59 23:44
1 22:35
21 23:42
53 17:54
6 23:42
32 21:56
22 21:47
41 18:22
72 20:50
66 17:21
81 19:50
89 19:54
55 16:44
93 14:56
78 15:02
70 22:58
71 22:28
68 22:13
87 20:50
4 22:12
62 14:04
51 17:59
12 18:27
3 16:45
72 15:08
12 14:26
15 20:44
3 22:36
47 19:07
73 19:44
13 17:26
37 19:16
8 14:41
50 18:08
95 21:08
92 20:02
1 22:46
29 19:08
43 16:59
5 16:27
65 19:30
13 23:21
40 15:23
11 20:09
75 19:19
3 15:29
21 23:41
36 22:22
71 22:19
33 23:50
3 19:21
98 18:21
84 21:19
10 16:12
94 20:36
22 19:28
28 16:57
44 18:54
80 19:16
44 14:34
59 23:21
35 14:43
30 20:10
10 16:55
12 18:17
9 22:22
70 14:43
32 21:10
55 19:08
88 16:25
79 14:01
63 18:58
25 16:08
18 23:26
31 15:18
27 14:52
3 21:07
2 23:31
72 21:45
27 17:33
71 15:12
16 18:29
55 16:44
37 18:31
13 16:33
33 18:49
80 14:06
91 18:11
72 17:45
65 22:58
53 15:34
11 23:07
67 19:18
47 15:43
15 19:32
83 19:01
40 23:38
4 19:21
91 21:10
74 18:36
44 23:39
92 21:56
18 23:15
2 14:29
37 15:14
88 20:00
13 20:38
12 19:40
26 21:24
22 18:36
62 22:01
39 14:16
99 23:59
68 16:54
46 22:21
9 19:43
18 14:26
94 14:55
81 16:05
52 18:12
75 18:49
71 21:43
49 20:20
38 20:45
81 14:48
28 23:07
58 18:04
82 22:12
79 17:28
81 19:32
23 23:45
29 20:11
60 19:37
42 23:22
96 15:39
58 20:54
96 16:40
11 14:50
99 15:57
26 23:48
16 17:44
8 16:44
12 19:45
24 15:54
33 18:04
94 19:17
32 16:15
86 19:32
82 20:54
20 14:46
93 17:12
35 21:15
62 20:50
47 23:42
72 14:57
75 16:21
67 15:18
18 18:36
69 20:42
46 22:32
33 14:44
67 15:49
83 15:07
61 23:14
80 16:46
88 18:54
2 21:32
87 23:51
86 16:04
63 16:15
79 16:21
46 22:57
94 19:23
91 14:28
16 23:40
15 19:23
35 23:15
76 19:23
21 14:52
93 15:00
5 19:33
19 16:17
60 21:37
51 21:33
71 18:02
88 21:02
6 21:16
25 22:21
4 22:45
70 19:32
40 20:00
67 20:45
87 19:10
6 22:43
66 21:25
19 21:31
63 15:26
64 19:07
39 14:50
90 14:15
39 23:16
65 20:09
67 19:21
98 16:17
98 17:59
47 23:44
96 23:07
95 18:05
16 21:53
20 20:19
70 21:06
1 23:39
40 17:26
52 17:58
15 18:53
96 14:55
96 18:09
46 19:20
87 23:33
41 17:40
56 18:32
91 14:39
77 17:58
86 22:53
44 15:48
27 20:13
88 16:27
65 19:22
17 19:26
21 15:09
63 15:54
89 20:36
71 19:52
59 14:52
22 17:09
92 19:29
18 21:41
77 15:14
15 19:46
60 17:48
5 23:53
77 19:56
82 21:28
99 16:38
54 18:06
57 23:36
33 17:13
82 15:30
44 22:28
49 23:39
100 16:41
21 21:47
4 14:34
65 20:13
74 14:10
62 15:35
24 14:14
4 18:46
46 16:24
49 20:33
2 15:01
92 15:47
43 15:40
87 20:52
47 16:49
67 16:16
21 20:11
56 18:48
25 22:09
23 20:51
57 22:57
30 16:01
44 14:34
84 18:26
81 18:53
25 17:25
31 14:33
64 14:41
46 20:15
6 15:06
4 14:38
14 19:39
48 18:59
51 20:40
11 19:15
100 19:00
37 16:31
67 18:58
31 20:37
35 18:17
23 16:52
98 16:29
95 18:58
27 21:01
65 14:30
37 20:39
50 21:34
65 18:33
22 20:38
96 15:49
76 21:34
51 17:10
91 21:26
2 18:28
31 23:48
91 15:25
75 22:45
1000
69 279
71 155
13 263
98 22
43 289
82 192
40 64
15 98
34 167
89 121
49 297
61 5
61 206
17 80
96 120
15 65
97 61
87 243
28 296
3 12
44 61
13 16
39 123
39 112
42 36
6 235
72 71
63 66
27 194
9 263
4 49
85 60
70 59
26 4
94 81
86 59
57 151
72 94
7 240
6 146
55 253
2 105
51 158
51 40
16 235
19 163
81 8
70 66
73 288
22 245
10 271
45 91
93 11
82 18
99 51
31 122
37 57
39 299
19 130
43 172
37 23
7 81
6 102
18 71
16 153
97 122
53 162
20 68
93 144
46 61
47 265
36 65
12 217
99 129
26 234
33 204
93 11
56 98
68 142
53 135
41 81
92 208
10 53
57 254
23 114
91 177
100 98
75 100
5 288
47 227
67 58
47 118
48 74
67 276
34 181
30 146
48 25
35 157
13 21
66 73
13 279
94 239
77 137
41 246
27 251
7 105
46 99
50 252
31 110
64 228
84 46
79 160
100 129
74 6
74 13
97 85
87 12
55 200
82 147
97 158
91 113
18 92
48 193
73 216
93 143
87 83
74 270
94 129
21 292
8 75
50 54
68 214
95 152
58 295
60 131
41 290
67 35
74 130
100 115
58 84
54 22
32 116
73 29
44 105
95 171
27 233
40 40
68 116
19 156
74 7
70 102
75 60
21 136
57 12
74 18
7 62
55 251
78 286
28 102
32 76
39 49
1 194
57 242
88 147
35 211
60 6
12 11
4 54
49 293
32 47
90 157
65 221
71 25
26 103
63 214
32 91
92 131
91 260
23 204
58 164
77 187
29 207
35 51
36 55
73 42
19 158
9 101
80 133
66 97
32 122
83 192
18 200
58 212
45 45
41 147
40 149
11 216
43 6
98 122
83 111
75 106
57 252
6 285
32 166
5 210
36 283
99 9
71 217
70 281
62 147
24 163
3 24
96 255
86 118
69 63
57 70
71 134
76 251
34 226
76 256
43 97
98 74
39 40
7 24
87 14
28 13
30 119
51 39
85 16
96 141
64 90
45 180
31 33
50 126
20 76
66 71
32 118
30 99
8 138
78 167
61 246
81 2
25 288
24 180
29 2
95 50
44 225
32 285
93 164
16 160
8 62
28 143
84 252
67 278
53 27
40 224
76 1
82 228
96 254
2 161
36 106
93 10
12 29
42 233
52 151
90 227
18 121
91 272
76 207
94 11
34 242
84 41
77 297
75 50
64 168
28 264
46 180
20 59
85 141
71 233
65 1
12 142
47 60
87 222
7 144
51 18
56 19
72 93
35 239
91 176
67 230
87 104
92 130
25 58
89 235
79 59
87 186
74 5
38 64
83 90
10 87
98 131
38 144
2 124
19 58
52 98
21 241
31 93
69 59
43 15
30 295
33 256
98 63
19 64
79 188
85 70
43 143
46 31
4 234
42 73
20 76
92 56
52 213
52 74
65 121
32 18
60 82
38 297
6 284
80 19
3 197
67 159
60 149
29 184
63 220
98 50
30 169
72 138
98 97
42 61
1 297
98 276
37 128
99 120
16 220
41 182
53 162
6 182
9 296
97 35
97 36
9 58
33 242
68 116
42 250
28 29
52 22
38 39
39 236
89 299
27 172
6 250
18 165
50 33
100 1
23 213
5 226
86 269
10 187
44 279
45 107
11 55
94 260
100 113
14 123
91 4
31 291
67 133
96 87
82 202
71 4
31 264
24 7
42 56
100 87
51 25
45 205
59 177
96 97
84 248
92 140
84 173
85 226
67 192
33 258
92 48
22 36
32 146
8 171
29 117
40 151
95 75
28 160
44 236
53 7
13 182
15 184
55 273
36 145
35 104
20 278
66 258
11 186
92 138
52 181
67 257
24 42
30 98
22 291
42 172
25 58
61 30
34 22
25 171
97 175
91 291
58 122
33 190
64 297
61 27
64 178
11 176
14 217
33 72
34 94
97 189
65 7
54 124
82 99
86 137
6 132
35 31
26 171
21 295
96 106
76 23
33 173
55 207
30 55
36 167
48 138
56 224
20 101
41 179
98 295
98 34
65 162
59 110
12 281
66 129
20 140
29 181
54 187
29 180
50 125
18 194
60 99
36 79
34 114
22 293
70 237
92 262
69 258
38 102
88 83
99 208
43 16
96 173
3 15
30 29
88 122
53 16
47 260
61 288
75 7
16 245
63 54
70 149
43 147
2 94
99 145
98 16
65 141
72 119
69 90
62 248
11 100
27 179
92 246
87 253
44 266
65 263
19 17
2 159
2 206
65 21
72 48
1 105
82 80
43 55
83 223
64 167
20 28
49 78
95 289
5 272
68 203
27 191
28 175
61 120
62 42
32 37
76 8
21 23
87 25
43 1
89 196
78 113
10 44
83 89
96 260
17 112
36 86
15 90
22 11
59 261
96 213
23 209
58 152
74 251
31 87
97 289
8 230
14 213
1 136
76 204
84 203
85 133
63 238
97 166
44 122
40 104
75 39
13 153
78 45
43 235
63 135
12 104
7 259
21 193
77 252
98 263
23 75
14 234
29 275
57 12
50 239
55 10
63 30
32 69
8 63
86 288
89 132
86 276
30 19
51 176
83 94
3 90
23 168
44 77
70 238
66 200
40 171
57 4
84 51
26 237
29 16
25 155
16 195
65 54
33 289
92 154
94 161
64 25
74 249
50 89
91 223
85 19
27 102
2 208
27 192
64 22
68 231
21 278
73 167
55 267
85 222
67 15
43 35
77 256
39 163
46 62
51 217
26 7
66 87
50 276
7 37
34 202
97 98
38 235
54 181
74 61
97 110
37 115
25 161
90 219
31 21
78 256
10 101
53 50
25 123
29 230
100 222
7 138
1 258
43 232
14 260
99 98
94 88
66 106
100 138
2 167
72 284
35 227
53 206
50 218
85 213
3 224
79 142
49 74
7 50
42 211
69 118
89 120
43 28
22 108
84 58
3 34
96 180
37 68
91 61
57 161
69 2
43 209
75 217
2 171
55 227
73 279
95 160
94 253
24 16
73 42
26 3
63 206
15 48
76 65
68 149
29 14
13 110
18 236
85 92
3 135
61 280
45 71
1 280
48 140
61 169
95 254
1 242
43 13
20 264
47 7
21 43
79 225
65 196
4 23
27 67
36 192
90 242
74 293
51 234
4 269
27 222
27 129
45 110
91 273
11 81
79 247
44 243
71 93
50 24
13 285
91 265
9 180
82 84
40 16
75 161
2 48
33 240
18 284
91 289
38 80
68 27
45 171
68 268
53 64
3 171
92 270
84 171
13 21
55 19
30 240
95 298
6 96
7 138
16 29
62 291
6 16
16 201
43 197
42 266
65 101
9 117
59 158
51 156
29 286
39 35
34 33
98 269
91 119
86 298
41 182
82 217
65 276
58 44
17 75
20 7
94 84
91 17
100 229
23 117
89 263
45 127
42 295
29 121
26 37
17 212
81 117
99 127
8 4
74 204
77 123
41 116
17 205
89 200
72 127
32 73
45 83
89 28
51 159
62 94
32 284
28 49
95 116
58 136
15 59
25 68
37 20
14 12
66 108
51 169
3 197
35 5
37 68
72 49
25 287
68 185
46 109
92 81
44 54
30 185
81 251
45 68
78 213
69 105
21 118
38 201
88 281
18 113
89 17
69 239
67 244
8 214
95 148
23 287
60 71
16 269
96 71
85 5
56 284
36 291
86 9
57 48
29 120
32 256
44 178
69 121
47 158
44 124
58 149
52 56
11 79
43 277
62 291
2 259
27 144
39 127
16 170
88 233
28 291
14 51
3 184
34 60
7 26
27 284
34 9
48 51
69 213
67 221
4 236
38 45
15 37
92 29
53 142
64 88
22 296
38 205
82 113
78 127
24 106
73 122
8 206
97 5
73 151
8 236
66 208
72 224
83 171
78 32
59 143
56 222
91 177
35 215
53 194
21 35
46 24
59 117
84 74
62 298
1 229
11 282
12 196
69 259
65 90
2 65
15 79
48 79
11 236
65 204
40 107
97 36
57 7
56 177
90 251
16 145
35 49
51 77
93 200
63 59
95 134
65 179
56 68
37 283
97 211
49 149
86 77
52 89
76 42
96 267
34 203
77 270
56 148
28 126
15 41
77 236
78 211
100 19
72 244
98 156
3 5
38 121
56 282
41 163
60 55
8 175
15 169
43 206
19 262
75 163
32 285
36 45
89 126
63 116
1 258
15 273
15 17
76 113
66 179
65 233
37 165
47 112
19 208
22 257
14 91
83 276
21 14
14 114
42 81
8 63
72 209
53 108
26 81
36 77
52 109
71 80
35 128
29 115
80 94
33 38
99 268
4 145
46 294
30 112
47 149
49 40
65 279
87 141
96 264
17 252
38 95
15 160
22 196
34 43
23 182
40 34
40 91
55 105
22 39
12 15
25 299
97 118
80 263
37 233
24 230
83 239
68 8
66 268
66 121
35 181
59 144
51 40
67 26
11 84
87 12
5 174
96 297
21 193
73 77
35 48
76 275
1000
23 14:04
1 17:08
38 23:39
6 15:43
99 20:19
86 20:40
91 23:18
48 17:21
8 15:10
95 18:11
24 16:48
84 14:31
20 20:45
47 16:11
58 15:31
58 22:16
56 17:54
22 19:16
58 22:50
51 20:38
91 20:49
18 18:30
87 21:28
57 22:16
15 14:31
23 23:18
69 17:15
17 17:29
54 19:49
31 18:50
25 21:26
7 23:55
62 15:55
67 16:26
59 17:19
13 14:58
34 14:57
92 23:38
19 16:09
36 14:17
91 15:25
67 22:41
49 16:28
90 15:03
79 21:23
38 20:07
5 22:44
3 17:24
82 20:40
56 22:01
23 16:42
8 22:59
48 17:55
32 23:23
7 21:32
63 23:26
92 18:27
6 16:06
83 18:49
4 18:45
12 15:08
65 23:08
72 21:53
25 19:24
18 17:46
32 19:13
45 14:13
52 19:22
13 18:00
46 23:40
20 18:21
52 19:06
66 15:22
78 20:06
71 17:30
95 23:23
96 14:53
99 14:49
16 16:03
55 22:56
37 16:57
57 18:00
61 20:42
68 19:05
38 20:31
30 22:28
33 14:59
56 14:58
94 23:52
37 19:14
21 14:02
3 14:07
39 18:38
47 15:57
73 17:45
47 15:27
96 15:03
45 23:20
20 23:35
81 14:28
26 14:59
99 20:26
71 20:24
94 18:02
15 22:53
56 20:44
22 14:37
4 16:23
74 23:17
100 14:11
85 21:19
90 20:32
81 23:00
97 15:54
49 17:56
51 18:13
9 14:59
90 22:08
33 16:05
92 19:45
98 14:18
31 19:48
41 23:09
77 20:06
32 18:03
35 17:59
10 20:32
44 23:22
43 20:44
1 14:16
88 15:18
42 19:15
48 20:07
23 15:57
99 22:13
76 14:51
69 18:13
10 21:24
23 15:59
71 18:28
2 18:06
20 22:43
84 16:51
69 18:15
58 17:28
64 23:50
86 14:57
54 15:03
30 21:10
6 21:11
25 18:34
11 21:19
23 17:49
92 21:22
87 14:08
38 17:57
2 15:42
71 17:33
49 15:19
32 18:02
31 17:17
48 23:55
70 15:36
26 19:15
71 15:59
35 16:54
48 18:24
97 18:40
41 16:17
99 22:23
37 22:12
34 19:27
46 17:16
91 21:26
67 21:32
35 17:42
93 19:32
31 20:33
48 20:42
95 22:58
16 19:30
57 16:02
79 15:37
70 15:35
41 17:58
37 23:57
17 15:26
83 14:14
77 16:18
42 18:19
5 17:42
16 23:41
8 23:36
82 20:44
5 17:16
42 23:30
36 19:44
73 22:23
79 21:47
37 19:13
62 17:19
99 16:26
84 18:30
80 23:48
96 19:19
98 14:50
44 20:41
16 19:53
97 21:54
53 21:11
67 21:47
8 19:38
31 22:49
71 22:31
82 17:58
8 16:00
8 15:51
65 14:05
5 20:51
23 23:04
70 21:04
92 21:31
43 19:49
79 19:18
79 15:06
84 19:35
45 22:30
12 20:28
66 20:58
91 17:57
70 19:55
61 19:42
11 22:09
2 17:56
96 15:29
14 18:22
55 19:17
71 16:51
38 16:09
20 19:24
30 16:46
34 20:21
56 14:13
41 18:25
27 17:29
93 20:00
3 15:50
13 18:30
32 21:57
96 15:51
46 18:55
22 15:11
76 21:46
9 14:57
10 17:16
57 22:04
59 14:45
16 18:53
98 15:15
82 16:13
69 22:47
25 16:47
83 22:42
84 16:52
23 15:07
85 19:34
58 21:19
55 20:32
43 21:35
61 14:57
53 20:17
76 21:21
1 16:50
62 17:20
78 17:31
28 23:58
69 17:24
50 17:18
92 22:56
93 16:35
66 17:26
30 18:45
12 23:26
56 17:39
39 23:41
2 22:47
5 21:02
2 16:51
52 17:57
92 17:38
17 20:37
75 22:09
37 18:53
25 14:26
94 20:39
2 19:50
7 22:56
75 18:44
37 16:38
75 14:13
65 21:14
97 14:12
50 14:56
27 20:19
37 14:14
78 19:40
77 17:42
87 18:35
40 21:54
22 20:49
55 19:28
37 16:09
85 15:45
51 19:51
32 15:50
58 21:09
55 14:31
62 15:47
79 20:51
82 22:00
74 20:40
44 17:11
72 15:30
100 21:26
10 15:17
65 17:02
29 20:42
31 18:20
65 17:01
12 15:10
49 16:37
94 19:46
72 23:48
96 17:59
32 15:25
1 14:21
14 14:40
69 16:38
86 21:20
17 15:06
72 17:54
1 23:25
43 19:10
52 20:41
42 15:03
60 15:40
12 21:04
71 15:46
4 19:31
93 15:09
25 21:44
18 15:20
62 15:22
50 19:28
53 16:10
79 22:29
81 15:41
96 17:11
2 23:20
36 22:36
40 18:09
56 19:10
62 21:53
16 18:08
36 20:14
59 21:22
23 23:34
74 18:01
92 17:19
7 19:52
83 14:27
66 18:43
49 18:46
100 20:25
25 19:17
58 16:06
43 18:49
76 20:18
46 19:27
59 16:13
79 20:30
23 21:37
97 22:18
77 18:08
99 20:55
8 22:54
64 21:18
58 17:20
89 20:14
86 21:00
40 15:32
63 15:19
32 16:37
84 17:33
93 17:41
30 19:40
9 19:02
33 14:47
31 21:47
39 16:27
47 17:52
13 17:32
30 19:31
71 18:12
4 17:20
14 14:41
87 19:25
32 15:53
46 18:11
31 23:15
42 22:58
66 15:33
27 21:36
57 16:28
90 17:36
43 15:16
21 19:48
65 19:27
59 14:17
92 18:31
26 21:27
91 14:04
19 17:46
46 19:40
53 20:15
55 23:35
77 17:33
39 21:13
64 18:10
82 16:14
13 14:50
75 17:10
40 15:31
93 21:14
75 19:36
79 15:50
84 17:00
87 22:36
31 20:56
60 15:56
54 23:39
78 18:38
58 19:00
57 14:25
76 18:41
86 17:25
52 23:14
21 15:05
12 20:53
49 20:27
44 14:53
90 18:00
33 19:31
48 19:31
99 19:56
97 18:20
4 16:22
45 21:07
62 16:42
63 20:13
52 23:12
91 23:11
7 22:07
74 15:16
46 15:57
69 20:17
80 14:14
90 20:19
57 14:40
79 15:59
44 23:27
16 16:49
23 19:18
84 18:51
72 22:27
42 14:03
71 15:55
82 14:38
51 21:21
61 18:21
41 23:41
9 14:54
6 15:20
78 18:22
69 18:05
40 22:57
61 19:37
14 21:35
28 18:43
46 23:24
16 15:45
75 17:34
77 15:06
59 16:40
71 21:25
48 15:20
93 18:21
13 22:14
59 16:28
56 21:01
40 16:40
39 18:14
95 14:14
91 17:22
94 19:45
33 15:05
39 20:43
51 20:59
74 22:05
5 19:55
32 20:30
33 23:25
27 14:10
8 21:11
50 15:25
30 21:35
6 23:13
39 20:29
64 16:41
47 22:04
25 18:43
35 20:13
92 19:55
93 23:40
27 22:20
66 14:06
45 19:11
22 18:23
58 18:24
11 16:20
39 18:46
41 19:37
63 15:51
58 15:13
2 16:58
22 21:05
54 14:58
93 23:50
71 21:42
64 19:25
63 18:25
96 17:31
30 15:45
21 15:09
2 20:38
26 17:12
30 21:27
37 16:08
36 18:35
98 14:43
52 21:37
91 23:01
76 23:04
71 18:53
53 19:49
91 15:21
39 19:57
44 16:28
19 16:06
74 23:05
99 15:18
5 17:12
36 14:14
98 15:27
44 19:39
48 19:14
35 21:53
67 20:55
43 19:33
48 15:09
25 19:46
75 22:57
1 16:40
10 21:04
57 19:45
27 14:51
86 19:06
59 15:25
84 16:13
76 15:08
68 17:18
52 21:45
86 21:25
30 14:07
75 16:08
62 19:11
19 23:36
20 20:01
31 19:25
78 18:18
67 18:38
99 20:27
26 14:44
82 20:00
78 15:19
58 17:13
14 20:56
5 16:10
81 22:42
32 16:18
49 17:35
99 15:32
11 19:54
98 15:45
33 15:05
55 18:55
13 20:32
5 17:21
80 19:01
88 20:43
67 18:56
69 19:59
24 15:59
88 17:12
77 16:33
93 21:32
40 15:45
36 21:26
22 18:57
53 18:36
10 18:43
98 20:33
44 21:35
38 22:06
67 15:53
46 16:24
78 22:08
5 20:11
26 16:02
6 22:22
40 19:37
73 14:14
13 19:35
65 22:04
19 16:29
28 21:25
54 18:24
87 14:42
47 23:44
22 19:53
3 19:18
44 21:32
83 19:27
94 16:47
14 17:44
77 17:09
53 23:58
63 22:02
98 22:11
34 19:27
15 16:59
9 14:27
93 16:22
54 20:43
58 17:20
53 19:04
64 17:23
53 18:37
67 17:11
72 20:08
42 21:51
46 23:44
1 23:24
28 17:05
21 16:41
10 18:18
29 17:25
78 14:10
76 21:54
83 16:43
22 14:25
30 18:26
55 22:23
71 19:49
89 14:03
74 21:01
62 16:15
4 14:13
90 14:10
36 21:47
34 16:16
83 22:26
29 15:21
59 21:26
17 14:25
78 22:44
66 20:38
54 20:00
43 15:29
76 18:17
89 16:26
42 19:21
48 21:47
69 22:35
31 17:12
55 14:52
15 22:20
23 14:17
27 20:04
10 17:32
27 20:19
98 15:41
22 18:10
98 23:10
56 20:10
69 23:57
20 18:26
18 17:40
74 20:31
39 21:34
84 20:00
60 23:27
74 22:18
59 21:16
16 19:15
58 14:01
39 20:15
52 15:11
7 23:53
36 18:52
15 15:52
2 20:37
9 16:31
83 23:35
7 18:39
71 21:46
50 14:45
61 21:02
83 14:43
3 23:32
27 22:19
2 22:47
87 21:54
72 18:47
43 14:11
44 23:03
39 16:11
83 18:51
64 18:55
84 16:17
76 18:19
69 17:43
44 23:06
68 14:21
36 14:06
86 19:13
8 19:19
43 19:02
94 15:58
42 14:58
37 18:56
40 17:18
40 17:43
3 17:14
5 23:23
43 21:04
72 15:50
29 20:41
26 20:20
66 14:30
95 17:18
66 16:09
52 22:41
53 19:26
49 21:22
98 17:51
2 19:52
38 22:20
91 18:14
43 19:58
61 18:17
14 21:50
43 18:39
30 15:51
33 19:19
39 20:03
16 15:59
77 23:04
26 16:41
36 16:52
35 20:03
95 19:32
32 18:08
27 20:24
27 19:40
35 16:16
75 19:35
23 14:38
5 20:14
5 15:10
48 23:34
10 15:47
77 14:08
80 15:37
10 15:00
71 18:41
28 14:01
46 23:00
30 18:29
32 22:55
12 19:54
31 22:10
32 19:50
100 16:54
31 18:10
75 21:30
95 16:08
73 23:48
60 18:46
55 16:08
33 16:02
40 18:27
32 23:26
79 23:58
81 16:16
10 15:43
2 20:56
35 20:31
30 15:11
73 19:27
92 21:11
78 17:31
15 21:44
86 20:45
100 19:51
65 14:58
62 17:41
89 14:09
16 14:33
78 19:03
75 14:31
60 22:00
86 15:59
75 20:57
80 19:21
48 20:27
17 14:03
6 20:50
23 17:35
82 22:22
66 22:42
64 22:12
81 18:29
75 14:08
7 14:41
43 18:43
22 15:44
80 18:19
43 21:15
94 14:02
35 22:39
59 21:22
64 22:37
41 17:42
47 18:32
97 18:52
52 18:32
54 21:49
82 14:37
18 20:00
94 21:14
97 23:10
70 17:07
76 21:30
50 23:01
89 14:09
61 23:04
52 18:03
56 15:52
45 16:25
27 20:03
66 14:52
49 15:40
28 14:35
70 21:42
45 20:46
95 18:44
18 14:43
81 15:22
50 15:46
10 18:43
80 22:31
69 18:02
33 15:36
6 20:53
39 18:01
80 21:12
99 17:08
6 23:37
98 22:08
96 17:12
86 19:51
56 15:50
64 17:12
61 14:51
47 22:43
87 22:53
71 14:16
79 23:47
18 14:37
24 23:46
27 14:24
37 17:33
6 18:01
5 14:57
60 20:03
53 20:55
39 22:49
17 14:11
52 19:27
30 16:27
10 20:12
9 20:07
86 21:12
60 17:54
25 14:58
81 18:48
1 21:21
3 19:23
100 22:00
17 23:18
97 23:34
80 23:21
73 20:49
48 19:33
49 14:13
82 22:47
57 23:27
33 15:04
100 19:07
23 20:46
41 19:44
77 20:20
5 17:23
29 23:31
65 18:01
14 18:24
83 21:52
61 19:41
28 14:12
43 21:54
45 20:58
59 21:55
6 22:07
38 23:32
46 14:40
56 18:15
53 20:36
72 16:49
38 22:59
47 17:23
89 22:20
93 21:03
4 22:03
24 17:30
76 20:37
97 21:13
46 23:05
80 16:35
78 19:08
72 21:25
40 14:13
95 20:51
58 15:26
91 19:45
50 21:28
97 21:58
60 21:37
77 19:14
73 23:54
78 16:10
64 18:10
95 17:31
13 23:44
10 23:03
65 23:39
72 18:43
18 15:07
53 18:37
52 22:25
82 14:47
11 22:52
68 18:54
5 18:42
86 20:55
86 18:11
6 14:33
6 19:19
84 14:58
26 23:59
88 21:14
27 23:25
73 18:29
4 21:27
53 16:16
99 17:11
23 14:36
46 15:13
87 16:20
53 17:56
1000
37 60
90 278
72 63
20 78
40 242
21 19
70 262
64 274
3 204
74 105
64 58
2 58
56 267
98 238
66 163
4 164
5 212
59 158
17 126
59 165
36 126
50 297
20 281
7 243
87 199
23 283
33 166
3 248
16 23
65 258
58 272
26 57
94 87
11 243
60 210
14 188
34 95
84 45
47 86
61 259
8 225
100 8
52 263
40 251
64 28
61 156
62 196
59 58
37 25
59 160
65 151
47 185
65 62
21 7
74 190
2 287
82 186
9 170
89 265
94 283
58 174
91 184
22 82
78 262
28 28
95 285
9 216
20 250
14 158
3 11
66 48
70 117
13 111
38 32
29 299
12 292
53 138
11 142
59 87
60 61
22 149
2 242
43 53
67 117
67 244
98 197
34 285
81 10
42 220
26 14
95 230
48 191
26 60
97 114
72 142
21 214
36 39
50 7
35 83
90 13
99 236
92 158
66 237
50 258
64 52
7 180
91 133
88 126
55 231
77 32
41 52
13 247
48 68
25 4
94 298
29 266
86 37
56 164
62 243
63 218
4 75
23 210
2 189
90 74
43 72
34 277
86 160
56 83
65 228
68 137
74 1
62 240
93 179
49 240
35 187
10 80
17 215
79 205
87 286
16 248
54 191
69 11
44 55
73 278
55 76
43 62
42 33
100 191
51 51
84 55
8 59
84 166
19 149
27 139
19 251
63 86
17 187
38 48
26 96
62 220
47 152
62 115
75 177
90 147
84 229
25 63
81 220
12 62
18 52
42 109
44 57
30 234
51 84
49 282
57 148
49 229
32 191
24 17
63 22
53 264
9 116
56 202
3 77
28 290
87 218
86 59
28 243
55 263
72 195
30 255
35 55
71 58
63 81
87 166
5 131
45 34
41 5
16 187
28 240
98 201
25 167
37 150
10 61
12 212
93 260
28 62
79 64
27 225
18 176
89 184
81 178
89 210
20 12
31 17
63 293
63 147
60 8
64 252
7 273
78 223
85 238
44 274
42 64
63 247
7 242
55 165
16 4
47 182
83 212
75 278
17 197
31 143
49 177
19 195
14 173
97 263
80 118
34 85
30 250
17 40
34 279
1 95
41 131
85 235
29 1
13 201
52 151
78 7
7 197
74 213
39 101
21 236
42 175
70 198
22 227
70 289
29 72
58 36
72 283
68 290
50 4
97 230
3 65
52 186
82 85
56 132
34 38
1 78
28 278
80 237
46 138
38 4
54 32
80 202
34 95
36 229
66 97
62 165
19 248
4 260
79 212
46 155
64 204
27 289
89 282
76 138
71 136
41 167
60 29
5 188
94 140
29 106
26 251
66 282
27 94
23 209
1 243
40 34
68 226
25 269
38 4
25 121
80 13
67 57
32 52
94 38
68 2
23 100
41 195
51 241
63 95
29 210
44 265
26 104
3 40
88 118
82 216
80 254
33 100
39 49
13 151
23 11
13 131
65 162
84 244
14 54
43 123
86 141
100 287
76 251
64 56
16 65
57 81
49 221
34 205
23 89
75 34
59 217
68 62
40 238
86 7
71 277
64 153
22 79
54 181
14 274
27 87
44 108
27 20
88 223
68 9
13 220
87 297
20 147
81 29
100 207
43 184
57 86
29 237
4 296
21 38
51 189
48 28
10 76
53 276
12 6
63 32
13 14
39 294
44 273
45 277
1 49
43 98
62 238
54 300
33 237
10 239
20 229
24 105
88 130
18 18
19 203
89 270
93 179
25 204
88 288
30 21
35 240
39 193
60 203
4 274
86 72
92 127
5 104
34 226
55 296
74 105
27 95
32 125
28 187
29 297
32 58
23 190
33 224
42 111
48 271
18 98
100 7
31 99
42 111
66 268
27 36
62 186
41 240
87 240
61 210
62 97
40 240
13 247
60 9
92 77
6 208
44 253
90 180
87 210
91 94
53 19
19 204
53 169
53 120
63 33
41 152
100 290
59 2
10 33
85 3
94 78
2 272
83 26
39 193
17 205
27 250
74 38
53 94
15 17
42 193
10 228
48 249
11 249
31 297
29 295
77 46
75 287
59 293
6 78
30 17
36 88
83 185
17 158
19 161
41 118
38 169
58 291
6 101
92 173
42 123
66 86
15 10
27 243
83 157
33 244
20 52
20 218
39 92
18 122
42 292
86 18
91 39
83 291
2 145
2 215
5 198
62 170
42 168
38 232
36 195
29 1
65 197
46 179
67 12
90 11
86 177
2 118
6 11
35 11
98 111
93 58
16 20
100 214
73 86
89 202
31 123
100 33
61 86
77 48
91 200
89 49
19 299
33 281
75 4
17 136
88 132
82 104
22 3
44 195
25 238
88 294
36 105
69 227
72 282
77 121
19 295
17 263
72 14
20 121
6 60
66 261
5 73
76 213
97 242
3 96
86 254
73 104
2 85
65 151
65 85
3 189
46 251
88 225
23 102
31 114
62 66
39 120
85 129
15 70
59 284
96 142
80 4
10 183
39 59
34 243
77 287
74 197
89 139
61 48
78 283
60 125
97 290
33 289
67 63
63 83
53 223
51 196
66 54
58 76
5 239
27 112
16 253
34 185
84 43
4 180
82 270
69 210
9 85
28 85
93 69
49 87
7 202
81 199
10 134
41 50
13 17
12 117
26 141
27 112
87 263
2 216
51 145
73 248
23 217
10 264
41 206
29 3
68 213
5 263
10 43
40 130
63 201
34 280
19 212
22 130
69 19
10 89
68 121
88 243
15 103
45 89
92 101
49 78
74 164
19 207
71 9
34 300
7 15
12 169
10 90
82 216
64 139
37 270
91 278
91 257
80 275
12 265
98 112
91 17
11 111
36 24
97 128
64 231
16 168
51 261
88 100
68 102
82 275
93 176
10 293
49 7
68 214
100 3
15 162
94 16
88 94
43 285
99 160
28 87
51 246
57 72
41 64
98 79
60 187
76 295
50 76
62 36
13 50
44 92
30 207
58 94
33 233
40 195
23 33
24 90
57 287
92 121
29 72
91 60
86 123
58 154
79 105
91 242
4 229
20 156
40 235
48 191
26 101
3 273
83 171
76 49
95 145
88 9
80 10
20 52
31 111
53 257
60 219
55 49
17 45
56 262
41 266
87 44
34 180
89 272
32 198
34 203
56 290
23 271
26 100
91 216
93 260
91 82
35 125
38 206
43 8
85 118
1 121
60 277
79 107
33 59
58 70
12 241
7 204
91 252
2 293
71 140
82 264
11 242
6 165
17 17
68 76
86 205
56 182
81 137
99 267
11 3
21 279
54 50
39 189
27 271
13 205
20 231
67 65
66 300
18 42
31 177
22 59
20 247
46 102
92 129
23 58
16 84
48 178
94 168
65 228
44 153
35 56
63 26
68 185
15 218
19 160
48 171
62 280
53 207
46 98
97 117
95 162
15 85
37 185
30 127
81 85
1 234
12 125
15 248
57 98
2 36
57 55
29 110
60 11
35 86
37 48
58 88
50 42
89 167
22 221
89 48
3 40
34 285
23 30
88 13
93 158
44 35
84 31
65 95
44 8
26 232
67 70
5 18
74 45
92 197
40 171
24 79
71 57
59 155
22 182
91 227
89 39
71 67
23 220
40 118
93 275
28 291
56 242
57 76
5 233
98 216
66 86
18 55
72 180
69 231
59 30
90 88
14 24
94 195
99 90
66 90
8 296
91 194
60 10
31 186
68 185
18 271
10 213
15 237
83 69
35 78
95 116
84 80
81 217
62 151
8 205
52 87
42 207
75 271
70 184
70 299
11 93
45 119
86 2
19 177
100 268
6 263
22 117
62 184
33 202
77 249
82 165
1 38
1 60
50 195
47 110
46 288
98 65
18 288
44 200
31 13
7 201
77 299
36 177
46 300
61 11
46 166
88 230
10 63
9 287
34 81
91 227
91 216
80 125
49 181
70 18
78 148
40 244
52 33
36 173
47 55
76 28
57 165
100 133
37 241
48 105
22 150
34 11
70 204
62 49
67 43
52 270
16 204
86 254
47 195
59 175
78 197
75 49
43 172
56 32
68 205
80 76
87 29
84 102
38 264
36 157
43 57
20 67
98 94
55 233
95 114
13 124
5 236
78 222
47 27
1 189
55 214
94 13
12 23
12 40
12 299
46 289
25 184
100 217
35 221
9 238
31 196
38 61
31 101
21 243
25 43
51 62
4 285
26 81
25 7
64 229
7 201
56 297
9 187
58 196
67 213
29 106
75 89
46 289
13 247
64 25
10 104
54 277
89 258
36 223
2 166
86 273
27 287
18 250
100 207
64 113
31 260
82 256
92 212
20 243
41 20
46 158
81 5
65 57
42 164
100 230
60 24
95 40
76 233
99 34
49 91
55 106
22 100
58 219
52 162
14 293
98 256
68 19
26 247
41 225
21 24
17 16
30 244
11 166
19 2
60 83
85 160
74 48
32 101
31 249
10 7
78 74
60 48
47 169
14 137
74 3
52 117
5 268
20 67
25 120
79 283
41 279
46 210
31 211
82 88
94 145
63 122
41 86
1000
100 23:11
16 15:16
23 16:32
28 19:29
18 19:44
66 15:23
15 17:42
62 14:41
44 21:43
74 17:53
54 19:28
76 17:18
19 23:28
95 16:02
53 14:38
63 17:24
21 20:11
2 18:22
80 20:29
3 20:54
64 22:37
93 15:46
82 17:57
19 16:05
95 16:20
74 22:45
69 17:41
58 19:43
19 16:12
34 18:25
99 15:59
39 17:34
15 19:15
80 22:13
50 21:50
67 14:11
29 19:04
93 15:42
93 14:17
94 21:53
75 21:15
79 20:22
33 21:24
65 21:40
18 15:40
99 20:54
2 23:24
7 15:49
42 21:40
77 15:42
15 18:22
59 21:28
49 23:00
100 20:54
73 19:02
23 23:03
56 19:50
43 15:57
100 20:13
89 19:33
85 14:25
29 22:02
69 21:35
69 23:48
19 15:52
78 20:25
34 16:38
56 16:26
20 18:28
28 16:53
17 22:13
80 14:54
34 15:31
75 18:35
66 22:28
22 20:09
43 17:57
50 14:16
88 21:45
66 23:30
94 16:10
51 15:56
76 18:37
2 23:01
99 16:33
14 15:56
37 14:27
71 23:06
74 14:42
71 17:08
73 21:56
95 14:39
85 15:56
76 16:46
91 19:49
74 14:18
5 15:11
52 18:35
55 20:59
45 15:34
73 15:26
14 21:16
22 15:48
10 23:41
95 15:01
47 18:26
75 17:05
73 20:26
90 15:05
71 16:45
91 18:15
72 18:49
58 15:33
20 14:31
65 16:58
5 21:39
23 23:22
72 19:56
71 14:05
43 22:59
14 21:09
70 16:06
71 19:55
96 22:22
70 22:11
57 17:04
43 23:04
14 17:08
16 16:59
21 14:50
78 17:24
69 23:17
23 15:43
48 21:43
28 14:40
23 14:43
78 17:54
61 20:33
38 23:07
68 22:37
33 18:13
5 22:37
47 20:55
14 19:34
72 19:17
33 23:22
40 19:42
94 22:50
43 16:02
25 18:27
50 15:28
69 15:54
91 20:02
96 23:09
31 15:52
65 16:40
80 18:14
6 21:00
80 16:06
65 23:53
12 16:22
25 17:51
13 18:56
8 18:55
51 19:45
4 17:38
3 19:01
75 23:52
89 20:37
3 22:01
14 15:00
98 17:21
6 23:15
5 16:39
1 22:25
59 14:07
86 16:18
85 16:51
37 19:37
43 21:34
70 14:40
9 14:41
2 18:31
99 17:28
1 15:42
62 22:07
99 23:52
20 17:52
67 15:32
70 21:56
42 21:18
24 15:40
70 23:05
20 22:50
58 18:03
99 21:11
55 17:25
48 21:52
68 16:39
6 14:42
18 21:20
73 19:19
43 20:36
79 18:47
84 17:18
49 16:03
52 17:49
91 20:14
35 21:58
24 20:58
42 20:02
79 17:24
25 22:57
81 21:13
71 23:44
96 15:01
92 14:51
91 19:15
45 15:41
67 16:56
36 22:02
81 14:57
54 17:33
98 16:57
49 15:15
43 21:25
61 14:53
57 15:21
21 22:06
55 22:40
90 23:41
5 20:04
4 20:34
89 22:30
18 21:23
40 20:33
63 16:12
92 18:31
16 22:43
15 22:14
4 19:20
78 17:06
97 19:38
43 22:19
17 16:57
39 20:05
17 18:05
40 14:07
29 15:55
27 18:22
52 15:24
25 14:12
38 23:20
24 17:30
87 23:08
83 22:54
25 19:36
17 18:48
48 14:52
82 17:09
13 16:38
54 14:05
89 17:57
79 16:30
35 22:22
85 15:08
49 21:11
24 19:46
55 21:10
42 15:21
57 15:10
46 19:01
95 16:42
64 17:10
53 21:45
57 21:52
71 23:17
5 18:00
53 22:01
100 18:01
23 15:38
62 19:47
21 14:44
35 16:32
45 20:22
30 23:30
65 19:52
87 18:04
26 21:18
78 16:38
1 18:04
90 18:54
81 14:23
23 14:18
1 22:34
84 19:51
84 14:21
80 17:14
26 18:28
63 17:05
57 16:55
55 17:15
24 17:49
56 14:53
58 14:09
8 19:35
19 19:11
67 18:01
94 19:11
51 14:02
6 22:31
19 23:27
74 21:18
41 16:13
2 23:41
48 18:23
77 18:41
79 14:34
96 17:12
39 17:36
60 23:03
19 17:06
15 17:01
81 19:20
91 15:14
56 16:13
47 21:17
92 20:41
74 23:28
6 22:20
61 21:08
33 16:40
12 18:45
8 18:26
16 22:46
61 14:40
96 20:01
60 19:16
77 21:08
28 20:21
10 17:08
59 23:43
52 23:02
97 16:37
95 20:47
87 22:04
29 18:06
68 16:36
71 16:15
39 14:36
68 19:54
82 21:55
56 14:05
6 21:53
70 14:45
72 17:47
57 19:35
100 16:15
94 21:21
60 17:51
9 14:24
16 17:34
76 16:34
67 22:07
16 21:24
88 19:37
13 14:32
65 22:36
26 17:18
16 21:39
37 14:31
17 16:48
96 17:19
3 20:16
88 17:33
82 17:12
16 21:22
44 20:03
85 15:02
51 18:36
13 14:33
58 21:02
22 23:17
44 23:14
89 22:57
33 19:07
30 20:47
30 15:55
50 23:15
47 23:12
62 19:26
95 14:52
13 14:07
76 19:24
49 22:38
8 20:36
82 23:05
71 19:05
48 19:17
53 20:38
18 14:22
22 21:38
50 21:30
56 16:56
7 23:23
66 19:14
88 19:31
71 18:25
19 23:52
36 20:28
39 19:08
65 21:13
41 21:33
1 21:57
49 16:16
33 16:05
51 15:59
35 20:26
8 21:09
71 16:02
15 23:43
10 16:26
19 22:46
17 21:41
23 20:12
4 17:53
71 20:48
20 22:44
36 18:34
13 17:34
35 18:34
60 20:03
54 21:14
8 17:39
56 14:52
23 22:44
19 21:26
52 16:44
82 15:55
79 22:55
35 15:37
76 20:08
5 21:34
67 18:55
43 22:50
19 14:48
22 17:05
78 21:31
55 21:46
1 15:08
31 18:21
96 16:52
54 16:44
84 18:50
86 15:07
3 20:42
30 16:45
4 16:35
50 21:55
79 22:42
60 20:09
55 19:16
40 14:29
70 18:39
73 19:14
89 18:38
76 17:57
9 22:41
88 18:03
81 15:22
14 17:11
38 23:56
77 17:23
55 16:23
53 17:01
60 21:29
53 16:22
76 23:29
63 21:42
22 21:07
24 19:30
37 17:47
15 19:30
88 17:45
82 19:47
45 22:44
98 16:38
71 21:53
6 21:18
22 22:33
79 17:26
86 17:05
46 18:29
56 14:55
78 15:36
88 14:49
88 18:25
62 16:00
81 16:29
55 19:55
91 23:24
58 21:15
78 17:22
60 21:11
8 16:29
81 21:56
66 19:35
32 20:27
93 23:36
21 19:37
14 15:26
93 22:59
70 21:55
65 23:34
21 23:00
11 17:24
31 21:36
57 18:03
7 21:02
31 21:43
39 20:53
96 15:17
100 15:16
15 17:03
8 15:55
20 15:44
14 14:03
96 16:19
37 17:07
5 14:37
59 23:47
19 15:49
82 14:08
66 17:02
84 22:50
13 17:52
43 23:43
14 17:08
45 20:59
52 15:36
66 16:39
53 14:08
30 23:03
99 18:42
85 21:10
57 14:10
63 16:01
85 18:07
85 16:43
97 23:01
17 18:35
38 20:10
1 20:08
41 18:52
39 19:47
65 19:12
40 17:08
39 19:30
94 15:25
100 14:29
38 18:20
16 17:00
14 18:35
11 16:29
39 16:16
77 21:45
27 20:35
42 23:40
81 23:28
31 15:46
4 15:20
42 14:20
61 22:51
20 17:28
51 19:55
37 19:20
13 19:58
99 21:45
3 23:58
74 21:36
9 23:50
92 14:38
13 22:56
65 19:36
49 16:02
93 19:51
72 21:52
13 17:43
21 23:22
22 23:23
88 14:48
16 21:11
26 14:31
42 20:58
35 21:13
86 20:23
86 20:33
44 18:02
51 15:09
46 17:45
67 22:26
91 14:06
81 17:17
40 20:32
44 21:20
90 20:37
70 21:55
14 19:24
15 20:28
33 20:59
56 16:59
63 14:12
54 20:29
22 18:08
98 21:23
66 17:04
22 23:13
5 18:15
89 22:58
56 20:15
47 23:27
24 22:12
39 20:46
78 23:40
18 17:32
79 22:01
93 17:26
57 23:34
61 23:02
2 22:00
84 22:22
74 20:56
99 19:03
2 15:57
91 18:01
65 21:39
73 16:32
76 15:07
90 17:22
26 14:04
98 18:22
78 14:04
83 20:28
19 20:34
84 16:30
79 16:27
56 20:35
51 21:56
9 21:41
39 14:40
100 20:59
7 19:53
62 18:33
85 20:08
84 15:25
8 20:53
15 19:48
76 15:02
76 23:30
10 17:30
26 20:21
71 16:15
3 16:50
88 15:18
24 20:02
24 21:38
35 15:09
90 14:31
15 23:27
44 14:55
35 15:08
49 17:51
90 22:50
74 22:38
31 14:34
91 17:05
51 21:10
44 18:55
59 20:44
8 14:15
80 16:01
17 22:04
64 20:18
61 21:20
95 23:24
98 20:52
34 17:20
73 20:02
70 21:24
60 15:28
20 22:14
91 15:16
52 22:38
55 19:52
35 18:27
38 20:33
74 22:42
34 20:55
95 16:52
2 16:31
58 20:38
44 17:28
81 20:32
44 18:51
68 16:37
41 21:52
28 18:45
45 15:26
52 18:29
44 21:23
24 19:40
75 16:21
61 20:17
7 17:01
89 18:50
31 17:39
25 20:21
69 19:45
88 15:40
25 23:00
18 23:38
79 18:11
49 19:54
56 18:17
99 19:30
6 19:33
92 17:41
87 14:02
61 21:57
91 17:05
41 20:48
37 21:33
75 18:59
76 20:48
48 18:22
53 21:37
91 14:48
20 23:26
90 19:05
31 17:53
38 17:42
23 20:16
21 23:27
10 22:17
55 15:02
91 20:38
68 20:58
11 16:31
48 17:04
88 23:24
29 14:54
33 21:08
44 19:29
97 21:38
100 19:16
47 15:37
40 21:04
29 20:18
35 21:31
83 14:15
18 20:59
35 20:59
56 18:08
15 17:04
49 21:07
18 15:21
45 18:03
39 21:18
2 17:10
98 22:30
77 18:02
84 20:15
73 15:46
77 17:20
37 19:57
52 17:26
18 14:18
71 15:22
76 14:39
15 15:05
41 21:48
30 20:07
54 21:14
15 19:15
14 14:22
95 17:45
28 19:35
90 16:50
33 23:58
75 18:48
7 20:26
59 18:33
24 17:40
62 21:49
73 23:30
76 19:52
84 20:56
40 19:08
95 21:25
43 15:24
28 18:49
47 17:46
38 15:43
52 17:45
9 16:04
83 16:00
73 15:15
89 18:47
91 22:43
98 15:19
5 14:14
38 23:58
66 16:20
52 20:37
13 19:10
73 21:37
82 21:15
67 17:54
70 20:40
59 19:50
52 18:22
80 17:04
4 14:21
94 22:32
43 19:18
81 20:29
74 21:02
41 17:23
68 23:59
21 16:40
71 16:46
95 19:01
46 19:31
56 17:22
100 17:33
36 16:10
11 21:23
35 15:07
15 17:10
29 15:46
61 17:18
72 17:01
31 14:41
60 20:20
69 15:56
92 16:10
37 14:53
95 23:05
15 18:31
63 18:05
48 18:50
13 14:14
57 16:48
33 21:50
34 23:44
20 23:32
56 16:42
83 20:13
97 22:26
45 23:29
6 18:15
61 21:52
95 22:56
1 19:41
14 14:23
63 19:58
11 20:41
86 17:46
94 22:12
80 23:59
65 18:51
29 18:21
100 18:35
46 20:28
78 16:19
10 17:47
46 21:14
44 20:25
74 19:54
79 22:01
98 16:13
79 22:39
100 19:47
25 22:00
86 16:26
68 15:07
93 22:37
85 20:05
93 17:09
44 17:51
90 21:50
76 18:35
49 22:14
77 22:14
77 15:18
60 19:35
11 23:10
22 23:44
67 20:34
68 21:19
26 18:22
11 18:30
45 14:02
60 15:59
32 17:41
18 16:19
23 21:07
99 20:28
39 14:36
15 21:40
88 16:21
47 16:14
97 15:38
93 20:36
13 19:50
89 21:36
33 16:53
39 19:31
26 14:26
21 19:31
4 21:28
92 16:39
19 23:53
39 16:31
69 16:54
100 22:49
4 19:45
45 16:13
61 21:00
40 14:26
81 23:12
66 22:02
55 19:10
74 22:06
55 19:56
78 18:37
62 15:06
42 17:32
25 23:29
91 19:02
14 20:44
94 23:36
64 22:48
66 14:04
34 16:49
71 23:15
59 18:46
11 19:08
37 18:18
18 21:10
60 16:07
41 14:29
16 14:02
68 20:25
38 19:45
88 14:45
18 14:50
46 17:00
84 20:30
85 17:39
77 20:35
6 23:04
16 22:14
78 22:45
82 18:34
95 19:30
81 23:15
23 22:43
44 21:57
18 17:39
92 17:15
98 20:39
14 17:54
55 14:32
97 21:22
88 16:16
8 18:07
24 22:35
27 22:54
86 20:06
22 17:17
19 19:43
71 18:11
76 18:11
46 18:33
31 15:26
9 14:06
93 17:07
1 16:57
79 22:47
74 20:30
89 15:30
81 21:08
22 15:28
84 16:37
90 18:42
54 22:55
20 21:12
93 18:18
20 14:13
1000
20 234
96 157
17 200
49 271
35 209
56 225
3 76
81 202
40 86
85 281
88 95
51 140
65 143
84 185
56 198
43 258
56 299
25 70
55 90
9 287
37 32
16 208
81 214
52 86
87 205
14 215
50 186
33 271
39 134
45 267
10 15
72 106
10 207
78 58
7 272
91 215
21 157
5 86
14 200
66 73
60 256
32 165
94 205
36 75
89 254
96 27
89 295
4 50
28 63
74 71
5 55
41 92
98 55
55 22
93 56
19 59
87 275
50 166
56 17
59 136
54 188
80 269
69 29
3 88
88 26
15 136
22 90
84 219
69 223
56 28
79 115
10 176
90 82
63 8
85 258
12 238
34 112
27 281
100 290
41 118
26 82
23 100
45 2
8 162
36 12
46 100
18 48
12 152
23 123
20 62
4 207
33 33
61 189
19 167
52 250
54 134
8 104
7 57
38 186
8 55
90 167
87 14
29 232
65 183
97 237
25 44
50 149
71 201
92 107
61 43
1 192
85 30
96 26
31 82
41 51
13 129
88 55
89 130
12 190
13 129
89 218
30 22
38 75
5 91
46 183
41 145
33 272
79 1
77 40
7 3
11 241
60 116
12 137
52 125
80 247
68 182
66 218
46 48
92 286
89 49
71 285
3 189
50 124
84 71
36 189
38 260
80 43
47 175
8 192
30 121
84 271
13 35
28 78
35 118
52 53
10 88
8 240
43 108
95 149
52 132
83 14
13 9
54 50
51 172
16 29
94 91
29 137
2 78
31 34
75 116
99 61
59 185
28 233
40 280
93 162
3 39
93 175
72 190
91 165
11 166
35 276
35 60
89 193
57 1
32 241
71 238
28 62
29 18
64 175
31 171
75 213
28 118
99 159
11 91
90 29
77 17
61 88
34 62
90 196
71 26
46 80
75 228
43 19
20 229
6 63
72 59
89 294
89 289
31 206
10 49
28 189
95 149
18 178
55 119
68 210
71 207
14 91
62 250
61 68
63 192
44 289
71 238
91 10
16 270
80 122
37 14
27 206
50 22
27 45
82 233
65 238
59 230
42 200
26 113
45 219
32 149
94 100
88 218
18 65
74 250
98 92
43 291
89 139
34 125
30 118
54 122
75 225
33 49
64 230
13 43
99 89
29 71
66 233
6 193
81 174
2 13
66 267
5 229
26 29
35 280
74 212
61 153
33 191
34 179
8 55
24 50
75 237
35 166
34 251
90 270
73 61
6 43
59 152
15 194
61 252
16 208
92 268
81 241
20 259
70 240
60 44
79 288
70 92
26 33
29 239
97 104
96 156
60 257
13 78
85 36
62 195
74 262
50 186
11 152
27 165
17 212
74 20
18 67
24 65
22 14
16 8
32 5
64 61
82 1
93 263
82 50
41 251
45 196
7 17
35 233
90 214
59 11
62 68
32 205
55 298
38 140
50 191
90 292
5 152
82 225
58 151
28 283
59 219
33 60
16 210
56 12
93 90
43 49
62 191
2 8
61 247
100 215
83 179
50 69
53 118
16 175
96 211
25 197
15 208
78 204
28 68
32 269
61 112
58 6
12 122
61 263
49 6
66 103
27 89
11 156
94 214
38 129
92 135
34 271
93 197
56 46
51 16
5 296
65 9
28 262
7 112
58 106
7 176
29 205
91 25
62 21
51 241
6 66
52 38
99 29
50 11
82 233
57 41
4 105
22 20
81 125
4 74
68 185
32 199
57 283
10 50
7 249
33 239
18 93
19 161
88 15
56 178
5 244
15 216
45 20
58 286
77 39
58 276
50 136
35 27
49 134
49 53
74 138
87 255
36 256
90 267
16 253
62 33
45 29
52 109
99 282
79 27
19 45
81 277
79 207
69 16
79 23
98 209
6 105
73 278
29 194
95 245
56 83
25 189
26 263
89 107
20 281
37 66
9 185
17 293
88 262
64 229
53 108
79 55
37 47
68 235
100 247
57 39
100 193
51 229
40 126
12 190
50 255
91 35
17 265
3 66
97 81
2 70
16 50
8 14
17 278
86 63
27 23
60 84
92 123
23 278
50 58
67 231
18 26
49 176
56 23
38 126
74 28
35 288
48 278
59 171
87 91
58 170
16 158
17 40
96 25
70 3
53 271
94 226
40 195
63 298
1 297
47 161
11 248
97 167
100 147
38 133
71 167
89 275
16 256
3 292
96 104
94 77
54 137
27 90
16 51
93 60
38 289
52 284
83 199
34 266
94 80
45 30
13 297
65 202
79 21
19 80
95 274
50 279
54 96
32 68
34 161
84 120
17 69
71 130
91 158
33 254
16 3
6 83
44 92
17 248
57 254
95 35
50 273
31 98
100 157
32 160
1 40
52 14
59 240
48 60
84 18
99 38
63 103
11 70
49 242
53 253
5 121
57 246
5 147
43 162
99 86
48 189
46 90
95 119
56 198
53 26
95 117
7 135
63 232
44 163
64 54
26 64
85 23
93 161
24 230
73 206
2 256
27 103
49 190
23 218
36 79
56 267
51 113
17 264
16 246
15 153
49 252
31 234
91 25
49 115
54 168
49 207
58 36
45 275
10 272
87 201
63 79
53 16
27 13
98 58
57 61
34 25
44 140
48 123
24 57
35 268
1 59
48 148
55 160
7 233
16 48
88 165
4 262
66 196
18 300
28 221
60 129
32 119
48 138
62 66
52 17
22 73
19 214
53 254
17 62
11 132
9 46
100 17
64 124
13 288
41 80
2 196
99 34
42 134
11 282
4 39
14 131
11 238
17 193
96 20
71 9
52 213
79 110
46 34
83 93
9 128
32 104
53 268
87 224
86 126
35 292
54 191
20 197
93 94
91 139
54 55
15 164
15 279
39 68
23 71
5 29
95 111
11 208
99 196
72 279
18 208
77 268
65 146
12 206
92 134
89 114
77 171
47 193
54 55
57 292
77 286
42 260
6 21
21 240
63 281
5 15
18 84
45 226
36 67
75 18
25 169
78 189
36 187
72 23
12 57
85 211
63 15
77 111
6 135
24 100
17 94
8 209
29 181
2 31
47 59
57 57
34 272
15 256
68 164
62 186
61 256
94 259
13 267
63 204
55 185
34 136
78 252
39 139
87 84
98 265
18 1
82 179
29 271
8 220
99 169
60 6
70 284
77 229
76 190
25 297
74 230
52 176
5 43
59 183
56 169
99 257
86 178
5 108
78 185
17 35
92 211
44 243
34 294
47 158
39 71
52 176
10 183
66 236
70 126
64 215
65 35
62 220
30 49
87 64
8 22
90 106
28 5
32 25
77 98
33 64
70 111
43 99
76 283
83 141
58 173
90 145
33 238
63 48
71 51
61 135
11 51
95 17
94 176
73 40
52 299
22 185
50 245
93 284
6 91
65 37
96 261
72 280
44 27
93 251
80 56
24 73
39 228
51 73
90 87
91 80
70 222
85 4
34 118
73 17
2 95
90 181
56 106
51 291
75 274
2 256
69 11
83 98
5 236
31 220
28 175
78 134
43 51
77 256
94 281
88 181
60 170
27 50
23 168
3 252
32 38
92 102
30 241
41 259
20 48
31 160
1 52
61 288
4 25
11 55
42 95
78 28
34 84
28 234
27 109
76 266
82 208
48 115
100 41
9 6
84 223
95 107
8 237
38 63
52 44
19 268
71 60
55 274
74 263
33 139
43 204
18 101
54 159
46 166
58 216
100 188
98 286
90 127
61 223
43 280
47 229
49 207
85 247
98 31
28 120
33 188
20 199
49 129
70 292
78 111
32 173
30 118
53 77
70 199
89 109
81 153
9 292
5 68
30 41
29 215
66 98
45 148
24 14
24 114
17 230
91 186
91 201
51 10
37 199
73 82
91 4
59 104
87 204
78 31
68 61
98 70
94 90
98 277
62 179
68 192
40 158
19 11
18 24
51 210
66 45
24 190
15 255
55 243
24 226
9 288
2 172
30 276
71 119
78 174
23 191
77 27
46 112
48 22
73 41
57 261
17 194
3 250
54 19
47 224
61 73
30 183
48 273
85 277
26 27
57 91
1 296
51 283
39 291
83 135
29 225
62 106
98 191
42 2
11 56
21 58
60 22
89 108
67 245
27 81
42 218
29 128
42 10
89 225
15 80
51 251
33 23
66 23
71 195
24 70
34 205
27 293
88 173
22 72
66 3
87 97
67 186
68 233
66 57
97 47
67 90
98 252
81 91
69 251
2 163
90 230
51 275
57 37
30 13
84 161
26 140
70 299
77 76
43 38
71 200
49 279
14 90
22 267
45 291
11 298
46 106
96 270
67 285
69 38
40 122
53 216
77 288
80 261
77 66
2 223
3 143
90 279
40 39
77 245
78 257
64 236
19 93
54 126
97 292
94 204
61 142
87 226
25 18
29 253
30 252
85 185
50 199
100 273
54 186
97 212
7 233
71 237
70 152
28 155
70 263
63 11
69 162
3 257
89 247
61 49
32 90
48 66
42 156
31 187
59 139
10 250
41 104
81 137
38 230
2 191
57 271
77 99
33 73
68 199
98 126
24 216
1000
36 18:01
34 14:15
29 18:09
66 21:01
55 20:45
62 20:23
63 18:21
78 22:06
60 15:49
11 21:50
42 22:14
44 16:05
80 17:41
40 14:59
59 20:52
69 14:16
25 16:49
77 23:45
31 23:29
66 19:59
71 17:26
47 23:19
37 23:04
82 20:27
30 17:46
16 20:46
53 19:04
3 20:31
38 16:27
89 15:23
92 23:43
21 21:23
12 19:26
23 20:21
82 18:39
24 16:15
62 15:34
87 21:37
71 19:42
80 23:33
10 19:39
57 14:27
67 14:25
100 19:27
59 17:10
45 17:57
94 16:38
68 19:58
67 22:56
76 21:22
96 20:42
33 21:00
44 20:43
48 23:31
86 16:53
2 14:19
20 23:32
98 23:36
31 14:09
49 21:13
24 16:58
54 19:40
72 19:28
6 16:34
60 20:20
94 20:54
96 17:19
28 19:50
97 18:38
91 18:52
77 19:49
42 20:01
38 21:35
22 22:49
45 14:48
35 18:40
76 21:13
16 15:29
82 22:43
66 22:09
50 15:51
20 16:58
87 16:48
80 18:40
94 16:08
23 16:34
56 20:13
33 22:22
42 18:56
67 23:27
82 22:20
46 20:48
20 21:15
21 23:02
20 20:29
50 18:04
98 16:40
81 14:20
12 16:56
24 20:48
2 23:04
10 18:15
76 18:37
10 22:19
71 21:53
19 20:47
29 17:30
38 21:08
87 15:28
71 17:58
31 14:29
92 18:54
19 14:10
62 18:40
63 17:14
5 22:50
86 23:29
34 22:22
68 16:50
47 18:09
90 16:51
55 23:53
14 14:32
39 23:26
37 23:27
64 19:43
2 22:58
69 23:41
61 23:48
63 22:31
12 23:46
35 21:42
69 15:32
32 15:20
44 19:33
19 22:33
26 21:21
71 21:38
50 14:15
44 17:48
26 17:50
42 20:29
98 20:45
89 21:48
65 14:08
8 15:12
40 19:08
94 21:43
3 23:16
92 23:16
24 23:55
1 14:33
35 18:57
15 17:53
20 15:07
22 18:40
3 15:21
74 20:24
97 21:25
99 18:52
34 17:45
4 23:56
6 23:34
2 14:33
36 19:04
26 16:14
41 23:38
78 17:29
65 14:20
22 19:12
92 16:12
9 14:57
47 19:50
43 23:28
89 16:55
49 21:55
32 17:21
13 18:45
14 17:57
46 18:07
45 18:17
94 15:07
43 14:08
34 15:06
97 22:15
13 16:02
42 19:01
77 14:43
31 22:13
23 23:25
74 17:57
93 14:19
51 23:51
17 20:30
13 19:40
51 17:46
65 20:21
11 20:37
48 14:23
56 20:18
70 14:35
64 22:39
91 23:55
70 20:31
89 16:27
72 17:53
94 14:45
52 20:50
80 17:06
49 16:54
30 16:45
45 20:14
60 21:54
14 17:16
94 15:48
2 18:38
85 17:18
35 21:19
38 20:40
99 18:10
15 21:45
3 22:25
43 18:09
18 18:25
98 15:09
65 23:35
37 17:48
24 14:30
27 19:32
91 20:31
24 21:37
66 20:43
37 16:28
74 19:56
96 22:40
13 17:54
37 16:14
48 18:15
89 16:40
23 19:35
17 22:00
36 18:55
19 15:02
56 23:51
17 14:01
50 22:36
63 21:32
45 18:40
18 15:12
49 17:20
52 20:56
32 23:12
69 19:14
23 18:40
74 14:10
62 16:02
42 17:00
28 22:09
35 21:16
44 16:09
14 23:12
87 15:35
45 15:53
39 14:55
48 20:47
11 20:14
6 23:01
44 15:01
93 17:08
99 15:33
92 17:26
5 16:49
72 18:19
83 19:24
93 15:53
30 21:16
63 15:03
13 23:28
52 15:38
52 15:11
72 23:30
69 18:10
6 14:11
41 20:27
52 16:26
70 22:51
47 14:34
58 21:23
36 15:23
70 17:36
10 15:51
88 21:46
35 14:31
66 21:55
8 18:13
24 22:35
65 14:51
83 17:23
41 23:11
51 18:09
15 17:42
78 17:15
49 22:24
94 16:32
88 17:38
41 23:31
81 21:46
67 18:15
30 20:46
64 15:41
16 14:45
62 20:33
99 19:15
33 16:15
46 15:23
37 20:01
45 14:33
20 16:17
92 14:23
25 19:22
14 15:42
72 21:50
82 17:49
46 16:51
13 23:00
15 15:08
56 17:58
83 16:57
71 22:24
18 18:44
33 20:47
68 15:19
70 18:50
48 14:20
79 17:28
66 17:22
57 16:11
18 17:02
97 18:44
83 20:00
70 14:35
13 15:40
88 16:08
99 21:48
8 20:01
24 15:42
95 18:55
48 19:35
43 15:22
97 19:37
59 19:16
67 18:19
94 23:53
28 20:21
91 16:58
28 17:29
56 15:55
5 18:21
49 19:09
66 20:40
62 14:53
57 19:58
67 16:58
53 19:48
46 23:08
25 21:17
90 20:56
14 17:24
56 16:41
35 21:01
71 20:21
10 22:22
48 20:26
90 22:12
21 23:30
3 18:21
17 19:50
10 20:05
29 15:40
22 16:17
90 14:10
42 14:09
79 21:19
32 16:02
43 19:28
89 18:00
26 15:32
25 15:06
88 15:44
89 20:06
31 19:16
36 14:02
18 18:58
27 15:28
42 16:24
73 22:34
12 14:33
9 22:04
39 21:40
49 14:09
12 14:16
62 14:10
82 15:38
69 20:32
79 20:34
6 21:43
52 17:06
95 20:11
36 16:19
8 19:25
41 14:07
88 23:43
82 21:34
10 17:36
68 22:04
92 23:50
81 14:16
16 16:11
22 20:21
78 15:44
85 16:44
69 20:37
98 21:13
77 19:38
72 16:04
4 15:00
42 20:15
52 23:57
91 18:34
80 21:11
1 15:02
31 15:42
1 18:39
57 21:39
95 17:03
55 23:16
31 16:01
21 20:04
32 23:33
82 16:42
53 23:30
52 23:11
5 18:03
57 19:01
63 19:57
9 20:08
22 23:38
32 23:36
77 20:44
54 20:54
35 23:39
77 14:56
36 21:26
64 18:23
27 22:31
18 20:45
3 19:56
12 18:53
35 23:11
26 17:53
51 20:15
39 19:38
96 15:45
4 20:41
15 15:00
91 15:10
85 14:41
88 16:56
85 19:00
48 16:36
66 17:11
88 20:51
6 21:55
28 22:34
47 18:57
25 19:53
98 14:01
31 23:34
26 18:41
87 22:35
46 21:53
4 16:31
69 22:16
68 21:42
84 22:57
46 19:33
45 23:06
6 14:07
75 14:57
64 16:51
38 19:19
16 21:44
12 14:01
1 14:52
32 23:17
29 20:09
98 16:00
85 19:49
52 18:05
33 16:10
7 23:30
82 20:06
4 17:37
18 19:06
17 15:39
36 17:00
11 14:44
4 23:26
62 21:59
49 22:08
11 18:10
9 22:40
92 16:04
9 14:56
12 18:26
38 17:29
54 22:01
68 23:45
96 20:28
41 21:48
36 14:51
83 19:14
18 23:18
93 22:23
79 14:54
31 17:51
34 22:25
81 18:39
11 20:52
78 14:22
8 16:13
41 20:17
15 15:52
99 17:00
84 19:07
94 21:26
93 19:17
26 23:34
19 19:44
59 23:18
19 15:40
54 19:29
57 21:48
99 15:09
99 16:17
70 21:35
37 21:56
32 15:24
84 17:38
96 20:06
9 21:36
35 17:36
83 16:56
45 19:52
91 16:20
45 14:16
71 21:23
11 20:10
40 15:33
56 21:19
29 18:13
57 23:56
49 22:41
44 15:07
40 15:56
95 20:11
57 15:27
90 17:16
22 22:48
68 18:48
17 21:55
33 23:38
14 23:17
18 16:54
96 17:37
44 17:50
36 17:55
29 18:29
31 19:05
40 23:53
100 23:27
88 21:09
26 22:53
88 17:42
63 19:04
10 14:59
25 23:02
41 17:11
92 18:32
75 21:39
8 14:28
62 15:40
80 21:21
29 23:10
88 19:26
58 18:48
67 17:06
83 14:55
60 19:45
29 16:33
45 17:54
77 19:46
60 15:40
90 18:03
9 22:31
1 19:09
77 14:12
12 16:08
86 19:53
20 19:53
99 15:37
36 22:00
77 19:39
43 23:04
9 15:23
49 21:47
40 18:34
55 21:21
5 17:33
35 15:36
30 20:45
70 20:54
78 21:32
96 16:48
73 21:51
15 14:18
88 23:02
52 14:12
58 19:14
54 21:08
43 22:46
52 15:48
81 14:30
89 22:57
92 15:55
74 23:39
82 18:41
76 16:23
99 20:40
55 23:44
85 18:43
54 21:51
27 14:51
48 15:15
71 15:49
18 21:25
70 15:29
13 23:05
95 19:10
39 16:23
30 21:34
1 16:22
54 20:06
96 21:51
72 14:34
65 19:17
67 18:56
89 18:56
29 23:35
40 16:31
67 18:42
56 14:09
12 17:42
78 20:51
38 20:12
21 15:29
6 22:59
49 18:10
29 20:35
98 20:25
10 15:38
41 23:08
85 19:14
95 15:45
21 22:30
82 15:37
27 22:04
80 19:20
35 17:11
29 21:19
58 22:18
70 19:47
84 19:14
90 16:52
51 21:01
2 19:01
32 19:57
65 21:13
6 22:20
2 22:16
7 19:29
24 14:32
57 22:23
49 23:49
50 15:17
82 18:13
4 16:07
7 23:49
9 18:52
28 21:40
60 22:21
11 21:25
6 14:09
23 18:00
87 17:59
24 16:27
36 21:56
96 15:38
31 15:04
81 22:24
82 20:58
27 15:36
11 14:40
8 21:53
67 15:12
7 21:01
25 15:35
18 19:18
13 15:29
4 14:12
50 17:10
62 15:58
35 17:52
88 17:32
45 16:39
78 19:35
62 22:45
55 17:51
52 22:46
65 22:07
61 20:55
38 14:49
73 15:48
4 14:10
40 21:49
36 23:45
42 16:49
4 19:25
76 18:53
32 20:16
93 20:50
61 16:45
38 16:46
57 19:42
85 20:36
62 19:30
64 23:33
7 19:11
96 18:12
63 21:17
55 20:33
79 22:11
75 19:08
57 22:13
76 14:12
62 14:17
97 18:24
38 23:09
66 19:46
66 16:13
37 14:14
31 22:48
2 14:07
28 14:43
79 19:08
83 22:51
7 23:43
64 18:13
86 15:14
15 16:37
30 19:36
49 16:11
73 20:08
36 14:58
15 22:06
82 19:49
25 20:55
59 18:49
42 23:05
58 22:17
1 20:56
34 18:55
51 19:57
97 20:54
74 14:27
92 15:41
10 18:33
32 19:59
63 23:57
5 18:00
64 20:37
9 16:15
31 18:03
87 17:02
60 15:45
56 19:05
38 14:09
6 15:16
55 15:29
12 22:39
35 22:06
21 19:23
1 23:56
88 14:11
41 21:56
79 16:08
5 19:51
18 18:37
30 20:00
7 20:45
49 23:49
84 23:40
26 15:17
12 22:37
4 16:04
86 17:18
58 21:45
22 18:32
66 16:23
97 20:28
42 23:13
43 19:58
43 21:58
87 17:23
58 18:18
35 14:16
44 23:46
72 17:59
30 19:05
48 18:34
53 22:09
30 21:57
26 19:55
35 16:43
45 14:07
75 20:56
59 17:00
41 16:58
89 14:35
62 16:20
80 14:32
66 18:35
89 14:31
21 21:18
10 16:15
98 17:28
38 23:40
58 17:03
19 17:18
19 15:24
90 14:51
73 15:02
83 16:37
97 21:22
72 14:02
24 16:38
22 18:28
58 21:34
77 19:37
35 19:08
52 18:39
66 17:33
43 22:18
20 17:25
10 14:37
87 19:58
98 16:56
48 18:26
98 18:25
58 22:26
26 16:12
61 22:42
39 22:56
13 22:01
11 19:15
90 21:27
6 18:16
75 20:54
61 22:12
38 21:11
34 19:42
72 18:30
12 19:21
61 18:19
53 19:55
26 15:06
1 17:34
92 16:22
80 23:45
92 15:30
3 21:11
94 15:35
47 21:07
66 16:26
63 15:07
2 23:52
55 14:32
92 21:06
17 14:39
38 15:08
18 15:45
19 19:15
92 15:13
47 16:50
55 14:57
39 21:25
14 22:43
94 22:06
15 23:23
71 16:53
98 16:26
4 21:19
30 18:10
51 16:32
12 22:59
43 19:40
99 23:33
10 20:30
4 22:45
16 16:35
3 20:36
54 23:05
47 15:51
75 22:01
11 15:19
6 15:55
24 19:09
10 22:40
45 19:44
43 18:31
73 14:06
14 20:04
60 19:10
58 19:26
84 21:31
100 15:28
25 21:54
20 20:36
18 19:03
89 16:36
94 23:06
7 19:54
51 18:44
51 21:27
15 15:26
46 20:34
20 15:18
21 14:51
92 17:23
9 23:27
96 16:19
67 23:42
16 17:09
10 17:55
52 18:31
92 21:32
89 15:21
61 20:14
27 19:27
30 21:34
49 18:34
57 14:09
86 17:29
38 15:48
47 18:15
29 22:39
45 22:39
21 14:48
96 14:40
16 15:48
87 19:56
12 15:51
78 22:26
78 18:01
46 20:57
20 20:13
85 23:37
96 16:22
14 22:14
43 19:06
9 14:50
36 16:15
81 22:31
1 23:40
53 16:54
14 22:57
42 16:35
8 18:51
75 23:01
20 14:10
18 14:38
29 18:58
86 14:02
31 19:21
60 14:39
17 14:18
87 20:12
68 15:02
3 18:32
20 21:33
1000
32 255
4 109
74 283
81 146
88 103
68 13
59 228
5 77
80 231
22 170
25 38
43 128
20 253
17 152
80 115
58 159
8 98
34 270
25 135
67 286
83 245
90 35
63 251
95 200
88 128
76 32
52 127
43 76
72 299
61 263
34 137
99 247
81 119
7 86
78 79
38 71
94 153
41 14
8 213
84 169
29 276
95 113
65 253
71 77
40 271
99 25
60 101
95 9
84 121
16 59
29 40
34 205
9 126
62 68
78 249
29 86
43 136
25 75
32 23
56 223
42 12
46 165
66 147
38 182
40 53
37 3
83 210
34 61
82 289
14 64
3 136
20 150
7 124
70 188
98 254
94 65
1 295
75 154
73 289
51 199
37 34
66 20
27 92
20 173
95 290
11 114
93 190
49 129
52 83
88 246
55 133
17 225
90 243
42 50
12 13
99 190
56 98
86 288
57 263
74 47
91 268
85 149
35 66
18 151
74 78
22 52
37 125
60 154
19 209
22 56
23 111
82 21
40 105
67 237
14 270
53 213
39 283
26 251
58 233
25 116
98 296
99 225
58 266
65 4
55 232
17 128
63 88
100 186
93 108
63 14
17 174
13 9
6 193
4 279
40 158
7 52
75 54
36 171
77 67
6 123
95 13
5 234
63 151
61 151
16 215
51 11
62 138
13 165
52 3
81 146
4 190
41 19
17 88
1 273
30 249
60 128
30 140
59 26
99 218
4 106
100 125
27 71
62 35
19 15
65 52
3 142
47 180
100 81
100 125
18 135
98 67
11 265
44 260
67 273
28 74
42 181
1 195
39 188
100 45
97 54
62 62
35 176
79 57
67 295
93 249
94 137
8 122
42 215
53 174
5 89
81 89
91 167
71 72
22 37
76 151
16 46
54 249
96 208
91 220
88 119
27 205
91 247
65 189
11 291
66 213
69 7
70 231
35 256
87 293
29 138
35 17
16 19
81 286
60 143
15 178
53 178
63 25
23 145
15 149
72 3
18 194
74 107
51 11
62 236
56 154
4 68
96 177
72 101
44 105
17 3
64 47
16 229
52 300
59 95
88 121
54 28
9 124
21 154
25 218
95 131
79 274
75 177
59 104
66 84
38 293
80 125
61 182
70 126
10 111
19 209
88 3
89 11
32 272
34 126
71 176
96 297
18 61
54 38
68 117
44 160
55 159
81 298
6 48
42 59
13 161
10 216
97 296
76 91
74 294
21 85
14 252
27 18
31 84
9 203
80 238
59 21
12 74
4 88
80 248
2 111
2 215
94 58
13 110
85 275
19 37
42 6
21 222
57 150
38 67
27 241
94 295
67 291
24 31
52 181
74 127
80 69
40 25
17 128
7 265
58 237
44 237
12 216
4 200
54 109
85 225
49 166
90 29
92 290
31 145
87 112
56 237
17 219
91 134
80 271
64 116
36 48
20 228
65 89
23 275
93 80
46 95
35 48
93 116
29 175
38 125
15 261
74 237
21 276
76 242
35 273
47 296
67 112
83 91
55 16
15 277
83 45
61 209
97 33
34 243
43 296
8 35
37 227
53 27
36 56
46 243
90 276
96 245
67 33
93 105
23 237
27 42
37 22
24 186
2 187
30 203
35 42
1 130
69 292
64 280
10 75
45 82
36 35
96 242
87 211
75 136
28 104
83 82
37 153
65 234
4 121
3 27
74 130
69 123
78 283
20 80
26 77
50 270
86 53
77 139
85 82
12 176
52 57
56 248
35 124
36 126
5 30
23 192
71 11
65 149
26 80
16 278
5 110
60 33
41 84
50 1
51 178
53 206
93 248
61 264
21 209
87 18
2 260
37 77
1 232
96 237
19 243
88 207
39 186
39 291
51 163
32 160
82 231
37 166
72 213
58 231
85 22
28 25
71 238
38 39
43 11
35 170
54 49
20 66
52 281
11 125
56 242
89 27
42 73
100 119
61 100
84 189
25 38
98 88
44 236
97 74
14 27
49 157
15 188
73 36
44 240
65 103
46 121
96 183
66 100
6 117
20 245
57 185
71 233
30 270
40 182
94 185
70 92
98 297
1 1
18 33
78 101
44 16
35 280
9 219
60 209
80 174
60 28
72 140
56 14
54 228
64 248
58 248
31 185
38 147
6 80
71 48
60 141
61 80
52 51
25 200
30 26
45 55
83 82
66 49
19 91
25 137
40 290
24 217
57 252
90 219
68 130
97 13
28 165
19 105
17 250
23 198
89 113
45 255
3 217
93 149
2 99
28 203
80 12
44 281
11 200
29 152
84 137
67 101
23 279
14 252
66 70
91 156
81 228
61 188
29 299
80 16
15 46
9 15
80 3
78 275
91 173
31 107
2 7
33 260
24 53
42 144
91 157
62 163
93 29
28 62
17 270
68 133
71 69
75 259
92 29
99 269
67 212
65 135
90 22
24 10
49 26
92 95
35 204
47 110
11 75
78 74
79 292
7 24
54 34
62 243
19 75
90 179
44 155
26 113
36 220
15 77
48 129
11 137
28 188
70 266
25 153
76 80
78 72
64 122
52 46
35 230
18 246
48 258
29 243
74 108
47 116
90 68
42 68
11 235
88 299
32 170
28 153
73 223
67 201
44 199
52 37
17 77
33 220
11 70
68 244
94 177
84 110
82 153
91 206
65 137
83 47
11 39
84 294
89 240
50 289
69 266
16 176
96 63
60 31
65 114
75 67
68 36
95 81
66 252
55 11
8 218
39 218
34 96
25 64
69 58
83 23
34 180
6 225
53 157
82 226
74 135
35 142
7 220
80 263
26 22
66 115
100 11
31 86
66 70
87 115
83 194
78 275
83 200
55 50
63 123
1 300
44 116
68 7
44 162
27 67
30 27
55 78
66 71
86 106
57 133
9 163
38 224
62 33
5 227
31 145
66 108
7 199
29 214
66 128
49 113
39 89
19 6
63 200
25 111
21 145
30 260
32 92
27 243
21 165
95 237
73 276
27 57
9 286
61 60
88 271
13 150
13 105
16 36
62 173
21 170
40 57
22 272
4 118
8 75
57 23
33 145
59 33
72 201
3 269
78 127
32 203
93 8
93 176
86 172
28 225
98 141
31 277
15 92
5 121
100 201
59 143
39 244
63 214
60 65
69 72
38 295
96 283
3 80
47 276
39 275
9 17
25 176
1 53
35 89
86 150
51 257
71 106
46 261
2 242
36 60
10 39
4 83
85 45
57 145
59 162
65 77
88 71
65 86
12 185
86 134
37 147
70 70
52 278
2 69
60 241
82 259
47 226
21 151
39 116
27 80
68 242
64 121
50 181
79 68
46 53
82 244
80 226
92 193
56 140
57 79
93 135
69 257
56 237
8 201
65 24
47 213
100 37
46 156
20 101
18 181
4 289
53 238
44 229
86 101
13 289
17 112
24 180
33 7
29 28
33 74
45 161
79 231
33 85
5 237
87 221
34 38
74 106
71 13
61 266
74 159
16 35
93 159
46 132
71 117
50 235
72 21
25 119
15 179
100 108
5 128
50 195
67 178
63 62
82 5
63 79
46 159
37 176
73 289
92 243
38 22
83 279
50 296
26 190
5 60
16 204
28 67
72 109
58 230
65 170
52 57
21 74
86 248
3 86
62 142
60 33
87 279
83 94
98 31
36 31
31 167
23 295
96 132
56 281
38 81
26 223
53 186
40 126
36 263
32 259
39 33
54 255
32 203
91 229
65 263
79 296
1 16
43 80
80 207
39 165
3 73
47 227
67 251
100 170
2 299
90 270
61 151
48 123
83 299
99 153
37 4
18 106
17 213
53 6
61 185
65 8
42 107
16 108
92 149
45 12
19 277
30 7
66 159
84 222
8 130
23 245
52 5
51 250
77 293
85 207
62 34
42 294
38 9
37 4
35 288
91 155
48 172
60 77
100 194
75 201
5 149
58 104
22 195
76 278
8 74
55 130
55 193
54 39
3 27
69 273
49 47
26 167
80 153
40 270
91 99
37 106
68 236
94 108
37 237
34 144
63 237
35 271
21 142
48 187
46 300
62 82
29 178
69 16
31 143
17 221
73 27
22 19
84 122
69 288
3 8
65 294
25 85
12 6
86 107
81 118
34 125
78 287
51 10
81 234
49 191
57 150
32 70
54 50
70 168
8 19
64 155
76 50
70 179
31 99
20 113
9 212
63 190
70 255
35 147
58 90
75 237
14 194
92 27
88 277
69 189
23 231
14 67
52 154
38 2
20 290
43 199
60 78
25 38
9 104
78 28
64 110
12 208
61 35
59 170
89 111
85 57
14 295
23 108
74 292
94 63
31 140
78 107
30 226
41 237
57 1
91 70
35 227
89 61
21 38
83 249
54 128
55 206
64 139
6 145
96 207
1 162
32 255
33 121
50 97
22 48
56 262
94 164
6 269
32 271
44 155
91 249
16 199
37 154
46 235
56 122
38 111
47 86
10 192
24 234
25 132
81 55
71 151
20 75
54 233
63 75
92 283
24 101
82 134
90 213
84 140
12 61
30 16
17 251
11 256
80 78
27 105
1000
85 23:17
54 18:45
80 15:56
23 19:51
62 17:38
19 14:53
33 21:39
59 22:05
63 17:55
90 22:22
90 16:07
67 17:44
90 20:54
93 19:14
40 16:37
32 22:02
66 18:02
9 22:20
26 15:17
61 19:05
71 16:08
63 18:31
10 21:06
90 22:27
38 21:47
28 17:45
50 20:17
12 15:28
75 16:34
73 18:10
24 14:56
20 20:19
20 19:14
60 22:56
95 20:11
84 21:07
64 20:45
80 20:58
99 22:41
56 15:04
54 19:04
14 17:35
65 23:19
2 19:43
70 23:13
51 14:53
25 17:35
71 16:27
68 18:36
50 23:21
30 14:02
79 20:15
73 21:44
84 21:54
85 20:16
73 14:42
79 23:31
19 21:02
86 20:24
77 17:53
41 16:45
82 18:55
54 16:43
4 23:00
57 14:55
45 23:09
55 15:35
4 16:58
24 17:34
6 23:38
63 14:13
29 14:43
46 16:00
100 21:05
42 23:14
76 17:41
47 17:07
75 19:33
27 15:03
40 22:55
67 21:04
59 15:49
71 19:30
17 16:11
7 16:47
29 23:33
42 22:33
47 17:39
46 17:24
33 21:40
39 23:01
13 14:11
73 18:26
23 21:02
76 18:54
7 19:30
71 23:01
97 14:34
89 18:44
83 16:07
73 22:03
58 21:42
8 19:55
53 17:32
31 22:45
50 16:26
95 22:40
34 15:46
34 17:50
8 20:24
78 18:10
29 19:17
36 17:52
14 20:33
1 18:00
65 22:20
67 22:00
49 16:06
59 18:29
77 14:35
18 17:11
98 19:58
42 18:43
24 18:13
38 16:36
94 22:34
84 16:17
5 17:21
90 22:45
56 21:45
75 18:34
37 20:49
28 23:30
13 14:31
39 17:04
84 23:29
14 19:54
15 20:42
50 17:08
71 17:36
26 20:08
3 22:15
59 21:25
37 23:52
90 21:59
81 20:02
60 19:21
33 20:46
92 23:28
48 15:38
98 15:01
10 15:10
91 17:14
23 19:46
9 18:38
31 20:22
92 16:51
9 18:01
14 21:13
27 14:37
23 19:50
74 14:02
79 21:41
66 19:53
88 18:51
100 14:57
38 15:17
26 22:00
49 15:33
63 16:18
83 20:26
100 20:19
66 22:15
6 22:16
69 21:00
16 14:30
65 21:47
71 16:14
69 15:44
12 21:01
74 17:47
10 21:48
2 15:33
10 15:36
81 18:21
99 20:16
46 17:27
5 14:32
4 20:05
4 21:18
24 15:33
48 22:54
28 16:22
60 15:58
12 14:06
55 15:32
68 21:27
98 15:20
11 18:52
4 16:01
11 23:12
79 14:25
52 14:03
15 14:33
21 15:58
36 18:13
24 21:24
71 22:28
13 23:14
48 23:25
67 14:03
11 21:00
54 15:07
8 16:40
100 17:05
25 22:35
53 17:50
70 22:20
32 19:17
66 18:07
61 17:49
89 19:55
88 14:36
64 20:17
83 15:06
1 22:44
3 15:19
3 16:32
71 21:10
68 18:34
77 14:30
57 19:02
53 16:57
61 21:32
99 15:50
98 17:26
32 19:31
37 14:17
20 18:49
16 19:41
67 18:45
61 17:42
6 16:27
20 20:20
23 22:04
93 22:49
67 20:05
87 22:21
18 19:27
60 19:15
72 15:51
87 17:58
67 22:03
34 18:55
29 17:15
83 21:20
84 18:10
1 23:03
67 18:24
58 15:09
74 14:24
52 14:01
5 19:24
41 16:57
16 14:19
63 20:40
83 23:10
76 19:37
29 17:37
97 18:14
74 14:48
89 23:21
14 14:19
5 20:22
26 19:49
49 20:59
21 21:47
1 23:26
67 18:35
77 17:32
76 14:37
82 17:49
44 18:17
18 18:32
42 14:20
54 21:40
87 18:50
66 14:08
69 15:21
48 22:05
32 15:52
57 17:10
15 17:59
48 20:27
45 20:17
28 16:13
21 16:26
85 19:28
12 18:05
30 18:14
91 18:32
25 21:20
49 14:23
77 15:23
54 22:21
60 23:24
47 16:23
21 21:25
40 20:51
21 14:05
8 18:56
26 15:26
72 17:04
59 18:19
54 17:11
33 16:40
23 19:37
45 23:15
19 14:08
24 20:16
68 14:42
51 14:28
78 20:44
47 14:52
41 18:19
67 14:19
35 14:22
43 23:52
75 16:47
45 23:51
15 20:49
54 20:58
78 14:03
44 17:16
29 20:14
13 14:07
71 21:46
22 18:10
74 15:56
13 14:47
88 22:24
88 20:52
18 15:11
83 14:38
4 14:07
35 23:29
49 17:48
52 22:44
29 22:23
60 14:06
64 22:33
17 20:46
56 16:00
61 22:22
1 15:31
96 19:57
52 15:15
2 14:23
62 15:23
57 15:14
99 16:28
77 14:27
62 23:25
94 20:53
39 15:19
94 14:18
79 17:27
16 20:19
70 15:02
8 20:40
30 17:44
47 22:27
58 23:03
86 16:24
78 17:47
10 22:25
54 16:34
34 17:45
98 20:42
45 17:41
32 14:40
62 22:13
46 18:55
89 20:13
93 18:26
86 17:29
82 20:18
20 21:44
64 22:09
99 14:08
26 20:35
26 14:23
99 23:03
64 18:18
15 16:11
13 15:40
64 21:11
67 16:07
45 17:32
22 22:21
66 21:01
45 18:12
52 21:34
69 23:29
53 22:57
55 19:46
11 16:41
57 18:31
85 18:47
69 20:48
83 17:03
2 21:51
52 17:57
67 18:03
5 18:32
33 20:46
55 20:38
47 14:59
16 20:31
19 21:55
42 18:55
52 15:18
48 19:35
59 16:38
65 23:35
42 14:55
18 21:05
55 19:28
3 19:54
36 23:58
61 16:41
15 18:01
27 22:11
13 16:48
26 16:44
66 20:26
70 21:42
79 20:37
97 22:19
55 15:00
46 14:31
63 15:58
74 18:33
90 19:09
58 20:12
7 16:39
98 17:19
60 19:57
71 21:48
14 23:32
15 23:20
10 16:52
37 18:56
40 21:21
63 19:39
74 16:05
68 15:38
96 21:20
25 15:31
53 18:53
15 19:08
60 15:38
74 16:26
31 15:41
73 21:33
76 14:52
26 23:00
51 15:18
11 19:26
63 21:00
29 18:45
16 22:42
31 18:08
92 17:03
18 16:23
65 19:57
4 19:58
31 21:24
31 23:34
30 18:46
48 14:41
77 21:18
11 17:09
92 18:17
81 22:03
24 14:02
91 21:32
49 15:05
64 23:13
24 21:08
14 20:17
50 18:04
81 14:12
43 15:19
85 18:54
23 23:07
73 17:27
82 20:14
71 16:42
10 23:32
70 19:49
58 14:39
86 19:23
9 20:45
22 23:22
16 17:20
52 21:06
31 15:11
29 19:16
5 17:22
62 19:06
19 15:54
14 14:21
75 19:55
49 19:06
50 21:23
90 21:40
82 16:48
32 18:24
3 23:35
26 23:58
80 14:21
12 20:58
42 17:40
28 19:47
77 23:42
4 15:36
26 18:43
42 22:52
60 15:26
1 16:30
89 14:15
54 21:52
68 19:28
27 21:11
77 18:53
19 14:36
12 23:36
91 23:52
77 15:12
18 15:32
43 22:01
63 16:19
24 19:24
46 20:34
29 18:39
92 14:38
82 19:01
65 20:37
8 18:27
43 23:57
45 18:08
9 21:55
64 14:32
91 14:21
41 14:49
68 21:12
71 22:05
1 22:44
92 20:15
16 23:13
25 18:18
69 22:46
79 22:54
55 19:17
14 19:16
99 17:37
88 20:16
32 22:37
39 19:10
34 23:27
38 23:53
40 20:47
81 19:19
24 17:01
52 16:49
35 22:34
78 15:05
20 23:48
6 23:26
53 19:18
81 18:21
23 22:31
61 14:33
85 17:36
26 21:41
80 18:51
44 20:09
29 23:10
80 21:09
87 14:50
22 19:03
47 14:29
6 21:20
14 21:15
53 21:29
14 22:11
30 16:02
59 22:39
22 14:38
27 14:45
37 17:50
36 16:56
2 21:39
52 19:30
97 20:46
87 16:34
31 23:13
93 21:54
10 21:24
30 22:08
21 19:20
54 20:34
29 19:24
60 23:42
61 23:24
10 22:06
68 22:23
86 22:26
62 23:47
23 23:56
12 22:11
31 18:01
3 19:58
72 21:59
81 22:23
24 18:14
38 22:34
53 20:10
70 19:26
21 16:48
44 18:09
51 14:45
2 22:52
26 21:53
74 19:23
21 20:44
93 23:18
7 16:45
37 23:13
12 14:51
97 19:18
32 16:43
43 20:05
52 17:49
97 23:54
54 14:46
1 23:33
25 18:56
41 20:42
1 22:26
59 20:27
15 18:15
92 15:53
80 16:50
35 14:19
38 21:45
84 16:55
3 19:27
41 18:08
50 20:25
6 21:30
12 19:57
100 17:34
36 23:58
75 21:06
26 23:37
40 20:27
36 18:58
48 18:28
24 19:59
67 14:53
68 14:06
27 23:54
92 15:58
41 23:18
12 17:55
12 14:46
94 19:25
83 18:30
48 16:15
45 23:09
33 16:46
47 23:10
12 21:22
58 23:29
29 17:27
38 23:57
49 23:15
26 19:49
72 15:16
21 23:40
61 18:27
20 18:56
8 19:40
56 19:04
26 16:15
15 22:48
98 19:43
6 15:45
99 22:08
98 20:11
63 18:05
28 19:48
22 14:47
5 23:57
90 17:01
29 22:25
17 20:12
86 14:17
47 17:52
1 21:10
89 14:34
33 19:48
42 16:52
55 19:40
46 18:02
68 15:44
33 14:22
48 16:10
57 18:20
71 19:30
70 21:25
51 18:15
60 18:28
18 23:45
6 18:48
28 15:17
22 18:50
66 17:46
97 14:19
92 22:41
32 15:51
56 22:59
95 19:21
48 19:00
17 16:38
22 17:34
52 22:21
9 19:06
67 18:37
47 18:19
65 20:51
58 18:03
36 17:56
3 17:08
37 20:37
93 19:59
62 16:30
65 16:50
17 16:44
82 15:45
63 16:30
68 14:57
17 17:11
93 20:18
5 20:05
87 15:39
80 21:55
78 23:32
3 19:37
52 16:18
20 22:02
68 21:06
70 20:58
21 17:50
44 19:40
71 14:07
45 14:48
46 16:23
60 18:00
97 18:36
10 19:30
40 20:18
52 21:35
46 19:06
59 19:52
9 19:17
9 15:25
27 21:51
54 21:28
70 14:32
67 23:07
43 18:07
49 19:36
44 17:31
53 22:19
17 22:57
39 16:25
27 20:42
60 21:54
88 19:27
33 18:49
18 15:10
53 21:09
56 22:28
2 23:07
77 22:12
18 14:25
58 16:09
19 19:01
1 19:41
45 23:29
91 16:42
47 15:41
92 22:01
61 23:44
37 16:42
48 15:32
83 15:42
2 16:12
69 22:24
100 18:15
25 20:05
46 15:39
15 16:59
22 14:11
79 22:07
31 23:10
54 17:38
82 21:05
94 17:27
90 23:20
57 16:14
92 17:17
23 17:40
94 22:11
59 16:37
30 20:16
20 14:09
6 15:23
52 16:44
62 14:26
92 15:01
83 14:50
77 22:43
93 17:36
83 19:53
27 14:36
20 20:50
10 21:23
11 20:31
73 17:20
13 22:15
31 21:33
20 14:13
70 22:52
3 14:48
63 22:06
73 21:15
21 15:27
73 23:22
47 20:12
57 16:06
96 22:02
97 23:35
45 19:20
7 14:41
30 20:25
97 20:54
8 16:49
34 14:02
82 20:53
13 20:57
18 23:43
74 14:37
74 15:38
54 21:18
80 18:04
5 19:42
2 17:51
34 17:57
33 15:36
59 20:15
65 16:46
73 21:31
24 16:41
62 21:08
3 19:52
89 15:17
42 15:49
3 22:45
82 22:29
36 15:40
89 17:25
35 15:11
92 19:37
9 14:45
7 18:46
98 15:23
26 16:24
42 16:19
39 21:53
20 22:52
68 16:50
17 19:19
47 16:06
19 20:08
95 17:50
38 18:50
60 17:31
7 20:52
90 16:40
71 18:03
90 21:36
46 14:57
70 18:52
44 17:53
42 21:19
76 21:33
94 19:19
11 23:49
41 18:18
68 22:05
47 20:00
18 20:36
48 18:48
32 14:54
69 21:54
72 19:23
6 16:56
73 23:36
100 21:19
83 16:09
11 19:54
89 22:13
40 21:29
61 23:58
25 20:13
16 23:46
77 17:59
30 14:03
30 18:47
12 19:13
76 21:49
67 20:32
36 20:33
72 21:04
96 14:31
39 21:25
61 23:42
68 23:46
42 19:13
21 15:17
31 20:52
80 21:12
73 21:21
7 16:40
84 15:03
33 23:45
71 23:29
50 23:41
91 20:35
23 19:42
18 19:49
55 14:19
61 15:55
77 18:58
52 20:49
52 19:30
81 22:17
67 20:10
32 19:10
12 22:10
41 15:14
68 14:07
95 20:32
15 18:22
43 20:00
90 22:47
3 22:10
84 19:50
13 22:39
96 21:27
95 15:13
85 16:53
29 20:38
3 14:25
65 15:13
15 15:48
69 22:14
8 17:55
62 14:16
59 17:23
92 14:04
24 20:26
99 20:07
46 15:14
76 21:21
65 14:41
78 16:02
86 23:56
22 18:01
98 14:29
25 23:51
19 19:00
25 23:47
35 18:27
35 19:31
86 17:59
0
