100
54 288
29 117
87 226
45 282
70 245
12 55
92 50
8 112
40 175
61 40
58 80
47 34
40 42
80 27
80 141
83 65
2 217
60 6
96 188
63 198
84 1
75 141
96 220
40 157
13 197
17 266
36 134
29 278
8 60
100 211
38 12
80 283
54 158
6 104
27 179
91 56
43 120
39 210
91 149
9 37
45 151
23 293
48 72
66 64
74 68
89 51
91 166
71 288
77 183
67 230
50 194
7 71
33 56
91 130
92 62
11 29
34 33
83 60
13 207
31 255
34 203
90 112
91 127
34 85
60 252
17 213
6 195
51 284
61 150
32 8
21 213
6 233
58 191
82 184
22 284
63 300
35 107
60 45
90 118
44 170
79 269
14 52
2 77
90 191
82 59
40 192
100 196
47 136
54 57
11 185
36 213
27 110
14 214
98 200
47 165
98 126
26 122
89 124
20 300
52 147
100
9 16:11
5 19:21
86 19:42
17 22:45
42 15:31
78 18:41
87 21:17
13 20:26
27 20:38
84 18:51
56 21:50
30 19:32
17 17:58
87 15:49
6 21:14
29 17:56
10 17:38
63 21:08
10 19:14
61 14:04
29 21:37
64 23:15
74 17:03
47 21:37
46 17:22
74 14:46
47 15:50
95 22:57
52 22:28
62 23:17
81 23:51
74 18:09
33 15:12
56 16:47
70 15:52
45 20:26
77 17:47
32 14:08
3 21:05
9 18:01
35 17:38
73 15:54
53 17:00
45 20:11
50 14:38
84 18:54
33 18:21
65 23:47
17 18:59
14 14:54
68 22:47
75 17:12
64 17:05
54 20:35
12 17:25
9 14:36
73 14:24
24 19:06
45 21:04
29 18:36
20 23:55
97 20:50
54 15:55
45 21:18
20 14:45
68 14:42
41 19:25
43 16:40
59 16:32
82 19:42
10 17:26
21 19:18
29 21:27
56 15:57
97 18:12
54 19:37
54 20:43
24 20:51
3 18:08
83 21:18
20 20:15
35 18:57
33 15:30
3 19:26
14 15:48
77 19:03
13 22:51
12 18:21
24 22:23
99 14:34
51 14:48
56 17:46
100 22:14
1 18:21
81 16:56
45 21:29
46 16:04
6 18:07
88 21:06
41 17:57
100
69 30
83 284
69 185
43 287
95 20
7 108
53 152
36 238
89 17
40 2
88 179
54 212
82 120
17 145
18 210
69 11
83 280
82 217
29 175
73 106
41 155
36 3
85 44
17 98
43 202
34 178
60 115
67 249
99 23
16 265
42 124
61 82
69 11
72 282
19 162
50 146
5 264
24 189
99 78
55 14
32 20
50 191
41 147
99 67
55 220
32 183
81 141
51 9
28 78
28 41
61 146
22 224
22 267
53 89
53 232
99 278
49 46
4 156
71 61
58 159
56 71
100 160
91 205
2 247
9 81
70 27
52 228
98 212
77 164
82 36
37 253
91 37
74 8
53 226
33 136
52 76
35 120
37 299
32 60
75 273
87 204
31 50
24 102
45 173
10 240
52 206
13 248
74 132
71 246
35 1
8 219
46 95
72 159
37 277
36 150
53 123
85 83
50 294
76 233
96 160
100
13 18:39
78 16:43
79 18:05
77 21:00
91 14:38
1 23:43
84 18:03
35 23:55
38 15:18
38 18:23
34 23:00
84 22:37
14 22:47
52 19:11
50 14:35
73 17:20
33 20:26
20 19:14
4 14:49
98 20:16
39 17:40
40 14:57
17 18:08
76 19:41
55 16:09
60 22:17
96 21:47
76 17:20
7 22:39
99 14:36
52 15:42
66 21:11
68 19:42
87 22:07
23 18:33
60 19:36
75 16:13
26 20:44
67 17:23
19 21:53
65 16:11
94 20:28
28 19:45
70 14:11
48 16:41
5 21:40
91 22:30
23 17:41
36 14:29
93 14:27
14 23:07
11 14:25
75 18:59
74 21:29
61 22:10
10 15:07
29 23:18
16 23:13
7 17:20
61 14:43
9 22:53
90 22:35
51 14:32
86 21:04
78 23:44
37 15:52
51 16:47
68 21:18
71 21:30
13 17:02
100 19:13
57 18:03
63 16:24
42 18:26
8 16:30
46 16:29
46 17:17
52 18:59
47 18:37
93 18:35
82 22:09
24 19:36
83 18:06
2 19:55
79 22:02
81 21:56
53 18:31
94 16:29
35 21:07
4 14:42
85 19:29
75 21:11
2 15:34
73 14:14
1 21:58
12 17:33
28 16:23
72 22:28
94 18:57
18 14:01
100
70 141
97 58
89 71
19 151
33 132
7 263
20 144
34 9
10 65
8 269
67 262
1 118
47 271
80 11
36 181
42 286
33 92
86 85
87 136
55 19
96 67
7 169
2 123
35 187
19 153
90 169
74 274
50 157
56 153
20 4
32 132
4 53
48 102
58 241
90 253
91 8
53 57
30 102
55 141
48 217
98 64
34 198
18 267
79 118
59 181
81 151
76 234
56 8
75 205
64 193
77 195
74 66
52 281
22 213
75 130
75 38
70 288
28 211
99 193
62 160
48 111
26 241
98 20
44 50
97 279
100 286
1 163
12 198
93 3
66 92
58 122
80 219
14 164
77 5
84 172
41 200
31 147
31 234
95 20
46 243
52 190
75 67
18 59
10 300
95 135
31 68
39 181
49 47
21 79
91 284
47 220
51 46
39 177
17 165
39 64
65 136
62 181
40 197
16 149
34 91
100
100 17:03
55 19:59
23 15:01
4 18:02
12 14:07
33 22:19
30 22:45
57 14:33
90 23:20
15 17:06
65 22:10
70 20:34
68 15:54
59 23:30
22 17:25
11 19:30
66 15:07
65 15:38
14 17:35
24 14:41
19 22:57
36 17:07
78 20:59
45 23:43
18 19:18
37 14:58
19 19:50
52 15:17
34 23:58
9 14:02
2 18:12
94 19:58
6 21:46
90 19:47
92 17:38
50 18:42
98 20:29
82 16:07
7 14:48
5 19:44
48 16:19
36 16:05
43 22:44
99 20:22
40 22:49
76 14:37
86 23:28
37 14:07
20 14:13
40 14:53
69 17:49
85 16:50
24 19:52
98 22:32
100 18:49
17 16:44
20 21:26
47 18:12
86 21:19
64 23:29
21 16:03
27 20:14
47 15:05
47 21:40
60 15:18
74 16:56
60 15:14
93 14:44
95 18:08
20 21:20
15 15:06
56 21:10
65 21:31
46 19:43
100 15:13
57 16:28
34 21:07
35 23:34
89 18:09
100 17:40
65 19:53
88 16:42
86 20:12
66 19:13
21 23:12
65 15:50
6 21:51
58 15:31
65 14:16
89 22:34
73 18:28
84 14:06
51 19:24
26 23:47
55 18:10
29 16:02
28 21:31
31 17:21
72 16:26
93 21:15
100
39 51
60 86
70 66
23 92
54 220
13 153
60 75
49 72
36 54
95 294
59 214
29 273
94 201
90 138
71 167
53 14
37 271
77 53
3 78
76 242
21 215
61 12
58 115
11 65
1 261
91 180
15 184
92 105
92 47
69 6
18 150
59 110
54 288
65 32
5 104
40 81
42 191
58 50
96 154
30 134
14 192
33 259
8 271
71 82
77 292
45 152
76 143
13 166
52 44
87 236
15 219
95 222
76 194
39 275
7 176
90 167
94 16
21 194
62 199
9 265
52 119
77 153
12 168
17 234
45 300
15 81
70 26
22 37
41 47
84 34
30 101
72 215
50 183
3 190
1 257
18 170
40 59
1 96
99 208
67 257
98 97
34 259
50 267
23 153
35 157
17 252
4 114
19 115
42 27
68 91
52 67
99 172
54 166
29 38
45 115
13 235
99 25
38 200
67 77
69 191
100
79 21:18
75 22:16
36 15:18
99 19:51
14 22:58
51 22:22
49 16:40
51 14:13
58 23:15
22 19:37
62 17:39
45 15:31
88 17:28
38 20:57
69 18:59
85 16:21
81 17:37
5 17:11
75 15:16
45 17:21
1 15:36
64 19:12
90 18:45
66 21:40
100 21:03
16 22:38
29 17:55
39 23:49
56 17:17
83 16:08
44 16:17
97 16:14
33 14:02
67 19:43
37 18:25
16 19:33
57 16:04
68 20:37
80 17:45
64 14:54
20 15:41
25 22:26
100 19:23
69 23:10
16 22:07
39 19:55
79 15:18
88 22:52
18 15:42
66 18:43
6 16:13
32 19:15
84 16:05
62 23:49
26 23:38
62 22:50
37 19:13
43 21:18
25 16:06
37 14:18
37 20:06
45 21:19
67 23:11
39 22:41
34 21:38
81 17:42
38 14:36
77 16:22
11 18:18
62 16:36
74 23:43
35 14:34
32 20:34
73 16:57
97 17:39
38 22:09
1 20:11
90 19:52
4 20:25
57 14:24
99 20:38
8 16:42
24 21:36
28 17:52
82 22:08
61 23:16
2 21:36
92 16:10
65 22:29
67 18:48
8 22:50
1 22:50
80 16:21
36 21:42
22 20:43
78 18:33
90 16:28
52 16:24
61 23:48
57 20:49
100
29 153
62 235
28 253
95 189
20 235
50 156
90 180
41 53
68 295
61 265
20 12
66 107
62 262
28 198
13 250
30 242
3 125
45 108
70 76
43 232
33 71
61 110
6 188
6 85
7 212
21 12
72 298
46 53
29 111
32 2
48 78
77 250
77 237
38 86
52 192
21 216
91 284
53 259
61 266
40 223
98 245
10 271
52 142
5 105
25 158
68 122
70 209
85 281
75 113
46 120
100 81
51 285
72 279
84 235
95 220
48 209
25 174
10 146
37 238
59 222
100 284
57 192
55 115
42 8
41 289
52 35
77 19
76 149
2 113
96 45
84 88
25 43
24 64
41 86
7 280
17 121
92 51
58 156
10 132
25 223
7 154
85 98
14 14
4 129
98 84
40 102
72 176
67 245
87 289
1 275
14 290
18 242
93 237
80 63
52 300
9 41
89 142
48 14
48 106
36 116
100
59 21:45
13 14:04
75 23:26
95 19:58
57 16:47
72 16:31
45 20:34
26 18:35
81 15:49
74 22:42
97 16:17
63 18:54
58 19:49
25 18:27
83 23:58
71 19:30
43 18:08
54 21:50
44 19:04
92 19:42
100 21:45
42 22:07
21 17:51
70 17:49
54 15:50
4 22:16
65 14:34
49 15:02
3 17:27
80 18:47
94 19:58
33 14:04
88 15:54
51 19:49
68 19:22
3 16:47
62 17:20
45 21:04
39 18:54
73 22:01
98 21:46
10 14:19
11 17:02
61 21:39
36 23:20
86 14:07
27 16:56
6 14:06
56 22:18
33 21:22
71 17:36
66 21:13
83 23:48
27 16:21
92 14:56
83 19:44
47 23:42
13 23:22
65 17:43
87 19:43
53 18:15
94 17:21
28 20:15
75 16:44
29 21:23
75 19:20
49 17:22
83 23:04
85 22:19
11 16:45
15 18:33
80 23:43
94 16:42
76 14:41
53 19:50
37 18:25
69 19:41
100 17:59
50 15:44
47 23:15
3 23:59
65 14:12
65 22:36
81 22:28
11 23:50
2 19:27
43 15:42
5 23:46
14 21:28
11 16:58
76 15:05
25 16:59
22 16:04
13 16:05
13 19:25
27 16:08
4 18:55
67 14:08
89 21:41
85 17:45
0
