100
5 14
95 259
33 39
95 213
21 66
64 72
91 53
41 241
70 43
18 286
1 68
28 181
7 262
13 55
21 81
37 5
47 161
65 275
74 134
43 162
73 35
46 272
7 103
48 125
33 252
37 172
77 260
9 38
66 18
49 86
32 56
98 247
30 286
35 102
2 104
20 75
53 172
3 60
28 218
65 283
78 31
20 109
47 263
24 264
84 194
20 134
80 181
51 262
83 34
86 75
9 61
51 299
29 197
98 146
86 298
99 110
13 196
40 1
8 20
44 196
95 161
61 263
18 167
30 259
90 27
12 7
59 13
54 202
28 141
75 43
17 72
75 95
62 47
12 195
25 273
70 269
14 81
88 272
28 262
29 269
87 42
87 114
51 137
12 109
64 23
86 178
56 102
55 181
5 300
96 80
63 129
29 1
48 126
94 242
35 78
40 149
61 167
27 87
90 39
98 4
100
63 14:11
100 20:53
80 23:59
26 15:13
73 14:58
1 23:50
97 23:56
45 14:12
54 17:23
18 15:26
30 20:53
9 18:44
21 20:05
27 22:01
80 16:13
18 14:29
14 18:24
24 20:49
33 22:20
68 15:45
19 17:50
41 14:11
66 14:39
70 21:06
44 21:57
76 21:38
79 15:11
86 14:25
31 18:32
27 14:03
97 22:28
35 17:09
53 15:21
82 20:05
95 18:02
26 17:20
47 21:56
15 16:25
45 22:46
49 14:34
82 23:17
28 15:45
12 23:18
79 14:32
71 20:15
11 17:51
21 19:14
45 16:04
35 16:54
7 21:27
18 17:56
3 14:15
17 15:59
28 16:46
19 23:57
57 14:10
83 19:38
15 15:17
30 19:22
18 14:52
9 23:49
43 19:01
68 14:39
69 18:50
10 22:54
78 14:13
53 19:17
99 16:45
73 15:32
66 19:05
68 17:07
94 16:38
21 17:12
52 21:18
41 16:39
5 21:16
1 18:48
96 19:41
53 18:23
90 18:20
68 15:54
83 21:14
26 15:32
43 17:25
78 21:06
92 20:47
48 14:28
93 19:51
50 16:00
35 18:30
85 16:57
96 20:47
18 18:32
58 18:30
33 19:17
84 23:22
98 22:18
91 23:03
95 15:40
22 23:37
100
85 151
14 97
46 214
45 140
15 232
5 85
5 95
77 161
25 247
23 250
68 114
60 170
100 121
12 217
25 67
20 67
30 277
85 214
24 62
70 252
79 256
13 87
18 39
30 102
66 268
69 59
82 249
49 202
98 71
41 249
79 35
49 11
37 145
4 142
44 138
17 260
24 69
24 238
76 296
98 296
77 112
47 287
42 283
47 244
35 272
11 253
63 160
50 17
50 95
11 72
39 140
93 24
20 66
8 289
31 103
18 176
78 90
26 66
82 212
47 159
41 78
36 101
47 90
90 193
33 179
63 109
77 130
38 59
25 258
55 165
75 23
89 157
72 266
76 199
72 132
64 189
30 92
7 138
8 77
34 170
33 133
23 161
29 239
17 77
77 43
28 261
100 91
71 220
24 48
92 67
85 103
46 6
39 234
60 48
90 269
37 4
23 277
35 143
41 58
57 243
100
41 18:25
4 19:11
37 21:15
52 20:22
10 21:53
35 21:52
65 21:26
2 17:30
55 18:07
80 18:34
77 19:29
19 20:57
91 20:54
56 22:42
55 23:23
14 15:44
64 23:12
34 19:05
87 19:36
49 17:18
30 22:45
83 23:03
60 20:55
66 18:06
88 18:17
22 21:17
85 17:48
28 23:31
13 15:01
49 19:32
52 17:04
4 15:45
16 22:20
50 17:08
86 22:54
41 22:22
72 16:35
27 14:37
17 22:27
5 23:29
32 20:49
27 14:50
69 23:27
73 17:42
52 20:46
94 21:30
52 14:24
40 22:58
51 17:23
97 21:54
6 16:18
100 23:33
39 20:05
31 16:07
25 20:28
8 23:24
36 20:42
41 17:44
54 21:47
57 22:58
22 20:01
47 17:40
74 23:31
61 16:22
10 18:32
30 16:40
91 22:19
27 21:50
57 15:00
44 21:52
4 21:36
65 14:47
68 21:32
26 23:55
68 15:27
44 18:53
93 20:16
9 20:33
44 14:46
68 14:50
21 18:03
13 18:16
84 19:44
85 22:21
72 22:44
85 18:40
82 20:57
23 22:39
48 18:58
54 22:01
7 14:32
63 19:05
86 19:53
91 22:13
56 19:52
23 14:26
32 23:48
58 23:01
38 15:49
30 20:17
100
81 241
58 129
87 23
26 288
84 132
75 127
7 36
1 298
77 252
86 13
39 70
52 251
42 244
22 269
70 183
15 218
35 39
76 190
51 171
47 218
35 39
83 198
3 133
6 73
25 84
93 292
61 90
7 49
41 230
4 246
33 109
87 263
8 112
62 156
9 177
49 247
51 77
54 168
69 95
23 186
80 207
60 205
58 257
67 232
67 7
85 60
90 84
86 278
22 23
52 50
66 95
96 88
62 188
34 132
15 158
59 64
8 264
79 145
38 224
8 74
13 176
51 223
32 264
85 202
22 123
26 62
30 8
9 273
25 130
57 52
54 261
78 228
98 143
19 239
76 137
34 203
26 286
40 286
58 102
11 235
72 178
45 24
13 196
39 161
75 209
94 200
69 106
44 53
90 219
27 92
17 13
73 240
8 168
100 110
1 116
60 130
56 167
77 214
94 275
66 1
100
42 18:55
98 21:07
46 20:57
82 19:50
76 22:02
95 15:28
45 16:18
90 21:40
41 18:59
17 17:31
69 19:11
17 20:04
10 22:39
36 20:10
27 21:30
63 18:25
4 14:36
99 20:59
7 17:50
8 18:18
71 19:46
64 23:00
80 19:48
69 18:35
67 22:01
65 19:57
98 20:20
32 15:52
57 19:00
52 15:20
30 20:00
97 17:22
94 20:59
8 15:04
77 18:43
68 15:14
9 18:30
45 19:15
10 22:14
60 17:21
44 14:16
24 15:04
35 21:23
83 23:06
74 23:24
92 16:34
60 18:10
32 20:59
64 22:58
74 21:47
52 21:04
4 18:12
40 14:05
34 15:25
58 18:42
41 14:57
85 15:08
84 23:05
26 21:48
74 14:58
58 15:41
8 23:19
45 21:50
60 18:22
18 14:32
99 18:27
64 18:39
51 14:50
73 23:11
36 15:04
89 18:43
15 15:29
53 23:49
83 23:04
21 23:39
4 14:40
90 15:24
93 14:31
48 14:16
34 18:37
15 18:15
22 14:41
49 16:40
73 20:59
99 19:24
34 19:31
99 22:08
19 23:04
2 14:33
4 16:28
5 21:13
69 22:31
41 22:59
86 16:46
35 14:52
1 14:59
69 21:44
99 20:49
42 19:32
31 18:29
100
32 191
20 153
24 2
80 226
2 277
40 200
70 227
25 208
66 79
71 109
76 189
38 83
42 72
63 144
52 116
76 244
2 125
70 242
68 71
86 288
46 71
62 192
39 54
57 239
72 145
9 35
76 133
80 131
19 275
57 61
92 7
24 159
63 112
1 82
38 159
89 17
10 49
86 141
78 82
44 176
56 4
75 11
79 119
59 115
72 2
69 235
7 178
52 152
85 114
40 217
12 206
70 137
26 63
72 14
17 155
90 179
98 162
17 218
29 153
3 254
56 66
68 86
48 123
63 131
92 209
64 230
36 212
68 202
9 86
29 116
93 13
36 67
2 69
36 79
9 270
33 197
85 293
29 37
70 264
25 59
66 191
55 245
95 18
87 49
33 32
4 62
42 29
73 85
87 295
35 119
5 73
100 43
53 60
44 193
60 91
31 24
2 66
12 164
8 122
56 81
100
20 21:02
94 16:12
76 17:46
97 16:22
62 16:29
2 18:10
3 22:41
12 14:07
45 16:03
14 19:34
47 23:07
4 18:16
83 17:25
40 19:38
33 23:36
34 23:13
79 17:02
73 21:39
2 20:36
25 14:35
88 22:46
34 22:49
28 19:14
46 16:41
97 18:01
50 21:23
95 22:44
28 16:23
82 16:17
29 19:51
28 21:55
73 20:20
73 19:03
91 14:03
38 15:31
39 20:07
11 22:00
6 17:17
44 16:14
65 14:39
33 18:30
44 23:49
68 22:06
80 19:01
23 22:55
42 22:08
23 14:07
90 22:30
88 21:38
80 19:53
34 14:08
50 17:14
31 15:01
38 17:56
78 20:34
1 18:07
28 19:33
64 18:09
69 20:06
35 21:51
14 15:08
87 18:16
84 17:46
28 21:55
22 22:07
46 19:15
11 19:37
59 18:22
70 17:38
62 22:56
68 20:37
43 21:20
12 18:54
91 23:16
3 20:02
93 18:54
54 14:32
53 14:38
79 20:53
55 17:53
37 19:49
75 15:49
92 18:23
68 14:53
66 14:21
87 22:56
48 20:59
42 22:43
67 15:14
16 14:38
15 21:27
18 17:05
24 20:42
71 21:13
82 15:51
40 20:51
3 16:47
67 16:47
71 14:16
68 19:20
100
49 200
36 169
27 93
46 57
62 234
44 119
15 256
67 299
97 282
17 210
67 5
42 171
17 258
60 10
46 105
16 232
61 90
6 70
49 169
27 156
52 262
53 31
83 167
27 178
58 290
15 153
80 2
17 35
62 188
44 166
51 137
94 44
3 147
75 97
57 5
26 198
79 50
5 48
41 56
79 97
54 44
30 10
67 234
13 210
72 51
18 238
20 103
80 98
26 193
33 186
5 55
2 92
5 30
4 41
75 1
97 187
12 145
74 118
49 89
79 33
69 203
23 151
25 98
50 229
40 269
12 78
11 248
52 238
12 182
33 27
43 279
51 29
79 71
69 124
77 159
18 68
62 218
82 108
80 182
67 137
99 264
58 189
96 205
27 191
66 6
16 126
39 203
41 2
60 120
49 81
45 168
35 198
43 81
27 50
27 283
63 276
84 48
61 274
88 80
75 68
100
55 17:19
61 23:22
60 18:37
25 22:56
75 20:14
61 19:16
79 18:47
20 22:43
28 19:06
70 14:28
84 21:37
26 18:02
59 22:02
57 21:00
83 15:42
8 18:36
21 23:39
84 17:11
41 23:28
25 17:45
100 16:24
62 16:04
76 14:55
3 15:00
84 16:26
100 22:11
1 23:37
45 17:07
76 20:00
88 23:58
76 16:07
31 17:27
90 21:58
46 16:05
52 22:49
93 14:58
95 17:45
50 20:40
36 14:10
68 15:03
65 22:47
16 20:22
67 20:11
30 15:15
38 15:17
16 21:27
73 19:13
75 14:08
44 21:18
55 16:25
99 17:43
35 22:29
75 20:12
43 15:53
31 16:21
93 20:11
9 17:38
99 17:12
41 22:33
92 15:59
39 17:41
9 22:38
44 18:33
36 23:55
81 21:33
93 18:12
59 22:32
93 22:22
10 20:31
65 17:21
64 14:36
88 21:54
45 14:20
3 14:26
85 19:19
32 19:53
53 23:54
45 17:23
62 23:50
3 17:26
22 23:35
26 19:02
12 16:04
34 23:46
82 16:22
50 19:04
81 15:16
25 17:38
52 14:08
98 14:25
61 22:23
16 20:34
81 15:36
86 19:05
75 15:11
59 14:11
6 17:59
57 18:59
74 23:18
87 18:50
0
