100
8 8
37 298
47 178
50 56
49 111
76 67
66 11
33 93
87 243
37 224
7 37
67 219
57 156
30 106
18 263
31 3
45 267
14 283
80 222
57 4
76 193
21 140
79 282
80 34
61 139
57 104
42 61
89 40
2 28
54 227
67 154
19 123
94 278
27 27
82 140
5 145
34 26
87 139
77 68
77 238
4 119
21 179
6 266
9 139
7 278
28 113
83 68
65 286
48 13
64 56
19 193
6 51
55 195
63 292
63 164
2 90
84 114
9 299
2 67
57 170
71 138
84 266
60 41
81 8
24 291
97 208
62 192
12 22
3 11
89 35
85 107
33 204
2 209
20 158
7 225
34 219
86 163
6 65
1 76
17 37
2 65
53 173
64 47
6 130
67 240
25 123
67 108
87 262
17 148
8 106
15 75
12 236
72 298
62 6
55 158
87 253
52 6
9 154
56 278
77 207
100
66 18:56
50 18:44
82 23:39
16 18:51
81 23:20
11 19:19
60 22:32
63 19:17
14 15:25
43 23:02
13 14:22
49 23:56
12 19:16
34 18:43
46 19:14
54 18:35
13 17:28
33 15:55
45 19:48
7 16:04
47 19:31
22 14:42
93 16:16
30 22:59
19 19:20
58 18:09
79 19:19
89 22:34
77 17:01
77 18:51
18 17:05
95 20:55
47 14:18
59 21:46
48 16:45
90 14:53
22 14:09
53 20:50
35 14:07
31 16:54
28 16:36
39 16:31
5 14:14
3 16:41
8 14:35
13 23:06
41 15:30
100 18:44
40 18:10
34 20:06
63 15:11
55 20:43
46 21:15
68 16:59
92 18:04
44 18:59
72 21:34
66 17:43
84 18:02
21 16:32
20 18:07
65 15:13
22 18:12
39 20:12
20 20:51
50 20:21
75 19:19
35 23:29
19 15:03
86 20:15
12 23:40
26 20:32
15 17:31
11 19:14
55 20:16
10 21:36
97 16:47
12 15:43
49 15:33
46 20:50
48 21:15
21 19:55
11 14:03
66 20:25
70 23:45
80 14:37
89 20:05
65 17:16
77 21:51
93 14:17
34 21:07
69 22:48
47 17:59
51 14:57
87 15:28
67 15:24
43 18:14
77 20:04
76 17:46
51 17:57
100
22 5
6 86
93 183
21 268
11 80
90 115
50 109
75 31
7 15
2 205
47 79
8 48
53 271
72 141
89 144
32 220
60 128
76 174
75 74
21 198
28 23
28 124
10 115
36 275
44 85
1 106
85 7
53 121
23 134
44 161
78 224
51 29
62 71
54 102
96 253
66 82
36 268
24 76
98 92
95 151
83 222
40 263
34 24
52 292
24 34
49 102
83 271
25 165
2 149
92 6
94 125
92 190
4 266
77 89
79 227
38 225
78 171
94 205
5 157
92 84
52 168
69 290
25 245
2 264
52 270
57 239
87 137
3 131
63 194
13 133
24 281
47 35
47 168
96 206
86 7
28 252
72 24
30 104
31 73
2 63
38 168
42 167
3 78
7 9
1 283
34 23
53 22
79 48
2 40
95 91
82 149
21 86
39 181
22 231
10 32
49 92
54 229
23 140
17 44
83 165
100
75 17:44
6 21:48
31 23:41
58 17:01
13 22:34
92 18:49
4 15:36
35 22:20
1 15:39
11 14:33
16 15:22
2 18:08
56 16:23
96 17:51
45 21:55
13 21:52
31 19:44
39 22:21
32 15:10
12 14:32
82 21:28
14 21:02
8 19:29
2 18:47
39 15:59
90 18:01
79 18:48
90 22:43
86 19:25
44 22:16
19 14:58
79 21:04
12 20:12
1 19:07
79 14:19
37 23:26
73 18:59
68 15:24
62 22:56
25 17:04
92 19:56
34 23:00
43 14:01
81 19:19
26 22:14
5 20:49
12 15:41
70 20:55
55 23:25
46 16:48
33 22:16
36 18:02
72 22:19
17 16:43
83 14:53
10 14:35
60 20:20
9 14:07
58 17:26
75 15:55
44 18:15
33 21:40
11 17:45
42 20:46
94 14:51
48 23:57
72 16:41
46 19:57
69 19:51
78 20:40
62 17:46
63 20:52
75 15:16
97 16:49
94 14:59
12 20:46
6 23:46
37 16:55
12 22:28
58 21:30
20 14:05
33 20:04
51 22:51
39 18:14
39 20:04
51 22:43
100 23:35
33 22:52
62 18:46
99 23:25
27 17:15
99 19:36
74 22:19
45 19:29
59 20:40
79 20:12
90 23:42
79 21:24
2 22:37
27 15:12
100
95 124
60 136
80 1
99 29
4 149
75 103
43 254
17 35
35 106
9 261
37 251
74 102
18 43
86 171
2 257
22 44
36 236
12 106
94 104
15 243
17 155
65 115
44 90
46 85
74 251
92 278
82 61
77 1
86 118
8 19
42 81
75 61
26 276
69 120
46 63
68 170
10 14
65 2
73 31
38 194
1 4
87 87
32 76
29 70
98 275
84 141
87 47
4 268
93 44
13 294
85 195
49 291
18 211
90 210
55 260
13 149
91 161
66 28
45 199
5 204
89 10
37 194
15 203
99 123
58 63
45 60
6 88
19 12
42 289
9 137
89 227
62 208
77 73
57 221
52 71
19 127
87 210
80 48
84 6
53 12
68 14
53 294
81 237
74 179
72 149
78 225
87 292
47 127
89 184
76 7
34 7
85 99
16 20
45 25
62 120
61 57
100 137
8 192
59 110
49 98
100
98 19:11
37 16:35
73 21:41
30 21:36
18 20:04
55 14:41
41 18:56
24 19:53
29 19:20
84 18:09
59 22:08
89 23:25
24 20:13
76 19:15
35 17:15
50 14:26
4 17:58
50 22:25
84 17:47
12 17:24
16 17:47
49 20:30
79 17:36
88 14:09
4 20:36
100 23:42
37 18:27
3 18:13
42 17:45
99 22:30
81 17:03
79 23:45
64 23:24
28 21:14
31 19:28
96 19:37
64 17:15
63 17:00
92 16:07
5 17:57
20 17:16
19 21:48
95 19:58
12 19:11
82 21:30
46 15:21
49 15:59
17 23:15
52 17:33
40 16:50
7 21:16
24 14:20
37 18:45
25 17:28
3 16:14
2 22:53
10 19:56
83 16:08
50 22:25
88 23:07
98 18:00
37 18:34
4 18:40
8 21:41
3 15:28
43 19:49
14 21:19
2 19:04
3 17:57
15 19:08
12 20:18
76 20:53
72 19:16
25 17:14
57 23:18
75 20:07
76 20:48
12 22:48
50 15:14
68 14:07
78 20:25
38 17:41
66 18:18
48 20:32
63 19:20
32 17:08
35 21:20
95 21:11
1 15:57
93 19:28
56 15:32
57 14:41
60 23:34
62 22:29
73 17:27
16 17:00
68 21:41
24 21:42
91 14:30
72 19:55
100
76 197
30 61
61 93
31 118
82 96
58 246
59 264
81 283
24 257
68 22
39 229
78 113
21 29
12 183
91 180
62 261
94 253
47 103
93 90
24 102
98 274
46 55
27 86
4 104
70 232
63 221
19 112
8 257
21 143
1 6
48 192
8 263
2 173
8 237
47 87
18 16
93 10
63 2
99 151
14 224
61 34
64 172
69 174
3 15
73 283
80 139
57 135
100 248
42 72
61 55
80 209
60 43
71 55
6 195
24 194
7 251
22 108
10 195
54 89
63 49
80 212
53 103
55 117
36 23
89 123
2 101
94 16
31 194
1 18
59 262
60 260
11 29
40 190
28 90
49 41
55 156
7 119
80 260
93 117
78 166
40 225
50 99
76 247
87 51
42 231
57 76
49 101
93 267
59 3
93 37
75 222
17 1
12 179
40 195
31 56
27 152
25 131
10 289
15 111
84 57
100
51 23:36
90 16:42
7 17:09
23 23:42
59 16:20
6 15:15
30 23:41
23 19:52
81 16:50
99 22:05
10 23:30
22 23:18
67 23:27
6 23:12
17 22:27
46 14:01
46 21:26
64 15:33
29 23:31
39 19:32
41 20:59
83 16:11
60 14:07
50 19:41
98 16:17
75 15:58
44 14:19
5 16:02
50 22:16
18 23:10
65 22:44
4 22:05
5 23:48
44 17:58
55 20:57
18 21:27
72 18:46
96 22:49
53 14:51
82 21:11
37 22:03
5 16:43
68 20:41
18 17:16
87 16:42
74 22:19
20 18:23
23 14:49
4 22:22
10 22:49
69 21:24
3 15:32
45 21:18
69 21:10
7 21:37
66 18:17
72 18:26
17 14:14
83 15:52
10 19:41
53 16:22
94 20:03
88 19:52
72 20:21
9 17:00
30 19:53
67 22:20
48 22:51
46 20:18
45 22:50
36 19:38
24 18:10
67 16:50
87 16:59
11 23:41
29 22:12
49 20:56
45 18:26
52 18:16
88 22:00
18 16:30
92 17:31
58 16:59
99 23:07
29 14:32
89 21:32
95 22:54
46 14:20
16 14:33
46 21:24
47 17:32
63 17:03
5 15:21
20 14:36
9 15:18
82 14:33
90 14:57
71 23:09
94 19:53
49 22:12
100
2 38
18 152
85 184
57 73
9 268
11 12
99 179
35 279
47 36
95 241
97 208
65 288
78 75
60 132
5 257
86 68
71 116
65 195
53 105
57 226
98 197
22 160
56 206
39 229
63 179
66 152
3 260
48 298
29 77
75 84
33 88
6 113
38 169
57 203
23 126
42 128
57 91
67 26
13 292
69 279
99 61
84 150
55 269
20 150
19 269
48 250
65 171
41 277
31 98
37 211
96 112
15 199
64 167
58 182
46 97
26 59
65 210
83 101
62 218
65 114
53 15
98 178
66 235
22 24
40 158
64 142
18 99
50 291
50 165
90 148
44 24
78 299
32 243
53 16
43 264
43 156
61 234
35 28
78 187
22 50
51 294
23 166
52 198
21 152
16 84
81 28
38 213
64 229
33 104
71 55
62 106
13 175
6 103
49 244
92 236
49 251
43 14
50 134
95 162
41 230
100
48 19:09
65 19:17
72 18:48
26 18:57
63 18:21
97 15:03
96 21:43
5 22:42
41 22:15
21 15:47
37 15:18
43 21:46
25 14:44
65 21:06
33 14:32
58 19:51
68 14:02
35 18:21
67 18:24
42 20:00
42 14:30
15 21:05
95 18:53
53 14:14
52 15:33
51 16:28
91 22:06
88 23:20
32 20:06
11 20:55
89 17:49
55 23:21
56 20:27
31 22:00
22 15:29
61 16:10
87 15:09
24 17:59
62 14:37
94 18:33
14 15:47
23 16:22
45 19:24
63 18:37
96 15:49
18 16:06
3 22:54
58 15:36
55 23:45
16 21:11
17 18:26
35 18:12
44 15:05
81 20:15
38 14:32
32 20:49
35 20:55
76 16:15
63 23:50
57 17:56
9 14:36
96 21:36
56 17:13
21 18:53
1 20:29
40 19:30
72 16:15
16 16:05
19 20:14
26 22:12
77 17:48
78 20:36
16 14:55
71 16:42
26 19:44
59 22:01
24 20:21
18 21:03
43 15:48
5 18:54
58 17:13
69 18:33
92 14:28
63 14:12
48 22:30
55 14:55
46 15:23
78 16:40
52 16:59
85 23:17
57 23:48
26 18:56
24 18:13
68 20:05
100 20:13
10 18:38
55 16:28
60 23:47
52 22:09
69 14:19
0
