100
80 1
78 38
94 16
4 131
45 156
88 63
42 201
25 176
5 75
56 163
13 74
37 257
8 118
46 157
16 77
26 1
74 5
63 291
85 11
3 146
78 52
95 240
52 162
44 175
89 258
77 35
7 231
69 274
71 39
59 299
1 184
39 299
26 38
87 253
30 175
22 215
14 180
71 285
26 218
21 194
62 207
22 17
98 201
61 14
29 131
5 93
86 23
11 9
14 224
10 37
29 94
29 35
81 126
28 138
39 30
5 70
23 264
46 296
27 114
38 76
14 182
76 38
70 147
32 56
59 23
49 110
66 138
69 209
79 180
3 26
53 142
91 14
10 3
97 190
89 244
67 168
58 244
24 158
75 190
36 36
49 156
51 233
77 257
1 150
39 157
63 69
78 115
51 43
29 63
87 132
34 21
28 172
65 170
30 71
7 238
3 288
44 145
92 221
21 286
25 110
100
70 23:41
69 16:36
83 23:19
5 22:30
57 21:42
89 17:44
92 21:08
13 17:19
7 20:29
1 20:39
27 17:50
20 19:08
3 15:30
41 15:24
43 15:13
89 22:41
12 19:29
43 20:59
88 17:16
14 23:25
74 21:12
3 22:14
20 20:51
59 14:54
95 19:39
9 21:43
47 20:30
91 23:40
91 15:31
28 23:40
39 21:41
54 17:39
9 20:16
3 23:26
33 15:28
86 22:24
28 23:22
23 15:16
58 15:28
45 16:17
74 16:57
51 17:18
66 15:09
28 18:50
77 18:55
48 18:23
61 18:47
55 21:24
76 19:25
60 21:42
9 15:22
39 17:12
74 16:32
7 17:12
66 19:12
99 20:51
28 23:29
86 17:11
38 16:42
24 18:12
99 15:22
86 21:24
77 18:48
41 21:33
31 18:49
23 19:27
97 19:21
71 20:14
66 14:33
74 14:24
23 17:16
58 21:29
41 20:48
70 20:06
69 23:54
46 21:55
61 14:46
60 21:45
78 19:44
71 16:18
28 19:33
59 18:37
29 15:31
89 23:25
30 23:26
69 21:24
30 18:40
37 17:37
37 17:43
51 23:00
84 22:21
10 17:48
9 20:23
13 18:25
41 14:35
81 17:26
88 14:11
64 17:04
57 16:54
81 19:19
100
27 91
98 74
8 84
28 97
39 160
6 212
63 123
73 200
57 16
82 160
94 112
23 225
75 121
99 65
21 288
44 73
57 279
68 65
26 85
72 213
76 90
74 161
1 191
73 216
54 269
1 153
21 66
58 41
48 197
78 73
77 113
21 47
87 228
4 62
15 300
83 203
48 167
24 213
88 187
93 5
88 32
32 239
58 65
89 272
45 96
88 184
72 150
1 13
23 202
4 240
50 109
92 124
87 167
15 189
26 51
58 43
79 252
31 111
60 102
68 9
32 259
34 247
35 32
46 36
71 130
51 68
30 213
68 135
1 61
3 101
72 172
74 281
23 137
48 213
69 250
24 16
82 256
22 69
54 69
70 187
76 202
93 106
76 286
97 241
93 291
40 84
6 20
88 176
47 31
98 184
47 195
96 166
39 197
83 47
97 94
61 179
54 180
43 69
92 30
42 86
100
77 20:01
7 21:28
92 16:09
65 20:41
17 23:15
18 22:48
75 19:45
68 17:11
47 23:10
9 23:28
56 21:14
17 15:19
53 21:51
4 15:57
2 20:27
44 15:04
99 23:18
43 15:39
45 20:43
7 18:47
35 20:12
45 19:00
88 21:00
5 22:25
21 20:44
57 21:47
74 19:48
52 21:54
60 23:49
8 22:03
18 22:51
85 23:27
76 21:01
84 21:06
71 15:44
1 17:28
74 21:23
76 19:09
76 23:26
46 17:41
83 22:01
10 21:10
48 21:36
21 20:56
100 23:43
16 20:07
71 19:56
31 18:51
27 19:27
95 21:41
60 18:14
40 22:30
73 14:33
3 20:16
9 16:20
43 15:45
83 17:00
44 20:28
30 16:02
93 18:50
65 16:28
19 18:39
47 19:01
90 22:14
10 21:08
99 21:15
21 21:02
98 15:06
14 14:44
12 19:27
52 16:53
61 19:56
50 18:58
68 22:39
88 14:30
11 22:40
19 17:18
65 23:17
80 20:12
81 18:11
51 20:06
84 18:56
18 18:55
94 21:08
75 17:23
17 16:47
17 16:13
43 23:05
76 21:31
13 21:52
46 17:01
35 20:08
94 17:44
66 19:42
95 14:27
68 15:59
80 16:34
99 22:45
66 22:23
24 17:09
100
41 7
93 210
72 47
73 69
24 98
75 79
80 240
34 4
94 193
63 141
3 132
27 184
95 74
51 140
3 32
29 102
68 65
81 253
69 37
51 268
100 203
79 33
53 278
86 96
22 119
91 196
2 32
79 253
32 75
12 91
83 120
96 158
44 141
44 83
15 249
54 161
2 183
8 135
46 268
86 201
55 102
47 201
38 262
23 209
29 244
83 222
83 9
21 259
33 298
42 5
71 295
1 193
7 234
78 289
95 294
67 235
73 126
54 212
84 174
35 267
96 144
23 232
31 142
81 276
94 235
63 290
50 235
61 51
59 217
62 222
56 192
79 257
56 3
64 272
96 4
3 52
79 66
20 110
42 211
63 89
96 150
60 196
81 278
8 196
69 22
62 250
4 178
81 200
56 149
93 154
82 300
96 27
24 172
58 171
54 56
63 283
75 174
8 171
55 246
100 196
100
55 19:27
77 19:04
1 19:28
77 20:24
60 18:05
14 23:53
38 14:32
89 18:07
16 22:38
50 18:47
17 22:09
93 16:48
39 17:48
47 18:19
75 15:56
37 17:29
35 21:20
32 16:50
61 17:43
16 16:29
61 22:50
66 15:04
79 15:24
7 19:41
42 19:11
67 17:28
8 16:34
42 20:34
96 16:30
46 19:41
32 14:07
29 20:09
66 22:51
49 17:25
85 23:10
93 16:58
19 15:59
13 17:41
42 20:00
17 18:33
96 20:17
14 15:35
55 18:32
41 15:16
57 19:36
100 14:07
7 20:49
34 22:33
8 22:07
7 21:51
61 14:27
44 17:31
66 20:29
16 22:29
79 23:45
95 20:50
36 14:46
81 22:07
6 20:05
35 14:14
39 17:21
34 16:47
96 18:28
88 15:01
89 23:25
86 21:12
96 16:56
22 16:16
34 15:40
94 23:12
2 21:54
69 23:19
59 17:40
99 21:23
60 15:55
47 15:34
62 23:15
98 14:03
19 16:12
1 16:40
40 15:33
55 20:41
52 19:55
54 20:06
94 16:18
99 17:41
3 20:31
72 19:18
33 14:24
81 19:31
39 19:50
77 16:50
46 21:11
6 15:17
11 22:59
99 19:02
99 21:38
81 22:36
7 19:27
12 21:21
100
51 271
40 269
97 184
51 9
62 215
77 60
81 1
37 290
51 67
33 167
34 202
17 212
68 286
60 291
62 176
49 279
86 14
24 264
85 41
31 149
17 177
62 218
83 118
84 36
36 19
16 107
62 158
36 84
56 11
13 183
5 78
91 135
8 166
83 23
87 16
14 15
76 270
72 96
21 152
53 271
35 132
54 101
28 161
15 215
75 263
91 44
8 161
17 275
68 263
14 193
79 212
82 180
85 279
39 145
62 166
24 23
46 123
3 172
79 26
90 76
4 58
38 119
30 111
40 148
85 105
39 40
53 119
95 119
25 182
56 109
96 207
54 291
10 10
20 101
89 113
10 183
97 176
99 183
84 270
62 274
82 260
45 252
57 176
55 285
84 61
11 157
57 105
46 216
31 11
51 255
45 70
33 258
4 297
37 266
2 253
22 280
16 196
41 182
54 99
12 102
100
49 16:10
18 14:15
6 16:32
48 18:07
88 23:14
43 15:17
26 14:41
65 15:38
18 14:39
84 14:36
4 16:52
9 15:25
51 22:26
73 16:47
1 21:17
26 14:48
46 15:51
55 19:25
23 19:25
85 17:27
95 19:11
33 22:29
25 18:59
22 15:40
99 14:33
33 23:29
62 18:51
49 18:38
19 15:18
40 16:31
2 20:35
35 16:48
37 21:32
29 21:53
71 23:26
28 19:50
34 15:31
87 15:26
62 23:28
31 14:47
42 15:37
34 16:39
100 22:13
24 22:34
20 17:32
6 22:30
85 19:42
89 14:11
19 20:09
73 22:49
36 18:42
25 16:46
58 20:33
100 14:24
36 15:38
32 15:29
17 14:23
70 23:15
97 21:37
86 14:34
25 17:37
32 14:48
25 21:57
83 18:47
28 21:53
14 23:28
24 22:06
68 17:22
91 22:58
96 19:46
37 18:39
73 17:57
22 14:45
82 23:37
50 20:19
65 15:32
43 17:21
37 22:14
92 15:40
90 16:09
68 20:14
76 16:15
24 18:31
98 21:22
24 14:44
24 23:06
75 14:50
83 22:58
66 23:51
8 18:12
11 23:37
75 19:57
18 20:00
69 17:57
68 21:48
93 18:14
46 23:06
75 16:35
16 22:33
62 15:05
100
55 177
99 202
11 207
37 89
57 235
47 137
52 34
4 26
98 22
73 272
94 43
20 173
39 260
28 254
64 177
57 203
82 142
25 89
25 273
19 228
43 200
91 221
29 178
50 281
67 67
84 82
26 150
47 194
96 266
38 234
15 108
86 113
6 192
7 241
21 248
58 57
35 133
29 4
85 161
59 160
76 145
70 290
43 4
59 158
98 255
77 30
11 6
33 156
35 3
40 3
86 102
61 73
55 5
44 22
85 260
23 164
19 276
92 16
43 47
19 128
68 127
74 205
74 73
62 119
41 279
16 206
94 249
80 43
57 147
80 36
13 68
72 36
86 183
5 139
76 69
67 244
93 250
20 248
45 191
46 30
3 93
88 143
39 259
15 44
98 229
78 298
5 223
88 89
74 88
25 28
79 45
92 220
68 125
3 206
56 258
36 158
2 279
71 294
2 243
39 92
100
73 21:00
37 22:14
17 16:02
94 14:59
50 23:30
1 17:53
12 14:41
57 15:40
54 22:27
72 20:03
90 18:57
28 18:28
59 14:27
41 21:12
83 16:19
39 14:04
48 17:22
85 19:31
93 16:17
59 15:13
16 22:35
68 19:05
83 22:51
71 16:25
19 14:40
2 20:45
49 20:34
31 22:32
55 17:15
34 17:52
69 19:31
48 19:17
89 18:56
15 17:57
60 21:05
98 14:24
78 22:32
98 22:21
87 18:01
20 22:03
31 18:45
29 22:20
23 18:37
96 14:56
21 19:19
51 17:47
34 19:33
41 14:07
34 23:16
78 18:54
35 16:11
67 16:51
13 17:00
19 14:39
78 15:39
38 18:29
62 17:09
22 15:18
53 15:09
55 22:51
12 14:27
51 23:31
36 15:53
6 23:51
21 16:28
18 23:45
54 19:57
38 22:43
97 19:56
88 17:03
90 18:03
68 19:17
19 15:31
40 16:02
35 23:05
85 14:10
95 16:48
23 17:41
56 14:47
75 20:21
62 23:47
11 18:05
73 22:51
24 21:38
46 18:38
60 20:44
12 15:29
99 15:42
83 22:47
71 19:13
84 22:15
37 20:15
67 20:50
49 14:04
94 22:17
93 20:09
71 21:58
62 21:33
31 23:58
52 19:46
0
