1000
3 125
48 49
70 254
72 233
95 204
62 143
10 11
12 211
35 50
57 294
65 80
48 265
57 75
30 50
85 162
90 133
60 296
3 6
83 293
50 109
29 106
57 161
11 151
78 225
83 53
36 69
69 64
82 277
62 109
5 47
37 273
81 293
36 208
55 100
20 2
86 51
7 62
42 147
29 112
84 176
16 132
83 136
53 27
70 151
72 37
63 163
3 288
24 201
77 84
84 143
32 160
4 159
86 296
94 228
52 179
78 287
56 167
67 161
99 59
80 259
29 88
84 58
13 222
63 237
41 61
42 251
36 104
12 217
96 73
97 196
96 235
95 234
66 279
56 207
54 8
96 262
24 130
83 257
37 121
57 69
36 243
16 69
70 29
5 158
52 97
67 175
74 186
88 141
59 160
90 234
55 215
89 62
90 134
14 182
99 14
55 45
9 277
99 239
40 52
1 128
7 248
92 88
25 256
2 213
86 13
13 138
72 176
89 52
5 52
99 259
18 196
25 293
52 119
83 143
78 84
66 124
31 276
95 125
18 2
94 36
83 147
36 243
32 246
70 269
92 173
31 206
10 44
87 161
5 266
100 51
42 122
89 59
67 108
6 110
47 32
47 15
58 141
8 277
59 170
65 63
19 261
5 49
51 265
17 210
53 118
18 9
90 258
46 59
76 246
55 225
38 245
96 170
36 156
49 96
74 115
25 108
66 19
87 170
82 21
74 150
22 186
72 255
2 39
64 170
88 262
7 59
43 133
92 70
84 20
79 256
20 210
24 51
58 292
79 223
66 264
39 6
87 23
72 163
88 269
25 215
53 174
65 64
8 78
44 97
47 236
58 281
9 202
16 27
31 200
18 27
99 39
12 155
97 116
24 172
90 77
63 137
63 235
39 56
75 186
12 117
47 184
13 260
41 100
14 254
63 234
80 198
38 246
45 219
82 34
9 250
39 283
63 126
85 276
3 252
16 117
8 112
54 249
78 175
17 268
14 127
48 226
9 184
98 176
14 40
49 280
10 69
32 263
69 189
35 266
3 66
93 160
32 148
48 291
83 16
60 129
68 294
89 85
53 133
27 146
42 137
19 3
81 97
92 251
41 46
73 284
88 148
68 58
3 136
51 177
1 33
27 159
44 51
67 259
95 293
30 159
11 181
19 23
76 234
71 38
22 1
68 248
45 208
61 280
94 203
69 180
40 76
97 100
33 178
8 3
24 276
10 248
51 62
93 199
20 248
13 106
50 274
35 114
29 128
86 218
65 231
82 116
75 295
50 73
13 267
87 246
96 94
95 132
15 211
93 236
77 103
95 259
7 33
70 51
31 283
57 287
60 43
80 40
88 72
22 1
78 194
81 123
71 23
77 256
42 48
52 173
11 231
84 31
2 162
41 99
81 16
77 128
11 115
69 180
29 86
14 90
44 119
88 279
13 275
45 56
58 273
77 195
58 129
81 71
27 30
69 237
41 273
47 36
37 239
96 9
83 285
21 4
49 51
11 166
53 223
10 223
5 234
56 125
53 291
40 93
93 215
45 222
16 25
62 268
76 55
22 167
42 145
100 268
80 8
2 7
97 141
49 142
85 95
90 28
73 46
84 97
34 82
78 145
73 280
78 168
86 19
86 209
29 46
65 30
80 267
90 266
83 203
65 84
80 72
22 207
62 255
62 43
68 248
15 79
90 210
79 239
44 67
68 124
42 196
66 225
42 81
46 121
51 147
58 282
94 25
72 76
68 76
48 14
100 71
88 200
9 287
46 5
81 188
64 111
79 139
75 182
18 252
90 213
83 211
20 123
53 167
77 20
7 135
49 14
54 97
37 23
43 115
86 152
15 284
47 79
9 147
94 20
40 166
51 201
62 197
40 88
31 24
12 233
98 255
29 144
9 252
79 108
12 230
67 53
16 40
100 108
4 60
53 148
63 226
68 142
35 243
1 44
30 106
33 83
35 292
84 56
63 14
13 84
100 233
54 275
41 189
52 149
40 186
11 33
29 247
97 175
95 148
79 121
28 3
45 9
8 201
35 97
66 206
12 227
30 258
70 3
34 81
10 66
92 62
21 100
64 263
98 74
98 112
83 132
66 125
23 296
14 136
34 4
55 68
30 180
32 106
71 120
23 282
26 128
45 222
30 229
49 221
16 155
72 135
12 223
63 126
27 64
52 184
91 100
90 24
97 264
64 74
38 128
60 71
28 79
48 171
82 259
20 285
71 143
49 249
62 90
33 112
57 144
60 97
48 206
11 209
89 275
27 92
46 187
12 211
93 66
55 278
46 19
60 235
25 2
60 82
90 56
34 238
62 272
8 191
72 293
49 281
60 111
25 58
99 282
36 48
72 82
90 42
88 128
79 299
24 71
46 166
47 202
19 71
33 193
5 50
92 62
89 276
44 51
93 34
98 57
8 177
29 59
15 194
3 199
67 253
87 263
11 193
45 132
88 133
39 27
99 190
66 169
100 8
49 9
45 214
1 275
24 74
40 100
92 136
12 63
73 225
82 62
35 159
28 173
97 123
63 65
70 192
49 125
4 82
97 142
87 193
67 161
64 31
26 85
54 295
97 181
29 123
86 130
62 24
65 109
54 25
29 240
2 102
18 3
9 146
22 81
72 227
77 262
31 188
51 135
5 202
5 100
86 71
86 202
43 177
19 285
54 271
77 192
50 165
51 94
13 132
67 231
48 208
9 215
79 137
93 78
85 119
40 161
18 110
19 84
63 244
51 133
46 241
20 167
7 262
51 119
98 189
57 35
71 60
38 216
50 82
6 213
2 241
39 228
83 194
59 193
46 215
80 244
30 35
21 124
65 167
14 85
65 11
91 214
64 107
97 284
5 279
89 17
3 292
61 288
26 61
32 52
84 244
54 231
94 230
16 189
56 290
37 125
3 180
81 295
88 201
16 127
23 96
87 37
70 232
66 18
79 97
73 190
73 153
17 33
46 20
58 199
80 5
39 99
85 154
19 143
75 198
85 246
42 290
22 298
21 286
39 21
26 240
27 78
77 160
42 179
13 250
6 229
8 222
4 250
42 279
6 202
57 82
92 201
12 291
28 164
45 176
59 58
6 272
53 29
99 287
92 189
40 181
68 132
46 244
41 250
20 146
89 51
6 73
47 3
74 252
85 70
1 259
34 176
9 127
51 226
76 217
99 238
63 283
60 231
4 211
25 265
21 162
92 247
26 288
28 61
24 106
16 296
83 187
1 84
13 156
38 262
84 198
16 162
2 18
79 191
95 158
20 76
63 121
52 85
60 109
71 103
38 300
21 95
89 217
59 146
83 55
37 173
35 182
94 19
61 56
100 187
35 291
22 98
23 58
84 70
89 85
74 48
52 133
80 159
20 131
32 85
67 240
52 262
40 249
13 190
35 155
8 296
11 177
56 293
92 265
81 45
29 265
63 240
49 283
86 287
80 183
8 146
36 171
31 213
21 279
14 150
70 150
98 274
76 152
73 121
20 10
77 163
32 127
25 16
38 113
74 56
45 123
4 232
48 28
67 280
28 252
96 93
96 161
14 280
27 81
86 299
37 113
90 148
18 249
45 200
43 266
24 46
22 133
63 4
45 71
99 92
86 112
23 107
34 291
40 251
54 294
2 263
64 42
79 99
82 78
98 7
76 36
96 244
61 28
90 145
56 244
76 220
23 271
87 37
55 290
77 62
25 92
57 212
41 217
85 124
17 21
56 46
37 34
59 114
76 255
84 32
65 271
56 174
67 138
41 151
53 25
100 62
42 171
15 130
60 34
87 137
55 56
88 244
41 80
65 193
88 28
73 296
8 160
81 102
85 187
100 8
70 180
62 142
7 60
69 99
1 278
17 191
32 190
52 258
98 18
36 125
21 158
81 194
72 136
35 133
14 259
5 192
72 183
97 299
66 285
38 49
59 79
12 149
84 163
75 100
94 168
14 161
99 289
25 74
66 133
45 63
26 295
27 77
77 251
47 4
57 276
70 76
91 83
22 81
18 115
6 137
10 3
78 126
85 97
84 203
55 277
82 267
97 265
30 192
21 242
36 239
64 23
78 61
65 152
78 27
48 82
91 97
9 41
93 151
12 258
66 114
48 102
69 190
39 175
10 228
98 205
30 285
73 220
29 143
41 164
53 8
84 104
5 229
9 187
29 145
16 280
40 22
20 194
31 19
67 128
20 295
82 64
39 172
67 21
91 123
31 113
33 80
79 281
16 209
12 58
37 188
1 4
1 104
54 55
78 251
35 191
43 29
39 232
54 168
5 184
93 253
98 9
13 74
85 50
89 300
11 220
46 299
75 132
41 195
93 35
30 285
29 234
23 159
51 163
44 112
12 132
22 212
59 75
69 62
57 77
83 59
14 259
62 206
17 37
80 284
30 165
81 34
74 156
69 269
55 35
20 221
20 249
62 37
87 150
54 126
24 95
82 297
85 69
72 14
9 24
35 19
81 229
9 278
98 189
12 298
6 267
38 283
93 91
26 119
3 128
31 284
15 5
3 219
40 268
1000
36 19:41
33 21:47
46 18:07
78 15:00
33 14:21
32 21:43
48 21:33
50 18:46
3 23:30
34 22:13
52 14:29
54 20:31
44 18:32
96 16:23
21 20:30
82 15:10
31 19:20
78 15:21
83 18:01
41 17:14
18 18:28
10 18:02
34 15:30
81 15:34
93 14:38
17 21:45
11 21:09
67 23:15
14 20:00
67 17:35
40 14:15
32 20:11
76 21:09
36 18:46
80 15:36
77 20:26
6 16:03
70 14:47
57 22:17
48 15:38
3 16:58
16 19:22
96 14:14
93 15:34
72 16:07
2 23:41
28 16:44
34 20:48
67 15:20
30 18:51
96 22:17
79 19:59
88 22:24
85 16:54
93 23:19
19 15:34
98 19:32
76 19:02
1 14:48
69 16:47
94 17:31
43 16:17
10 17:20
84 22:54
81 23:46
61 16:45
87 14:47
27 22:09
93 19:22
99 20:48
54 21:12
86 14:40
96 21:57
12 18:01
77 16:59
83 23:05
37 14:16
36 18:26
10 23:40
62 20:21
4 23:49
94 22:52
70 19:49
21 14:08
67 16:27
91 22:07
73 21:31
21 16:08
56 14:30
10 15:04
72 23:07
47 14:29
100 21:11
27 16:29
10 20:27
3 22:40
71 21:37
99 19:04
56 14:12
13 18:45
65 19:39
79 17:54
17 23:59
19 14:02
14 18:00
92 18:04
95 18:33
52 21:52
27 19:38
1 14:09
56 22:26
65 14:24
87 15:44
49 17:31
18 15:55
6 23:53
87 15:39
81 21:28
11 22:30
29 22:12
87 22:50
48 22:21
81 19:48
52 18:56
74 18:35
13 18:26
87 21:28
86 22:45
10 19:24
19 23:41
22 18:52
30 17:08
46 18:44
54 20:36
74 23:55
19 15:23
70 21:07
72 17:41
30 19:21
45 21:18
10 16:32
21 23:44
3 23:33
27 22:57
71 15:25
23 20:27
66 15:16
59 17:00
65 15:39
22 23:20
54 22:14
9 15:07
99 17:22
61 19:59
35 17:56
88 23:18
46 16:40
51 14:48
37 17:42
3 19:58
83 18:15
75 23:56
74 20:16
62 21:47
76 21:56
17 14:03
31 22:35
75 23:51
59 23:47
50 22:39
51 19:16
89 17:13
7 21:38
68 16:39
76 21:06
16 22:34
100 17:50
28 21:46
96 16:09
86 20:40
96 18:32
34 18:29
74 23:09
76 20:54
45 20:15
9 19:22
26 14:10
75 16:10
28 18:50
40 21:44
9 16:59
52 17:33
25 22:51
38 20:45
46 16:22
73 23:42
80 18:08
11 22:46
18 19:12
25 15:15
29 16:07
44 18:13
73 14:38
96 23:03
53 22:11
67 22:50
14 22:38
84 17:21
67 17:24
28 22:08
68 17:23
13 16:42
64 22:54
18 19:19
87 17:09
90 23:53
96 18:22
100 23:35
63 18:37
50 17:40
42 19:08
92 23:04
33 19:34
72 22:19
52 17:18
96 14:31
28 15:42
16 20:22
28 15:38
32 17:51
42 23:29
91 23:33
8 17:37
21 17:13
28 15:18
26 20:36
100 14:51
57 15:51
70 22:13
64 16:45
79 14:57
36 15:42
92 23:05
12 15:15
33 23:47
61 19:35
30 20:42
100 16:01
40 18:00
59 21:09
1 20:53
32 16:22
38 20:59
40 17:54
23 16:17
92 14:36
96 16:17
85 22:02
87 20:17
85 19:46
46 20:18
20 17:54
31 23:33
44 21:35
77 17:16
97 14:52
1 14:40
60 19:12
16 19:51
58 14:30
18 17:27
75 17:51
96 21:56
47 16:05
34 22:07
73 18:07
52 19:48
63 17:38
86 22:46
37 22:43
49 17:51
61 21:04
48 14:05
57 18:22
7 21:22
31 22:59
10 21:28
18 21:10
78 17:59
94 17:48
80 17:34
98 22:21
42 20:29
40 23:57
29 19:09
41 17:29
31 21:39
73 19:54
22 19:38
57 18:47
90 17:56
46 22:17
80 15:19
49 17:11
58 19:15
6 17:28
69 15:40
38 18:27
52 20:04
44 18:18
91 18:45
45 18:56
44 21:14
30 21:48
64 21:52
46 23:19
93 23:41
29 14:32
7 18:54
80 15:19
97 20:03
94 18:38
73 22:31
87 16:10
2 17:59
99 20:35
61 19:29
52 22:52
50 16:47
64 14:38
9 19:32
29 14:38
89 19:19
42 22:11
63 23:23
7 18:51
94 18:17
75 16:23
93 15:29
29 15:05
49 23:10
4 22:55
61 14:34
56 23:02
95 17:59
42 19:27
22 14:25
34 20:19
93 19:02
50 22:10
12 22:54
17 20:51
1 16:34
37 21:58
24 20:45
34 18:37
68 15:12
93 15:53
38 23:09
67 22:56
99 22:10
70 14:48
61 18:18
4 16:41
33 17:43
21 20:37
87 15:45
48 22:19
10 16:59
36 14:05
86 19:50
57 18:10
7 14:12
32 16:19
1 22:40
51 16:59
92 20:17
22 22:27
12 14:14
41 14:56
81 23:46
91 22:08
7 14:19
90 14:02
26 19:16
96 21:41
100 20:11
5 17:47
31 20:57
62 18:28
52 16:27
90 16:23
20 23:50
75 15:40
27 15:14
95 20:11
90 23:19
3 17:36
93 17:00
88 14:41
32 19:43
48 14:09
77 23:25
43 15:26
43 18:43
27 19:49
26 21:59
24 19:10
39 15:01
77 16:54
44 21:28
71 17:21
87 21:56
67 21:09
88 23:22
41 18:40
57 22:15
57 18:09
57 15:18
83 14:04
63 16:33
71 22:20
48 20:55
43 21:19
79 18:23
11 15:58
5 17:15
61 18:04
81 19:53
97 15:29
68 17:08
31 22:26
4 14:25
92 20:45
9 21:34
61 18:11
20 18:53
9 21:14
72 21:59
57 21:33
22 14:23
67 14:12
42 19:50
8 16:06
22 23:58
42 22:27
69 15:00
96 15:07
25 20:13
90 22:17
64 15:10
64 18:26
89 17:52
27 19:06
17 19:53
32 16:29
24 21:47
31 22:04
81 20:40
14 16:44
41 14:37
89 14:16
20 20:45
93 19:42
16 15:28
30 20:28
78 19:00
2 14:08
54 16:14
79 18:54
91 14:34
82 15:30
15 21:08
32 20:25
12 15:21
93 17:19
79 22:47
64 21:37
80 22:22
98 23:05
82 21:19
19 17:27
8 14:15
33 15:26
80 20:16
58 16:51
3 19:00
44 19:58
13 16:33
66 18:37
86 22:26
82 14:57
90 17:10
89 17:26
69 14:53
75 15:59
10 23:42
8 14:32
65 20:58
6 23:24
42 22:49
23 20:38
84 19:10
41 19:58
5 15:42
65 18:09
48 21:43
41 23:34
69 22:56
29 18:57
36 23:22
8 22:55
28 16:11
46 14:33
25 20:28
89 16:00
28 18:30
8 17:10
98 23:21
51 17:32
96 22:46
32 14:57
69 18:53
78 22:06
28 18:52
84 20:52
56 14:09
96 18:18
13 17:40
21 16:31
60 18:09
65 17:53
34 14:20
11 17:45
70 21:46
68 23:23
97 16:42
41 15:16
21 14:59
24 18:05
88 14:21
22 14:08
1 22:21
64 14:23
48 15:56
57 23:56
3 19:27
44 14:41
5 22:01
38 21:05
14 15:44
9 20:16
68 22:55
98 19:47
64 16:56
28 14:03
44 22:19
83 21:05
35 18:29
88 20:14
65 18:12
49 23:33
13 19:54
52 21:45
28 22:49
27 22:07
81 17:46
10 20:40
45 20:28
16 21:22
23 18:48
95 19:20
76 20:27
6 20:22
55 23:04
64 21:49
41 22:18
59 19:32
47 22:05
34 18:22
36 15:36
23 20:13
44 22:18
91 23:54
9 23:02
79 15:26
85 15:52
79 17:10
72 18:51
5 18:01
80 19:36
72 21:50
27 16:43
21 16:20
52 16:52
58 18:42
71 19:51
5 18:03
5 16:05
28 20:12
87 16:49
34 15:29
31 23:21
56 20:31
65 15:16
94 20:21
63 22:49
47 20:57
91 19:23
4 18:45
8 23:58
7 15:38
59 21:37
91 15:37
63 21:45
16 16:35
15 19:41
7 20:35
67 19:37
56 20:17
99 15:08
25 14:04
79 17:28
79 19:36
73 17:04
48 21:56
87 21:23
55 19:57
64 17:32
99 20:20
43 16:10
36 23:55
10 22:01
20 16:05
100 21:10
61 17:10
64 19:15
52 20:14
4 22:25
74 19:07
98 21:52
96 18:25
58 23:02
28 23:23
32 21:54
86 15:54
31 23:15
24 19:56
99 21:50
34 17:34
59 14:36
73 19:48
94 14:19
66 23:16
38 16:40
61 17:40
29 17:43
62 21:02
48 21:07
3 20:20
53 18:31
44 20:20
77 16:58
100 20:15
54 14:48
81 15:09
6 16:30
46 22:28
100 19:23
94 23:48
10 16:14
87 20:10
47 20:54
92 22:59
49 20:48
12 16:09
63 21:46
69 15:04
93 15:27
4 16:13
92 23:06
93 22:09
60 20:36
56 14:31
75 14:13
33 20:59
79 21:17
86 15:28
39 19:32
39 20:45
46 21:23
7 19:58
4 23:46
92 15:51
14 20:55
63 14:06
40 15:30
41 22:16
5 14:48
65 21:59
85 22:04
51 20:12
61 15:03
12 23:16
5 14:08
59 22:16
86 22:15
60 14:53
38 23:05
82 21:45
40 21:36
26 17:02
70 15:24
66 19:33
17 14:02
51 20:49
44 20:57
84 14:14
41 21:51
38 20:06
25 16:56
44 21:44
9 16:55
26 20:42
33 15:59
12 22:14
67 23:57
57 17:56
71 19:51
44 22:25
5 23:17
20 14:49
80 18:21
71 16:11
90 19:07
92 19:19
88 19:42
53 20:44
88 18:54
18 14:07
35 18:12
20 14:05
16 20:23
80 20:33
34 22:22
87 15:35
1 21:45
54 14:36
23 22:20
90 19:28
12 22:25
86 15:08
97 14:50
88 21:08
17 15:55
100 22:38
70 20:12
54 20:18
6 21:30
31 19:37
35 14:10
47 18:08
99 18:36
30 17:37
27 21:39
87 17:53
8 16:19
20 21:34
64 15:18
79 22:14
59 22:45
88 17:45
41 18:57
60 19:31
81 23:55
37 22:31
26 22:57
8 15:27
25 20:08
7 15:11
48 18:34
75 22:35
1 20:35
45 20:35
82 17:39
67 19:35
99 17:14
85 20:36
65 22:02
88 15:26
49 22:27
12 17:34
72 21:12
25 21:23
94 23:49
67 22:26
56 18:57
10 15:04
79 23:56
70 16:50
18 22:02
55 17:11
87 21:15
49 20:20
64 20:40
28 16:10
11 21:59
86 23:59
12 23:45
59 21:59
55 16:05
40 21:22
1 16:20
11 20:03
27 23:19
19 20:00
20 19:13
25 14:13
66 17:58
90 18:48
81 16:35
2 21:19
99 23:20
48 20:46
35 17:15
70 17:42
46 15:37
15 21:53
11 20:44
40 23:50
20 22:47
36 15:26
81 17:35
55 22:24
41 23:28
69 15:49
61 22:13
2 22:39
67 19:41
65 20:44
71 20:46
58 23:23
74 22:59
64 16:38
88 22:50
23 18:54
30 22:20
57 16:24
4 15:02
95 15:41
46 21:01
38 17:57
34 19:27
26 23:24
5 16:03
35 20:35
62 15:07
90 23:08
32 17:03
79 22:05
50 16:55
25 20:59
25 23:09
29 20:03
5 20:05
99 22:20
75 23:52
97 15:42
71 21:54
9 20:03
24 19:45
64 20:52
32 23:31
72 15:28
82 16:38
40 22:42
60 14:49
14 14:26
66 17:35
26 20:21
76 18:56
87 21:05
52 23:31
69 16:20
88 15:41
50 19:27
37 20:02
54 16:00
76 23:59
10 19:09
75 14:46
78 22:42
55 15:01
61 19:44
76 19:54
6 15:07
90 14:16
21 23:51
59 14:29
63 23:57
50 18:36
58 22:53
10 14:20
87 23:05
74 18:02
49 20:27
95 14:29
46 23:04
54 19:29
76 20:44
40 16:39
46 18:57
62 22:21
63 14:05
78 21:19
8 20:35
28 20:55
41 17:51
77 17:11
67 21:19
46 20:46
37 18:50
83 18:54
48 15:46
17 14:57
65 15:41
4 23:18
9 20:22
21 14:12
79 14:22
49 22:42
17 15:06
74 20:35
10 16:18
34 16:08
88 15:33
61 23:50
26 17:07
46 19:22
76 16:31
20 17:36
13 20:11
43 23:34
49 21:40
38 23:12
71 18:49
38 18:34
61 16:04
17 23:10
83 16:24
32 16:58
24 15:34
61 20:37
99 16:35
80 16:07
10 20:54
48 17:13
68 16:09
90 14:10
100 19:04
65 17:32
76 14:48
43 17:39
59 23:02
64 20:49
10 17:47
55 14:23
41 16:55
5 23:59
81 14:46
50 17:37
77 22:24
64 15:18
50 22:46
11 15:57
87 15:35
94 18:51
37 15:56
92 17:02
86 16:26
35 22:09
81 16:23
15 18:19
53 17:07
26 17:26
69 22:31
75 22:26
98 17:13
9 15:48
83 16:43
97 16:50
86 18:02
70 19:29
32 21:24
67 23:45
3 19:21
94 20:33
85 22:29
17 14:43
33 22:22
1000
70 207
52 34
7 207
42 120
69 41
26 6
68 209
61 284
8 94
43 191
86 175
58 84
50 283
17 197
96 243
100 91
28 233
37 204
90 238
66 282
10 186
8 171
5 235
96 10
72 55
19 142
88 219
83 78
54 141
44 9
80 196
36 259
69 51
55 71
65 46
49 262
8 83
29 196
18 124
90 185
3 84
16 199
82 245
66 262
75 110
29 132
93 244
31 179
40 133
13 155
35 271
54 16
13 162
25 111
14 93
68 220
88 174
90 64
95 40
46 196
20 229
13 130
20 264
38 86
65 224
88 136
61 82
28 180
95 99
68 10
54 18
38 275
23 189
37 103
91 281
84 228
9 43
68 199
9 296
57 134
80 8
56 66
34 231
76 270
62 179
65 55
68 198
64 126
85 68
84 179
90 35
92 146
10 71
38 131
98 299
12 158
70 144
1 57
74 133
54 222
36 190
29 8
11 22
94 201
93 155
100 23
9 63
70 131
68 174
3 119
93 125
11 238
90 265
7 158
93 256
38 53
83 131
8 124
100 105
95 40
79 271
53 1
59 77
70 101
2 287
78 289
89 51
13 42
80 78
29 11
4 266
23 293
82 271
54 131
14 152
89 299
19 12
51 4
48 252
63 233
48 151
85 298
15 177
35 218
89 64
24 97
6 209
59 191
22 257
87 117
57 291
18 50
38 277
70 228
41 85
11 116
51 250
78 135
21 126
45 62
76 179
20 193
67 229
48 44
38 74
66 38
33 105
75 149
32 175
53 233
37 163
56 152
34 203
50 22
25 179
31 287
81 250
49 242
12 227
43 62
6 82
17 250
3 174
7 100
79 21
53 143
57 230
99 63
97 143
96 149
3 208
65 19
21 114
43 15
64 226
88 143
86 48
70 105
58 264
52 88
37 72
86 18
87 224
55 15
21 5
50 67
26 207
42 171
55 146
5 122
3 239
43 193
79 280
26 91
50 164
60 47
37 60
8 279
41 135
30 230
97 170
46 27
94 231
43 236
59 198
45 70
42 238
23 174
32 59
88 224
28 25
72 294
59 120
11 216
26 215
50 107
93 221
21 15
35 290
100 220
50 64
37 94
20 18
61 193
69 241
98 225
99 116
48 298
60 232
23 82
47 269
57 93
58 119
51 182
6 17
1 49
23 238
62 68
69 32
13 274
27 189
62 240
99 236
36 206
75 113
7 134
35 264
49 22
15 64
48 276
21 203
86 93
86 228
67 195
86 23
51 288
53 108
30 219
61 71
68 13
84 59
100 154
14 254
42 173
68 127
92 145
95 265
46 178
23 247
42 207
93 92
3 93
7 74
48 208
44 197
95 1
44 101
38 27
41 152
74 142
33 225
66 37
1 42
95 71
67 283
5 208
77 231
48 224
26 170
68 289
68 183
58 65
58 48
29 106
94 260
35 109
3 213
91 96
41 263
31 260
57 263
85 62
83 119
56 1
25 24
16 272
50 89
49 248
74 180
48 106
55 74
3 266
49 52
27 34
78 183
7 180
82 287
42 237
17 64
41 161
64 201
14 71
1 262
48 212
17 19
45 74
92 210
4 189
52 213
30 263
37 179
63 17
5 1
76 130
18 295
80 250
16 209
92 93
25 43
51 64
58 28
34 24
8 110
55 107
74 5
100 192
37 55
54 102
2 119
87 135
14 100
65 5
96 27
12 82
22 95
45 264
77 45
36 271
27 273
27 122
21 148
100 227
58 134
61 151
61 97
46 285
66 254
39 74
32 176
79 277
89 7
100 16
3 179
75 291
9 89
74 295
77 197
36 45
44 32
49 164
15 68
30 73
25 62
72 54
33 119
96 188
13 23
42 76
6 149
74 96
3 139
6 263
68 220
46 119
32 227
100 86
7 35
47 57
75 247
78 191
45 25
37 118
15 46
48 285
37 12
99 262
56 158
16 12
36 22
39 51
53 212
86 211
93 79
13 67
25 226
66 215
67 137
12 7
5 268
49 193
21 267
12 265
40 142
88 116
33 151
94 283
68 278
33 288
38 84
12 125
14 207
24 204
72 272
2 60
93 174
95 237
32 223
86 145
92 145
22 257
53 126
93 182
63 3
16 173
89 145
95 289
6 85
99 184
78 22
91 75
79 204
24 170
21 191
89 42
75 41
73 105
38 76
54 251
24 223
66 279
34 95
56 182
30 17
89 297
16 118
99 225
61 157
93 190
16 261
65 197
13 130
83 75
7 137
66 224
95 99
100 196
41 209
85 292
41 214
76 169
26 197
49 74
65 54
78 115
26 158
57 144
95 169
10 34
25 84
21 136
46 115
54 198
91 268
47 6
55 45
33 239
29 242
67 91
43 243
43 43
66 220
14 256
32 242
71 232
31 165
79 151
47 46
51 7
39 264
73 110
21 269
16 31
88 70
83 38
9 159
4 88
100 123
21 202
36 284
98 96
81 241
4 233
94 189
69 97
90 156
1 191
42 39
69 49
47 144
62 149
9 262
28 113
37 150
32 48
43 27
10 142
40 208
31 282
41 35
2 187
87 184
1 265
54 294
55 113
59 65
8 86
79 73
8 129
96 226
35 264
86 189
17 162
82 37
65 190
42 197
99 281
58 25
19 149
53 135
24 27
91 109
24 243
49 232
84 298
73 215
60 81
92 147
77 68
97 241
10 289
8 278
96 231
71 31
28 125
64 82
46 43
83 123
20 250
17 70
52 163
13 55
37 30
50 172
35 220
85 207
46 3
84 75
17 36
43 261
15 74
74 82
10 193
28 100
42 265
2 80
28 16
67 93
31 9
74 218
27 158
21 28
85 29
37 204
34 282
65 48
95 276
28 72
59 29
89 135
3 215
57 141
79 65
35 283
46 149
78 269
100 143
29 240
42 153
31 108
10 200
42 231
91 144
68 247
55 16
78 32
55 224
25 258
95 66
26 250
90 42
34 66
100 145
41 214
38 5
26 188
58 139
88 227
61 88
100 192
80 300
51 273
86 216
46 258
14 59
62 197
3 184
77 237
13 122
70 202
62 103
75 299
50 293
33 88
31 254
88 214
4 278
9 8
87 79
88 95
33 232
10 65
64 67
35 5
20 108
71 126
7 5
61 258
70 11
81 77
65 148
90 214
81 231
99 197
51 101
80 210
99 254
79 237
59 251
32 179
53 260
48 183
68 197
61 100
26 153
46 30
33 280
96 216
51 218
10 241
11 138
81 273
46 279
27 2
2 60
53 230
96 79
46 244
44 1
77 190
13 296
94 93
70 56
90 299
44 50
45 148
96 174
75 172
28 40
53 291
18 50
12 83
21 16
88 18
2 268
79 280
76 66
28 211
15 118
78 203
74 85
48 165
81 62
43 190
18 290
69 41
98 277
52 221
83 70
78 60
15 81
27 81
51 5
69 15
13 169
38 121
43 266
79 249
37 284
60 300
76 59
100 132
36 230
74 53
63 227
28 28
59 194
75 57
90 103
76 67
76 245
33 109
69 248
75 295
39 157
30 229
82 165
13 47
30 259
44 175
57 182
67 122
10 286
9 237
65 134
25 271
88 86
60 75
61 273
83 208
68 298
18 266
36 70
21 247
49 54
53 10
49 283
94 116
15 205
41 269
71 152
1 144
32 24
10 117
46 60
95 63
40 85
15 87
57 288
82 299
29 29
90 170
74 126
94 291
60 267
77 225
86 295
34 138
1 27
31 298
70 281
16 81
7 268
9 227
50 46
66 244
78 238
70 193
58 123
58 1
31 248
87 299
76 82
67 180
52 163
39 296
67 188
93 286
25 221
85 79
43 124
20 129
40 95
69 36
75 2
58 78
53 296
66 282
26 217
85 206
47 164
75 283
90 217
54 245
17 226
17 290
12 46
37 243
62 182
27 154
22 103
42 122
18 88
39 84
8 216
86 94
18 26
74 93
43 285
72 162
80 158
80 269
25 56
20 282
25 46
77 153
83 122
7 12
90 298
93 273
81 111
81 121
99 214
1 75
22 58
61 154
46 293
71 11
97 178
17 17
85 167
46 65
26 164
56 196
68 135
8 42
90 54
22 250
28 22
78 176
71 185
84 141
15 270
88 5
70 52
89 225
98 88
91 115
6 219
5 203
89 108
92 275
68 141
10 243
83 279
63 229
21 30
46 119
59 131
54 262
66 66
7 121
56 191
62 215
32 292
19 129
93 87
86 111
29 220
88 36
70 114
36 129
25 74
65 22
86 83
18 19
30 292
19 34
86 15
73 4
69 140
37 281
20 114
17 247
13 151
44 78
38 49
40 190
55 43
36 261
71 230
26 68
25 118
21 27
57 237
32 175
27 129
75 172
86 191
50 207
10 282
47 253
38 178
78 252
35 19
68 254
95 41
88 260
37 213
86 9
69 131
37 247
42 149
98 57
3 56
35 101
99 238
72 288
92 24
53 48
45 25
11 289
78 254
72 68
36 27
97 291
62 70
22 97
72 31
45 297
90 144
26 100
75 129
43 84
54 110
22 130
80 272
95 36
36 102
40 191
11 293
1000
82 16:56
44 17:48
10 19:59
87 14:54
4 20:01
36 18:41
31 21:28
55 19:29
97 21:49
85 22:15
11 22:09
94 19:35
96 16:29
28 18:49
86 16:01
74 16:51
82 16:17
26 23:32
22 17:01
84 17:18
4 17:25
33 20:16
24 22:06
75 20:38
76 16:00
81 20:57
68 19:28
89 15:35
33 17:37
80 18:05
62 21:14
53 18:48
16 23:00
22 23:08
37 21:33
75 21:10
88 17:27
41 20:34
39 14:46
26 22:22
7 21:15
42 14:09
39 14:24
53 17:54
70 20:42
54 16:30
50 15:14
32 16:21
13 16:36
50 18:14
67 14:52
96 14:25
8 17:39
91 20:34
72 16:37
86 22:38
23 21:47
3 14:48
30 19:43
36 17:17
83 21:36
83 14:41
60 23:07
46 20:54
47 17:07
99 19:02
81 15:19
99 21:43
96 22:05
85 14:33
45 21:54
13 20:21
74 16:31
6 22:07
44 16:26
29 16:30
93 22:37
3 14:39
95 21:14
52 17:42
4 15:17
25 14:54
45 21:18
23 15:46
29 22:32
25 14:09
44 19:03
60 20:03
15 17:56
89 19:46
42 14:28
19 23:59
99 20:48
85 17:41
56 23:00
58 18:46
84 21:15
87 19:39
86 22:27
29 14:52
94 20:10
20 21:21
16 22:23
27 18:20
19 18:01
33 21:42
50 21:57
39 22:04
9 22:41
39 16:30
34 18:56
28 17:06
25 22:54
19 17:26
93 18:24
97 15:18
92 23:54
46 15:34
2 21:34
70 17:28
64 23:25
86 22:15
86 20:03
81 23:56
47 22:28
43 17:05
21 22:32
42 22:26
17 15:45
83 15:40
48 21:48
59 17:12
65 16:11
82 16:26
5 15:09
65 14:43
80 21:28
31 18:59
66 14:04
53 16:40
46 20:51
10 18:46
66 18:34
67 18:25
91 17:42
52 16:11
30 23:32
67 17:32
3 17:06
14 19:55
21 19:52
39 17:06
35 21:52
94 16:53
97 16:21
18 14:08
17 16:14
28 15:16
79 21:44
29 15:28
92 18:29
66 14:10
79 14:34
28 17:04
74 16:17
24 20:30
78 15:33
73 18:28
11 16:08
29 15:22
15 19:22
58 16:59
17 17:35
48 20:37
71 20:57
98 14:55
71 14:19
64 15:04
28 15:51
100 23:25
20 20:59
5 21:48
29 23:07
3 23:33
70 22:15
65 22:59
88 16:44
7 19:47
77 23:24
64 19:14
71 15:11
71 17:53
64 17:57
96 18:47
40 15:28
61 15:09
99 15:00
81 21:56
21 19:33
17 20:58
52 18:52
98 16:55
73 18:02
90 15:03
45 19:51
34 18:47
77 20:27
27 23:23
47 16:51
76 18:31
39 19:44
76 17:31
15 23:51
80 19:17
67 17:01
87 16:08
3 21:07
63 16:22
93 21:05
11 20:53
45 23:39
23 21:22
48 16:57
36 20:16
77 15:01
21 20:44
78 16:50
97 15:40
10 18:30
69 15:35
69 16:39
8 14:11
21 21:52
98 19:09
96 19:39
2 23:27
78 18:07
31 19:26
68 17:52
16 14:10
53 19:59
23 16:22
36 23:10
95 16:42
78 14:35
50 19:53
29 20:44
93 22:20
46 17:28
41 22:14
95 15:44
74 22:42
91 14:12
62 18:43
86 17:34
8 18:36
56 17:01
38 16:36
53 19:18
27 23:24
86 21:17
61 15:42
75 21:39
42 23:31
92 14:58
69 14:04
61 14:22
96 18:21
9 19:22
56 19:20
41 23:26
40 14:01
40 14:54
93 15:59
2 18:47
6 19:32
83 18:29
75 15:45
93 19:59
11 14:27
93 17:52
30 19:20
94 14:39
56 18:06
34 21:43
88 17:42
5 21:05
24 20:30
43 18:56
89 20:31
46 15:14
26 15:35
60 19:34
72 14:12
37 18:10
36 16:52
52 17:23
72 17:10
22 18:47
94 19:23
48 17:02
71 17:36
43 15:03
92 16:13
77 19:11
59 18:20
9 20:27
39 22:57
53 14:28
31 21:27
19 16:54
12 21:08
58 18:18
14 17:00
70 17:08
70 23:30
11 20:32
89 17:12
46 15:07
31 18:59
64 22:11
40 16:07
15 19:19
83 19:54
79 17:49
6 15:20
9 20:59
85 22:36
74 18:58
46 14:32
57 16:02
31 18:35
25 18:04
26 18:01
2 19:59
46 17:34
10 18:06
39 23:46
45 16:42
80 21:27
28 17:50
47 18:02
13 21:14
53 20:31
72 18:20
26 16:55
60 23:01
11 20:40
72 20:14
6 17:45
95 16:37
65 17:34
95 20:36
35 17:33
42 22:46
8 20:36
74 22:13
47 20:59
26 19:37
69 16:48
8 18:56
51 14:38
22 22:44
28 15:36
48 20:01
84 22:40
2 19:04
64 21:21
9 15:11
39 19:10
79 19:34
93 23:03
33 23:22
98 20:03
73 18:08
37 21:19
47 21:00
17 18:25
11 22:47
55 23:02
55 15:09
25 15:16
95 17:18
11 16:19
26 22:40
36 15:29
54 14:25
88 15:26
64 17:17
31 18:25
5 19:59
84 23:44
64 17:08
27 19:25
91 21:59
20 19:31
79 19:50
61 15:23
40 19:35
21 18:27
25 18:38
46 21:53
98 23:30
60 18:12
39 20:31
12 19:39
38 17:19
87 21:39
79 18:48
19 23:10
55 19:14
98 19:26
79 21:55
24 23:13
99 17:08
36 18:46
67 19:15
57 17:03
32 15:26
99 18:37
42 19:11
43 16:32
48 20:28
11 15:23
93 22:48
67 18:32
22 20:27
59 19:58
96 23:54
86 19:20
95 15:19
10 15:05
91 20:10
97 22:54
6 20:35
79 17:50
70 17:01
65 17:20
4 23:55
74 20:13
49 17:44
48 17:35
76 15:45
53 16:15
13 17:49
22 17:32
80 23:39
24 14:58
45 14:44
93 15:51
35 20:34
97 20:51
94 22:26
54 19:36
73 21:06
80 17:10
35 15:45
78 19:51
58 18:14
17 16:04
26 16:15
10 20:09
99 14:42
5 21:00
89 16:51
47 15:32
23 18:11
33 16:30
66 19:19
86 15:15
80 23:37
87 15:10
52 21:26
72 16:18
39 22:11
79 22:16
75 22:27
60 21:41
27 18:01
75 15:31
32 17:01
57 16:03
75 22:09
91 20:27
83 16:11
12 22:28
47 20:14
6 14:01
43 18:11
20 20:01
87 21:58
46 20:23
13 17:21
61 21:03
33 17:23
68 20:36
89 20:23
31 20:41
86 15:24
22 22:12
52 15:10
18 20:55
92 19:43
32 22:12
100 18:52
8 18:36
95 21:58
20 16:53
3 17:12
28 21:35
79 23:40
9 23:23
57 17:33
43 21:16
16 17:52
36 21:04
25 19:00
90 16:28
91 20:53
50 17:16
24 16:58
33 16:57
86 14:48
51 22:02
86 17:07
87 15:50
59 14:49
74 16:37
74 14:55
40 18:46
81 23:42
27 18:21
66 23:59
53 19:27
50 23:45
96 19:29
58 19:33
55 20:19
76 14:57
40 22:58
48 18:42
64 20:45
93 18:47
59 15:07
26 17:13
33 15:40
34 23:00
8 21:02
84 22:58
3 16:26
71 18:26
93 22:57
62 14:18
42 20:13
77 16:16
15 20:38
87 23:04
88 16:35
59 20:42
48 16:23
77 15:05
7 23:38
14 14:04
47 19:59
98 20:33
3 18:23
81 14:59
19 15:42
4 19:30
30 16:40
98 14:30
84 19:53
47 20:07
59 15:04
71 19:47
76 21:50
33 17:26
86 22:51
94 22:17
63 16:57
9 16:43
55 23:40
5 21:47
100 22:28
65 17:03
90 21:49
71 23:35
10 15:18
78 22:11
45 17:05
64 19:26
100 19:40
48 22:02
58 22:43
37 19:03
98 17:32
24 20:13
29 19:52
62 16:05
53 21:55
36 15:19
99 16:23
94 20:30
11 16:27
50 22:14
18 18:01
39 21:53
28 16:01
54 19:04
50 17:02
71 16:55
42 14:10
99 22:18
98 16:00
96 20:26
82 20:40
54 17:25
1 17:16
57 16:20
89 15:40
70 20:52
21 16:29
55 14:45
56 16:47
89 23:25
60 22:51
52 22:33
44 19:01
98 21:50
6 14:24
84 16:17
7 20:58
33 22:58
12 21:44
79 19:17
33 19:04
63 22:16
32 15:31
68 18:34
100 14:42
11 23:34
54 21:45
97 15:42
36 19:17
34 18:20
32 14:44
29 23:17
72 23:02
99 22:15
83 18:32
8 17:37
86 23:44
92 20:09
65 21:29
94 21:01
59 17:28
83 17:27
1 21:28
49 20:09
69 21:54
94 20:46
62 17:03
59 14:12
68 23:54
24 22:01
4 18:33
53 20:44
78 23:33
69 19:53
4 18:07
46 23:52
91 18:29
50 21:48
9 21:14
49 16:54
17 17:42
46 19:52
46 21:44
2 15:46
80 14:28
23 16:44
29 18:12
85 21:06
91 16:16
19 23:28
7 15:22
63 19:02
2 19:05
31 18:46
53 22:26
63 16:52
38 17:12
3 15:51
41 19:28
79 19:00
40 19:26
56 18:29
55 19:04
100 15:18
59 19:19
72 19:22
29 14:40
14 15:25
21 20:22
94 15:12
47 19:04
21 18:10
77 16:00
52 19:33
39 18:21
37 17:53
72 23:21
95 14:46
46 18:14
27 19:54
72 15:15
79 17:48
29 20:44
94 19:03
59 21:23
15 21:29
37 23:10
15 17:07
66 19:23
97 15:24
36 22:40
88 23:28
48 15:42
57 21:51
34 22:02
85 15:45
2 22:10
25 14:25
40 18:39
59 17:13
22 23:55
19 14:37
76 22:22
95 21:52
57 19:32
83 15:27
31 15:19
1 20:58
27 18:41
4 18:32
58 14:10
58 23:36
47 23:17
16 16:35
62 23:47
97 16:00
92 17:40
5 23:14
88 20:31
7 15:55
54 22:24
1 18:16
58 18:17
11 19:43
58 18:25
75 15:14
23 22:41
91 15:31
54 21:29
63 18:12
99 16:00
89 19:49
78 19:09
86 18:32
97 18:52
63 15:42
48 14:56
19 23:07
23 18:02
47 15:03
9 21:50
55 17:52
41 22:01
87 19:24
90 23:34
26 23:47
54 18:20
74 20:06
8 18:47
16 19:17
62 21:54
29 21:48
16 20:47
86 19:49
67 14:21
27 23:26
32 15:44
6 21:04
24 16:50
50 14:27
8 23:07
6 14:27
9 17:13
24 14:20
94 16:41
33 20:48
85 18:36
71 14:54
22 20:30
61 14:43
1 14:20
5 18:29
99 17:42
35 22:00
88 23:16
73 16:52
16 21:40
18 22:55
38 23:28
36 15:10
68 20:58
49 23:08
64 21:12
48 19:46
50 18:27
44 21:50
7 15:27
60 20:52
37 19:17
63 22:27
53 23:45
79 15:56
41 16:26
22 17:26
26 21:11
37 18:19
17 19:30
22 22:50
4 22:15
49 14:14
3 19:54
87 21:45
67 15:30
65 14:17
92 18:47
85 20:46
6 23:58
20 19:06
65 16:39
87 17:56
25 18:55
15 22:31
46 21:02
54 17:06
12 18:47
21 14:17
39 16:57
15 19:42
71 19:39
55 20:38
30 21:18
9 18:54
40 18:08
76 19:50
18 14:18
64 16:48
90 18:28
18 21:46
83 21:08
61 22:33
66 23:59
40 21:55
100 21:26
99 20:26
41 16:23
26 17:49
36 22:54
55 23:25
19 19:38
88 22:45
21 15:12
45 15:14
15 14:56
23 16:00
4 22:13
65 14:42
12 18:32
14 17:22
15 20:13
88 19:18
69 21:32
71 21:56
82 23:27
56 23:27
39 16:19
59 22:31
14 19:02
35 16:51
26 17:52
5 16:21
9 21:39
8 14:22
68 17:26
8 19:45
36 22:51
76 15:15
89 18:19
41 15:05
27 15:34
19 22:43
36 22:15
85 17:58
21 19:21
85 15:53
88 17:08
61 19:54
49 15:27
1 14:09
52 14:56
17 23:29
95 22:46
37 21:54
64 16:12
84 20:28
16 23:51
100 18:37
81 20:01
59 17:56
58 16:31
87 17:12
37 22:55
54 22:00
30 14:36
5 16:09
20 19:41
97 15:59
51 14:19
87 15:21
65 19:05
76 21:26
46 18:40
32 14:59
83 14:22
36 21:21
20 21:44
49 23:18
77 15:47
40 18:02
42 16:55
27 20:06
34 17:45
33 14:41
78 18:34
52 23:24
97 18:13
54 15:25
3 21:13
90 20:23
50 21:30
29 18:19
60 23:07
56 22:08
47 23:36
3 23:23
62 17:03
79 19:21
21 21:24
36 18:15
70 20:34
42 19:18
4 14:06
17 22:51
23 23:36
30 19:58
66 17:59
80 16:02
18 15:31
35 17:27
60 20:34
92 17:39
89 23:26
25 23:43
80 14:25
82 22:26
76 22:05
73 22:05
30 18:37
25 22:26
64 20:41
53 15:22
47 16:34
63 17:39
18 17:40
95 15:25
96 22:17
10 14:32
9 15:30
38 17:48
80 16:46
4 18:56
31 15:52
75 19:13
90 17:03
99 18:49
5 15:15
1000
70 18
12 229
10 151
4 86
87 88
39 180
29 159
88 154
33 175
61 65
1 25
25 298
90 38
37 268
22 89
73 278
37 14
87 176
47 276
7 142
7 243
41 68
46 66
51 56
75 226
62 269
29 205
28 186
69 148
28 30
6 103
21 205
55 22
30 239
32 67
13 212
63 39
26 132
84 193
10 95
66 206
97 51
9 54
37 300
77 85
17 188
24 117
17 129
71 191
70 108
80 296
24 67
8 22
53 170
99 124
61 97
97 14
12 13
56 188
100 288
21 97
32 209
75 274
84 208
73 76
42 102
72 223
65 65
9 280
19 83
4 58
52 80
25 295
92 260
46 244
49 82
89 43
75 57
55 203
68 112
33 142
80 205
79 294
79 177
38 173
56 200
10 291
18 138
96 64
25 125
47 186
4 61
13 51
76 28
89 63
27 64
96 57
58 201
37 88
96 291
52 36
100 251
53 140
52 285
61 214
35 143
28 101
40 20
34 231
41 286
60 99
14 232
21 300
17 274
74 203
66 7
14 77
23 166
66 217
94 80
16 240
50 77
48 298
14 236
43 124
76 292
16 283
29 168
45 24
69 272
51 259
26 13
36 213
32 272
44 17
72 267
5 151
29 229
96 144
42 34
37 253
57 272
98 42
28 239
15 52
30 212
51 138
32 110
7 68
8 28
7 265
38 238
81 291
77 194
55 32
88 58
27 176
66 187
8 60
19 63
91 85
84 4
23 209
92 12
90 37
31 60
7 8
55 201
44 247
62 36
69 246
72 132
1 129
85 29
45 82
97 139
77 130
86 261
73 235
70 252
33 61
53 27
89 219
17 280
68 12
56 14
10 89
65 229
27 85
68 55
34 72
11 216
22 68
61 264
75 97
13 79
24 115
62 85
92 290
94 79
43 89
71 26
15 93
29 3
18 296
69 19
61 89
61 188
21 87
69 19
93 242
58 87
64 88
13 190
85 8
83 154
100 51
82 163
79 179
38 159
29 81
81 147
77 46
35 168
10 150
74 4
17 132
93 257
64 271
4 30
94 49
95 242
20 49
42 85
90 91
93 118
28 173
67 257
90 182
41 20
42 257
12 261
73 159
58 282
85 66
97 293
14 14
36 61
89 204
68 181
37 64
46 115
96 207
25 203
73 126
38 85
76 254
50 296
41 104
17 41
57 146
57 64
62 227
88 80
41 15
81 9
31 159
32 233
55 264
57 72
25 230
75 57
52 58
98 216
31 239
49 257
31 93
56 161
52 235
28 84
24 219
8 90
48 260
44 242
76 227
36 12
6 273
84 109
90 160
30 25
85 291
55 72
96 163
1 101
59 79
80 3
93 196
76 280
56 238
95 57
4 289
34 242
9 119
85 2
83 57
59 195
35 181
23 245
22 19
33 168
19 155
60 55
16 261
16 32
56 225
11 42
1 50
31 144
13 30
86 39
74 24
36 193
43 116
61 280
92 98
1 11
33 14
32 234
73 43
29 164
72 178
44 108
34 85
75 165
34 251
10 275
48 107
47 25
99 33
61 33
62 243
51 276
55 68
15 290
89 241
87 30
90 109
100 57
20 107
81 21
77 257
7 84
68 158
14 54
54 155
70 40
37 7
3 77
80 186
50 50
67 64
62 144
96 221
65 96
18 271
70 156
45 77
7 49
42 107
94 185
89 231
90 221
68 82
47 193
17 292
29 158
19 91
33 224
97 107
53 22
64 74
2 283
66 34
95 274
90 255
19 12
42 201
71 44
79 199
41 167
80 269
64 206
73 147
46 17
66 218
90 9
42 151
1 76
1 202
11 43
45 277
85 268
87 292
54 161
42 167
47 177
8 290
19 206
98 92
51 271
37 163
61 150
81 247
31 48
32 85
78 56
14 190
28 149
52 93
31 172
42 197
95 198
34 118
13 46
78 297
1 197
36 42
33 85
52 277
59 239
78 9
78 261
86 217
51 220
28 215
81 290
7 46
22 238
53 10
20 34
3 107
52 77
55 10
64 38
71 70
87 190
76 23
73 290
59 24
31 39
71 59
70 81
7 9
63 37
53 209
94 26
47 237
31 86
76 279
60 82
67 22
21 275
36 102
48 223
79 79
76 168
93 116
84 258
28 187
28 35
54 184
80 26
57 116
100 268
13 191
18 135
47 140
38 264
85 175
7 288
66 163
70 65
7 239
60 250
65 291
59 36
69 263
77 254
30 39
25 31
74 135
86 103
63 237
81 63
51 165
41 165
86 64
61 56
16 132
90 67
27 138
5 244
37 229
71 247
4 215
39 83
25 2
100 104
76 200
36 174
91 18
28 215
53 205
4 31
52 126
17 171
96 220
82 295
62 155
28 123
29 191
18 265
32 265
11 40
29 226
17 200
52 202
30 44
54 23
89 80
12 9
43 37
70 300
10 89
73 72
73 15
1 220
34 147
19 191
97 94
38 14
49 9
46 178
32 214
26 257
42 90
82 295
82 188
93 151
44 131
29 205
18 40
95 166
66 234
4 38
84 298
4 241
88 100
46 198
38 95
80 156
92 49
81 117
39 234
48 152
14 83
50 165
91 228
59 228
96 231
37 286
53 299
33 91
30 39
19 201
67 81
40 11
7 45
86 170
38 162
67 92
14 10
85 289
8 297
25 151
6 172
93 108
4 31
80 255
39 225
61 88
33 206
75 83
54 294
71 272
55 244
58 230
9 281
9 205
40 206
2 218
53 127
77 300
56 105
74 262
14 54
29 46
30 28
99 12
6 280
39 95
21 68
78 167
35 286
26 196
8 267
73 286
24 194
88 49
51 149
61 151
28 222
74 224
7 82
71 5
8 255
51 172
54 270
89 15
31 159
37 71
88 243
38 54
17 275
18 264
47 239
28 203
21 26
76 225
100 152
92 251
2 67
66 27
88 134
38 153
7 159
69 265
76 76
6 227
94 233
23 12
93 272
7 201
1 156
44 242
97 74
44 73
4 264
36 71
12 128
78 205
73 46
42 31
20 193
27 17
21 31
88 54
85 18
43 142
84 273
44 31
74 64
22 72
100 159
73 240
37 37
75 37
78 211
40 52
55 66
4 279
68 35
88 238
11 38
23 126
85 137
79 263
26 254
94 187
76 130
90 132
25 23
8 50
74 248
76 265
71 187
78 38
7 204
31 3
42 4
16 260
90 237
38 207
66 92
45 67
26 222
54 297
58 167
66 127
81 244
57 265
6 228
39 29
16 134
50 46
3 173
32 60
89 163
75 154
30 142
66 200
8 48
97 75
38 70
16 17
22 291
16 5
57 10
50 29
5 149
76 54
42 47
97 183
74 5
73 249
6 216
97 181
86 246
80 35
87 106
38 15
27 9
15 93
35 235
92 285
60 277
65 139
55 180
43 25
7 181
8 199
34 43
23 78
30 262
58 132
77 173
88 255
90 86
80 32
46 92
83 154
63 142
70 171
26 42
16 257
55 81
85 1
41 165
3 104
75 199
11 147
74 177
35 10
48 207
63 243
72 214
30 267
3 232
70 208
63 183
42 224
17 188
3 170
40 75
77 275
28 232
20 120
57 216
26 195
68 290
42 177
22 151
6 161
39 4
41 66
85 138
56 178
66 22
58 187
99 150
30 15
66 67
88 78
93 193
86 166
60 220
95 271
56 205
5 116
1 212
84 54
41 55
7 10
78 62
71 52
38 12
24 22
1 39
83 106
3 268
17 121
30 214
26 156
54 154
58 215
83 9
66 3
59 65
50 288
29 262
61 188
97 35
2 271
17 120
1 83
95 245
33 193
59 150
97 217
16 132
49 19
22 216
11 35
91 150
57 185
35 169
72 80
67 206
13 140
33 110
31 274
60 47
30 297
63 213
2 266
25 49
99 227
22 183
7 227
73 205
76 217
11 127
45 263
30 196
23 217
71 209
92 139
16 76
6 215
62 116
29 170
58 103
47 48
23 60
71 185
28 42
68 239
46 252
15 238
16 127
39 296
57 253
97 25
25 156
15 39
76 202
60 289
71 105
5 61
37 298
78 169
65 289
36 144
64 189
46 257
78 266
82 78
52 206
85 36
76 217
49 238
64 82
73 5
44 179
66 91
7 276
69 195
16 155
97 171
25 144
94 231
56 197
14 273
87 133
28 5
73 244
78 116
23 2
39 223
41 269
1 134
54 144
7 6
29 30
10 297
25 98
80 196
5 20
13 97
68 196
54 52
12 205
88 20
50 169
27 42
49 99
90 57
94 245
56 234
72 291
83 206
63 23
51 177
7 119
35 42
61 292
92 52
69 216
70 7
10 291
96 16
38 141
93 173
87 95
4 68
68 194
96 121
76 196
84 90
24 222
42 35
44 282
25 210
43 106
1 236
46 108
2 157
66 87
51 297
57 34
4 224
95 276
82 42
4 187
82 178
9 245
48 284
27 192
37 282
87 121
28 112
97 60
33 166
78 173
11 158
99 174
67 69
11 127
44 211
55 270
9 102
66 184
73 66
23 16
5 118
73 127
15 111
38 251
66 139
69 20
1000
2 17:57
46 23:24
33 14:04
33 20:23
2 16:53
9 21:51
93 18:57
18 21:09
15 15:18
83 17:02
64 17:20
57 18:18
2 15:07
18 15:42
8 15:09
61 20:35
63 16:02
2 19:43
39 22:55
60 17:01
17 14:48
82 22:58
55 18:06
43 18:33
24 18:46
29 14:46
50 19:52
87 16:56
42 17:56
21 22:17
63 20:04
88 20:08
10 21:08
3 16:50
80 20:01
18 16:15
31 18:55
89 15:14
46 19:22
71 17:24
52 16:29
15 17:32
56 15:07
58 15:11
30 23:21
67 16:27
28 17:37
7 18:55
71 20:54
25 19:30
16 22:21
9 21:26
99 14:57
55 14:31
42 14:32
19 14:05
69 16:00
2 20:16
37 18:37
56 17:25
42 19:26
43 20:43
26 18:42
62 16:43
23 21:44
79 22:50
32 19:59
98 19:48
46 16:15
36 14:05
16 20:38
91 22:58
53 17:21
54 17:05
77 18:59
51 16:42
31 20:43
47 19:05
45 15:24
49 14:17
81 18:23
47 15:12
42 14:08
65 21:19
18 22:41
28 17:34
71 20:45
74 18:11
95 15:15
3 17:41
89 15:58
100 23:58
60 16:31
37 21:49
2 15:46
20 16:09
9 17:22
47 15:19
25 18:59
42 20:55
34 14:49
94 22:59
99 21:59
82 23:37
64 23:54
84 20:56
12 22:20
46 18:10
73 21:29
82 16:32
36 16:05
6 23:44
16 18:45
64 16:18
82 22:55
17 20:21
27 16:38
4 14:38
93 15:42
73 15:13
7 22:15
39 23:06
14 15:01
87 16:49
91 16:09
50 15:18
19 18:34
100 22:17
21 16:13
26 21:39
47 21:26
97 18:11
4 15:50
92 17:06
36 16:09
100 14:32
16 15:43
6 17:50
91 15:03
5 22:27
77 19:21
12 22:17
20 16:39
78 23:50
20 14:01
88 14:02
79 19:59
7 19:47
21 14:46
67 16:27
76 18:50
95 21:09
59 20:21
34 22:03
68 19:27
37 14:27
43 21:44
46 17:19
61 20:52
100 18:24
90 15:55
20 21:40
35 22:21
27 18:29
78 15:16
5 20:55
53 22:16
50 17:21
21 18:45
3 20:03
32 23:27
39 18:56
78 17:30
94 19:19
69 21:45
82 21:38
50 14:29
84 22:00
29 21:10
25 17:23
84 19:46
86 14:19
4 19:06
5 20:22
57 15:16
64 16:29
95 15:20
55 23:00
13 14:23
73 14:38
25 17:01
59 14:14
100 14:41
17 16:53
7 20:16
17 23:23
62 18:24
93 22:34
28 19:02
87 17:15
75 19:36
7 16:20
34 14:29
45 20:30
28 16:41
99 17:00
7 18:25
21 23:38
16 22:08
27 14:24
77 23:33
11 17:20
12 23:43
47 23:05
82 18:54
13 21:49
88 23:16
22 21:55
52 16:19
92 15:05
44 20:26
95 23:25
90 17:49
6 14:11
19 23:04
21 17:04
70 23:09
98 16:50
47 20:03
68 16:35
21 22:39
83 15:53
91 14:18
2 15:58
82 17:24
65 22:25
63 17:06
51 18:18
7 14:11
43 16:56
76 14:21
81 17:45
18 23:02
23 20:22
22 18:12
84 21:08
25 14:14
85 23:56
56 17:11
47 14:27
46 18:28
52 23:51
64 16:53
61 23:23
20 23:32
79 20:57
64 19:18
21 19:38
9 19:32
18 23:18
5 22:35
23 18:07
6 21:46
27 18:26
100 15:17
88 20:42
70 23:14
29 14:38
36 22:28
22 16:43
55 23:07
84 18:02
6 19:00
26 23:17
63 20:48
35 14:48
45 15:17
16 19:12
69 20:28
68 21:35
18 20:17
31 15:28
70 22:31
56 17:51
17 14:13
34 17:46
32 19:04
76 14:54
2 20:59
52 15:32
93 17:22
77 23:48
29 14:53
1 17:36
13 15:35
89 16:33
14 15:39
82 19:49
20 14:14
80 19:26
50 23:01
69 15:12
93 15:47
28 23:59
64 20:30
91 14:38
43 18:37
69 17:14
29 20:35
48 22:42
98 16:31
90 20:15
9 18:21
50 18:07
62 17:28
70 23:11
95 16:25
99 19:10
52 14:42
36 22:46
17 16:21
2 18:05
79 15:11
24 18:45
58 15:13
30 14:17
49 16:49
59 22:26
30 14:55
83 15:03
27 14:21
14 19:45
57 22:27
31 23:08
77 23:14
44 21:21
60 23:49
86 18:54
67 17:42
36 15:58
6 19:12
95 22:22
81 18:55
100 17:46
85 20:37
29 23:48
48 14:04
84 19:30
47 19:53
14 17:54
98 14:09
20 17:52
41 15:57
44 18:12
34 20:57
89 23:13
80 22:28
86 18:35
42 17:37
8 17:46
26 16:09
75 22:43
44 22:52
76 17:52
25 18:01
64 20:32
9 23:05
15 17:12
53 16:18
78 19:42
1 16:50
89 18:46
25 19:40
93 23:38
37 19:32
61 16:39
50 23:55
43 21:34
35 18:19
34 15:54
96 15:41
33 19:33
65 18:50
2 14:02
95 15:02
96 23:20
47 23:12
58 14:41
35 21:59
98 15:42
1 23:39
25 20:39
100 18:51
91 17:31
1 16:45
25 19:39
75 16:24
9 23:50
47 15:19
41 18:00
83 22:52
76 15:18
52 20:12
6 22:48
17 21:10
94 20:13
98 17:51
53 21:45
61 20:30
16 21:00
15 16:53
38 14:58
22 20:12
51 21:26
34 19:33
44 21:32
10 14:11
96 23:15
20 16:57
27 20:00
83 22:37
41 20:07
20 14:09
49 19:49
63 22:01
82 15:47
48 19:20
9 18:34
10 17:46
20 18:57
98 21:33
43 20:52
11 20:55
9 15:13
52 16:38
74 22:53
30 15:15
34 14:32
52 15:45
72 21:32
52 20:09
56 20:00
97 19:55
66 22:50
86 17:27
16 16:14
4 19:32
21 23:08
2 21:36
99 22:25
75 23:39
46 17:49
61 15:38
43 17:01
41 21:48
68 20:25
48 22:14
12 22:11
84 20:30
20 16:20
46 19:58
39 19:23
14 18:50
52 22:18
11 18:19
58 23:35
46 14:20
69 19:07
97 23:57
66 17:21
32 15:39
67 20:52
82 19:11
56 21:08
35 14:03
5 22:07
30 20:51
93 23:02
87 23:41
58 16:11
7 17:53
10 17:42
15 14:17
81 15:00
28 23:58
80 16:49
92 21:44
54 14:08
98 15:29
33 23:05
62 16:36
39 22:20
55 19:07
53 18:04
4 17:42
20 19:24
9 23:34
50 21:07
28 15:06
79 23:21
64 22:58
25 17:02
89 20:33
65 22:16
84 23:17
91 20:28
39 22:22
59 21:53
84 17:23
29 22:42
15 19:17
65 17:28
42 18:15
48 16:29
93 21:24
79 23:05
89 15:57
13 18:47
15 23:42
27 23:07
76 18:21
46 20:11
76 14:32
57 16:31
90 15:57
3 21:27
23 19:14
47 18:38
81 20:31
34 14:56
76 23:04
49 19:49
65 17:20
27 14:20
59 15:52
82 16:31
83 15:51
17 19:26
69 14:28
12 21:47
92 17:32
24 17:19
100 17:10
68 23:12
74 20:20
17 19:43
11 23:00
8 16:03
34 16:19
53 23:20
4 22:49
28 22:03
97 22:45
97 15:45
12 20:39
22 14:08
18 20:41
11 22:29
43 23:58
53 17:07
85 23:30
68 15:38
21 14:08
66 22:09
15 15:37
45 21:42
94 17:33
14 16:08
84 19:36
78 14:05
95 17:32
37 23:51
12 15:18
22 23:37
75 17:34
10 14:18
19 15:19
37 20:42
59 23:31
49 18:22
5 21:33
60 15:39
2 18:52
44 23:07
90 19:22
56 15:35
69 14:50
94 18:05
27 17:03
83 17:39
84 15:59
71 18:23
63 14:35
2 20:23
40 22:25
38 18:42
79 16:59
94 22:50
95 20:58
73 23:02
38 16:46
31 22:53
11 18:12
17 14:49
58 17:04
92 14:51
87 18:22
84 16:57
45 20:47
48 23:21
40 15:02
1 14:01
57 19:25
10 20:13
1 23:58
47 20:56
33 20:06
39 21:56
96 20:26
50 14:47
17 15:14
11 22:48
23 19:52
52 15:26
74 14:01
63 22:47
96 19:43
89 23:05
3 22:57
78 16:08
45 22:07
92 21:35
54 21:15
51 21:56
24 22:31
24 16:40
57 23:53
44 23:37
32 16:50
64 15:01
69 17:55
3 15:05
6 18:59
12 17:28
62 22:16
32 22:14
46 16:47
25 17:44
25 21:33
12 16:32
60 14:24
21 15:58
77 16:01
65 18:31
78 15:38
96 18:52
94 16:46
63 14:04
33 21:18
60 16:36
21 15:39
81 23:27
48 23:26
50 17:46
50 18:13
98 19:41
26 17:09
43 19:04
85 15:09
80 23:11
90 16:46
44 18:49
26 18:25
73 19:46
62 23:21
82 16:46
81 21:56
1 19:10
27 20:35
19 15:08
10 16:46
25 18:40
8 16:01
15 15:06
6 22:31
3 20:41
92 17:52
56 21:40
16 17:15
99 20:45
79 21:54
42 14:01
49 23:37
71 22:01
88 23:48
76 22:58
32 17:28
44 15:11
22 19:15
44 21:06
38 18:53
80 20:18
62 19:32
67 21:03
96 19:22
10 14:49
27 16:41
60 22:20
49 23:45
45 19:07
58 16:57
48 18:20
52 18:13
77 14:10
43 22:11
96 20:59
60 15:34
96 18:42
50 20:38
99 14:27
78 20:23
82 17:04
14 22:43
7 15:29
49 19:01
37 23:44
66 22:44
84 22:06
87 22:20
82 23:54
7 21:22
49 15:24
93 14:31
6 14:04
59 18:56
58 19:05
51 22:28
55 17:05
73 23:58
76 15:09
26 16:37
40 23:39
31 22:08
52 19:00
64 21:56
20 21:10
78 16:19
41 22:58
39 18:16
68 19:37
25 17:27
41 20:10
10 16:31
76 23:37
99 22:35
47 15:47
71 17:25
78 19:55
1 19:08
72 20:35
55 18:35
55 14:55
85 23:39
58 18:03
77 23:01
76 21:14
45 19:16
27 22:40
4 18:53
26 23:58
84 23:45
16 19:43
52 22:52
15 20:55
20 21:49
52 22:16
9 14:29
87 15:30
47 21:13
76 16:56
64 18:28
59 19:54
42 23:27
18 19:28
20 20:35
25 17:34
81 19:44
3 19:08
13 23:54
14 15:24
93 18:23
19 20:23
89 15:25
19 16:39
48 19:48
25 18:43
34 17:53
85 18:01
37 17:18
100 19:09
26 16:14
29 22:21
1 19:54
44 17:03
15 20:16
45 15:25
87 18:10
86 16:53
99 21:52
92 19:25
33 17:19
84 19:16
2 22:15
58 18:22
72 15:09
14 15:19
98 16:58
94 19:33
52 21:50
30 16:15
58 14:08
46 14:28
62 23:30
89 22:50
60 19:43
51 15:12
72 15:51
88 22:24
93 16:04
49 14:04
61 14:24
52 18:18
97 15:41
83 16:39
7 15:02
74 14:34
56 18:15
26 15:15
75 23:52
44 17:59
99 16:36
5 18:42
68 17:27
22 18:45
41 20:24
4 18:33
4 23:36
30 18:18
22 20:38
94 19:39
61 14:13
72 18:24
3 16:03
60 21:56
9 19:53
95 19:56
56 23:42
41 19:02
14 18:25
30 22:49
97 20:59
1 22:37
67 14:21
12 20:25
53 14:51
93 23:43
42 17:07
40 23:16
66 21:33
98 21:59
76 18:08
97 20:11
19 15:49
42 18:36
68 22:03
4 21:49
17 20:09
21 20:25
76 16:24
17 18:28
15 18:56
53 18:31
34 18:36
50 23:19
30 22:22
90 16:12
85 16:26
100 17:05
17 14:13
31 17:11
49 14:43
91 15:00
6 23:43
52 23:23
86 18:30
18 15:17
11 18:58
14 20:59
90 17:38
57 20:38
86 22:36
26 16:44
34 19:37
34 15:44
57 17:53
33 14:54
34 23:55
56 14:19
47 18:11
13 23:23
46 20:33
75 19:23
21 19:46
51 17:22
85 23:15
38 18:12
38 21:06
92 22:04
58 22:37
20 19:12
96 16:25
12 15:09
34 17:17
88 15:36
100 20:38
34 19:36
31 16:35
32 23:10
38 18:38
14 15:17
24 14:33
57 21:43
2 23:12
17 21:01
10 14:32
94 16:15
61 22:56
32 22:49
81 19:26
24 18:33
1 14:43
73 17:27
49 20:41
89 14:02
97 17:33
85 22:45
73 15:52
62 17:49
7 14:55
96 16:48
80 17:24
15 17:39
64 14:13
61 21:58
75 16:15
59 23:43
71 18:43
63 16:50
100 17:00
97 17:57
50 22:03
17 21:04
63 23:25
89 19:55
24 15:46
99 15:56
79 21:31
29 16:55
57 20:31
70 18:09
41 22:31
4 17:24
34 20:29
4 14:59
45 23:48
62 15:57
54 17:12
66 18:53
79 21:42
61 19:22
37 18:52
24 19:19
52 20:12
34 18:27
9 19:48
100 23:09
66 18:17
90 14:55
64 18:26
36 22:25
7 16:30
6 15:50
15 19:48
91 15:12
43 22:15
20 23:13
7 15:01
48 20:05
1 16:50
47 16:26
1000
27 114
63 217
98 300
70 67
79 267
98 22
71 170
74 188
16 201
22 297
98 285
92 67
9 228
11 162
93 99
40 101
35 100
7 101
14 141
84 172
74 262
67 269
16 2
65 78
50 147
25 226
52 164
62 104
59 254
93 8
53 279
36 184
34 51
80 113
17 255
88 224
89 55
92 231
82 66
29 129
59 9
1 228
74 148
29 180
22 156
9 224
71 114
13 284
99 90
5 175
75 7
94 150
77 206
22 212
73 134
36 91
90 3
90 75
27 182
51 194
37 291
76 280
94 208
1 211
22 254
4 278
49 85
33 25
1 44
44 181
18 5
11 233
7 82
100 8
3 265
98 29
24 130
19 111
2 22
49 91
3 82
3 10
26 32
23 75
2 145
81 68
76 68
62 4
83 42
6 229
54 154
99 155
80 47
60 217
68 40
97 262
23 91
99 191
58 185
34 139
66 152
92 42
35 3
21 34
37 150
93 143
97 165
70 83
79 126
59 230
91 269
96 82
37 136
91 240
89 239
91 273
59 154
42 236
8 212
36 273
65 151
77 87
71 1
43 277
44 92
18 46
35 242
28 89
50 82
17 211
28 275
69 217
89 178
27 212
38 190
42 216
8 260
14 291
17 227
38 285
4 209
67 165
21 282
19 73
73 197
47 187
74 5
34 23
10 57
19 100
29 287
64 175
53 102
92 161
66 126
94 267
37 148
80 83
3 34
18 133
98 60
90 53
24 56
100 27
20 203
22 262
81 148
10 9
28 208
7 60
10 279
40 67
30 122
95 92
60 69
61 257
29 188
26 187
37 20
72 249
31 95
11 128
55 168
76 232
46 151
54 219
73 285
21 45
15 51
88 188
1 116
4 145
47 176
3 6
65 242
38 189
29 94
99 289
6 8
42 99
90 43
66 4
4 169
34 177
37 93
41 263
60 95
23 13
79 121
73 158
20 194
74 95
16 159
66 5
51 11
11 254
28 71
15 10
14 146
70 288
19 119
5 10
4 77
9 61
94 98
55 220
47 235
44 35
3 299
64 231
69 250
73 85
69 227
73 33
76 258
64 280
94 235
95 51
90 67
47 37
42 288
42 70
81 18
95 90
11 189
81 61
64 88
66 232
67 49
84 133
92 134
7 246
72 258
4 212
4 84
37 137
17 278
62 86
54 219
96 254
43 250
40 50
72 242
19 284
57 142
23 102
56 160
48 223
11 175
24 211
33 13
67 241
59 198
79 142
27 68
3 209
43 9
71 118
90 256
79 275
80 225
44 200
28 216
83 297
47 118
15 6
82 189
45 78
14 17
93 148
19 192
56 13
35 299
68 122
73 97
48 226
94 252
29 51
90 237
64 270
90 25
12 47
57 77
62 122
48 277
39 110
82 69
51 12
88 228
100 276
9 22
12 6
34 187
66 279
24 216
62 61
66 206
48 56
93 29
35 234
64 66
95 70
25 40
35 97
49 43
35 269
11 246
44 229
76 235
17 272
5 37
35 269
78 13
96 248
82 288
28 123
83 171
67 263
55 296
9 143
43 1
48 217
22 142
40 133
45 8
41 119
2 239
93 144
39 7
29 175
49 254
97 11
64 25
36 261
4 294
61 40
4 65
49 37
42 105
44 28
76 257
69 238
14 286
1 117
8 20
26 185
9 120
14 108
83 36
17 268
37 241
31 95
82 4
16 43
72 288
24 48
50 243
70 183
65 135
42 236
21 191
2 194
42 202
71 265
93 115
64 16
72 6
47 28
69 97
66 285
71 271
63 103
21 297
80 272
44 166
86 29
26 136
40 14
88 271
15 221
88 182
67 277
100 112
21 211
35 61
82 105
59 153
70 159
95 296
75 55
33 146
23 276
84 245
61 225
16 224
43 262
46 234
16 247
30 76
52 264
30 56
90 53
21 227
69 123
51 219
62 214
43 172
99 269
98 243
89 171
90 149
43 259
19 71
40 94
72 70
61 119
13 113
81 204
64 8
40 91
50 123
59 267
43 191
72 252
53 5
84 264
32 257
87 260
38 236
6 114
93 21
88 196
89 40
14 201
96 269
15 103
27 72
12 157
3 16
27 17
7 37
42 212
64 148
98 133
79 110
13 172
25 186
25 96
9 51
90 254
49 241
77 251
98 165
10 200
82 143
67 172
35 91
62 192
65 283
90 126
30 20
100 162
93 208
83 97
33 131
9 138
52 113
100 175
24 182
9 172
4 195
14 206
18 92
50 42
12 46
93 239
24 127
77 245
84 88
64 300
2 47
42 193
96 128
6 31
8 9
32 84
54 220
42 257
86 40
8 72
75 76
24 116
4 271
18 218
47 85
50 150
31 265
31 259
98 123
8 123
66 67
13 283
43 255
48 15
78 106
49 184
52 170
23 189
58 231
71 3
24 284
82 109
84 61
18 4
68 58
1 140
26 259
14 106
11 228
80 214
46 239
48 84
39 151
77 235
87 192
90 294
21 89
16 123
1 220
52 68
85 16
7 148
29 123
72 30
63 258
38 76
18 258
23 106
55 64
68 80
70 181
58 14
70 199
31 50
67 266
17 87
14 138
92 200
90 39
59 127
26 222
45 99
71 224
92 156
16 213
90 233
95 99
66 150
97 34
25 268
13 30
65 30
21 87
81 265
5 96
15 37
92 52
7 169
89 40
76 101
34 289
60 55
63 153
75 128
60 107
48 100
79 252
20 127
97 88
18 89
15 22
19 265
50 239
54 17
2 15
67 5
50 245
82 185
88 260
49 167
42 222
5 54
86 46
73 15
62 120
67 6
71 84
21 213
79 63
63 259
88 233
93 236
95 88
12 278
93 275
84 219
88 171
20 117
97 262
89 291
97 152
8 262
70 27
35 150
87 265
38 91
30 117
18 158
33 250
93 140
47 227
51 36
5 168
69 31
56 164
100 285
12 112
12 55
18 134
18 145
14 141
62 193
29 232
9 135
20 89
86 294
64 288
23 2
61 160
83 147
16 253
74 263
46 51
68 296
37 262
25 64
25 174
13 193
60 181
3 263
9 283
43 239
35 201
77 69
52 9
12 269
76 68
18 83
28 77
20 13
22 42
86 109
47 45
13 3
79 13
76 2
80 136
64 197
97 87
55 17
3 3
90 50
12 30
6 75
56 124
28 114
50 247
95 75
1 253
11 147
50 111
68 248
71 209
73 235
64 101
5 95
33 92
42 188
81 159
84 134
49 81
8 127
8 157
22 294
38 223
39 1
18 172
63 225
56 190
10 269
30 12
49 281
23 141
44 100
82 86
33 148
60 295
27 192
60 123
33 161
34 239
49 57
38 227
40 62
30 150
70 131
99 59
73 56
47 117
23 86
91 284
37 213
32 72
75 133
51 273
68 74
97 204
12 288
78 221
21 245
86 25
2 169
85 191
35 297
43 133
96 227
100 196
52 281
37 72
26 154
68 145
73 24
28 118
89 48
83 134
28 300
78 273
6 47
18 227
29 82
43 36
100 285
42 175
1 212
79 180
41 211
11 208
91 239
22 135
92 43
76 89
86 13
20 107
70 178
34 200
52 53
73 188
21 106
28 49
46 158
19 76
67 40
56 249
5 11
71 64
85 291
57 83
58 174
24 98
70 56
51 42
71 184
87 81
100 184
19 117
81 275
48 123
6 262
28 290
100 97
92 144
52 62
7 187
10 169
61 76
97 90
63 32
92 49
37 96
100 197
46 19
43 247
86 114
44 211
26 227
100 55
32 64
33 174
17 278
76 116
63 93
32 209
78 187
53 55
97 137
35 103
25 140
67 226
78 196
54 136
63 265
92 38
99 243
83 29
23 144
61 202
26 94
43 119
78 230
31 274
41 299
39 244
12 232
27 96
35 42
64 106
61 16
10 202
97 155
47 6
37 140
41 7
71 79
82 46
61 262
38 141
36 203
65 111
12 94
65 142
25 47
54 267
90 231
48 68
91 96
57 73
52 2
60 15
49 171
57 292
66 187
26 94
79 124
89 108
72 95
94 10
13 200
56 17
30 239
7 86
73 91
29 142
40 171
66 74
40 155
60 151
14 120
78 136
57 231
71 91
16 79
30 282
94 177
89 3
35 3
27 278
29 84
67 109
79 127
74 64
16 102
70 290
32 145
52 99
90 79
22 64
85 197
93 204
52 213
26 53
79 300
80 190
9 210
26 86
99 25
73 197
46 277
52 296
32 27
6 51
23 85
11 179
58 9
39 122
40 232
27 210
42 277
78 208
24 266
51 101
35 194
87 253
61 263
26 139
98 166
1 257
98 189
91 272
63 80
23 179
33 51
36 136
14 223
64 79
46 35
38 262
3 205
44 208
86 177
64 2
95 69
37 247
17 18
99 27
5 218
43 86
3 210
53 6
33 134
59 182
40 258
35 129
100 267
4 138
4 83
57 53
34 289
81 186
80 61
30 244
67 102
97 285
50 173
61 76
14 245
15 31
69 67
14 242
29 64
2 220
99 276
51 240
67 281
39 203
42 29
95 4
77 21
17 251
71 126
34 122
1000
86 18:40
88 23:56
22 16:54
26 23:10
7 15:14
75 22:59
11 14:27
76 16:13
95 16:24
85 23:17
91 21:43
93 19:32
7 18:50
45 19:35
21 15:51
94 23:26
84 20:35
70 17:54
81 17:47
17 17:24
96 16:54
28 23:39
13 19:25
17 16:56
61 20:21
96 22:42
75 23:38
77 15:23
10 16:15
52 15:37
85 21:10
86 16:31
92 22:27
56 23:45
96 18:32
81 21:52
70 15:46
2 20:52
36 19:19
46 20:33
53 20:12
52 17:47
7 17:12
51 18:49
13 21:17
17 20:36
41 23:54
9 18:55
70 21:13
47 22:19
71 20:45
99 19:30
80 18:37
12 16:36
73 15:46
86 21:56
72 17:36
72 15:23
54 19:38
75 18:37
57 20:11
85 23:08
31 16:37
13 20:03
59 14:22
79 19:30
76 17:20
6 18:56
23 21:02
5 16:02
10 17:30
15 23:52
29 21:49
10 15:39
84 19:22
57 14:23
93 16:45
76 16:14
91 20:05
68 19:05
42 20:00
88 16:47
41 21:06
24 16:42
38 15:10
100 21:48
1 16:16
95 23:01
80 22:48
20 16:10
26 23:44
64 15:32
53 18:26
74 15:03
52 18:10
31 18:59
48 15:47
50 21:50
58 22:06
27 22:06
45 23:43
18 23:53
22 14:58
79 15:46
94 14:02
31 14:48
98 15:25
14 15:19
9 19:12
70 16:11
69 18:46
78 23:41
15 14:01
45 15:42
45 20:20
8 22:22
9 15:59
51 21:28
11 19:31
67 22:23
50 22:33
71 23:50
23 15:52
9 17:52
50 17:42
58 23:39
33 19:53
41 16:51
65 17:37
84 20:50
84 17:01
15 18:35
37 21:48
27 15:12
38 17:04
51 14:03
36 23:06
8 14:49
74 14:55
6 14:12
39 19:08
32 20:42
89 23:40
68 23:03
26 21:59
20 22:59
86 23:25
84 14:32
49 18:46
77 16:03
63 17:43
6 18:44
24 19:54
9 20:40
61 15:18
84 19:06
84 15:13
93 19:00
47 19:21
94 23:40
72 14:15
41 14:11
20 20:53
31 16:05
77 17:59
35 15:21
76 19:48
29 14:12
27 21:51
16 17:41
19 20:58
5 14:14
42 16:28
9 19:30
15 16:13
44 23:58
89 21:00
71 21:58
85 14:51
99 17:42
66 20:02
3 20:39
63 20:36
68 23:09
68 17:21
3 22:26
9 15:58
19 18:01
44 14:43
51 17:32
19 20:38
58 16:00
9 23:34
1 19:02
9 14:55
14 18:52
35 20:15
58 15:06
71 15:37
59 21:04
20 19:29
47 18:55
90 17:17
63 23:54
98 14:39
97 21:42
25 20:10
100 19:44
6 22:46
33 16:32
12 16:39
54 15:50
17 20:27
8 16:54
41 23:18
58 14:20
29 17:56
32 21:25
14 17:12
93 21:02
29 23:25
57 15:07
20 21:18
18 17:55
2 17:04
61 18:58
79 23:48
51 14:39
54 17:12
1 22:48
8 20:25
5 23:07
21 15:52
41 17:33
29 23:57
85 16:26
99 14:43
80 14:05
21 15:47
79 14:10
60 18:28
26 21:08
21 20:17
95 16:21
72 16:31
84 15:50
72 15:34
63 14:30
68 21:11
32 19:20
76 15:54
67 16:56
91 20:59
82 22:19
39 15:25
41 18:54
93 22:35
100 18:11
10 19:56
89 14:43
71 15:02
46 16:18
89 22:36
13 22:17
85 17:14
59 19:06
26 16:33
22 17:19
58 20:06
87 19:49
14 17:58
74 23:28
20 18:39
90 22:37
15 20:48
24 17:19
94 22:57
75 21:59
48 22:30
91 18:16
32 23:07
51 15:29
11 15:27
51 22:08
2 14:39
50 18:00
46 23:30
43 16:02
41 17:32
78 17:19
63 20:57
13 19:44
97 18:13
99 23:54
32 22:12
81 23:59
49 16:23
40 15:33
24 16:17
10 22:43
2 20:44
32 21:35
68 23:59
59 18:35
100 18:34
10 18:24
46 19:39
88 23:13
84 22:12
10 20:30
82 16:52
95 17:50
84 16:15
57 18:36
52 15:43
7 15:27
47 15:10
65 15:39
67 19:38
60 19:55
54 19:48
75 16:27
17 22:09
1 23:59
99 15:55
76 20:29
4 14:37
56 16:07
66 22:34
76 22:24
79 18:40
38 22:18
7 21:12
49 22:36
31 20:37
96 15:41
70 15:51
93 15:19
55 21:53
87 20:58
67 19:02
64 15:56
64 17:48
13 17:50
71 17:41
35 20:58
82 23:03
14 23:15
28 15:43
20 15:15
5 21:22
76 16:30
93 17:51
88 16:15
68 18:16
8 18:08
92 16:42
79 23:16
58 18:45
66 17:02
45 18:34
43 15:44
32 20:55
72 15:07
2 17:19
18 19:38
100 19:13
60 21:35
45 14:37
23 20:47
93 21:54
70 22:07
84 15:48
97 16:22
40 23:58
35 17:31
54 22:52
48 21:21
65 14:23
100 21:26
32 17:03
86 19:11
84 22:46
60 19:19
64 15:32
96 20:51
93 17:32
74 20:30
5 22:41
62 21:11
28 17:03
92 22:49
37 17:43
66 14:01
9 22:36
2 16:44
98 23:38
69 14:44
90 20:37
76 23:39
94 16:34
41 18:42
96 18:50
67 20:35
58 14:21
53 16:21
2 21:37
33 14:27
47 14:54
49 19:03
53 16:01
42 19:20
60 19:22
51 17:26
9 21:25
27 22:30
93 14:16
27 23:54
22 14:42
23 14:44
24 15:24
92 15:33
100 15:28
33 17:46
15 15:43
52 19:13
16 20:56
64 20:19
55 20:06
52 18:45
97 15:03
86 14:37
99 15:49
97 16:28
52 17:05
97 17:57
29 17:03
61 23:57
92 16:25
93 17:54
81 16:12
68 18:43
11 17:51
35 22:47
97 19:22
92 23:29
3 21:23
13 22:35
92 14:55
61 19:34
65 15:02
32 19:09
12 23:59
53 17:06
73 19:23
33 23:49
65 18:53
93 20:57
13 18:25
76 18:29
17 17:12
62 23:47
69 20:23
52 21:47
62 19:59
65 20:55
66 14:40
57 21:06
54 18:41
96 20:48
4 20:30
57 15:26
100 16:55
91 16:43
22 23:14
91 14:08
16 21:18
27 16:13
70 16:09
3 22:32
15 15:59
26 21:27
54 23:16
88 20:23
17 17:04
17 14:14
68 21:50
56 16:27
61 17:02
97 14:11
38 15:14
8 23:15
12 21:52
83 23:36
3 16:53
49 14:57
66 14:21
65 19:30
57 17:06
28 14:32
72 21:38
18 17:56
81 16:38
44 23:20
68 19:31
17 21:48
18 19:08
70 23:17
32 14:51
98 16:10
66 20:53
96 20:00
8 21:15
3 23:43
63 17:39
99 23:45
3 19:38
1 21:44
51 21:08
83 23:28
22 22:21
25 21:25
17 17:59
47 21:21
85 14:37
44 14:25
14 19:27
2 21:26
44 16:30
67 23:07
93 22:23
11 16:17
7 17:45
39 16:56
83 16:56
94 22:09
98 17:05
30 19:12
83 14:50
53 22:34
18 14:16
28 19:13
32 22:04
44 20:55
94 19:15
19 19:59
58 22:54
57 22:57
55 17:22
8 20:59
8 17:23
45 17:25
20 21:44
48 14:41
93 19:47
29 14:48
63 22:22
28 18:50
98 21:16
53 23:58
14 20:33
93 18:04
98 14:58
53 16:46
99 19:23
52 15:53
55 17:05
27 18:11
21 22:04
63 17:39
50 17:12
31 17:51
24 19:12
90 21:50
22 20:46
15 15:55
49 20:50
55 17:22
82 14:20
35 19:14
68 22:20
54 16:49
74 21:49
86 23:10
44 17:22
26 19:27
86 14:20
6 20:16
22 18:37
31 17:10
4 20:14
64 22:53
78 21:11
46 22:18
41 23:54
22 14:01
5 21:19
100 19:20
19 23:19
84 19:00
13 17:32
30 23:31
66 19:40
52 18:29
20 20:59
39 16:59
42 14:36
25 14:59
66 23:19
5 23:33
31 23:40
56 20:21
26 16:06
44 23:27
34 14:32
38 22:06
97 19:03
67 14:47
9 14:42
51 22:46
59 17:19
69 22:01
94 20:40
42 19:03
83 19:34
14 16:14
41 23:40
99 15:30
63 15:57
11 22:26
89 21:21
52 16:49
75 23:02
1 21:27
99 15:03
8 17:20
25 22:12
14 18:07
48 20:33
11 21:42
20 18:45
83 18:40
49 15:08
96 23:27
93 17:48
29 22:50
54 23:51
82 23:11
35 23:05
64 16:11
49 20:28
47 19:01
16 14:54
39 19:37
50 16:22
48 21:38
34 20:21
33 16:40
2 19:17
15 15:08
67 15:06
61 22:41
57 16:16
3 23:16
81 14:34
92 17:50
97 23:45
12 16:45
8 14:12
42 21:10
10 23:14
88 16:08
35 14:27
84 23:19
1 14:31
43 16:20
18 16:01
77 16:16
88 22:48
12 14:51
62 22:16
24 22:40
82 21:48
66 18:04
55 22:24
23 23:43
36 14:35
56 14:31
9 14:42
60 18:04
12 19:15
54 21:32
21 21:08
79 18:10
65 14:52
93 23:34
33 21:39
69 17:18
29 18:38
59 22:33
55 16:35
24 19:39
54 19:42
92 21:46
55 18:19
21 14:40
62 16:01
6 23:10
32 15:48
8 14:29
3 16:46
78 21:58
99 15:49
39 22:44
32 15:21
93 22:31
20 23:15
51 20:31
30 16:10
60 17:57
14 20:13
30 17:17
8 14:30
80 14:35
15 18:51
40 17:31
75 15:13
59 16:24
75 14:25
82 16:14
42 23:04
93 21:10
36 16:38
86 22:22
51 17:30
40 18:42
72 21:49
88 20:23
96 21:24
76 18:48
83 22:46
22 22:54
84 21:42
76 22:58
85 23:34
50 22:25
39 14:11
99 18:32
5 14:27
39 15:38
34 15:27
35 21:44
97 15:09
31 21:44
8 20:35
78 22:48
91 20:37
72 14:45
94 20:03
24 19:52
1 21:13
30 16:18
68 23:58
74 18:27
2 18:03
99 16:58
89 17:44
67 20:27
95 15:48
99 20:33
48 15:57
25 20:21
71 19:03
40 16:22
65 20:03
84 16:50
40 14:46
15 20:13
64 21:58
36 21:37
20 19:23
17 16:21
59 16:13
10 16:11
24 20:01
68 15:18
18 15:31
10 23:09
36 18:17
51 18:29
18 15:37
92 15:39
61 19:14
97 16:51
92 17:41
83 16:42
58 21:02
87 22:15
41 16:52
57 17:05
15 14:40
17 15:51
12 17:21
77 22:39
9 16:11
29 22:06
100 20:43
68 14:55
68 19:12
76 15:09
46 14:48
40 15:00
28 22:06
67 15:20
69 22:46
23 18:05
13 20:08
27 18:22
58 20:44
94 17:10
26 17:10
38 22:43
88 23:28
52 15:58
82 20:57
52 19:34
12 14:05
47 18:48
54 19:20
22 14:43
30 20:03
10 22:06
40 23:22
86 23:23
2 20:53
9 15:50
64 23:17
9 22:01
88 16:09
39 22:07
94 16:10
92 19:45
42 16:20
31 14:12
5 23:03
20 15:48
44 18:56
36 17:45
98 16:02
14 14:48
62 21:16
62 21:43
50 16:08
44 16:07
98 16:57
42 19:29
44 22:22
73 16:45
78 19:28
42 14:08
60 20:09
29 14:19
60 20:49
10 18:33
99 19:15
3 23:48
46 18:20
8 14:41
84 21:55
81 14:27
82 22:18
29 20:57
84 15:27
72 19:00
94 22:36
14 15:22
11 22:11
56 20:25
85 16:04
92 14:56
98 15:56
48 14:58
88 15:39
60 18:24
47 23:28
61 16:45
58 14:38
20 17:20
11 23:01
99 14:10
89 17:51
32 18:32
63 20:12
79 20:29
55 23:12
94 14:03
31 17:17
47 14:16
54 20:54
50 20:26
66 21:14
64 20:09
48 14:35
19 19:15
96 19:16
38 18:22
60 14:24
72 21:05
27 19:58
8 22:23
35 20:53
16 16:59
10 20:23
34 16:52
3 21:50
58 18:09
9 15:08
1 22:07
96 15:45
54 18:12
28 15:59
43 14:04
62 18:30
62 14:19
64 16:44
28 20:15
20 14:49
77 21:34
96 21:50
46 15:23
24 23:17
24 16:48
92 22:45
26 17:30
40 18:55
4 15:26
2 14:28
100 23:58
15 20:39
45 20:26
44 23:22
23 18:30
94 17:46
50 16:37
88 14:42
59 16:46
96 21:19
3 18:28
8 19:22
25 17:22
18 15:58
34 17:14
94 23:41
38 15:15
95 18:21
90 21:26
49 16:23
48 18:56
10 19:40
95 14:43
34 23:47
48 21:20
99 17:52
4 22:03
28 15:38
87 14:17
25 17:46
64 15:32
88 20:18
17 21:17
47 22:07
50 23:06
6 22:51
65 17:50
42 17:30
56 21:12
62 16:26
27 22:39
69 19:06
59 20:19
69 18:01
8 14:05
54 17:27
66 23:09
85 16:18
69 19:56
6 23:43
31 22:11
88 16:26
32 20:37
65 15:22
65 16:26
73 14:36
46 18:43
75 22:18
16 19:53
89 18:26
15 15:55
88 17:05
63 16:49
1000
92 207
30 167
1 7
57 234
10 253
82 167
76 284
73 159
19 137
26 186
76 51
11 82
30 229
10 132
11 14
37 269
66 107
3 144
58 8
78 153
100 56
83 205
73 78
54 289
22 148
55 140
64 45
99 105
40 108
95 120
31 182
50 48
37 120
29 181
99 69
88 27
99 281
7 290
11 59
30 147
24 232
92 119
88 33
90 151
49 173
43 212
85 246
19 239
83 18
88 240
4 85
8 102
21 265
25 58
74 132
14 105
72 281
3 99
95 282
10 206
95 297
30 146
4 2
84 170
60 180
92 79
83 2
10 108
65 251
18 117
75 121
1 16
95 195
82 156
57 189
44 176
66 60
68 92
85 106
68 54
66 190
25 24
74 96
18 55
4 56
99 3
89 177
45 14
31 113
34 262
79 37
23 111
20 249
4 221
10 69
49 17
47 78
74 129
77 196
12 105
88 172
50 253
53 141
80 220
98 47
31 94
56 139
5 213
3 93
60 300
1 127
89 268
94 41
65 88
86 226
19 33
16 62
91 233
93 44
99 167
60 86
81 54
12 58
96 65
31 260
22 267
2 41
73 100
72 58
20 88
23 261
61 62
28 167
80 12
71 43
42 37
20 26
27 115
36 55
57 134
2 225
47 185
15 63
37 151
96 207
72 281
71 106
72 34
45 266
43 223
7 281
9 96
66 202
18 214
7 242
68 234
90 72
98 122
10 64
5 147
22 112
52 87
11 288
45 72
30 12
9 96
79 99
48 290
58 154
75 153
1 158
65 296
18 58
73 110
83 81
84 259
87 170
98 294
14 56
55 80
59 32
10 164
1 121
94 117
41 4
79 166
91 232
32 32
15 215
70 9
56 233
71 138
69 185
80 182
48 185
100 178
21 63
50 256
8 234
72 188
98 206
93 187
39 251
44 270
91 214
31 119
15 1
50 158
94 200
75 71
78 8
62 170
79 245
1 67
33 111
22 63
61 92
76 50
7 60
27 22
37 268
58 132
7 188
89 170
66 35
95 109
94 113
78 240
45 261
2 224
71 119
40 254
7 67
55 218
19 90
27 180
14 296
63 44
73 291
76 174
100 148
88 108
14 79
72 24
40 267
34 257
42 15
42 85
18 10
67 122
22 270
76 121
36 159
28 280
16 94
87 86
20 72
6 253
22 211
52 2
63 197
46 121
99 278
95 64
33 111
80 60
96 79
28 199
90 25
68 298
32 172
17 106
30 214
68 118
57 268
14 243
26 84
19 76
84 81
57 15
89 59
2 291
45 226
22 223
12 233
34 55
81 26
79 282
83 56
35 116
23 271
5 225
85 179
12 46
71 151
98 210
44 292
41 111
38 139
81 82
79 67
51 44
52 179
9 278
2 250
67 92
52 227
62 14
41 96
12 151
64 209
83 169
65 150
76 280
38 241
86 178
46 185
11 283
24 244
95 139
27 229
28 220
5 37
41 52
41 263
82 215
22 195
23 64
93 85
89 22
1 141
1 1
17 212
42 62
41 296
77 259
75 225
18 42
69 257
82 169
6 81
51 190
37 212
88 148
86 215
34 229
80 210
78 17
5 59
43 200
44 60
14 215
41 217
40 233
60 66
81 107
39 158
87 196
61 149
96 287
79 275
64 257
54 73
20 12
65 63
15 48
96 159
23 236
97 222
36 164
54 104
17 128
88 141
26 85
75 289
56 266
81 167
70 95
99 213
53 121
1 83
67 192
94 34
69 260
96 31
48 141
60 101
59 271
9 55
7 42
54 237
28 86
18 36
50 197
84 271
87 55
93 241
69 115
24 189
37 213
64 209
89 35
10 206
96 259
39 259
76 281
2 88
24 125
57 169
34 84
8 79
87 84
66 137
33 1
40 11
70 233
12 264
43 214
66 166
97 34
93 126
43 84
16 63
44 217
78 290
55 209
95 192
1 187
59 213
41 162
53 253
59 10
57 39
93 82
18 79
61 215
63 99
25 233
23 274
39 41
6 269
85 222
33 255
68 192
85 82
11 246
36 250
83 115
29 190
64 71
49 169
31 274
54 31
74 142
11 220
18 25
76 144
64 41
7 171
78 279
71 134
97 233
92 103
75 299
3 210
49 17
76 253
42 63
13 245
45 153
60 193
5 280
36 263
3 281
56 269
5 40
21 97
21 299
49 64
87 300
99 103
74 116
37 271
47 18
100 243
64 180
83 79
80 32
47 83
16 157
57 264
82 19
83 7
11 24
68 44
91 233
50 44
71 201
3 150
18 56
56 62
93 166
19 47
39 124
75 199
85 51
4 133
89 77
54 42
97 17
32 243
46 34
63 14
10 134
35 10
47 143
96 52
29 18
1 96
69 280
39 249
31 74
31 275
29 84
5 53
77 84
57 290
30 183
95 272
61 44
95 233
81 28
80 133
8 46
56 248
8 140
96 174
42 206
90 179
92 197
84 30
57 202
83 101
73 12
8 147
34 160
2 217
86 276
48 1
65 57
76 79
46 228
20 228
45 91
68 125
52 25
24 274
7 176
51 15
28 202
48 147
3 276
4 154
12 165
53 190
78 55
9 94
96 113
26 235
38 237
41 52
6 86
28 56
4 44
24 265
99 215
71 147
84 250
78 61
32 92
54 279
89 280
4 185
53 149
43 95
15 188
85 53
34 218
48 157
59 44
62 170
9 60
75 235
95 172
63 145
38 234
28 150
79 200
68 135
71 173
74 246
49 284
69 247
72 171
81 164
22 47
54 143
36 1
6 73
23 236
55 3
5 286
57 227
64 188
69 85
84 102
71 171
44 297
55 211
39 283
34 138
11 120
15 256
78 247
88 90
55 297
19 91
35 255
8 44
32 142
72 134
18 270
30 188
8 236
70 244
13 68
59 282
15 133
26 132
16 20
87 33
88 175
42 20
10 67
18 270
39 131
100 71
14 195
24 94
84 3
31 171
84 160
89 5
58 217
21 91
22 30
49 280
50 157
40 59
67 229
45 88
76 188
9 107
3 139
72 156
58 135
56 240
69 274
95 291
68 140
6 75
84 231
65 155
73 33
93 135
98 197
48 115
76 211
12 47
36 52
2 118
76 69
84 154
100 274
1 195
9 98
40 213
13 197
72 287
60 18
74 165
79 175
7 14
35 298
52 51
80 28
23 266
95 171
88 246
64 172
3 49
48 223
48 232
38 15
48 248
53 32
86 25
5 51
7 119
25 111
33 238
24 81
54 86
39 243
99 99
3 128
78 127
90 243
81 73
8 221
20 13
90 123
90 178
30 161
15 106
82 180
56 48
81 138
27 246
99 183
45 226
7 122
81 38
75 286
19 79
24 66
89 70
84 140
77 12
20 89
7 124
17 299
48 82
40 275
83 183
8 225
14 158
57 146
45 237
47 280
3 276
77 220
5 277
18 165
67 144
100 71
71 29
39 94
61 96
56 252
9 144
67 264
23 124
53 108
12 50
86 186
3 80
74 230
27 99
10 43
8 142
78 55
40 120
32 92
15 38
59 141
37 251
42 296
83 272
47 201
72 245
39 226
18 137
42 132
91 79
14 223
41 133
49 42
62 134
12 117
23 210
75 134
43 193
41 185
67 273
78 95
61 31
96 125
37 176
98 71
14 163
56 79
69 70
31 110
87 114
3 25
88 143
74 203
84 40
74 223
41 291
3 47
85 124
11 8
50 191
42 77
23 171
62 124
92 261
90 24
21 249
92 72
79 155
21 236
23 236
88 270
71 15
71 162
6 211
9 261
4 230
30 31
90 68
29 99
35 72
83 229
7 299
9 14
27 23
27 270
41 129
62 286
45 89
43 158
92 57
53 174
11 29
34 193
100 222
92 47
21 62
50 87
69 195
84 103
20 246
62 23
25 273
17 127
81 148
6 273
85 265
77 198
40 251
81 208
44 176
21 139
98 9
86 40
76 13
50 227
46 248
44 32
43 35
73 117
61 253
31 290
11 16
47 52
26 116
52 234
98 247
22 185
11 186
41 115
43 234
10 102
18 247
83 246
39 217
57 12
60 220
41 276
42 257
68 22
29 33
16 212
79 294
40 120
31 20
45 120
59 282
6 281
43 144
68 131
6 132
31 133
47 288
81 149
88 185
84 123
6 138
22 135
50 50
87 184
26 100
23 10
26 284
44 78
93 38
82 137
43 231
57 66
85 289
83 204
75 232
3 7
40 254
13 142
83 18
79 145
93 265
79 27
62 145
42 111
33 283
92 26
30 6
4 264
2 180
95 257
42 5
41 218
43 98
80 152
98 247
67 171
18 152
9 258
91 76
10 58
53 187
81 12
92 295
76 12
19 273
89 136
2 185
81 240
56 41
70 207
28 57
77 230
24 52
24 107
15 162
4 1
12 287
90 58
100 168
81 261
50 35
20 253
81 27
44 149
82 280
16 290
44 207
99 90
52 178
25 26
20 127
46 282
55 207
12 140
98 41
63 58
74 163
65 36
53 160
22 25
81 70
2 137
67 102
62 15
48 6
33 219
98 206
26 283
28 130
24 218
1000
15 16:16
33 16:48
60 21:38
88 22:22
98 19:27
7 17:41
14 20:47
100 14:31
63 20:40
30 15:43
11 15:51
86 23:30
51 18:05
42 21:02
2 17:49
25 15:49
86 19:02
44 17:09
10 17:16
37 15:42
43 21:16
95 22:32
31 20:18
69 17:49
6 16:24
6 21:10
73 22:42
76 20:25
33 16:02
88 16:10
78 19:44
1 23:27
27 15:05
80 21:41
19 14:08
16 14:35
28 16:21
53 20:33
83 22:31
23 19:06
20 21:50
28 19:59
27 23:58
17 19:27
3 19:57
69 22:49
51 23:36
90 18:15
30 20:31
33 22:01
7 16:40
12 20:21
37 16:00
19 18:36
43 23:43
88 21:38
68 14:59
70 20:57
92 22:40
39 14:50
2 18:16
88 18:38
9 14:49
50 18:00
68 21:03
27 14:14
63 19:23
35 21:13
31 22:49
63 17:55
49 21:20
53 17:47
94 17:21
9 23:16
17 21:50
63 21:40
13 20:02
19 17:24
72 15:48
90 17:20
24 17:03
25 20:34
62 16:52
79 21:03
17 15:16
94 16:03
100 22:52
22 18:31
54 17:00
93 16:25
44 21:38
26 14:50
64 14:55
40 14:25
53 16:08
9 21:46
91 15:24
60 14:49
12 14:51
61 22:45
47 14:13
59 14:54
88 19:57
82 22:46
48 16:42
73 17:17
79 19:19
53 23:03
63 19:06
64 21:13
91 18:25
93 16:38
76 23:34
1 16:58
50 19:06
80 14:59
82 18:12
8 22:40
70 17:14
15 23:21
21 21:41
35 23:04
21 16:15
23 18:55
63 16:28
75 23:45
22 20:27
76 18:04
95 15:41
85 17:20
39 22:32
26 17:13
65 22:19
23 16:03
61 20:31
15 22:47
29 15:56
37 21:19
31 19:46
98 15:56
27 17:22
61 14:15
11 19:03
16 16:09
76 17:28
87 17:44
35 22:11
5 22:49
80 19:19
93 16:51
5 18:40
67 14:34
6 18:52
4 19:56
64 22:31
32 20:17
96 19:52
9 22:15
49 22:06
22 17:45
96 17:10
54 19:10
95 21:01
47 19:04
91 22:31
78 22:25
43 18:44
39 15:57
98 21:37
100 14:10
4 23:05
27 23:11
88 18:32
81 18:52
88 14:43
93 16:31
70 23:39
65 17:05
30 20:15
61 15:53
7 14:47
38 16:23
42 23:43
23 14:04
64 17:47
25 22:32
64 17:09
8 21:31
69 15:37
39 17:15
13 21:55
44 17:03
62 23:24
73 14:15
84 18:13
86 15:15
83 23:38
5 19:42
62 20:49
26 23:53
5 22:42
46 21:00
83 18:34
50 17:09
15 22:48
48 15:04
63 20:01
10 20:43
81 16:33
30 22:41
61 19:11
73 21:52
16 16:09
10 19:37
96 14:16
45 20:16
100 18:15
73 22:51
61 17:16
51 21:42
80 23:36
12 14:20
78 14:13
48 22:46
78 19:38
28 15:52
26 15:39
29 14:20
81 14:01
26 14:50
27 15:25
65 21:49
9 22:50
44 17:39
30 17:13
29 20:41
62 20:58
2 16:20
23 22:00
35 22:17
85 17:00
26 17:36
74 23:07
48 15:02
34 22:33
61 17:19
3 22:43
51 18:06
100 22:29
72 16:24
15 22:28
17 20:29
72 21:24
60 16:44
93 22:46
28 15:13
11 23:29
90 22:01
94 18:18
40 23:12
75 19:31
23 16:28
65 21:43
94 18:25
58 23:55
73 23:24
99 18:19
75 23:10
31 16:09
32 21:31
8 18:14
82 21:17
75 23:29
18 16:33
32 23:50
73 16:03
13 18:30
60 14:54
15 15:03
1 22:59
6 17:21
30 19:15
99 15:54
43 19:54
6 18:54
31 14:08
52 21:56
27 14:09
9 16:06
47 16:01
71 17:41
1 16:25
71 18:29
87 22:39
52 22:26
35 18:51
48 19:35
1 22:57
21 21:44
17 20:27
41 22:05
77 21:12
38 22:45
89 21:15
57 19:52
17 22:35
80 16:39
95 19:10
49 20:11
57 23:05
33 23:41
9 19:50
1 15:03
8 19:52
3 14:09
12 19:37
93 23:37
90 16:49
73 15:30
38 16:55
40 15:07
3 18:48
29 15:49
78 21:56
60 19:44
62 20:57
80 19:45
59 17:44
92 18:47
12 15:36
45 20:52
65 21:54
29 16:03
93 18:18
90 23:10
71 19:17
93 14:36
19 23:24
13 16:15
99 19:10
59 22:04
58 17:19
8 17:34
73 14:06
93 22:24
45 20:14
37 17:23
96 15:45
93 15:30
83 20:23
83 17:45
35 23:17
57 21:40
79 23:41
56 17:10
54 23:11
14 18:39
9 23:30
61 19:19
91 14:21
21 18:07
39 17:07
69 15:35
81 23:21
45 21:42
89 15:11
14 16:28
64 21:51
91 21:29
36 23:10
43 23:50
95 23:13
6 20:24
79 18:19
76 19:06
72 20:40
3 21:40
33 19:57
25 22:12
48 20:53
18 17:58
76 15:07
67 19:33
12 23:34
59 17:31
78 18:41
53 16:44
93 22:16
58 19:59
71 17:51
20 20:21
65 23:15
79 23:34
32 22:45
79 19:16
44 14:12
27 22:15
83 18:53
21 17:17
53 19:02
41 22:00
65 18:28
30 18:15
6 16:08
6 16:40
22 14:28
21 14:17
3 17:58
34 19:41
80 23:57
73 14:43
70 14:08
28 22:03
17 23:39
52 21:08
12 14:34
94 16:43
88 17:04
42 16:01
44 22:34
31 23:11
8 22:01
68 18:30
39 22:38
31 17:39
57 18:17
6 14:45
15 20:13
26 15:30
85 18:48
96 22:38
36 14:22
21 21:05
17 23:26
22 20:40
40 15:05
92 22:58
41 20:36
12 15:31
80 17:55
42 18:39
47 17:47
7 18:33
16 18:05
68 14:13
36 19:14
85 20:23
60 19:31
66 23:58
82 19:48
61 17:02
74 22:06
57 20:03
32 17:40
97 22:59
85 15:17
87 20:26
66 18:57
99 19:29
36 17:53
46 17:32
50 14:57
12 17:08
67 14:55
22 19:02
88 18:45
80 22:53
85 17:48
10 17:56
35 21:00
100 21:43
65 18:56
31 21:21
5 17:29
34 23:52
90 21:49
65 18:23
15 21:32
33 21:36
66 22:17
24 23:23
42 20:12
62 14:16
31 18:20
76 18:54
36 15:48
52 19:30
89 15:11
81 17:24
89 20:32
24 19:16
73 15:58
40 16:11
19 16:43
94 20:45
14 17:13
20 17:51
58 14:29
15 20:11
86 15:34
26 23:37
24 17:33
85 18:18
73 22:58
90 21:07
82 21:32
46 23:14
42 22:02
31 18:02
85 16:45
41 21:33
88 19:07
35 16:42
78 19:13
47 19:44
47 22:14
77 18:35
95 18:02
23 17:12
25 15:10
57 15:40
12 18:17
99 17:30
1 23:49
43 14:37
78 14:07
45 18:07
91 21:17
40 14:53
56 15:22
91 23:11
30 22:01
55 15:41
45 14:32
87 18:16
68 18:26
22 20:43
50 18:57
16 23:49
78 20:47
59 17:11
94 21:37
7 21:36
38 23:49
83 17:58
42 14:14
6 17:55
70 18:20
34 14:28
73 19:28
56 21:47
48 16:18
9 20:40
34 17:57
56 21:04
16 17:20
39 23:34
69 16:31
22 23:16
68 17:44
57 18:03
92 14:28
85 14:16
25 15:31
30 22:07
48 16:46
75 14:02
95 23:09
83 19:24
70 18:13
71 22:15
49 17:41
60 19:15
7 22:18
46 18:29
6 16:44
68 21:54
36 22:06
74 23:46
69 17:37
37 15:23
10 20:36
11 22:27
62 17:17
87 15:30
71 18:53
9 23:22
95 22:52
100 16:14
15 23:56
63 16:46
64 19:32
31 18:47
32 19:27
91 18:06
63 19:40
97 15:37
35 15:35
32 17:29
85 16:42
9 17:00
17 22:26
15 14:36
59 21:50
93 21:13
71 15:36
86 23:35
70 17:36
7 19:39
50 23:12
40 15:53
55 17:32
94 16:40
35 23:35
62 17:50
23 23:18
18 19:38
24 15:45
60 20:12
33 16:18
11 23:21
21 15:49
90 22:39
43 20:16
70 17:57
88 17:28
23 22:57
49 22:48
90 14:10
26 22:51
26 15:10
86 19:52
25 22:44
47 23:02
8 14:32
28 15:51
73 16:30
50 20:34
11 17:44
20 16:43
35 18:51
87 15:31
38 22:10
64 22:01
27 20:11
59 15:58
71 21:12
36 16:00
50 19:08
75 14:52
55 21:57
10 19:55
75 18:05
78 22:04
78 15:34
26 19:57
66 17:00
54 22:07
77 23:33
42 18:35
56 20:26
23 22:52
9 21:51
58 15:10
97 19:24
37 19:04
58 15:09
93 18:48
25 16:10
60 23:59
50 14:07
3 23:51
36 17:40
35 15:19
58 21:12
77 22:39
42 21:14
74 22:48
13 14:11
56 17:36
79 23:30
58 17:58
65 15:35
50 16:39
76 18:15
57 19:13
79 15:27
79 19:11
28 16:47
76 17:34
63 22:14
82 15:20
28 22:28
76 23:26
50 14:08
18 17:28
51 23:16
9 23:02
22 23:04
5 17:22
27 16:36
66 22:03
50 14:41
40 16:23
74 23:45
30 20:34
67 20:55
25 20:24
98 21:40
92 18:43
16 15:56
55 22:43
50 15:50
57 17:18
3 20:22
2 18:46
18 19:58
17 23:07
2 23:59
20 20:57
15 18:44
17 17:26
43 19:39
25 16:41
85 22:54
56 22:54
100 20:52
28 15:12
23 17:08
41 17:00
75 21:25
36 23:36
6 14:47
46 14:27
75 22:39
77 14:03
70 18:16
61 21:39
22 19:50
24 15:41
99 23:51
38 21:45
89 16:14
22 16:31
94 15:37
38 18:42
35 23:12
25 16:15
54 21:01
27 14:21
34 21:09
17 18:50
3 23:43
90 22:56
96 21:04
48 16:52
94 19:47
47 16:07
27 17:29
2 23:15
67 17:17
24 16:24
73 23:52
71 20:08
74 18:12
35 14:24
73 15:54
4 14:12
23 15:53
99 15:25
89 15:58
74 16:31
38 19:37
91 16:30
90 20:11
27 14:45
91 18:52
83 17:21
44 17:31
31 14:22
19 14:36
13 21:43
15 14:31
20 19:53
49 23:11
89 23:34
18 18:16
38 17:43
38 15:47
17 14:24
83 16:59
4 17:06
57 16:29
67 23:14
93 16:28
81 23:02
24 23:51
78 21:34
41 14:39
100 19:32
49 17:43
96 19:16
26 17:47
24 20:22
86 14:18
43 20:59
33 20:32
60 18:29
70 18:05
27 19:04
98 23:08
48 23:00
33 14:24
46 21:44
65 15:10
31 20:37
64 15:04
28 17:38
85 22:27
71 19:23
46 18:52
87 22:34
69 17:42
12 18:39
44 21:02
24 17:09
26 22:54
50 14:58
34 18:08
40 19:14
26 23:48
22 20:23
16 21:26
93 17:06
100 20:20
4 15:18
99 16:46
6 19:49
42 19:25
92 16:26
9 20:24
86 16:07
9 19:23
21 17:30
64 20:37
50 21:24
93 16:36
1 21:04
72 23:42
2 14:37
30 22:26
4 19:36
68 21:45
92 14:56
36 22:38
24 19:18
69 23:41
9 16:00
44 16:16
82 22:00
66 15:02
70 20:01
60 23:39
48 20:35
41 18:11
40 16:19
99 18:02
32 14:39
53 15:19
73 15:09
59 19:33
80 16:44
6 14:15
61 17:14
14 17:15
77 17:45
65 21:05
97 20:08
53 16:59
62 14:49
81 20:00
91 22:46
28 19:25
43 19:38
35 22:26
48 16:18
52 14:15
87 18:00
50 20:46
77 19:23
39 23:10
65 16:47
96 15:03
99 17:09
56 17:57
100 23:25
59 19:41
43 20:48
28 22:58
40 20:32
37 18:48
87 17:27
46 23:05
94 22:09
40 19:41
99 17:39
28 19:00
96 16:05
39 21:55
44 23:50
83 16:50
3 18:53
51 15:24
24 18:41
75 15:10
14 17:14
63 23:35
60 18:00
37 21:26
66 16:09
29 17:59
37 16:22
20 16:46
68 18:22
18 15:08
8 20:20
44 18:04
93 15:41
18 22:58
58 23:54
6 19:33
42 16:22
57 19:37
76 21:49
46 15:44
56 16:45
76 16:16
36 20:13
15 18:35
70 18:21
38 16:50
98 23:02
75 23:09
86 16:53
59 17:47
12 19:29
84 20:53
56 19:35
48 23:14
79 21:56
24 19:35
71 18:37
57 18:40
79 18:20
9 23:38
10 16:26
78 18:43
27 15:45
6 17:47
16 20:37
54 19:48
19 23:35
69 19:51
72 17:11
71 15:31
16 22:51
83 23:41
38 16:15
25 19:59
88 20:09
59 15:18
80 23:54
98 20:06
79 16:37
31 20:36
33 14:45
28 18:36
51 15:49
49 15:23
94 14:26
75 14:03
73 22:22
32 21:43
68 17:56
74 18:34
81 21:22
16 23:58
27 22:59
35 19:49
6 17:10
6 14:25
79 15:04
16 14:16
16 23:10
5 15:20
77 16:22
19 22:56
68 18:37
38 15:37
62 15:50
0
