1000
90 279
44 297
86 119
62 146
48 17
32 159
55 62
2 134
85 12
4 34
5 252
54 66
32 87
56 143
43 279
9 137
10 295
92 19
40 109
36 46
65 195
36 81
28 200
88 242
99 109
55 158
88 8
18 257
77 199
83 200
65 275
81 80
24 211
39 248
93 152
71 286
67 103
85 270
95 265
84 126
75 193
60 269
61 27
45 115
29 176
31 96
89 106
62 20
64 221
56 22
5 191
45 68
21 192
86 111
2 80
89 63
49 125
27 49
22 243
11 15
50 182
67 276
46 136
97 117
38 191
88 203
72 214
30 233
47 242
59 140
34 18
23 97
73 263
73 103
30 99
82 199
15 214
28 168
67 103
53 202
6 173
90 237
23 253
19 189
45 261
30 177
71 57
36 176
15 161
22 251
12 52
47 277
84 292
62 188
50 297
91 108
45 118
87 221
80 153
32 120
30 186
33 129
61 292
61 220
91 267
37 237
62 165
21 230
65 266
20 35
26 217
91 171
77 70
14 10
4 169
12 5
5 248
72 62
49 92
96 216
34 220
55 125
3 218
74 146
14 82
62 98
55 172
92 99
43 1
12 42
20 1
23 165
15 172
64 154
45 75
57 221
22 24
23 26
91 268
34 276
3 279
26 21
65 49
26 132
32 248
65 75
14 62
91 156
57 45
28 74
27 300
88 263
89 47
26 113
18 114
22 246
20 125
85 96
16 216
46 85
14 38
60 122
80 207
61 38
11 183
29 110
5 271
88 274
77 246
92 6
36 36
14 182
70 17
22 171
100 49
64 239
43 95
30 215
100 104
76 7
5 162
67 201
53 41
77 186
16 176
52 13
33 290
9 49
71 278
59 114
73 5
83 247
21 172
10 38
64 202
26 258
16 87
21 77
9 236
8 270
48 221
14 230
29 45
32 15
92 261
60 44
27 119
28 262
34 248
45 194
91 188
35 265
70 125
8 16
51 31
49 268
67 258
95 268
9 216
30 180
82 212
98 102
50 268
15 211
13 299
54 177
96 66
44 194
41 236
83 19
14 207
95 54
80 225
51 33
23 291
44 288
75 241
49 216
31 274
87 289
41 94
98 29
65 185
21 90
87 77
15 106
2 230
67 9
10 225
9 75
20 143
69 178
53 152
32 130
88 75
72 227
52 132
41 115
13 268
25 297
14 199
76 17
19 139
8 280
31 283
74 203
17 219
58 31
47 139
8 111
43 183
27 58
57 37
90 219
56 219
37 162
44 46
45 43
33 155
51 157
30 193
90 108
92 43
54 163
68 232
8 13
10 88
100 154
88 97
62 8
38 286
64 3
15 259
74 198
12 105
87 126
79 2
8 8
95 288
95 194
46 18
77 74
43 228
90 55
53 229
44 44
39 230
35 106
14 272
60 116
88 65
65 280
30 27
20 233
68 33
70 112
24 146
58 187
56 251
94 104
16 208
65 265
39 154
37 296
41 52
71 246
61 223
25 15
51 7
27 236
25 242
97 108
98 59
76 264
99 79
27 251
85 175
60 4
15 275
83 233
48 252
14 195
95 8
30 63
27 278
1 157
73 84
80 211
40 29
95 169
51 118
34 210
20 60
42 209
9 19
73 12
35 162
42 221
87 199
65 24
24 204
89 224
24 10
87 53
10 24
82 289
92 283
79 202
94 161
95 116
62 60
34 235
50 61
42 270
99 148
9 137
23 278
12 113
50 80
100 2
48 173
81 93
34 235
17 215
29 198
74 180
15 214
15 204
25 158
15 39
24 288
31 275
57 87
1 23
26 235
2 262
42 231
46 241
53 277
96 276
98 158
15 210
42 175
23 124
8 191
29 280
27 262
54 119
4 143
89 107
90 157
27 272
64 183
98 145
61 293
54 115
90 285
55 102
49 285
23 7
59 159
99 197
94 194
63 246
93 27
87 237
50 244
67 114
34 8
40 233
66 76
52 262
7 219
42 236
70 96
70 29
58 187
42 214
23 49
66 175
37 174
12 237
72 36
76 30
21 214
10 25
8 32
9 22
3 197
63 16
79 34
9 105
66 265
53 106
33 106
90 60
95 184
88 87
61 84
23 141
11 269
56 288
27 247
66 131
77 81
47 94
43 109
44 289
57 8
64 175
15 21
91 291
74 118
14 114
17 152
11 130
69 238
63 215
63 181
94 233
80 198
94 145
61 72
66 235
57 160
53 167
59 95
51 26
36 31
63 39
44 280
25 91
80 112
63 82
21 209
79 271
78 265
15 98
71 156
95 268
72 30
66 219
16 207
35 130
52 275
46 66
39 157
48 114
75 111
23 253
3 247
37 27
86 232
26 65
36 268
4 16
60 81
27 254
74 281
6 103
78 94
84 51
100 278
14 129
1 84
51 143
10 159
41 151
68 206
16 14
88 128
61 142
92 145
97 218
85 53
46 44
54 229
4 238
93 119
51 102
88 106
1 22
15 222
87 232
36 128
53 165
23 169
85 248
55 79
16 169
33 136
95 162
32 147
75 223
12 237
44 1
15 249
27 244
13 19
94 225
18 261
72 157
37 197
93 204
87 33
59 160
2 257
22 134
48 145
73 57
23 127
69 68
73 77
61 54
39 214
39 60
26 33
54 251
26 270
53 251
71 22
46 291
72 217
79 234
90 214
13 141
17 201
57 241
44 187
76 80
59 151
89 99
52 164
50 127
51 120
28 165
11 51
71 218
92 131
81 246
22 206
52 35
21 248
65 202
83 66
52 138
36 283
5 176
72 239
57 249
70 258
34 293
87 126
95 148
76 91
32 256
28 269
53 111
29 167
8 297
66 31
40 227
97 110
67 93
43 69
7 105
40 272
16 85
67 110
65 79
1 69
58 18
41 112
20 132
64 202
23 43
81 93
36 204
8 238
14 90
3 227
75 266
90 94
6 227
31 96
23 257
48 82
12 122
75 270
35 116
50 177
38 263
5 260
73 109
28 93
78 177
77 147
9 58
70 273
95 208
43 170
93 283
23 189
69 130
59 143
48 29
43 125
40 147
20 264
27 138
49 138
81 32
2 191
67 159
74 296
64 20
15 282
4 145
40 194
95 138
6 192
19 228
31 25
69 189
99 270
14 71
31 186
96 73
64 251
78 234
20 131
16 295
76 8
24 150
37 150
14 216
10 136
49 53
34 202
62 54
62 1
57 8
31 91
98 182
33 77
81 34
62 227
16 260
36 119
32 260
56 16
39 199
49 59
46 131
72 191
43 74
78 77
52 204
39 287
77 284
92 251
17 165
87 39
16 221
20 115
77 153
36 232
10 194
14 206
89 280
30 104
91 253
61 11
4 64
12 22
81 234
8 148
9 49
42 35
91 248
5 24
50 198
17 150
54 10
80 80
71 198
58 165
47 198
13 278
25 184
34 251
87 230
31 69
15 99
49 99
78 182
45 35
16 47
98 299
24 95
37 149
51 274
73 247
7 51
80 82
34 8
30 174
26 2
60 213
99 79
19 120
100 134
50 99
51 108
21 187
63 65
92 210
2 180
56 129
22 126
96 220
55 171
50 207
52 183
7 40
71 5
4 137
73 286
7 96
30 4
53 264
72 271
33 285
67 112
21 3
72 4
72 119
58 91
12 239
10 13
36 3
44 281
48 31
3 188
19 230
9 185
26 196
43 71
64 193
31 81
50 174
58 205
35 267
49 74
98 241
6 232
91 84
40 62
31 161
20 62
40 238
17 13
8 290
55 155
69 111
86 121
85 157
4 184
99 113
76 13
62 93
32 216
100 130
23 93
65 31
44 98
5 152
54 209
100 298
16 152
52 217
99 186
40 112
61 67
23 300
28 120
15 19
40 212
39 74
61 170
95 157
20 121
66 258
63 244
28 221
23 261
97 178
74 281
90 12
34 248
15 268
100 259
4 192
68 237
100 286
65 109
95 36
16 294
23 214
61 144
93 34
96 84
37 26
28 265
11 171
54 292
99 149
30 149
11 160
55 211
92 161
51 278
74 203
59 87
56 231
35 87
56 58
10 160
54 118
81 252
11 120
42 35
83 140
27 63
47 249
51 258
1 87
12 1
41 10
97 166
65 286
54 70
11 123
70 60
77 109
29 140
30 28
78 213
23 296
77 158
56 97
41 202
36 149
48 285
66 286
40 272
62 49
86 13
19 175
99 297
55 48
38 247
8 249
29 101
55 2
72 75
46 119
92 138
50 126
30 59
91 170
49 281
12 186
78 252
5 270
82 19
82 209
23 279
81 278
87 176
68 136
44 217
29 80
100 135
45 258
39 139
50 46
15 137
25 157
82 11
96 206
91 9
4 198
30 292
21 188
5 287
96 9
31 199
9 114
19 125
43 182
94 93
49 179
48 123
26 249
60 101
79 129
57 221
79 282
51 200
32 297
23 47
92 286
16 24
63 76
91 216
43 293
92 40
23 276
52 292
28 146
9 20
80 62
69 45
85 154
20 234
46 3
72 247
57 133
85 17
61 91
80 148
96 83
100 189
39 21
20 97
85 292
40 250
86 6
70 74
1000
13 23:18
6 18:06
100 19:42
9 18:44
5 21:30
35 20:51
40 22:41
47 19:29
68 17:00
95 18:47
31 17:27
72 20:38
43 23:13
35 18:27
17 21:22
65 17:41
35 21:38
92 21:17
24 23:30
78 21:42
70 17:58
65 15:35
5 22:53
4 20:27
6 17:55
61 23:00
30 21:09
79 18:50
20 19:03
14 16:43
61 20:34
13 19:48
75 17:26
27 20:10
51 15:16
50 22:11
31 23:14
19 22:20
58 14:08
58 22:57
42 14:10
53 19:13
4 23:38
42 15:26
90 19:37
42 15:28
2 22:46
31 17:06
36 20:56
10 21:07
46 18:23
53 21:06
51 20:27
15 20:46
1 18:50
69 18:26
88 14:27
3 21:54
13 18:19
48 16:09
8 18:55
23 17:03
24 22:03
94 14:38
8 18:11
7 14:51
71 17:25
4 20:11
76 20:23
11 20:47
100 16:53
27 20:16
40 19:10
17 15:04
89 14:56
14 19:52
41 16:43
68 15:16
43 21:51
67 15:15
27 23:54
26 18:41
56 16:08
79 21:18
33 17:40
3 22:59
89 15:10
73 14:56
6 17:25
72 22:18
24 15:26
75 20:19
43 20:20
93 15:16
43 14:48
6 20:51
43 15:41
84 14:20
60 17:40
9 20:05
34 17:32
64 22:19
30 23:57
10 16:47
14 14:04
91 17:27
15 15:52
92 20:15
49 23:58
28 18:49
4 17:38
90 15:18
57 18:36
37 22:57
78 23:12
87 19:22
67 20:56
5 19:12
25 21:39
28 22:05
40 18:33
64 15:03
20 22:38
85 17:22
7 19:28
2 19:04
6 23:24
56 21:23
85 20:37
16 17:15
36 22:10
56 22:47
44 21:40
84 16:33
33 18:57
43 20:15
40 20:16
27 19:52
96 23:20
61 18:18
17 14:22
58 14:41
30 14:28
99 23:57
27 21:18
94 22:19
57 14:21
25 22:59
85 15:10
22 18:42
50 21:38
28 21:28
55 23:07
89 20:24
4 17:45
89 15:45
27 21:59
42 22:40
50 20:09
4 19:43
64 23:05
46 18:47
65 23:35
85 18:39
98 21:28
25 19:34
4 17:50
15 19:01
39 16:52
98 19:24
62 17:51
56 17:20
1 20:16
42 16:45
12 20:14
46 14:26
58 15:58
93 15:42
16 18:57
25 16:18
3 20:31
33 21:25
87 14:53
23 18:10
66 19:54
77 22:11
64 17:56
47 15:35
84 17:02
55 17:52
58 22:37
90 22:49
55 19:43
63 14:38
66 19:53
53 15:36
72 23:54
62 18:01
59 14:13
97 21:59
18 22:20
55 19:33
60 20:24
97 19:02
70 14:42
49 23:35
98 20:26
96 20:27
17 15:54
87 15:35
99 22:52
36 14:01
90 21:55
34 19:39
44 17:39
72 16:42
1 17:06
71 17:45
72 23:57
71 15:18
36 21:24
35 15:53
3 19:00
43 20:05
86 17:40
41 16:59
71 20:44
31 18:03
23 20:37
48 20:58
98 21:05
9 20:26
65 21:41
2 14:25
19 18:28
53 16:48
11 17:04
30 19:08
80 15:54
67 22:17
57 20:58
6 16:49
99 18:30
21 16:10
24 20:42
74 23:15
10 19:42
23 16:16
44 16:27
67 23:49
17 23:01
54 17:59
33 14:17
25 17:23
35 20:57
33 15:33
33 20:32
38 14:30
33 15:17
11 22:49
26 15:39
57 22:07
2 17:58
55 16:13
21 20:25
59 14:34
17 21:57
74 19:19
28 23:18
85 18:58
71 22:06
25 15:30
76 18:37
100 21:53
90 17:36
96 17:27
76 20:36
16 15:42
27 21:25
5 21:21
92 17:18
10 17:45
69 18:50
6 19:08
34 21:15
17 17:43
92 16:39
22 15:39
57 21:26
29 19:21
19 22:01
97 18:27
5 23:33
75 20:32
70 14:55
92 17:40
73 23:33
63 19:59
88 22:26
98 15:54
41 22:52
66 19:57
98 19:55
89 21:26
64 15:44
69 22:40
98 22:32
58 22:03
27 20:02
72 15:43
17 18:29
96 17:07
60 17:19
63 23:19
86 22:39
89 21:49
20 15:38
88 17:32
25 20:43
18 20:19
1 21:02
2 20:13
77 17:10
14 14:40
69 15:26
45 15:48
18 18:29
55 16:37
29 19:33
33 18:18
75 19:48
76 22:15
23 21:41
42 17:43
5 14:49
24 15:43
20 15:38
59 21:40
67 16:13
90 20:33
42 19:46
74 23:46
88 18:17
94 15:04
76 15:50
2 20:51
4 18:13
47 14:29
17 23:01
97 22:09
70 21:21
79 23:02
57 16:30
2 22:14
11 22:12
69 20:01
8 18:49
84 21:04
42 21:41
100 14:23
9 17:29
73 19:30
11 21:33
13 17:43
24 16:16
96 16:08
20 17:37
13 22:37
64 22:16
40 23:43
87 16:55
56 14:10
74 17:04
2 18:40
30 16:32
79 17:21
56 17:32
23 14:08
9 22:43
6 20:12
75 16:43
88 22:15
16 23:09
47 23:45
38 17:23
84 18:11
38 20:19
50 21:17
64 14:46
34 15:58
95 21:04
31 19:50
89 21:46
35 14:11
6 18:42
23 15:04
18 15:28
96 19:42
88 16:48
91 14:48
29 21:58
91 21:19
36 17:33
4 20:31
54 23:50
21 20:49
49 23:32
45 18:31
65 14:45
71 20:28
43 19:50
12 14:28
85 22:18
53 16:07
98 18:25
13 15:58
34 17:53
88 23:10
57 20:05
97 22:54
97 17:53
49 16:35
4 19:39
1 17:15
22 18:31
92 19:20
26 21:41
12 19:30
57 18:44
95 20:30
4 20:12
41 22:27
2 18:37
80 23:22
5 20:29
98 19:41
99 17:23
10 19:02
4 19:08
38 20:41
50 22:07
40 16:39
93 20:53
56 23:17
96 16:03
1 21:27
100 17:41
22 22:32
91 17:33
6 22:55
52 23:33
67 22:50
45 16:17
36 22:30
89 23:59
17 22:32
15 19:11
95 22:37
82 14:30
32 20:51
79 16:07
91 15:59
44 23:21
96 19:23
83 22:38
87 18:18
70 20:26
87 23:24
7 18:26
33 23:46
67 22:31
89 15:27
7 19:03
44 20:00
31 19:33
18 19:13
66 23:33
59 19:30
26 16:08
28 21:03
68 20:35
47 15:33
59 20:25
67 14:22
2 23:25
16 23:57
78 14:09
31 17:00
92 15:46
48 17:00
39 17:34
17 21:23
70 22:55
38 17:04
37 17:06
74 21:41
92 23:50
49 22:04
23 20:55
70 21:45
96 15:26
71 23:46
94 17:33
42 23:45
20 23:10
43 14:20
10 20:05
23 18:17
45 15:10
71 22:04
96 15:29
9 17:22
10 23:35
66 23:45
95 15:42
53 22:28
7 14:27
27 16:27
88 19:36
47 15:26
90 16:47
4 17:05
75 14:54
21 16:51
1 22:10
4 19:22
93 19:50
74 16:07
30 22:40
77 16:02
73 16:40
27 16:28
65 19:09
87 22:29
62 23:27
62 18:22
18 23:48
15 19:54
36 19:08
50 23:01
61 16:28
61 16:17
47 16:50
24 22:00
7 16:42
71 22:44
58 22:02
97 14:32
20 19:52
91 23:07
86 20:26
22 16:10
100 14:15
33 15:52
56 21:00
79 23:34
60 23:18
71 19:45
42 19:29
80 19:56
15 23:00
7 16:11
47 14:08
23 17:35
99 16:50
61 19:48
26 14:07
59 17:18
16 22:43
90 20:33
31 18:01
59 15:23
56 19:37
6 23:57
30 21:53
13 17:52
73 20:34
86 21:09
2 21:30
24 14:25
13 14:52
83 23:34
84 23:12
59 18:07
26 16:40
89 20:56
25 22:50
75 20:15
84 22:13
9 16:47
27 14:29
24 15:45
17 21:11
20 17:56
53 18:01
40 19:49
60 20:25
57 18:00
58 18:43
32 15:06
10 18:07
11 23:34
67 20:24
94 14:55
96 18:26
32 16:20
82 18:47
69 15:28
99 18:17
88 18:12
27 16:44
5 16:32
15 19:53
56 20:58
82 23:52
46 22:33
92 18:59
7 19:21
83 20:49
13 16:12
59 18:24
69 21:25
9 22:41
27 20:51
20 21:07
14 23:11
84 14:49
76 17:20
2 17:10
23 17:00
19 17:05
58 20:54
16 18:46
74 15:46
98 23:30
16 14:44
91 15:03
17 18:09
89 19:14
35 14:45
62 20:32
64 15:32
83 19:48
32 21:47
97 16:03
48 14:55
97 16:02
19 21:20
70 16:47
44 14:39
4 16:00
46 17:09
24 14:48
19 15:11
66 19:37
52 14:55
58 16:10
39 17:23
14 16:17
79 20:43
56 14:54
56 23:08
12 19:31
34 22:14
31 19:56
24 14:26
62 18:04
67 16:12
72 15:04
53 23:37
53 17:18
99 22:09
57 20:23
22 22:21
4 16:18
77 14:38
19 17:55
49 21:30
91 22:41
67 22:48
17 22:03
98 20:53
90 18:48
41 19:27
32 20:51
43 16:03
92 19:04
51 18:09
85 20:14
63 19:28
5 21:49
79 14:08
6 17:56
3 22:16
96 18:48
73 18:16
2 20:25
56 23:23
14 18:21
78 19:27
48 18:49
82 17:30
61 18:45
73 17:38
92 18:31
22 20:18
41 15:20
97 21:50
54 16:34
66 20:20
83 20:25
29 18:47
72 16:16
59 18:39
52 23:12
18 21:47
52 15:29
42 21:27
66 16:31
57 17:18
68 16:43
32 14:52
64 20:17
94 22:16
17 17:03
92 14:52
78 18:14
70 23:30
61 18:25
14 22:54
58 18:02
90 19:58
85 21:56
98 21:00
17 17:41
82 21:41
27 18:00
69 18:36
95 19:32
63 14:54
28 19:32
84 14:35
2 22:13
57 20:35
55 21:26
30 17:56
19 16:44
45 23:28
73 15:08
35 23:30
17 19:50
20 15:31
59 15:25
48 15:28
84 14:01
19 15:11
72 20:38
8 19:38
47 17:34
5 23:04
56 22:42
62 16:49
19 21:22
96 23:47
58 20:39
76 18:54
38 22:48
33 14:18
74 16:35
21 18:53
48 23:56
35 17:39
15 17:55
77 16:47
66 14:39
23 20:03
43 20:09
32 19:18
5 23:19
43 17:18
98 15:46
22 19:37
52 17:30
74 19:32
95 23:46
90 23:44
40 21:49
38 14:38
39 19:29
78 20:03
45 20:08
75 18:31
16 21:31
8 22:25
31 22:03
77 16:25
99 20:34
76 22:26
94 18:12
86 14:48
26 20:15
21 20:22
38 21:12
49 14:32
75 16:17
67 20:06
37 17:45
16 15:32
55 23:17
99 19:49
8 16:24
47 15:31
47 16:50
87 17:47
34 17:21
3 22:33
91 18:41
26 21:37
91 16:05
80 17:42
66 17:55
82 18:57
27 18:40
91 21:58
23 23:36
17 23:33
84 17:19
24 23:51
84 14:59
43 16:22
40 19:38
81 17:16
26 22:41
58 21:43
12 20:25
98 16:27
78 15:42
60 21:10
65 21:03
71 18:51
98 23:26
85 17:05
39 21:03
41 23:50
93 14:14
35 22:29
10 17:52
5 18:18
83 23:30
72 14:31
48 15:38
27 15:02
54 23:44
52 22:42
69 16:28
17 15:01
8 21:18
100 23:25
18 14:55
49 15:42
78 16:33
100 14:52
77 21:12
79 18:07
66 18:06
6 15:09
6 17:11
53 23:43
54 20:45
12 19:04
18 14:37
44 18:21
63 15:36
30 14:04
63 16:37
61 18:39
55 14:29
13 21:42
37 16:55
98 17:02
91 22:09
61 14:19
100 19:51
13 17:47
86 21:16
68 17:09
60 20:22
97 15:42
52 19:18
17 22:54
51 22:03
45 23:53
92 17:25
91 19:44
90 14:35
18 17:19
58 23:02
55 22:13
5 23:34
38 21:22
74 18:27
25 23:23
6 17:55
7 18:50
19 18:14
16 15:23
58 18:12
60 18:38
69 16:27
25 14:02
97 15:55
17 21:21
16 20:56
40 23:29
93 17:35
50 23:36
26 18:20
95 15:40
38 19:34
63 15:35
53 19:52
49 22:17
57 22:27
91 17:59
86 14:20
44 15:12
84 17:55
28 18:18
95 17:40
47 22:13
40 22:12
93 19:41
98 17:27
25 14:21
99 23:59
13 15:41
92 23:22
49 14:02
22 19:12
41 23:05
23 19:35
20 16:19
81 19:46
78 21:30
76 23:46
77 21:01
18 14:08
4 19:39
26 22:12
44 21:08
65 17:58
92 23:50
57 17:44
55 22:23
91 23:17
11 17:00
76 16:29
100 15:58
78 15:52
81 18:06
88 15:36
74 23:48
31 15:11
7 19:36
66 14:44
83 17:25
44 23:29
65 23:42
85 16:34
47 17:36
34 20:39
88 14:48
21 16:53
100 14:09
1 19:53
13 21:15
73 14:03
53 18:13
83 22:25
89 20:34
19 14:47
47 19:57
44 14:47
83 17:58
63 15:11
47 16:29
89 22:22
85 20:30
55 16:33
18 23:18
40 23:37
3 16:05
61 16:57
74 19:08
10 18:05
54 15:32
3 21:56
20 22:49
6 15:20
87 21:14
1000
90 68
17 21
91 105
6 208
52 217
51 126
85 221
7 158
27 99
35 113
48 91
36 145
19 238
53 189
100 139
12 39
52 82
89 43
76 154
74 72
70 260
10 140
91 112
36 15
95 62
41 164
30 141
57 115
52 122
74 38
99 225
15 27
12 124
8 118
7 204
9 115
83 235
40 42
46 266
27 241
36 248
70 53
22 168
61 289
97 68
89 135
8 61
44 148
54 140
90 195
86 94
21 129
49 212
100 123
34 102
39 199
44 202
46 4
89 271
21 129
1 86
3 264
25 43
38 154
73 77
26 241
44 48
71 13
71 187
84 261
75 93
57 127
22 130
61 261
64 226
28 68
98 90
3 160
88 148
58 233
83 268
12 42
77 294
18 269
36 14
64 214
21 18
21 231
58 103
82 51
74 86
4 142
95 15
10 112
63 259
91 41
79 147
90 205
49 177
7 31
50 147
86 35
20 233
62 52
52 114
53 95
82 150
54 222
23 94
59 196
84 140
82 174
37 41
69 157
21 284
45 208
96 65
31 192
88 278
4 70
92 89
23 194
18 94
12 18
56 22
20 208
14 36
98 191
86 71
4 275
19 116
90 44
10 77
62 273
5 298
60 165
78 247
48 1
5 143
34 108
89 187
37 128
84 166
64 129
32 255
21 95
36 116
62 119
40 186
76 253
88 288
34 257
27 136
59 231
2 60
67 105
94 74
67 227
24 194
95 24
100 203
20 168
32 172
3 180
86 120
48 294
79 84
85 33
69 297
93 143
71 157
84 97
95 157
70 158
29 265
64 48
30 255
78 100
64 284
78 16
96 107
24 178
23 3
66 218
85 201
97 120
99 190
45 36
33 147
45 30
27 265
3 277
11 145
43 249
54 33
81 15
34 168
60 38
33 172
52 172
8 13
56 295
42 28
69 213
26 277
69 268
10 197
31 158
13 3
38 260
24 174
56 237
44 18
85 162
47 95
44 127
80 259
30 260
88 114
100 89
79 209
89 191
70 102
61 273
58 21
92 233
97 7
11 278
23 66
35 25
79 57
98 83
99 61
18 255
93 9
4 228
12 34
98 130
99 138
60 272
12 113
44 84
56 213
73 102
13 250
53 121
64 85
93 175
72 34
96 8
74 243
38 130
94 72
24 204
53 136
89 79
29 29
71 252
23 150
62 244
7 72
24 196
77 19
2 281
26 123
45 166
49 235
53 167
39 136
38 22
89 244
64 152
8 45
92 95
81 153
55 177
14 92
3 183
24 276
88 139
35 267
21 199
71 206
18 43
49 101
52 112
25 219
92 86
65 295
32 23
14 103
52 41
24 196
59 238
8 87
68 266
58 266
87 125
21 126
32 33
70 71
20 218
50 228
37 212
63 177
59 33
69 258
12 16
43 174
95 197
65 24
53 209
31 149
12 285
81 278
45 154
36 243
31 240
17 251
88 263
52 118
80 277
64 289
84 213
94 234
60 255
31 7
44 90
46 239
75 206
65 118
37 218
58 112
56 165
8 13
93 79
95 39
76 190
10 77
7 186
12 250
6 126
6 1
32 27
71 188
61 202
87 87
41 281
31 262
32 30
77 249
87 32
68 155
34 130
56 281
10 153
87 192
28 72
90 245
98 18
58 108
94 139
93 164
85 195
33 45
78 231
71 75
63 233
31 242
51 239
76 173
48 239
18 255
95 214
15 260
82 152
79 40
73 138
25 277
48 287
59 38
12 244
5 248
72 196
65 140
30 14
83 269
66 172
57 32
82 91
14 45
79 32
14 155
7 203
29 98
39 218
81 281
98 1
93 39
23 71
56 82
16 103
53 230
32 279
72 174
38 261
81 40
78 225
99 50
75 262
12 176
21 288
59 4
73 189
82 264
16 243
49 295
56 178
95 127
5 262
43 129
54 2
13 101
22 234
82 215
98 127
82 175
15 129
33 237
49 277
16 148
6 236
64 35
79 258
15 144
34 23
2 173
27 212
39 61
80 137
60 172
39 161
47 129
33 81
91 271
41 258
7 129
73 9
10 123
49 220
86 278
26 135
29 211
97 277
49 231
43 8
47 269
99 285
79 228
78 115
5 22
42 141
31 26
22 260
5 134
5 192
49 200
14 174
21 6
7 165
73 163
96 263
5 16
89 3
82 63
74 13
96 71
51 193
96 64
81 251
55 144
28 158
39 62
85 152
88 55
45 70
33 94
43 52
76 83
26 175
28 279
74 85
66 257
9 97
10 217
1 119
42 22
37 82
59 61
52 216
91 208
37 66
55 99
83 130
58 206
34 277
85 22
18 84
64 185
96 156
13 200
27 204
72 163
29 56
47 136
82 188
39 151
16 87
26 270
4 284
90 7
12 8
21 94
37 293
95 149
31 259
78 277
91 246
24 127
3 83
2 175
72 186
58 28
25 247
70 7
51 43
31 48
65 17
5 235
20 206
5 75
10 286
75 89
84 256
34 99
72 228
24 207
38 71
54 45
77 83
6 91
28 135
55 108
72 44
35 295
15 213
28 19
71 165
73 219
18 84
13 162
84 3
80 206
87 3
17 136
99 118
88 10
26 196
85 168
54 245
45 76
89 12
11 59
19 212
45 163
2 12
95 56
62 276
68 263
20 277
85 296
49 230
67 234
30 257
25 67
38 196
29 118
70 101
81 205
41 230
89 198
64 229
59 253
39 299
83 207
24 99
81 150
67 245
95 177
48 295
63 241
93 229
53 75
11 148
20 64
26 208
7 275
23 158
65 186
18 147
58 80
48 103
4 81
31 216
21 98
79 151
67 250
95 259
43 113
20 95
87 33
41 290
29 90
24 261
57 182
80 245
51 5
60 162
44 237
90 175
27 97
43 235
57 223
91 155
97 44
28 180
26 39
88 68
57 256
34 232
63 130
44 273
91 246
91 256
32 27
38 146
62 59
90 263
65 175
5 9
74 186
28 153
61 238
15 94
54 24
10 109
24 77
3 231
2 116
89 228
52 218
43 36
70 75
53 21
44 23
3 261
30 141
31 224
68 46
43 67
48 258
4 90
30 271
25 71
13 170
99 264
4 142
77 143
100 118
62 163
24 74
54 142
92 220
42 114
71 144
64 144
35 271
87 183
22 248
53 64
10 41
21 14
68 191
55 45
94 66
37 147
86 32
5 66
50 112
57 74
6 103
13 66
75 182
55 166
89 113
99 272
86 207
78 3
8 86
29 11
97 49
50 67
27 61
74 203
27 52
95 234
65 24
31 258
28 291
65 250
33 225
56 37
30 158
83 223
5 210
64 29
18 7
36 20
57 90
53 106
43 184
64 148
48 138
69 39
54 110
93 250
44 244
52 292
61 230
43 202
17 3
96 38
32 154
83 73
74 206
11 219
87 300
33 285
44 33
16 272
9 28
74 119
88 87
26 120
98 201
87 39
89 74
68 68
78 152
8 132
20 57
56 201
77 169
58 9
51 97
36 12
17 244
37 245
51 101
55 263
95 197
35 204
14 154
97 165
98 208
47 167
53 187
35 102
30 202
22 292
90 211
32 300
34 238
30 19
68 194
59 7
71 85
94 167
34 272
6 194
95 207
63 191
16 237
36 288
66 160
30 5
58 114
16 28
81 67
92 171
18 271
61 133
74 214
100 69
39 14
64 11
73 144
41 148
33 75
25 180
34 9
78 94
38 210
42 112
44 198
23 131
3 26
97 105
52 75
79 22
35 234
74 188
36 59
24 22
7 259
3 186
80 267
84 1
25 300
67 248
77 80
12 68
34 190
72 171
56 104
44 41
12 75
17 116
52 173
49 232
28 215
49 66
54 158
63 111
1 207
26 191
62 35
71 150
7 12
70 135
65 17
38 76
5 14
13 177
89 80
3 300
35 194
13 131
2 52
45 44
61 187
92 46
85 133
35 121
70 78
10 188
24 175
86 113
70 250
57 169
79 91
3 152
44 77
55 19
70 67
27 19
48 288
16 5
60 21
33 189
47 163
89 108
46 13
79 277
6 147
50 9
22 91
89 17
28 134
40 12
100 295
20 66
56 23
16 48
5 60
16 69
82 40
10 221
7 116
95 296
99 130
67 272
82 246
56 259
33 240
76 251
38 106
1 75
28 127
24 107
99 285
25 242
68 7
82 43
83 142
66 197
16 18
93 16
56 163
25 13
28 288
10 296
59 118
97 279
20 37
9 65
54 244
92 164
11 62
93 80
19 234
54 50
5 91
51 183
6 66
7 285
93 240
95 190
3 226
65 282
8 180
15 127
49 266
8 123
68 225
30 187
17 205
8 221
30 93
70 143
25 252
3 249
29 147
62 134
78 71
16 152
45 12
61 122
94 122
17 147
12 115
61 103
54 285
34 219
40 161
58 142
10 132
72 282
46 57
44 49
88 100
87 64
37 117
4 87
68 92
61 195
29 44
92 25
67 281
64 84
29 126
58 52
51 294
63 64
74 83
21 269
41 177
2 195
69 176
75 193
44 172
97 268
57 252
68 101
95 277
22 264
42 116
90 299
42 239
52 214
1000
91 15:42
40 20:42
37 21:33
12 22:22
13 14:47
51 14:02
64 21:07
80 16:35
14 14:20
80 14:17
73 22:26
15 18:38
7 23:50
47 17:47
70 22:39
34 14:52
91 17:40
93 19:17
16 19:59
26 21:32
54 22:27
44 16:39
1 22:46
51 16:32
2 21:45
86 20:35
71 17:20
83 15:13
33 17:11
97 20:20
26 20:43
29 15:47
48 14:33
45 19:20
43 20:08
7 16:49
22 20:00
73 14:18
59 20:40
45 15:46
72 15:57
22 21:48
88 18:29
19 23:47
10 19:43
16 22:12
32 14:12
87 15:14
56 20:26
4 16:41
20 18:43
12 16:15
71 17:22
2 23:08
78 21:37
84 22:48
87 15:21
65 21:09
60 16:39
39 21:20
80 16:22
50 15:17
43 14:32
73 18:17
86 22:16
13 19:43
80 18:47
52 18:38
95 16:11
33 17:48
95 15:53
84 15:11
65 18:19
30 19:12
19 14:53
86 22:38
66 19:34
90 19:50
43 22:32
50 14:56
30 21:36
93 22:18
56 23:19
100 22:57
12 17:57
7 15:24
44 20:40
50 19:25
1 16:40
11 19:00
61 15:28
25 22:40
39 18:42
98 22:49
52 20:03
100 21:10
56 15:46
40 23:46
42 19:51
80 21:57
17 21:43
11 14:26
27 16:34
46 16:58
75 23:12
1 19:08
86 18:52
79 14:13
21 16:38
78 15:28
86 22:20
63 20:56
88 17:48
21 18:55
4 15:52
79 18:30
21 22:19
98 15:57
78 22:20
55 18:15
83 14:14
74 20:39
86 17:46
93 19:05
15 20:08
76 18:35
65 15:44
40 21:10
26 15:26
76 20:59
36 22:11
38 17:25
18 20:21
3 16:28
31 16:02
58 15:39
1 22:54
78 23:02
93 14:08
6 23:58
5 16:33
41 17:21
33 18:49
87 19:41
58 19:08
90 18:43
68 21:55
56 21:22
87 18:03
96 17:58
81 23:46
86 17:37
89 22:58
29 17:12
99 21:01
79 15:44
26 20:06
67 16:29
42 22:23
47 14:25
48 21:05
87 16:16
91 22:13
90 19:07
84 23:25
57 23:49
28 14:02
32 23:22
56 22:06
22 20:37
96 14:55
64 15:00
28 22:34
54 19:07
37 19:32
60 18:10
48 19:13
30 23:17
97 23:35
87 18:23
85 23:12
39 14:01
67 14:28
80 22:19
92 15:32
25 15:08
45 16:17
36 15:28
10 21:34
42 18:01
96 18:30
20 21:41
91 20:11
56 14:59
45 14:42
52 14:46
46 18:46
38 22:51
60 23:53
1 21:42
70 20:10
79 22:09
68 14:55
28 22:46
21 23:19
10 23:09
33 19:44
44 15:47
55 22:17
44 21:54
93 23:29
12 23:58
7 18:20
85 14:17
2 17:26
91 17:45
15 22:45
100 18:33
23 19:53
63 17:31
23 16:57
82 14:09
54 18:57
43 19:09
6 22:33
47 16:06
28 16:03
88 15:32
88 20:42
25 23:29
17 18:21
8 18:41
93 21:45
11 15:33
96 15:27
58 16:18
61 19:05
19 23:04
73 14:04
47 19:30
54 20:50
24 16:10
38 23:41
88 21:59
94 21:31
37 21:18
33 16:15
25 18:43
62 17:16
9 20:58
77 16:57
16 17:41
99 22:09
25 23:25
28 15:11
48 20:33
29 18:37
44 22:06
80 21:02
47 14:58
75 17:03
14 18:01
6 17:45
49 22:55
88 22:09
29 21:05
84 23:08
34 22:10
46 18:27
75 14:12
61 17:41
27 19:51
5 19:04
47 22:21
36 16:50
22 23:53
36 20:20
20 18:16
61 16:55
2 23:32
57 23:59
52 23:31
71 23:50
95 15:13
60 20:45
54 16:50
11 22:06
20 22:03
44 15:14
80 17:51
59 16:06
60 14:17
26 22:06
22 16:18
52 14:51
4 16:35
35 20:08
61 18:29
21 22:15
80 15:20
19 14:41
53 14:14
49 18:14
58 19:44
85 20:38
100 15:03
1 22:01
2 16:30
43 22:52
68 14:46
100 15:58
60 14:05
72 18:31
85 15:40
86 18:37
21 15:55
77 14:34
37 18:49
13 14:04
26 17:24
19 15:45
70 18:46
11 23:00
75 14:05
5 23:42
44 14:45
26 22:54
1 17:07
99 23:55
88 19:09
46 16:29
9 22:20
76 20:28
45 21:28
74 23:51
67 15:36
52 15:39
59 16:25
3 20:47
68 18:20
7 19:38
7 16:54
48 20:31
53 18:40
64 15:48
77 18:30
17 14:41
61 19:01
2 20:04
58 14:26
32 20:05
82 19:47
7 14:06
78 20:49
59 21:10
57 15:33
28 16:10
60 16:12
20 21:45
89 16:40
95 22:17
100 22:48
79 17:08
48 22:14
29 17:56
96 16:35
55 23:18
95 14:25
20 20:41
48 19:13
57 16:19
77 19:09
66 18:44
8 14:16
88 23:00
51 22:05
4 14:20
47 15:34
12 23:02
35 17:21
8 20:16
86 21:06
43 17:29
89 22:56
43 23:38
57 22:25
79 19:26
20 16:21
64 20:16
34 17:02
6 14:42
63 23:50
19 17:32
80 16:48
60 20:50
42 17:33
75 20:53
97 20:47
29 17:40
68 16:42
80 22:55
40 18:36
100 17:09
36 20:25
82 17:43
60 20:01
53 23:31
77 19:45
16 16:09
67 20:56
99 14:10
12 16:07
14 20:30
4 16:49
43 21:10
29 23:02
80 21:15
38 15:28
63 20:08
30 23:35
28 14:25
14 20:07
8 21:28
67 19:40
87 14:21
21 14:55
41 18:54
81 17:14
25 14:25
92 15:54
14 21:36
60 18:19
9 16:00
62 23:14
46 15:23
1 23:02
26 17:40
33 23:46
21 18:36
68 16:28
73 16:47
89 21:07
27 19:04
10 18:06
56 20:47
48 20:09
6 16:39
36 23:49
16 17:20
100 19:28
88 22:06
35 14:56
52 22:20
97 21:48
3 18:23
34 19:46
96 17:59
100 14:29
63 17:59
47 23:50
7 15:18
73 23:09
48 20:19
30 22:45
33 20:02
18 18:16
97 20:39
44 14:24
58 23:09
53 21:38
62 21:16
46 20:31
29 14:10
18 17:13
91 21:09
31 22:36
90 23:31
3 15:02
30 14:46
29 21:26
73 21:43
14 22:13
13 17:42
65 21:32
52 22:25
62 14:59
10 15:12
7 19:16
93 17:15
14 15:13
81 22:18
63 20:27
1 22:41
85 20:15
14 21:24
86 14:03
30 18:40
100 16:26
72 18:02
90 18:21
86 15:16
55 16:09
55 15:06
45 16:46
58 20:52
5 22:46
71 21:27
30 22:24
52 21:41
35 22:55
59 23:56
73 16:42
18 21:50
93 20:19
46 22:48
70 17:00
97 18:26
73 18:58
5 15:13
82 22:41
42 17:23
42 18:33
31 22:38
9 15:30
4 22:14
50 18:27
52 17:08
21 21:33
28 22:00
17 15:51
3 17:12
78 16:22
35 21:31
64 14:34
100 19:02
24 17:36
16 14:52
54 17:48
63 20:23
40 22:43
31 17:42
30 21:52
51 22:04
19 22:45
3 14:36
71 21:33
80 22:43
13 22:30
33 21:42
79 23:38
13 18:14
39 15:06
59 23:04
76 14:12
70 23:13
46 22:03
59 17:12
82 22:30
79 15:05
10 22:17
1 23:42
92 19:14
43 16:06
64 22:18
44 23:01
82 22:23
78 23:42
52 20:47
73 21:39
85 16:55
16 19:00
79 23:23
62 21:33
23 16:20
88 17:37
99 22:16
29 16:17
95 18:24
57 23:19
10 15:43
31 20:04
74 15:25
36 17:32
43 15:08
73 23:41
65 16:31
1 20:43
17 15:38
30 20:16
41 23:37
98 23:24
77 22:41
11 20:55
33 21:46
23 21:29
88 20:34
41 14:21
67 19:50
56 15:07
83 21:42
23 16:14
3 23:06
57 20:41
53 19:37
66 18:37
31 14:18
61 18:25
97 19:34
83 17:53
65 22:46
3 19:55
26 20:45
4 17:51
8 17:07
36 22:55
36 17:52
67 20:56
100 15:15
80 16:24
14 22:14
93 20:36
65 19:33
29 23:48
66 19:44
33 23:11
96 19:10
63 21:20
7 15:03
99 19:30
90 22:23
14 16:48
88 18:08
1 21:10
27 16:56
34 23:30
46 21:13
81 21:52
20 20:14
50 22:57
81 17:14
65 15:41
66 17:08
61 15:27
7 18:16
85 22:51
45 15:08
53 17:43
16 14:54
69 23:03
29 14:44
79 16:56
17 14:25
81 20:53
84 15:36
8 17:25
34 16:54
95 14:44
90 19:29
95 15:20
60 20:08
8 20:09
76 20:16
84 21:49
23 22:28
31 14:26
25 19:31
43 20:53
92 20:28
93 17:48
12 19:13
15 19:06
68 22:34
59 16:35
92 20:25
56 15:12
87 19:24
91 19:24
95 15:17
41 17:34
31 14:14
95 18:49
44 21:45
18 23:36
86 21:09
69 14:23
73 15:24
87 22:55
56 20:03
73 22:08
5 15:31
4 15:32
71 19:42
78 20:17
91 23:04
83 19:40
56 22:29
54 21:31
54 17:22
97 16:47
45 23:06
73 15:16
7 15:42
69 18:16
57 18:12
70 18:01
97 23:58
31 15:03
14 14:49
89 18:16
92 20:57
42 19:54
39 14:31
78 16:27
26 23:38
70 20:08
98 22:01
21 16:44
93 14:15
71 18:33
24 23:46
96 22:33
16 22:22
24 17:33
12 15:14
1 14:32
97 19:52
42 20:25
44 23:34
56 17:26
12 17:30
27 15:44
40 18:26
9 23:45
87 20:37
71 22:24
32 18:26
48 19:50
12 23:48
9 23:15
50 18:37
96 17:52
15 15:03
79 17:27
58 17:52
61 21:45
69 17:10
22 23:42
80 16:01
49 17:06
50 19:53
43 14:48
46 16:55
71 22:36
80 15:47
74 20:29
40 20:33
15 16:53
61 14:20
77 23:32
58 17:33
79 20:39
25 20:29
45 17:37
29 19:13
38 16:13
22 15:32
33 15:53
26 15:55
27 22:24
86 15:20
37 19:49
13 18:30
42 21:54
60 23:55
92 23:30
47 21:46
12 20:00
51 16:40
14 22:05
77 15:39
50 22:15
42 23:32
75 20:58
83 17:01
94 19:27
70 20:52
19 16:59
61 23:03
14 19:00
8 15:32
84 16:11
50 15:44
11 20:16
92 20:25
15 16:59
80 20:41
78 15:04
63 18:23
15 20:39
57 20:51
95 22:38
50 20:26
4 22:57
66 18:34
13 18:49
76 23:22
73 20:50
86 15:26
43 18:50
68 18:56
67 18:27
15 19:55
99 14:20
8 19:58
20 17:39
41 17:00
5 19:39
79 23:22
76 15:02
34 23:38
73 17:50
76 23:04
48 17:49
60 19:57
58 17:42
70 20:49
18 17:49
82 22:40
3 20:18
10 16:39
30 21:05
91 19:58
18 23:52
56 14:34
20 15:39
25 23:33
40 22:20
93 16:51
95 19:45
72 23:20
87 14:39
30 14:15
84 17:34
72 18:25
28 16:01
8 23:22
13 17:04
47 20:18
69 20:24
46 18:25
82 21:20
28 16:45
48 22:05
87 17:10
100 21:29
9 18:34
10 22:02
25 18:45
81 23:30
34 17:26
65 17:18
83 22:23
5 22:07
11 23:29
82 20:03
100 23:42
44 16:06
86 23:30
8 23:47
57 20:08
81 23:01
83 20:36
23 15:06
67 23:27
21 16:41
75 20:07
49 20:33
87 15:33
6 16:50
42 16:55
25 15:20
64 21:42
52 20:56
68 16:12
15 18:45
12 23:17
56 23:42
100 16:22
6 14:45
79 14:46
52 22:07
24 17:44
34 19:02
15 23:03
84 15:09
86 21:05
54 14:30
66 19:12
52 17:16
66 16:06
15 21:02
100 16:40
71 21:00
17 18:47
83 19:31
90 19:48
50 22:25
68 17:33
23 20:38
36 17:43
3 22:07
83 20:17
69 14:33
39 18:24
55 16:28
95 16:27
99 22:22
76 21:40
12 14:35
21 15:46
34 20:45
3 22:57
95 14:08
52 18:48
100 14:56
25 16:37
95 15:05
31 15:58
54 14:07
55 19:59
36 14:26
28 19:32
11 21:19
100 19:18
90 16:24
86 20:02
15 15:34
27 14:07
59 16:06
12 16:46
97 18:23
99 20:33
57 20:34
15 17:26
78 14:40
61 14:12
73 17:02
64 15:27
7 21:06
13 21:54
53 23:34
44 17:29
35 22:41
82 19:47
55 16:26
39 20:28
30 17:59
81 14:37
83 20:22
13 18:54
51 19:17
46 15:35
5 16:27
88 20:21
63 16:35
91 17:22
45 15:30
52 15:55
48 22:35
91 16:43
21 18:26
50 23:13
31 20:35
68 19:24
2 14:25
93 17:42
42 22:49
5 21:16
8 14:10
48 16:27
31 15:26
17 23:03
10 20:47
22 20:59
63 15:31
86 22:19
31 23:34
52 22:02
12 20:36
99 18:00
75 18:55
83 16:03
96 19:52
7 23:48
86 19:46
79 16:47
19 14:03
16 20:45
24 22:09
61 14:28
1000
65 186
41 218
55 214
10 223
5 2
20 150
60 104
30 244
75 296
96 116
11 96
5 201
80 242
23 137
63 60
94 135
92 99
69 26
99 86
11 47
19 84
16 225
83 53
74 291
57 233
55 170
19 273
12 95
48 2
75 287
35 55
76 273
30 22
25 80
33 43
36 50
48 24
13 287
67 300
80 258
68 117
40 257
14 111
73 220
8 203
88 4
80 220
48 76
78 285
34 103
59 256
52 215
2 105
15 134
36 201
36 235
86 8
52 11
65 273
87 300
97 10
81 213
70 84
9 252
55 79
35 101
12 13
89 199
39 171
93 16
41 57
53 116
66 263
95 214
38 268
75 222
61 14
50 154
42 254
52 280
27 93
2 136
24 10
60 26
33 63
64 70
8 115
36 262
84 266
84 103
66 14
52 80
34 135
64 27
34 182
25 173
41 206
51 21
95 156
43 224
6 12
84 83
20 163
76 8
96 227
36 270
14 9
20 4
63 222
99 80
47 196
31 284
61 294
7 24
89 239
38 25
32 82
48 69
29 5
58 124
37 220
15 291
80 97
39 59
75 50
38 48
18 273
67 199
99 162
2 64
70 89
64 228
30 130
28 86
87 22
89 80
65 148
87 129
94 164
62 213
52 291
6 288
46 64
20 242
19 208
39 83
34 116
70 38
35 7
1 187
78 105
34 85
48 172
95 1
50 76
29 173
53 210
67 276
62 233
67 207
29 27
99 271
9 143
60 295
69 93
87 172
82 191
85 87
4 50
21 212
78 177
7 249
22 101
60 108
68 288
75 292
57 172
34 9
55 66
61 243
99 96
9 297
48 27
17 198
66 169
22 48
37 253
21 283
51 287
97 64
91 286
69 262
43 229
2 265
100 98
57 162
73 253
68 238
22 5
71 106
86 142
29 153
51 206
14 92
48 17
99 47
62 191
32 221
47 173
42 254
1 194
93 167
91 195
72 154
49 97
6 262
60 279
47 157
80 47
27 92
69 69
26 79
43 145
69 41
42 112
60 86
16 287
1 279
69 247
67 62
10 20
7 259
73 215
87 74
80 65
88 207
86 218
13 266
29 202
80 234
14 247
37 283
67 23
4 286
67 196
8 162
11 65
49 125
51 250
34 173
7 195
48 224
55 265
1 137
44 265
16 275
37 173
64 26
44 92
51 248
2 290
25 142
66 240
33 24
76 109
83 211
49 213
51 40
12 4
73 71
48 175
90 50
29 82
70 179
33 161
13 61
64 173
19 78
45 26
83 256
38 15
99 193
26 47
98 151
78 293
86 6
34 222
69 109
28 191
94 126
88 11
51 57
34 18
1 93
26 254
10 192
19 216
26 82
58 162
45 125
19 20
36 292
88 240
82 241
48 15
45 238
95 65
21 103
69 156
88 4
12 260
22 38
42 125
43 60
97 41
7 130
52 195
94 238
67 9
76 205
27 294
10 241
5 259
98 272
11 83
39 43
43 64
13 36
14 145
75 293
60 72
25 142
78 164
72 236
59 184
28 295
44 265
82 245
2 274
82 104
86 220
51 230
54 263
100 35
61 76
81 35
61 128
27 68
12 127
55 166
53 101
34 241
99 127
61 247
66 269
99 79
96 286
31 73
51 228
98 251
22 150
34 295
85 56
32 21
49 250
71 296
31 40
49 280
40 36
18 263
13 12
30 76
67 25
92 163
69 248
37 67
17 188
77 164
45 213
84 85
39 59
51 177
15 258
86 116
27 116
37 232
91 119
82 181
34 78
22 214
40 150
9 40
18 141
63 24
87 205
20 112
41 109
4 282
51 290
48 121
40 216
40 144
12 51
85 12
85 248
80 256
33 78
95 99
77 258
16 41
57 14
64 90
66 149
46 203
25 152
64 106
39 111
20 73
20 279
59 62
19 295
35 110
78 84
3 34
62 278
3 268
34 31
31 278
76 222
96 152
52 136
49 253
100 242
16 184
59 284
49 223
58 247
98 147
40 33
28 113
25 237
96 177
57 65
30 37
46 300
50 129
43 279
12 276
83 172
38 293
6 160
23 291
33 21
50 161
15 200
90 170
98 31
77 296
40 131
88 267
32 52
81 249
80 197
52 96
28 265
34 168
3 281
40 101
92 100
14 194
36 142
35 211
66 289
99 69
54 221
62 68
42 204
65 22
74 80
94 69
92 77
33 264
55 163
84 254
35 25
23 80
25 221
29 110
55 94
93 227
75 112
64 12
64 147
85 202
69 2
50 155
45 225
99 158
39 101
29 190
75 67
12 201
80 83
32 9
15 298
25 91
7 250
61 70
71 298
2 134
41 146
23 149
45 188
3 279
89 134
4 153
6 58
99 61
91 152
93 24
72 142
7 65
22 270
13 24
49 271
79 81
66 73
10 284
26 274
62 240
47 49
100 19
41 58
97 154
52 90
19 273
8 197
56 41
24 173
5 252
67 205
57 165
52 53
94 96
74 284
59 144
80 107
27 139
72 288
36 254
17 111
75 243
45 63
96 163
49 281
45 71
10 236
52 184
40 241
20 21
23 149
59 178
91 182
21 131
12 131
16 227
44 6
49 21
97 101
58 62
66 57
96 201
12 197
47 299
32 94
87 71
59 193
29 249
14 230
11 249
83 99
12 255
56 240
84 104
19 134
14 223
73 141
15 65
23 243
74 118
1 290
20 53
45 136
78 286
84 209
13 218
59 265
5 175
37 228
53 252
50 78
14 251
39 154
13 56
5 62
66 5
52 144
99 253
65 227
58 169
65 165
70 34
31 28
19 210
43 58
79 33
16 78
40 67
29 127
95 239
44 171
3 276
19 120
95 285
47 42
24 166
89 185
79 292
70 284
17 170
90 135
47 282
20 108
88 150
5 136
89 76
99 209
64 134
4 195
41 38
39 215
41 129
20 198
95 62
30 58
67 17
98 237
33 173
50 171
27 163
33 234
10 39
49 16
42 100
73 184
52 204
69 16
80 297
86 282
35 46
14 33
82 132
15 259
68 212
42 260
64 89
40 120
3 166
56 56
69 86
28 287
9 206
13 236
22 99
83 292
66 253
74 57
82 287
57 66
40 280
48 69
85 97
85 138
99 231
63 26
16 284
63 81
43 177
31 231
86 47
71 93
17 91
77 138
90 70
4 76
62 24
1 281
75 211
66 77
55 148
62 246
95 46
12 16
83 86
99 118
65 73
11 295
76 207
41 145
7 221
73 148
74 198
51 280
36 107
6 68
18 263
61 266
95 203
38 127
40 199
41 240
26 197
25 89
14 187
65 9
72 135
6 118
67 120
31 239
36 12
29 191
93 229
16 32
8 81
1 255
92 89
98 106
78 158
6 7
68 213
30 123
34 61
48 71
94 284
54 229
22 244
59 66
7 65
99 83
1 18
29 290
32 267
56 214
5 114
11 94
25 210
66 206
81 267
12 298
62 48
50 182
79 237
20 298
81 65
66 287
51 75
14 163
82 279
20 162
94 143
26 41
2 170
18 274
8 141
4 139
8 13
32 191
35 280
64 62
91 219
54 141
73 167
84 287
22 239
79 6
10 278
41 48
70 289
14 203
84 223
34 111
52 42
29 43
89 13
47 119
68 28
81 268
92 164
95 216
51 100
68 232
88 202
75 196
58 230
99 234
20 172
9 9
9 109
48 122
81 199
21 100
73 56
16 21
68 48
3 153
30 18
2 86
9 289
11 76
86 299
99 98
65 105
100 205
16 252
84 73
29 152
38 21
85 143
76 178
8 96
65 107
43 216
51 144
57 261
39 88
29 130
88 55
46 186
81 284
4 116
43 299
18 6
15 106
45 224
27 85
56 168
67 204
29 224
30 8
91 96
38 48
55 68
56 130
60 203
55 8
58 245
84 136
14 82
34 92
80 113
51 10
65 76
98 243
20 72
3 276
43 292
92 281
89 89
45 138
46 196
58 252
53 91
79 145
53 120
44 126
79 288
10 215
27 20
43 40
5 229
17 175
90 197
49 90
15 140
41 259
53 88
26 101
58 237
48 49
47 248
94 32
18 98
54 198
9 219
52 84
96 99
70 158
44 285
21 24
4 7
82 2
65 97
59 285
96 41
31 100
11 177
62 251
32 295
10 10
52 246
11 278
64 54
5 208
28 10
24 142
85 208
23 97
45 185
57 279
84 261
12 110
73 77
62 230
14 34
54 68
72 293
35 38
34 274
51 101
71 50
66 16
14 36
64 47
94 105
52 204
94 226
59 256
98 66
69 129
11 109
82 115
88 272
3 121
25 202
50 209
8 199
59 26
2 283
89 137
87 228
77 222
21 68
92 205
94 149
95 153
32 246
66 191
64 183
33 30
46 59
59 233
84 273
80 37
81 212
34 25
9 48
26 79
54 286
7 222
8 186
47 153
72 78
34 60
5 141
4 49
29 161
54 100
83 178
3 284
48 125
11 154
15 275
96 27
36 290
25 197
93 56
35 121
88 273
90 55
19 188
92 70
29 168
60 266
96 233
1 119
83 88
20 105
70 75
48 32
68 182
1000
4 23:23
44 16:08
98 20:42
55 21:16
58 17:33
93 14:57
9 20:48
94 21:42
11 14:19
23 20:37
83 16:03
61 22:39
41 17:29
77 18:08
76 20:24
77 23:08
93 17:24
66 16:07
76 22:35
78 15:18
42 14:02
84 14:34
31 14:24
61 17:49
32 15:51
69 22:03
19 21:01
79 14:09
70 18:39
85 15:42
6 14:23
44 18:31
57 16:15
67 17:22
41 16:01
49 19:50
62 23:55
23 21:27
34 15:28
58 16:43
92 21:01
14 14:39
47 21:39
92 17:03
51 23:01
46 19:37
28 18:05
45 17:25
2 23:51
98 17:30
61 20:59
19 15:53
55 14:02
87 14:17
58 21:10
4 14:03
42 15:09
13 14:05
38 16:08
81 21:18
45 18:15
51 18:16
100 17:28
43 22:02
26 18:04
83 21:24
41 23:48
61 23:27
71 22:46
20 22:18
11 15:02
76 17:20
85 16:18
95 22:38
91 17:47
46 19:59
94 17:41
69 19:38
13 19:32
58 16:29
36 14:15
87 23:35
47 16:03
74 17:29
11 15:32
77 19:13
65 18:41
74 20:15
3 18:20
60 17:01
12 19:15
82 23:57
92 17:30
7 14:11
86 17:36
3 16:50
24 16:33
50 16:56
16 20:16
15 16:00
92 18:09
86 21:11
25 23:05
21 21:19
31 22:42
51 19:17
64 21:20
6 17:14
41 21:28
14 23:46
41 23:10
14 21:07
29 14:51
83 16:52
45 22:30
27 14:51
13 16:22
16 15:47
25 17:19
97 22:08
80 23:38
84 17:04
47 17:03
93 18:41
3 16:09
82 18:43
65 22:55
19 19:20
41 17:45
75 23:09
100 16:53
15 21:52
85 14:38
11 20:07
71 22:40
43 21:04
16 18:11
84 17:31
25 15:44
75 22:09
80 19:45
2 18:54
42 19:52
32 17:29
99 19:36
85 22:11
78 19:46
7 15:03
74 14:57
86 16:48
61 19:47
55 20:41
86 23:54
15 22:07
30 17:50
42 17:28
26 23:20
82 19:38
24 18:06
32 19:29
23 19:23
82 21:42
44 19:48
86 19:03
23 16:14
34 22:46
65 20:20
84 21:25
50 21:13
16 14:57
58 19:01
72 16:27
80 15:30
31 20:37
59 18:03
13 22:17
49 18:53
42 22:00
25 23:43
28 15:46
27 14:59
19 21:36
13 22:21
75 18:36
20 23:17
32 22:29
1 18:17
37 19:52
58 21:46
37 21:06
32 21:15
99 20:45
29 14:32
80 14:47
16 14:38
35 17:51
64 17:33
44 15:17
39 19:05
95 23:38
89 20:54
82 18:37
55 21:40
98 16:25
28 18:10
55 15:49
21 22:38
4 22:48
31 22:33
53 18:16
43 16:42
92 21:07
57 14:54
57 17:10
6 21:52
37 16:54
63 17:37
95 17:52
81 15:36
75 14:52
74 17:39
54 14:57
75 14:07
97 20:08
4 16:50
92 18:03
33 23:25
50 16:14
50 19:40
79 20:11
10 18:25
17 16:38
35 15:43
71 19:06
1 17:38
75 17:49
28 20:43
73 20:04
38 18:00
40 21:39
46 21:00
34 16:21
42 20:31
11 18:46
31 21:23
2 22:47
79 21:36
6 17:08
77 19:09
85 19:40
40 17:34
98 15:00
6 23:40
61 15:19
55 14:49
85 17:02
38 23:26
58 23:44
62 18:51
71 14:30
72 17:10
61 17:42
41 22:29
68 21:40
46 20:37
86 16:25
23 17:23
70 19:56
68 15:34
38 17:18
4 23:09
72 19:04
45 21:07
17 22:16
13 14:33
83 22:53
30 19:52
65 14:18
56 14:20
24 21:26
12 15:35
61 14:40
68 21:22
68 19:15
30 16:02
67 17:00
27 20:57
36 15:28
77 20:57
70 23:28
19 22:57
23 20:37
39 21:06
29 20:21
16 16:44
86 20:38
29 14:08
10 18:09
33 21:56
67 18:33
53 18:38
17 19:02
99 15:25
33 18:49
64 20:20
18 17:21
100 14:41
58 21:06
52 21:09
10 15:06
45 20:23
57 21:23
31 19:11
3 23:08
37 20:44
29 14:15
79 17:27
31 18:16
59 14:49
44 14:49
80 19:29
69 19:24
8 18:23
77 14:56
74 19:02
40 14:17
99 18:14
94 21:50
72 15:19
18 14:20
31 21:43
38 15:52
33 16:25
93 23:14
81 16:44
73 14:04
87 21:25
70 20:33
27 19:09
31 17:35
51 22:29
86 18:03
34 15:27
17 22:05
83 18:45
39 18:54
33 19:55
39 14:54
28 17:03
29 16:50
4 23:57
83 22:04
92 19:43
78 17:16
10 17:13
25 22:24
53 15:00
96 16:07
39 16:30
29 17:08
48 15:37
59 15:29
94 23:41
100 14:44
82 17:47
37 14:26
64 18:32
59 14:30
19 14:50
88 21:24
39 20:55
86 22:55
58 18:45
87 19:33
32 16:56
98 18:03
30 19:32
46 19:16
62 19:37
12 17:47
73 14:36
21 23:56
65 23:36
44 20:44
72 21:47
5 19:14
27 15:01
3 23:24
32 17:39
55 21:58
66 21:35
45 14:52
11 17:03
39 15:44
53 22:22
24 21:25
88 16:17
98 17:37
75 18:40
7 20:21
75 14:26
72 17:41
59 22:20
88 21:16
22 14:16
63 22:26
62 20:31
82 18:27
22 16:15
86 21:00
47 20:02
7 14:54
94 19:13
52 17:18
94 21:21
71 20:44
64 22:16
74 23:58
78 20:55
72 15:52
55 23:58
88 21:26
66 23:01
12 19:48
71 18:07
45 18:35
88 21:44
26 17:39
17 23:44
78 23:12
90 15:37
85 15:22
91 23:36
71 21:53
63 15:10
15 17:20
9 16:50
78 16:03
64 16:34
64 17:49
54 21:10
73 21:27
56 18:56
100 22:50
88 20:42
44 15:11
95 19:28
89 15:33
60 18:20
94 16:38
28 20:32
2 23:03
79 18:35
52 17:41
3 17:54
53 20:19
48 20:51
45 21:05
95 22:15
10 19:42
59 16:41
28 20:18
5 17:14
10 18:39
19 22:11
83 22:57
80 18:49
69 18:13
37 23:43
74 17:20
63 14:52
56 14:13
43 23:05
67 14:25
14 23:31
88 16:30
98 21:07
44 15:18
52 18:28
5 18:04
4 16:35
88 19:58
94 22:56
84 17:02
11 22:30
17 20:18
23 18:40
5 18:16
48 23:43
59 23:49
55 17:53
29 23:23
85 18:03
16 22:16
65 21:59
49 18:03
27 14:40
26 19:17
48 15:05
97 21:34
5 16:52
21 21:31
29 21:38
55 23:15
51 23:11
78 20:09
91 14:33
14 22:30
52 17:17
9 18:54
38 17:42
11 18:50
57 21:12
96 22:04
45 16:43
91 21:04
43 20:22
5 18:22
60 15:24
54 18:59
93 21:44
92 23:48
63 16:07
50 17:57
47 20:15
94 18:15
65 17:45
50 22:39
36 23:48
32 16:50
61 20:24
64 18:35
29 16:29
62 22:36
24 16:43
40 23:02
60 14:19
4 19:33
9 19:13
70 22:48
98 21:16
16 17:46
36 20:37
83 20:44
62 21:45
10 18:39
32 15:03
45 23:08
52 16:11
23 15:33
29 14:39
6 23:13
58 17:29
63 21:38
67 23:52
93 19:09
18 19:14
95 18:35
13 22:57
50 16:15
77 20:03
47 14:01
62 23:35
17 22:49
10 20:23
29 19:55
52 23:23
7 22:10
1 17:39
56 15:49
72 21:13
100 16:58
65 22:52
58 16:07
51 16:33
46 14:18
11 15:24
3 21:54
56 22:23
20 20:36
24 21:35
60 20:55
31 19:25
16 20:26
63 18:51
76 17:19
95 18:41
95 19:15
17 21:28
6 18:21
73 15:30
95 19:01
39 17:18
41 19:45
44 19:59
88 18:27
63 16:59
3 19:16
3 21:25
36 18:40
23 21:59
26 19:49
70 21:51
1 21:02
96 21:12
78 21:39
1 23:05
43 19:28
16 22:49
33 20:28
31 19:01
74 14:23
5 23:33
86 14:06
76 16:16
21 18:23
48 18:28
83 18:25
96 21:31
38 18:05
80 22:53
91 22:00
22 23:48
55 20:40
20 21:51
61 22:27
82 18:24
25 17:12
20 20:00
46 17:03
19 17:06
55 14:08
20 22:33
63 14:48
73 17:46
47 23:25
55 16:02
69 19:41
56 18:24
30 22:39
70 20:02
42 16:34
95 19:21
11 21:48
86 23:43
91 15:16
34 15:15
75 15:24
2 17:12
89 22:01
65 15:50
28 17:54
63 22:56
39 17:33
87 15:48
14 14:24
74 14:42
7 18:05
68 18:15
60 19:07
33 20:48
40 20:11
23 14:17
77 20:40
42 21:07
94 18:39
36 20:16
68 14:18
55 16:29
73 20:54
35 14:11
83 23:50
16 14:48
54 18:51
63 16:38
89 20:52
40 23:09
14 19:55
84 15:53
16 23:20
100 14:42
13 18:41
82 19:40
48 14:26
34 20:30
48 19:27
80 19:53
70 23:54
68 15:06
59 22:05
10 18:20
74 21:53
67 17:14
81 20:58
87 15:08
33 19:53
20 19:58
95 14:36
31 16:00
40 22:03
22 22:20
84 16:32
74 21:30
63 23:31
82 23:07
7 16:32
3 19:24
46 18:56
58 19:24
44 18:17
95 18:13
31 17:35
94 21:48
91 18:24
43 19:22
3 16:59
50 22:05
4 22:46
29 23:57
41 19:29
90 21:03
54 19:19
36 21:02
98 16:40
5 23:34
83 19:19
3 23:32
67 19:47
67 20:50
30 16:28
79 19:12
89 19:49
70 15:41
77 18:23
94 19:09
8 14:38
77 22:43
95 14:13
100 16:45
41 19:51
16 23:32
51 22:54
77 21:45
25 18:50
61 18:12
11 21:45
97 23:01
75 21:18
14 20:39
42 14:56
79 19:25
94 23:43
5 21:50
71 19:17
87 22:13
80 14:06
15 20:38
44 14:33
12 15:45
44 19:01
81 21:56
11 21:34
86 17:40
61 23:02
94 23:18
80 23:34
29 18:13
81 20:35
59 16:42
25 18:09
53 14:18
79 18:04
38 23:06
93 23:59
100 16:34
21 16:35
20 14:45
10 15:47
71 21:04
2 19:39
10 18:36
79 23:54
89 21:12
77 23:54
68 18:25
10 16:52
22 20:10
21 18:18
77 16:47
75 16:33
69 14:32
75 22:39
44 22:04
31 16:42
6 14:32
15 17:46
75 17:19
2 20:59
34 23:20
19 21:23
42 15:43
54 19:58
14 21:08
82 14:28
32 16:13
73 17:02
43 22:09
18 21:30
11 14:03
39 18:05
13 17:29
4 21:50
47 18:55
50 18:18
71 17:45
94 19:43
11 17:07
88 14:31
17 14:49
32 16:58
60 18:44
76 14:40
82 17:14
88 22:16
87 23:31
37 19:08
11 14:36
63 16:31
71 17:29
34 14:48
10 22:42
83 17:32
17 22:50
20 21:52
83 22:52
92 16:25
91 20:24
16 15:12
7 15:38
43 16:04
58 21:02
70 18:40
51 22:43
47 20:08
8 16:57
38 14:56
54 19:53
26 18:25
54 21:50
35 17:05
32 17:24
13 14:12
78 21:55
28 18:47
8 19:34
99 22:58
23 20:59
57 19:46
55 20:59
66 18:17
64 22:55
88 22:42
10 15:02
82 14:54
29 21:44
85 19:32
13 18:37
64 14:50
54 16:46
24 15:08
38 19:26
97 15:04
65 21:18
23 18:07
2 17:48
53 17:20
65 19:45
14 19:26
48 23:07
40 22:37
66 15:57
69 14:06
8 17:53
44 17:41
34 17:08
57 15:19
54 14:52
68 23:21
82 19:44
68 14:48
44 18:33
99 22:39
49 23:23
56 23:01
71 21:25
7 21:00
36 19:33
88 18:08
35 16:56
39 14:09
13 19:52
55 22:56
38 20:41
2 16:48
89 22:45
67 23:26
93 16:07
21 18:38
6 19:44
27 22:45
15 15:19
20 22:34
29 23:21
22 17:28
4 21:34
25 14:32
41 21:38
81 20:02
75 19:55
8 14:26
14 18:32
33 22:04
65 17:25
58 21:34
39 15:07
47 23:26
12 16:32
35 18:48
16 19:55
54 23:21
33 16:55
71 18:11
77 23:44
80 21:10
18 21:51
60 16:07
69 17:59
89 18:12
72 15:44
39 16:49
100 15:47
79 19:23
98 17:53
67 22:01
49 17:27
76 22:36
64 17:19
37 19:24
32 20:18
64 16:23
82 21:00
18 14:48
82 19:40
96 14:53
58 15:24
19 21:38
92 16:40
55 22:14
37 18:32
20 14:42
97 15:55
21 20:22
43 21:12
2 21:24
36 20:02
87 20:02
14 20:02
30 18:22
29 14:56
25 23:31
67 20:04
75 18:14
1 14:24
53 20:15
94 15:46
95 14:11
42 15:05
97 21:25
13 17:27
43 16:29
60 17:26
48 20:10
28 17:55
6 16:37
35 20:50
53 14:03
76 15:36
43 14:50
26 21:19
23 17:08
63 19:06
76 22:44
53 18:13
83 14:52
82 18:56
55 14:43
32 15:42
17 22:05
39 14:44
13 18:22
1000
6 3
64 103
59 37
82 32
47 242
85 69
77 57
74 266
10 2
68 291
25 188
27 299
56 257
3 208
23 163
73 107
35 89
81 50
25 221
8 260
32 248
8 273
29 123
58 190
46 165
79 156
16 149
3 40
56 169
57 66
92 78
99 114
91 287
72 14
79 108
95 294
26 56
27 240
45 127
19 183
39 19
53 62
94 257
86 105
37 91
72 288
90 121
94 147
64 76
42 124
59 272
40 79
91 97
55 142
51 57
42 157
87 73
33 182
31 175
68 204
17 1
79 5
89 217
22 68
56 64
39 296
71 197
66 90
40 132
80 105
73 82
99 296
64 298
4 40
64 108
34 186
33 109
19 35
33 40
1 82
53 120
82 30
18 145
51 81
65 215
25 272
69 45
21 155
100 294
22 215
27 10
24 199
6 183
71 80
62 41
73 93
89 39
68 113
67 126
31 266
43 196
27 138
26 202
29 56
1 54
18 137
57 176
37 199
98 285
93 97
13 48
38 277
83 281
97 155
88 123
67 70
32 287
25 188
100 21
2 193
29 69
33 124
86 114
94 73
63 109
42 266
92 70
89 277
98 267
12 82
80 69
43 49
74 258
36 258
10 283
77 163
55 255
46 13
51 113
43 283
63 107
56 147
68 22
38 242
84 108
61 143
43 171
66 131
55 247
16 271
46 243
45 229
3 157
42 96
46 68
19 223
80 261
11 56
78 68
24 157
4 116
5 102
73 217
37 148
17 114
28 105
23 238
91 165
9 282
84 249
5 55
82 26
45 213
22 164
88 117
75 208
38 259
40 14
2 204
43 67
47 81
40 254
61 115
90 273
97 30
73 67
54 263
85 96
33 103
50 160
68 188
81 119
14 106
5 121
58 142
65 157
13 2
33 267
77 298
7 299
99 133
85 136
27 23
4 4
74 161
91 52
49 277
83 120
76 216
77 13
37 185
6 194
35 256
91 148
17 123
30 216
71 148
35 158
46 211
2 292
79 249
15 236
62 261
84 137
84 110
11 39
99 269
95 254
12 252
5 17
30 7
74 43
77 294
80 22
9 84
72 270
4 222
5 228
5 195
6 139
78 38
68 295
5 33
84 17
30 225
44 150
96 41
8 299
1 52
83 3
7 73
93 123
25 97
79 95
9 207
1 162
19 46
80 36
77 169
48 266
20 39
79 242
28 130
59 235
44 96
48 99
64 258
2 267
66 185
98 227
66 278
74 214
77 106
90 300
9 9
88 286
99 154
59 174
36 288
80 113
84 132
25 256
36 259
62 122
31 126
97 130
72 158
89 235
42 185
46 13
55 34
59 2
93 291
72 214
66 277
78 191
18 256
28 280
79 13
27 47
8 88
49 165
87 286
33 204
52 247
38 20
37 31
78 71
83 97
13 118
24 37
22 33
27 162
85 89
49 31
2 103
70 168
73 247
35 267
51 239
92 280
63 285
77 36
80 256
97 117
50 290
20 82
100 9
70 172
97 59
34 38
57 187
67 89
90 110
40 259
78 58
67 173
92 28
29 130
30 56
12 221
97 293
60 74
27 186
90 2
72 152
50 101
84 164
68 103
63 8
62 297
7 214
92 68
34 153
76 68
80 6
54 143
35 272
86 288
7 139
49 262
25 114
86 100
62 273
90 159
65 14
85 25
89 2
70 12
12 15
37 86
73 111
33 211
23 63
1 173
69 45
18 158
77 15
88 259
64 53
99 296
40 288
2 168
97 248
15 138
48 27
30 232
77 279
3 79
59 218
9 92
33 216
56 157
91 241
9 151
53 147
77 86
7 110
63 293
63 150
26 144
10 21
2 231
17 254
74 233
83 177
46 153
75 36
37 288
72 233
98 87
50 300
54 94
59 48
54 81
74 109
83 157
40 245
37 54
41 283
96 253
40 231
48 141
61 156
80 274
95 50
65 95
31 296
44 211
63 117
61 154
10 197
82 98
15 270
79 250
57 220
79 109
86 230
83 86
18 165
89 299
81 142
28 44
31 55
42 93
92 94
34 50
77 22
35 182
61 86
8 142
91 283
6 139
80 136
83 231
92 224
52 11
22 171
29 117
43 97
92 89
29 103
87 16
96 92
2 185
38 203
36 38
2 229
45 238
58 2
80 161
23 27
37 51
81 26
82 174
14 13
86 241
95 288
38 45
58 54
59 179
18 50
76 18
64 18
16 299
62 268
6 274
9 238
61 86
34 79
94 120
85 268
36 224
86 117
34 240
33 225
34 233
76 43
66 111
45 182
19 73
9 57
58 81
35 295
90 217
94 190
9 37
87 58
30 3
5 73
19 149
89 293
32 138
28 86
83 88
74 284
34 208
90 82
98 134
80 232
5 198
49 239
34 56
41 51
76 240
97 294
4 265
15 14
75 255
3 266
4 133
67 229
93 80
67 108
19 34
9 127
6 219
95 221
43 46
58 287
62 226
13 6
3 195
59 112
72 162
65 92
31 243
63 57
44 126
12 53
18 24
53 122
38 96
66 125
75 61
75 138
28 110
10 286
59 287
56 150
8 77
85 61
38 21
59 176
15 245
38 185
17 92
90 198
31 104
41 55
2 60
52 147
26 6
55 265
45 33
71 129
53 172
44 251
63 55
79 66
50 198
65 166
10 107
28 6
95 146
2 135
29 88
36 163
93 288
89 93
3 210
19 49
61 81
97 134
8 106
33 107
46 203
84 71
20 144
100 168
25 57
5 277
22 259
72 170
79 192
55 208
6 233
13 250
99 270
5 296
44 17
92 186
9 14
32 63
70 295
26 170
60 30
20 112
50 271
87 220
85 80
78 199
94 230
16 240
50 94
3 43
2 236
82 56
33 7
48 259
14 193
17 209
62 123
48 58
49 68
42 36
96 246
86 178
3 210
89 262
48 10
100 40
84 232
88 177
56 20
49 263
75 84
10 113
70 184
4 153
84 101
44 12
7 10
46 73
38 88
44 234
40 129
48 31
57 144
17 177
36 55
23 230
37 127
64 282
72 191
41 117
21 266
2 278
1 118
35 36
33 165
88 70
90 163
34 284
17 60
2 51
11 108
33 38
20 55
64 51
8 286
54 32
90 107
40 231
40 48
36 266
26 143
82 259
10 81
90 119
28 276
66 137
35 101
83 249
40 18
17 94
30 236
9 25
53 113
9 275
3 103
74 220
47 180
13 293
96 281
58 143
54 205
54 101
79 188
18 44
81 71
88 85
42 106
50 147
8 147
86 49
49 284
12 110
98 204
58 263
92 126
79 249
55 66
37 88
27 80
90 95
59 287
69 137
64 50
26 267
82 253
2 27
92 150
59 128
10 225
52 235
90 237
76 49
60 192
12 38
47 86
90 154
23 44
35 198
60 290
61 41
66 287
81 255
87 157
91 158
79 29
20 175
66 296
75 211
59 193
95 66
55 209
19 265
83 172
27 119
82 74
18 113
54 14
5 114
10 90
95 267
68 15
9 52
77 182
76 19
45 27
61 154
51 13
16 55
52 139
36 122
95 241
34 178
5 181
44 156
85 123
100 245
7 260
96 106
97 167
88 112
43 226
47 156
83 190
30 73
11 27
83 165
13 31
56 50
75 41
58 100
16 267
5 130
23 119
41 112
47 220
27 184
7 300
72 161
79 161
49 219
34 198
75 141
65 140
69 267
52 265
100 240
60 155
87 119
8 56
99 52
100 236
48 177
63 243
21 161
87 241
100 181
31 292
13 50
32 129
33 14
92 261
82 102
51 49
93 291
54 251
15 272
6 39
48 192
61 187
29 52
36 7
19 35
44 155
53 55
40 85
15 103
15 189
3 115
10 40
16 284
53 193
92 193
71 214
66 213
91 210
61 233
100 229
20 204
79 185
42 198
67 160
23 126
73 118
20 215
38 80
83 80
30 81
55 135
10 208
11 243
36 274
68 138
40 177
16 205
43 222
84 149
72 95
70 130
87 159
80 38
53 118
67 188
35 296
87 158
58 297
70 75
47 110
95 273
65 275
34 38
7 80
77 85
94 265
16 252
71 73
92 256
21 193
12 236
61 292
97 89
65 182
68 286
10 203
42 179
97 81
72 23
77 193
38 154
27 34
52 212
42 194
15 12
88 177
37 268
93 7
49 125
26 130
5 174
72 208
100 200
10 245
2 64
20 164
46 204
74 166
19 282
17 236
6 87
88 35
3 20
17 253
30 203
25 297
56 219
49 97
18 283
27 47
5 56
72 282
99 286
59 18
93 58
42 227
73 129
32 26
41 175
51 152
21 92
90 139
34 63
53 51
3 282
83 125
33 245
69 210
89 194
50 141
24 151
63 169
19 290
83 270
28 6
45 210
25 99
65 173
62 292
64 196
84 115
100 149
49 129
75 120
97 182
35 48
7 131
94 112
100 94
51 283
75 141
81 7
35 103
46 174
1 152
26 270
49 139
45 82
53 61
91 268
31 247
82 214
72 280
77 284
2 264
63 110
7 124
10 133
34 215
73 215
54 105
52 257
41 82
70 49
23 113
11 219
86 221
1000
7 18:00
28 17:29
91 14:32
62 22:51
95 14:33
20 21:05
75 22:20
67 18:31
74 19:42
34 21:40
16 17:42
96 23:31
75 17:42
72 14:09
36 23:47
14 20:12
79 23:00
54 14:04
44 16:56
47 14:18
3 19:06
49 18:14
26 22:29
97 18:54
90 23:34
88 21:34
27 15:48
7 23:18
8 21:40
27 17:51
26 20:43
97 15:27
12 14:15
39 22:07
76 18:33
75 22:16
95 22:03
39 21:58
74 16:16
49 17:15
75 16:24
77 14:06
26 23:52
58 15:34
33 17:14
18 23:04
78 17:49
65 17:56
3 23:31
42 14:43
95 20:52
26 17:52
27 16:59
41 16:44
95 22:17
35 23:19
2 14:24
1 15:31
19 21:35
20 14:24
66 19:57
13 22:53
82 14:16
14 21:02
33 18:27
36 15:30
73 16:27
1 22:15
3 17:19
80 14:17
33 20:19
94 21:47
60 15:25
95 17:38
44 18:31
26 19:56
35 20:00
29 14:45
100 17:24
57 21:53
96 18:18
96 21:24
82 20:05
96 17:30
12 14:06
87 21:49
64 22:20
19 16:21
51 20:07
76 14:46
39 21:43
31 20:11
85 23:20
50 16:49
55 17:58
37 16:36
6 18:05
39 23:00
26 15:53
58 21:37
52 18:10
71 23:14
60 16:41
29 16:41
61 17:55
31 19:38
42 15:18
12 19:10
74 14:36
3 17:29
38 17:46
83 21:27
85 17:27
89 22:14
73 20:10
95 20:34
12 22:05
11 16:41
97 22:44
69 23:19
24 19:50
53 20:27
88 23:42
9 22:54
48 14:13
89 14:42
7 20:51
51 19:25
47 15:55
45 23:36
59 20:22
41 23:20
25 22:59
28 22:51
12 19:14
2 19:56
26 22:41
46 23:53
8 18:28
45 16:22
97 17:14
47 21:54
81 16:30
84 23:37
15 17:35
12 22:56
84 20:15
82 20:56
5 17:55
86 20:54
11 20:01
89 19:07
30 14:58
85 19:05
40 14:27
72 15:22
95 18:31
62 20:59
48 20:15
55 19:09
29 19:23
37 22:43
17 21:41
66 19:12
86 15:33
16 22:28
95 14:13
10 17:15
20 15:00
18 20:41
15 21:43
32 19:56
64 17:37
21 16:19
96 18:48
87 18:56
44 22:52
5 22:43
52 15:54
62 20:04
14 23:14
31 20:36
37 20:10
36 14:58
24 14:36
6 21:46
97 18:30
90 16:50
78 19:47
89 20:44
41 18:06
65 19:00
66 15:23
79 22:16
23 22:12
65 23:19
87 17:09
46 17:53
35 21:25
96 23:41
22 16:35
45 23:49
50 22:17
69 22:58
56 14:57
2 15:29
35 19:19
65 20:16
50 19:58
60 23:12
92 19:12
93 14:48
16 22:04
86 15:22
91 16:45
45 19:47
10 17:14
6 17:57
2 22:48
82 16:03
1 19:52
71 21:22
62 15:50
18 15:39
96 14:19
24 21:45
21 20:43
19 19:18
61 18:37
82 22:30
4 14:11
92 16:45
64 22:41
2 20:39
17 17:56
100 20:57
67 18:56
49 23:34
70 16:14
44 14:04
93 21:53
18 16:36
5 22:47
45 16:34
66 19:01
7 18:21
37 22:48
4 21:54
44 17:49
52 15:48
88 17:47
17 19:19
53 15:15
59 20:54
7 21:18
92 19:21
71 16:00
34 18:59
3 16:40
27 15:21
23 21:17
73 19:13
24 15:11
74 15:37
26 22:06
85 20:52
73 18:49
85 19:55
43 21:43
70 22:25
85 14:09
66 14:21
15 16:23
2 18:34
41 18:45
45 19:15
40 15:07
67 22:07
92 14:53
85 16:08
34 14:53
1 21:47
97 21:31
14 22:24
69 21:50
21 20:50
53 20:02
93 16:49
57 23:47
27 23:28
78 21:48
69 15:01
73 22:59
82 14:23
5 14:49
43 14:48
41 20:06
7 15:54
21 15:41
69 22:24
47 23:00
61 16:11
85 18:19
90 20:31
78 16:32
20 14:18
70 19:42
30 17:15
62 14:59
53 19:50
87 16:00
9 17:50
69 20:25
19 22:59
63 20:22
40 17:33
5 16:09
42 22:07
95 15:48
1 21:13
40 18:40
35 20:06
5 15:33
78 19:32
95 21:00
21 23:47
2 15:48
73 16:26
56 21:20
94 15:27
49 22:47
11 14:27
24 21:59
63 16:41
89 23:20
24 16:37
25 23:00
96 22:26
7 17:43
89 14:27
8 22:38
37 21:04
38 22:40
47 14:48
20 20:00
28 17:00
65 22:23
18 14:37
30 17:03
56 23:20
77 21:07
50 19:18
23 23:59
40 21:18
60 16:44
33 19:29
54 20:11
22 17:56
55 21:26
98 22:05
99 15:12
93 23:54
97 20:52
56 21:30
68 15:26
35 21:03
98 17:24
93 22:00
48 21:50
39 22:12
52 15:26
31 15:15
35 19:42
75 19:00
9 15:01
19 22:22
43 18:34
31 23:49
32 18:03
13 21:43
99 14:01
81 18:22
59 16:51
58 21:15
22 19:35
8 19:02
36 17:42
2 16:05
100 14:51
65 15:34
57 21:32
62 19:50
54 16:22
65 20:59
85 20:05
98 16:42
61 18:25
21 21:06
66 15:09
72 23:41
91 17:49
3 15:15
26 17:52
79 23:30
18 23:10
72 16:11
17 15:27
98 22:25
47 14:39
49 21:03
10 21:18
79 15:47
80 19:59
52 18:45
54 14:23
24 16:47
42 15:51
22 15:43
7 14:20
97 16:58
67 22:48
15 23:04
78 19:22
27 18:16
86 17:07
87 21:03
86 21:11
47 18:25
62 14:45
81 18:05
95 21:46
21 18:07
15 19:54
67 20:46
60 14:44
38 20:43
81 17:38
51 22:48
93 18:09
70 16:15
51 20:14
84 21:40
97 22:36
51 21:58
29 14:26
86 22:28
57 22:44
32 23:09
66 16:43
14 23:15
99 21:55
50 19:14
39 21:21
83 20:21
12 14:45
7 15:26
6 22:10
56 17:55
87 15:27
98 19:47
52 19:31
23 16:44
40 14:54
80 19:18
31 15:50
84 17:27
6 21:01
98 17:46
1 21:11
84 14:23
85 18:30
73 22:42
95 16:49
90 20:19
4 15:56
49 20:10
50 16:14
86 21:04
76 22:11
82 22:58
62 15:31
100 20:04
24 19:20
10 20:33
78 18:17
1 23:46
30 23:55
97 16:59
14 23:49
83 14:50
60 19:32
59 23:19
25 22:27
8 21:14
33 19:41
42 19:35
63 15:43
63 20:25
96 19:23
33 17:56
32 18:26
59 21:06
93 20:41
94 23:07
3 20:27
70 19:57
32 15:50
41 18:29
96 21:52
68 15:29
75 21:44
91 23:32
50 22:06
13 22:07
36 15:57
8 15:05
38 22:01
18 16:13
57 23:42
9 20:59
22 23:48
28 22:37
94 20:39
95 20:57
95 16:50
11 16:22
99 17:52
82 20:04
55 16:09
29 15:25
51 18:57
66 16:13
20 16:22
81 15:33
98 17:09
74 22:18
79 22:38
77 15:15
23 22:09
80 23:51
70 14:20
100 20:09
31 22:47
26 14:31
31 23:55
68 14:52
81 20:35
60 20:27
50 16:19
61 16:59
32 20:23
76 21:56
31 17:23
40 21:35
60 16:36
13 19:19
21 21:12
61 20:24
36 23:29
92 20:06
36 14:19
89 14:36
2 18:14
2 22:57
52 19:33
41 20:51
67 17:58
95 22:38
48 18:20
82 19:08
75 19:29
1 18:29
29 18:57
34 20:11
39 16:12
71 19:04
56 17:52
97 20:09
18 15:37
63 20:49
99 22:28
46 15:59
79 23:43
72 19:04
20 23:20
10 22:35
78 14:33
41 17:24
20 18:52
64 23:59
99 15:18
12 19:40
49 23:49
68 19:35
1 23:25
99 23:07
73 16:07
75 16:37
12 19:39
67 21:55
81 23:04
36 19:14
3 21:47
56 21:06
7 15:46
71 22:57
75 14:29
91 18:02
61 20:12
17 23:27
87 19:52
63 23:50
47 21:19
1 22:32
6 17:02
31 16:51
85 19:53
18 21:47
88 15:16
91 20:40
82 15:27
14 22:30
57 21:27
71 19:16
18 17:47
4 19:38
48 20:07
63 20:02
6 23:35
39 18:57
1 15:16
41 15:31
66 18:54
14 15:33
68 22:26
81 18:01
58 14:14
62 23:32
36 21:25
72 17:32
30 21:56
95 16:40
16 15:42
62 16:38
48 14:12
42 16:34
69 23:03
65 17:26
10 22:50
92 17:07
10 15:57
87 15:12
57 14:12
22 16:34
63 16:36
7 21:49
56 23:52
91 20:26
28 20:21
17 21:38
59 23:04
6 14:31
15 21:19
90 18:13
80 17:15
29 15:41
16 19:32
29 15:02
21 23:12
43 16:24
96 22:32
12 14:17
67 16:25
42 22:15
14 18:58
40 23:52
33 18:55
66 14:27
9 22:08
100 18:19
24 23:23
77 18:50
85 20:18
78 20:30
72 20:46
12 14:28
54 18:53
15 17:49
21 18:10
68 20:05
7 19:45
34 15:17
88 22:05
99 19:24
52 20:52
100 18:22
74 17:11
91 16:42
13 16:28
35 21:22
16 19:12
30 19:31
21 15:41
30 21:27
21 23:28
97 19:09
72 22:02
27 19:43
86 22:46
20 21:58
81 14:04
18 15:43
41 20:17
67 20:46
32 22:33
87 18:35
40 18:25
97 23:55
81 20:00
100 23:08
91 21:19
28 14:18
3 17:25
36 18:56
5 18:45
54 16:10
63 20:26
9 20:47
56 20:09
15 22:06
70 14:15
83 22:50
80 21:06
92 17:23
18 22:16
91 22:49
63 20:32
37 15:46
66 16:43
5 17:45
72 20:37
32 15:32
29 18:02
82 20:04
28 18:49
76 23:10
24 23:28
27 21:57
88 15:44
100 16:11
80 21:05
91 15:21
25 20:30
41 15:15
52 18:56
33 22:55
99 20:37
95 15:01
77 20:04
72 17:53
82 18:12
41 18:57
52 20:23
46 18:41
31 15:24
80 15:03
84 17:15
46 21:35
78 17:28
64 23:58
56 22:22
41 16:10
42 19:43
19 15:02
74 17:56
4 17:35
62 14:49
32 19:53
47 20:16
24 20:43
95 15:58
65 23:02
40 23:48
61 14:24
36 15:17
69 21:37
36 23:26
44 15:12
45 18:44
27 18:30
12 19:19
94 17:25
24 16:51
53 14:52
69 14:46
38 14:42
11 15:03
94 22:52
29 19:01
63 14:27
64 14:39
93 23:19
83 17:51
47 15:37
96 21:59
44 16:50
22 20:02
81 15:46
77 22:21
77 18:13
43 23:38
56 16:18
60 18:52
84 18:40
28 16:20
1 19:38
47 19:49
83 22:38
89 16:30
78 16:06
67 20:40
5 19:47
98 18:12
61 14:47
7 21:04
56 19:49
55 21:54
65 23:06
4 22:27
55 22:57
47 15:30
22 21:37
11 18:58
24 18:38
74 22:32
56 20:13
14 17:40
19 16:45
99 14:07
23 19:41
51 14:22
77 14:57
63 20:50
50 21:45
24 19:30
2 20:48
64 20:20
56 18:06
69 20:45
75 22:52
62 17:15
57 23:33
42 17:29
1 18:27
17 16:15
79 14:45
66 19:22
37 14:24
53 15:48
78 23:44
80 23:33
93 22:44
17 18:04
27 15:46
18 23:45
6 15:22
5 18:15
82 17:40
33 14:34
76 21:09
45 16:25
28 15:02
19 19:01
39 17:23
47 22:34
82 19:37
85 21:41
10 14:46
84 16:58
16 23:14
65 18:12
86 18:37
24 21:16
55 22:00
24 20:49
71 20:37
37 23:29
67 15:41
61 20:49
64 15:38
96 23:55
14 21:49
29 17:49
98 17:14
68 14:37
27 21:10
69 22:58
69 19:29
1 17:19
23 22:04
100 14:02
27 19:57
82 16:45
44 19:48
58 18:04
95 22:16
84 19:01
49 18:53
53 17:33
84 21:12
41 17:52
55 22:04
8 22:48
7 21:27
89 20:39
27 18:15
59 17:39
88 15:54
36 16:32
98 19:26
29 19:48
25 17:04
94 16:12
55 17:11
18 18:11
33 20:56
75 20:37
21 20:28
37 17:01
31 19:23
36 22:39
63 14:03
83 23:53
5 22:29
52 15:27
29 18:34
2 23:48
22 14:03
44 15:00
26 22:05
95 19:47
52 21:23
37 14:12
100 23:56
60 17:41
46 23:36
27 20:58
82 23:46
2 19:36
39 17:26
48 18:20
26 17:16
92 22:28
57 19:48
13 14:11
7 15:02
3 14:07
19 21:50
65 23:59
61 20:56
69 15:41
59 16:59
72 22:32
96 17:46
30 21:25
21 18:39
78 22:17
33 20:29
29 20:57
15 19:24
49 20:41
73 15:16
84 14:36
22 17:06
26 14:41
59 15:53
32 16:27
91 20:46
21 18:23
6 22:24
62 17:45
96 17:46
56 15:29
21 18:06
24 23:11
47 20:21
32 17:46
53 18:08
89 14:30
23 17:23
21 16:07
11 22:14
69 22:21
34 14:44
17 22:51
72 14:57
42 21:30
75 17:46
100 16:30
83 23:02
1000
6 129
18 65
39 160
2 94
54 122
55 87
12 50
57 115
48 134
19 123
39 215
9 153
30 188
15 156
57 97
38 22
49 102
63 2
80 134
98 185
95 109
97 287
32 49
92 189
21 115
55 6
29 106
90 251
34 236
12 295
75 2
27 67
78 209
27 5
100 169
73 239
80 228
94 70
77 198
37 40
20 84
21 283
98 102
46 91
14 182
69 205
33 126
82 125
69 12
93 209
71 268
25 91
57 94
73 286
12 82
35 71
94 164
38 165
86 195
30 42
74 221
63 160
77 263
26 184
78 35
54 240
70 15
31 111
58 280
64 97
95 267
55 291
41 243
69 222
33 23
89 7
38 109
45 150
50 119
39 271
10 60
74 136
35 7
70 37
63 92
71 188
88 31
56 12
6 137
15 168
11 240
24 96
10 130
8 120
96 41
27 48
19 101
60 26
72 283
3 210
68 29
7 63
49 98
55 46
54 287
87 176
92 273
63 19
78 265
83 101
23 26
15 113
43 98
93 194
51 259
21 245
17 15
92 213
4 130
92 113
27 200
2 206
48 263
89 89
11 121
11 243
39 112
58 3
100 53
24 140
10 268
66 224
39 175
85 184
43 41
62 96
87 240
52 33
79 160
75 290
59 298
71 16
85 249
97 222
92 296
18 51
84 249
10 197
8 124
87 2
56 222
21 289
9 4
100 191
21 30
52 210
23 97
52 277
63 33
67 46
34 87
74 137
73 254
46 53
50 238
73 220
30 6
51 82
16 10
87 30
43 281
45 36
88 273
50 238
82 139
90 86
94 276
69 24
44 216
26 116
71 126
24 74
21 172
49 108
50 13
56 219
43 232
97 230
48 214
96 127
43 115
82 124
19 213
55 125
31 273
89 150
29 19
31 87
13 276
46 263
34 222
64 218
18 79
81 254
89 137
71 28
48 193
80 142
39 73
19 108
65 148
68 83
26 281
55 69
26 191
24 18
72 111
70 135
69 34
57 173
70 281
90 276
67 282
16 29
69 261
94 260
74 38
54 250
20 169
68 282
44 159
23 46
52 115
43 1
22 82
8 91
71 118
10 260
98 265
41 176
1 208
19 155
90 121
92 88
46 134
13 275
83 143
44 188
42 231
91 266
43 221
11 111
19 17
62 56
43 42
32 77
15 242
39 51
74 16
85 205
56 256
43 284
59 76
75 90
62 150
97 32
23 266
97 79
92 1
87 60
65 254
24 94
36 251
5 229
52 123
30 77
50 244
17 265
52 8
95 300
12 256
17 156
90 234
23 69
13 294
29 88
27 55
42 129
38 52
82 21
17 55
11 284
12 32
68 58
11 30
8 4
9 97
85 81
3 259
4 266
26 80
75 139
95 244
70 284
14 56
34 279
61 231
3 109
74 155
35 258
14 114
44 88
51 118
66 201
20 188
77 118
19 136
86 3
28 130
11 63
36 235
36 210
9 52
75 106
52 266
99 282
70 277
85 78
19 118
79 134
64 174
37 149
32 237
29 222
22 135
30 280
93 26
4 271
15 64
14 129
74 291
84 262
60 210
7 68
10 165
37 14
59 220
69 282
86 116
13 121
69 26
82 177
23 88
95 242
5 57
69 238
20 109
49 254
22 221
43 154
2 52
3 195
57 170
85 211
51 235
21 283
61 12
43 240
12 81
5 87
29 231
79 195
87 264
66 198
2 91
16 106
57 166
11 85
14 48
16 266
80 88
42 210
22 83
19 51
62 290
5 226
9 200
73 167
81 261
76 121
3 283
75 59
85 291
34 82
83 291
55 248
42 91
7 252
76 142
32 299
27 94
40 295
64 22
70 21
31 267
31 236
100 269
24 120
12 236
87 97
14 178
81 160
51 258
85 18
12 130
34 143
70 1
62 17
10 164
47 62
78 174
23 79
99 2
58 98
45 8
26 33
24 234
3 76
77 31
92 268
84 173
98 245
43 148
30 105
66 143
72 198
12 75
82 134
3 8
98 209
76 7
49 75
98 193
80 270
98 182
75 282
13 206
23 103
9 66
76 23
46 282
68 173
7 85
83 209
80 98
83 233
9 261
57 167
50 205
1 91
16 73
31 260
84 141
99 50
50 115
41 155
33 117
52 71
18 16
4 295
34 121
18 289
99 195
29 232
93 162
10 19
5 198
91 53
47 71
35 158
61 215
9 169
39 32
63 71
48 277
65 174
65 43
59 35
52 60
15 120
76 202
74 42
99 213
96 134
56 131
69 267
54 283
31 256
12 252
30 298
51 167
96 176
73 103
21 229
20 201
75 229
10 239
53 148
73 164
61 231
58 133
29 121
89 94
72 261
29 116
77 140
62 18
62 54
22 258
76 132
69 261
74 12
38 201
29 160
19 97
43 120
100 274
99 199
11 21
67 144
32 5
11 225
65 186
9 248
81 2
89 175
20 140
20 209
38 126
7 243
81 283
70 33
64 153
86 286
42 63
61 89
66 14
68 49
28 260
85 113
8 281
12 96
37 170
60 80
85 264
86 194
83 91
45 57
97 54
90 2
59 216
38 232
39 215
9 279
31 151
14 131
100 147
56 297
36 12
15 37
55 142
20 214
65 180
45 262
43 237
68 3
50 268
89 128
92 124
82 16
74 204
59 132
22 166
90 256
82 249
12 211
20 1
53 74
83 74
89 106
14 107
100 113
56 4
78 187
63 38
62 36
69 22
92 133
28 284
6 279
53 97
56 87
52 124
90 249
41 125
2 134
18 79
89 263
95 171
15 3
94 296
14 11
80 269
94 6
84 121
18 183
47 269
23 205
91 239
55 14
60 178
47 9
31 82
64 18
73 273
9 257
19 82
57 157
52 173
81 106
76 143
37 151
6 232
96 157
73 22
99 186
42 208
1 17
93 87
76 182
40 83
51 284
44 193
72 186
43 23
48 115
30 196
57 137
60 254
31 19
34 190
63 13
72 283
43 160
80 246
70 291
66 228
67 274
36 35
95 285
31 34
64 59
69 4
35 131
48 164
97 90
42 274
78 283
51 168
26 95
96 87
45 221
34 200
93 133
63 31
85 275
6 50
100 123
81 165
14 126
29 249
30 188
66 14
1 51
93 154
14 166
78 83
90 215
75 20
38 254
92 274
94 248
10 212
41 211
53 261
99 86
45 125
77 215
36 299
75 79
32 93
74 137
64 121
89 259
39 234
85 53
89 142
64 64
65 287
74 178
39 215
81 43
51 141
91 96
54 56
73 61
82 202
83 256
56 161
45 199
89 121
60 30
85 254
24 222
77 135
64 134
90 296
13 232
51 68
68 142
14 165
23 130
5 24
24 258
56 180
22 224
37 82
24 105
12 75
1 256
33 49
15 109
90 51
66 127
33 206
75 183
82 11
40 22
80 95
54 36
30 129
6 126
47 83
51 217
31 80
5 268
68 180
2 184
23 272
9 70
33 87
52 133
84 193
100 276
35 48
72 62
44 140
6 64
27 219
53 27
36 93
8 267
4 240
14 63
38 227
30 106
35 236
52 65
50 87
5 234
78 177
51 200
64 22
93 36
5 79
50 47
88 78
71 97
40 237
6 234
81 101
40 115
43 136
63 167
7 150
40 106
37 205
35 266
53 62
89 8
90 9
1 277
47 112
46 270
92 176
47 5
33 149
12 84
70 3
48 115
10 281
92 9
52 281
79 259
7 156
78 249
36 191
42 69
6 286
8 1
60 152
76 203
7 179
5 235
50 146
48 205
89 124
59 127
79 51
8 37
22 284
65 167
20 65
46 63
19 164
57 211
92 94
42 245
13 4
4 158
28 200
6 152
63 36
73 247
58 54
25 238
26 199
82 69
63 62
97 182
79 295
51 224
84 253
65 31
96 119
52 46
5 234
7 157
24 183
19 295
9 91
71 91
43 268
48 237
35 146
50 207
7 98
3 264
49 45
40 149
65 96
50 131
55 202
46 44
92 180
41 29
4 92
29 111
33 168
76 185
58 141
70 34
90 277
20 295
81 246
71 7
27 152
86 180
76 30
24 53
55 48
70 14
96 247
56 264
88 122
33 98
98 99
92 151
15 245
96 280
25 129
35 164
57 82
7 99
10 266
13 280
66 89
98 118
51 276
47 272
96 30
80 132
9 233
29 125
100 125
83 89
6 93
16 1
93 190
85 90
83 20
96 104
75 18
75 277
86 125
75 208
13 204
32 211
90 219
32 117
64 153
94 160
66 98
37 186
42 197
49 166
70 298
62 126
67 59
71 31
70 204
84 164
96 169
98 298
56 259
62 172
23 10
61 34
63 237
99 71
40 30
19 107
27 135
6 202
91 249
50 255
49 249
93 156
95 24
10 222
41 51
83 216
60 154
75 55
67 189
6 228
23 97
39 61
93 92
1 72
29 135
65 230
89 290
95 248
31 185
55 288
24 22
38 169
89 56
53 6
4 270
5 252
95 250
71 215
26 192
54 96
63 141
59 204
1 289
89 59
89 241
77 130
33 25
39 69
57 97
34 69
9 85
16 89
20 86
46 91
1000
93 16:15
54 16:53
71 16:10
70 15:58
13 20:50
52 20:04
20 20:57
18 22:08
48 15:34
44 19:06
45 22:35
15 20:31
1 20:14
68 20:40
34 20:39
10 22:10
82 17:48
57 16:42
67 16:12
19 14:10
4 15:16
95 14:31
3 19:23
99 18:45
97 20:34
46 18:14
95 19:51
47 18:46
50 18:34
29 14:55
1 21:47
67 19:29
61 19:27
62 22:18
93 22:07
24 23:38
68 18:30
43 18:11
56 23:37
75 14:15
88 15:21
84 23:38
52 17:28
79 23:22
7 16:25
6 18:03
21 18:22
15 17:38
15 23:55
77 18:28
95 15:46
25 19:38
80 15:03
92 15:02
26 18:33
20 21:24
14 22:54
100 18:11
60 15:25
43 21:25
40 22:04
52 23:47
54 17:00
75 18:52
74 21:33
16 21:19
80 17:03
53 23:23
96 15:10
9 21:29
24 18:20
98 16:06
81 14:58
10 21:17
60 20:39
66 17:13
61 16:37
23 17:17
65 15:22
90 21:32
23 19:31
32 22:28
56 18:10
61 14:02
92 20:44
74 22:29
64 19:23
2 16:08
46 23:05
75 23:49
58 23:33
65 15:49
38 16:54
14 16:07
80 14:30
61 15:53
27 22:38
56 19:03
31 16:30
29 16:42
88 15:25
37 17:14
89 22:11
76 17:11
50 16:25
27 19:07
95 22:35
11 18:22
16 14:23
65 16:22
29 16:33
83 14:08
28 21:28
90 23:35
9 18:43
24 21:27
57 15:32
23 15:40
43 14:40
59 20:57
11 16:55
37 18:58
76 21:28
5 20:55
57 16:17
89 19:34
34 22:57
70 20:27
60 19:20
74 17:07
30 19:37
6 17:24
85 23:16
67 17:57
34 14:43
12 18:12
67 18:13
54 20:38
40 20:13
34 15:34
74 15:36
38 22:43
89 23:18
62 15:05
65 17:12
29 17:14
30 16:16
29 22:33
41 21:19
39 17:58
3 17:41
86 14:31
4 22:37
97 23:54
54 16:58
43 19:16
27 22:54
71 15:24
17 23:31
56 16:04
69 18:48
11 21:47
45 14:58
94 19:55
78 16:18
19 16:49
56 15:57
26 21:34
56 15:19
27 16:59
24 18:03
35 15:07
25 15:40
57 21:25
41 20:37
76 14:36
82 16:34
51 15:18
11 17:14
40 21:26
62 22:25
64 15:13
66 18:12
63 18:54
73 18:59
47 16:32
81 23:08
40 23:57
58 15:57
3 21:18
15 20:51
65 22:39
30 14:39
90 17:40
29 15:42
48 18:07
43 19:39
34 16:23
37 15:24
90 15:04
21 16:14
34 14:39
93 20:05
3 15:44
4 14:35
58 23:57
62 22:47
60 19:25
52 22:54
39 17:18
29 16:22
5 22:50
51 16:40
64 20:50
74 16:36
87 21:38
83 21:16
36 23:01
91 14:51
70 23:24
81 18:06
77 22:37
66 20:08
20 20:46
72 19:58
19 21:00
45 23:21
9 23:28
36 23:49
99 19:48
11 23:07
93 21:05
87 20:01
44 17:42
9 19:43
37 23:44
99 21:47
25 14:15
79 21:49
30 22:44
58 20:10
89 18:07
75 23:03
56 23:51
24 21:19
54 17:41
50 18:33
37 14:51
81 21:12
23 14:15
10 22:12
63 23:39
9 15:34
38 20:02
21 16:02
97 16:15
34 22:29
54 23:25
81 14:06
31 22:46
65 16:56
54 16:40
57 18:39
38 17:26
25 15:11
44 16:43
23 15:01
25 17:53
47 16:12
59 20:50
72 19:06
54 21:14
68 21:41
54 20:12
57 23:12
42 15:05
18 14:12
30 22:07
34 14:25
73 17:08
31 14:03
88 17:32
74 16:00
95 14:17
100 18:04
9 21:48
16 19:37
89 19:36
80 18:14
72 17:08
1 16:27
88 20:28
91 19:28
87 23:05
76 22:01
45 22:24
91 19:39
38 21:41
92 19:23
68 14:28
2 14:16
79 17:40
33 22:30
81 15:11
2 21:22
64 18:25
4 15:04
94 14:46
44 16:41
5 19:59
82 16:56
11 16:34
81 18:34
23 22:35
5 20:28
28 17:13
36 17:44
2 15:40
72 19:40
35 23:44
50 14:57
95 20:45
26 19:32
71 14:31
53 19:34
71 15:44
82 19:47
86 17:52
58 16:01
78 23:12
2 23:50
84 19:14
34 21:56
85 20:19
75 20:29
78 14:13
93 15:35
69 22:16
22 18:35
60 16:28
6 16:34
77 14:41
3 16:26
11 14:42
96 22:59
77 20:50
41 19:17
4 19:06
13 17:16
9 22:48
24 14:20
95 16:15
41 18:38
66 23:33
86 16:01
53 15:12
75 14:46
93 20:41
41 14:58
50 19:12
48 19:14
1 15:20
11 18:50
11 14:27
99 18:41
30 22:42
25 20:56
61 15:37
27 18:11
68 16:39
5 22:02
37 21:22
84 21:07
92 19:03
20 15:41
22 16:37
55 16:07
8 21:59
37 19:41
86 14:50
41 16:57
7 18:02
92 21:11
77 22:57
28 17:02
6 20:07
35 17:56
88 23:27
34 23:09
93 17:33
68 14:07
40 14:09
35 17:49
62 21:36
70 18:20
32 15:52
31 17:26
12 19:19
95 22:17
99 22:01
6 19:37
78 23:58
29 21:19
7 20:06
79 18:12
50 22:26
73 17:59
71 20:56
58 23:10
98 23:23
97 19:25
82 18:03
50 15:23
54 22:33
44 15:29
42 14:24
71 23:12
24 23:43
73 20:53
86 20:45
20 22:19
59 22:26
28 20:14
44 15:09
7 23:47
61 19:05
72 19:50
20 16:51
20 20:37
85 22:12
78 22:25
74 20:41
82 16:45
62 16:13
52 21:43
36 23:51
74 16:11
93 14:45
87 23:05
6 22:46
17 15:55
39 18:50
46 18:42
21 23:41
18 18:46
28 21:08
68 21:49
29 20:31
47 20:48
45 21:56
82 14:01
66 16:51
7 16:15
64 22:00
3 16:56
98 22:54
70 15:39
55 18:18
67 17:20
90 22:01
1 14:10
16 21:47
52 22:45
20 18:21
89 15:53
72 15:47
16 16:10
72 23:14
69 21:46
23 15:19
33 14:21
88 16:38
97 16:39
77 18:36
51 15:16
14 21:17
76 19:49
89 17:59
33 15:26
30 17:44
82 17:00
76 21:01
100 22:52
73 20:16
54 16:36
31 15:19
27 23:07
27 16:55
14 15:24
78 16:20
13 21:15
77 21:48
62 14:33
58 23:05
79 15:14
89 21:09
81 17:59
72 17:34
48 19:57
45 22:23
12 20:23
51 14:02
3 14:28
96 14:39
13 20:02
74 23:33
36 19:18
53 19:52
33 21:46
43 14:53
58 23:53
21 23:03
22 18:22
42 19:38
74 16:36
25 14:52
70 17:23
96 18:59
11 19:28
66 17:52
10 21:32
52 20:46
97 15:36
4 17:53
40 20:39
9 20:36
70 21:16
43 22:49
57 19:23
78 14:01
56 18:59
37 18:58
72 18:45
9 20:13
37 16:45
62 18:23
29 18:25
41 16:55
73 21:32
50 19:00
87 23:13
88 23:03
47 22:26
95 22:54
90 15:03
81 22:56
73 23:43
64 18:00
78 20:15
15 16:12
91 18:58
35 21:08
82 19:04
44 14:35
8 17:49
4 16:34
90 16:03
55 19:21
86 21:43
4 16:35
38 23:59
91 17:03
100 18:32
47 14:11
64 22:17
10 23:48
91 18:03
62 22:57
25 23:30
6 19:33
14 23:16
66 14:42
17 17:26
95 23:11
85 15:42
58 17:15
99 17:41
87 19:34
47 20:25
13 17:38
86 15:07
29 19:30
48 21:07
74 18:35
3 23:30
11 18:20
32 21:55
63 16:34
48 22:32
32 16:46
5 22:02
3 16:10
90 22:12
58 19:09
89 14:32
87 21:34
20 14:45
16 21:09
74 14:37
60 22:52
34 20:35
50 21:44
68 14:07
43 15:25
83 17:06
28 23:34
75 21:49
5 16:34
7 19:23
99 15:50
98 15:15
13 14:07
86 17:43
25 22:03
13 16:00
36 18:32
27 16:53
87 23:09
96 15:24
84 14:13
34 16:38
22 20:50
53 20:08
56 17:43
99 23:51
79 22:11
14 19:16
26 22:20
24 20:26
77 18:04
41 16:13
37 17:19
35 21:22
64 17:18
54 22:24
11 17:11
65 18:25
60 16:00
69 15:28
41 20:50
60 17:52
42 16:17
9 14:21
86 18:18
86 18:00
75 16:24
34 20:09
60 15:49
28 20:38
26 15:32
80 18:07
51 15:17
52 21:18
95 23:05
77 14:27
99 15:01
68 19:22
3 14:35
19 21:36
42 17:07
9 14:14
89 20:55
100 19:07
88 23:45
92 21:07
96 23:31
76 14:48
46 19:34
92 17:02
86 17:36
71 18:53
27 19:26
50 22:06
22 23:07
80 16:16
70 21:42
11 14:37
67 22:44
11 19:33
98 15:47
62 23:51
99 22:29
80 21:41
100 19:01
91 18:57
2 14:30
38 15:48
13 21:13
13 15:36
96 22:17
29 23:54
1 17:03
57 23:22
98 19:37
8 20:09
57 21:24
21 15:40
6 20:10
59 18:29
74 21:35
43 19:09
82 20:11
34 22:36
4 16:25
19 16:54
97 19:06
64 17:11
92 21:08
68 14:34
42 23:38
93 14:50
90 23:14
35 15:01
59 21:39
45 23:01
52 14:12
54 15:30
43 16:33
79 19:41
1 23:03
39 15:54
40 20:46
86 15:00
87 22:47
70 22:45
2 23:30
71 22:38
77 14:45
51 16:10
6 18:38
38 21:15
41 15:44
14 17:29
40 17:57
92 21:52
31 18:10
29 18:14
10 22:18
60 18:34
88 20:59
81 19:28
55 22:15
79 14:55
57 19:29
69 22:03
40 20:05
70 22:34
74 17:05
93 17:26
2 17:15
27 14:01
11 20:45
61 21:14
34 21:53
16 14:17
26 15:31
64 16:42
48 22:28
15 19:18
59 15:57
65 21:25
25 18:39
69 17:23
6 18:04
81 15:16
69 15:40
67 21:19
17 14:41
23 16:50
49 18:27
52 23:39
83 22:11
95 16:19
42 18:10
81 20:27
2 20:28
3 17:35
32 14:15
67 21:21
18 23:28
81 20:41
84 14:02
97 20:09
12 23:58
83 20:54
63 18:09
62 23:30
4 15:51
69 15:57
100 15:51
12 23:26
31 19:32
59 16:41
74 17:31
24 16:27
13 14:05
77 21:05
64 21:35
95 16:08
84 16:27
61 19:51
91 19:43
8 23:57
84 19:09
96 23:46
95 20:27
35 17:25
13 20:25
93 16:32
71 15:17
100 19:49
20 22:37
37 17:41
36 18:59
46 23:02
50 15:56
89 15:51
90 17:21
17 19:10
16 17:54
3 14:51
39 16:30
84 14:52
73 20:34
81 20:43
49 19:04
23 16:48
91 16:49
45 15:16
33 23:27
94 20:58
78 19:21
19 16:49
91 14:48
13 15:36
79 15:44
30 15:54
51 22:48
54 22:20
94 18:14
80 14:29
43 16:41
18 21:57
1 23:17
33 21:22
62 19:32
20 14:06
63 17:24
47 22:22
31 16:04
87 15:59
46 19:22
1 18:16
59 17:50
41 19:48
50 17:42
96 21:46
27 23:35
39 15:06
83 14:45
81 16:24
36 15:26
34 16:57
90 23:52
58 14:55
57 18:48
65 14:12
76 16:22
20 20:12
33 21:20
37 15:18
2 15:13
50 19:20
18 15:32
80 18:12
28 21:45
53 18:15
78 20:43
14 18:12
67 14:32
78 21:27
54 19:07
34 20:24
90 14:23
44 20:29
10 15:40
38 22:08
4 18:57
83 15:38
3 21:54
27 15:34
49 20:56
29 20:41
50 16:23
34 22:48
92 17:03
89 17:46
13 14:30
50 18:51
64 21:56
7 17:46
45 18:35
100 15:48
4 23:11
45 23:42
82 22:22
70 16:38
53 23:48
38 20:10
53 22:56
72 16:48
60 14:03
81 19:25
71 19:01
34 17:09
65 23:33
30 22:19
56 16:22
15 21:05
69 22:57
42 23:29
57 17:17
91 18:58
33 17:55
54 17:52
33 23:26
98 19:38
13 18:14
36 22:32
68 17:02
36 18:07
50 22:47
50 23:10
43 17:43
7 23:53
24 20:29
89 22:32
6 14:16
48 23:34
45 18:42
6 20:39
6 18:15
54 14:48
60 16:10
77 23:07
19 20:36
9 22:41
34 18:05
13 18:04
43 19:50
64 16:26
21 14:47
85 14:08
49 20:33
88 22:30
64 14:42
67 17:06
95 21:22
79 19:09
60 14:27
11 15:51
45 22:05
5 18:10
90 23:54
89 17:31
100 15:23
75 19:05
99 21:57
16 17:19
43 21:46
95 17:08
90 22:13
95 18:35
69 21:09
41 23:36
2 20:33
64 20:01
77 16:21
73 15:51
45 15:37
56 22:35
1 15:26
58 21:29
90 16:01
45 19:51
24 19:03
53 16:56
16 23:45
96 18:08
64 18:28
44 22:27
25 22:04
75 17:47
52 17:48
59 17:31
56 18:36
48 18:19
71 20:38
67 18:30
83 19:58
0
