1000
45 298
52 178
78 71
66 153
27 182
96 172
29 23
27 115
32 80
81 218
55 209
74 19
49 269
6 223
49 101
26 143
85 45
13 296
91 76
63 152
57 19
81 12
12 262
60 119
47 51
63 64
93 235
78 251
71 235
69 147
94 118
19 220
64 31
27 103
49 113
84 143
57 9
33 267
80 184
52 27
66 161
26 223
20 153
55 189
62 86
70 227
81 77
88 17
36 283
53 148
75 258
11 47
43 263
58 273
72 183
80 124
100 206
53 288
11 103
37 230
87 186
61 130
82 282
44 39
2 231
35 198
29 210
91 270
89 102
49 167
30 212
50 68
17 282
80 78
83 41
53 117
66 202
74 189
79 61
27 69
29 269
61 58
84 223
36 128
30 210
82 40
6 270
75 1
78 252
19 173
91 214
65 102
42 76
26 294
57 57
12 235
71 1
7 19
16 199
25 111
88 43
77 184
57 215
60 271
31 157
70 249
36 251
2 154
52 278
79 199
83 104
41 110
40 165
61 205
76 63
68 61
8 229
43 16
83 221
11 40
51 134
13 211
53 140
25 216
19 189
46 88
55 120
85 276
37 268
27 68
57 195
44 25
29 127
66 147
23 117
2 114
35 192
45 122
24 149
56 209
96 21
60 167
17 278
16 300
90 253
94 121
22 191
26 164
79 106
48 53
90 51
67 181
70 210
40 178
98 238
25 231
87 257
27 110
54 34
39 251
14 201
96 203
48 34
88 284
12 234
43 135
71 259
80 299
5 171
63 232
37 114
19 264
55 87
77 49
90 199
20 83
86 164
50 219
79 30
39 171
34 115
53 256
63 260
8 246
40 126
87 35
9 10
61 263
25 265
85 178
56 175
96 159
69 194
61 163
70 133
15 185
13 225
93 276
65 32
18 73
70 196
38 264
21 42
41 229
40 20
42 119
25 8
67 55
52 246
7 97
17 88
88 33
74 276
63 12
22 265
44 245
43 173
58 157
22 114
46 41
69 80
22 223
76 271
34 156
46 182
90 105
21 259
63 67
64 47
10 215
50 8
53 1
5 285
33 84
100 82
28 223
7 245
48 103
30 288
27 193
92 64
21 101
58 61
42 83
57 191
100 25
72 129
41 97
85 63
5 40
54 121
39 143
3 150
24 130
14 3
12 174
81 257
31 231
47 132
91 222
78 228
44 146
53 179
40 298
74 241
93 114
84 129
63 250
32 169
70 208
29 211
51 56
99 265
34 130
9 158
80 271
49 250
38 147
32 168
78 246
49 89
100 225
39 20
84 67
59 276
58 197
50 230
6 70
19 191
21 167
12 216
39 294
82 48
58 151
86 286
83 95
17 216
12 85
67 31
50 199
8 284
36 90
63 62
72 124
43 113
36 65
59 102
35 31
77 288
33 183
70 214
84 13
72 30
64 71
63 282
10 93
90 141
76 174
53 264
40 143
59 241
39 116
30 231
64 139
57 36
1 290
45 252
39 143
30 111
72 118
92 216
42 209
42 66
91 94
54 143
72 258
83 24
70 268
78 5
89 282
6 161
23 52
42 52
73 73
5 110
100 90
94 295
27 83
59 213
47 292
70 65
59 113
17 246
85 234
31 178
72 2
65 3
35 273
6 117
11 103
58 212
32 79
83 233
42 32
26 172
25 175
12 276
89 132
24 95
92 21
56 191
40 89
62 5
98 158
85 276
75 114
83 41
97 174
82 299
97 183
86 272
90 136
1 214
54 116
90 162
43 262
62 240
53 174
52 13
10 66
34 173
55 193
60 189
73 254
85 45
70 40
36 77
84 173
29 97
6 44
24 140
78 288
64 105
71 70
80 209
97 121
50 140
37 144
61 184
89 99
29 214
99 256
35 186
5 5
95 70
33 173
93 61
14 55
87 253
50 163
81 178
89 144
4 161
75 144
81 126
89 278
89 32
26 190
65 273
27 248
75 92
55 270
53 25
53 115
27 206
47 191
48 76
76 114
41 240
88 220
40 114
66 126
86 213
26 282
59 8
12 14
51 145
57 51
90 36
13 117
87 34
84 30
32 195
21 171
81 236
59 104
47 57
26 136
7 90
66 184
51 168
99 8
44 63
89 204
37 98
92 168
47 34
82 171
38 294
8 220
47 58
74 280
38 27
63 98
53 51
88 57
57 1
12 30
85 167
100 2
29 22
72 72
24 18
30 182
66 174
100 23
39 206
48 105
4 136
47 62
63 300
59 145
56 255
59 242
43 265
7 124
16 221
51 94
14 117
10 275
71 168
47 11
34 28
93 150
26 31
68 207
50 132
15 162
13 149
23 2
97 49
56 230
42 111
75 125
48 253
44 11
97 46
44 33
44 296
93 296
43 98
97 274
2 92
56 142
88 173
14 93
29 198
61 25
44 212
7 121
67 64
46 289
50 16
3 7
24 165
24 70
20 255
86 298
78 212
50 92
60 253
16 96
67 49
100 156
78 144
23 198
87 43
66 225
87 288
16 76
39 12
34 108
76 95
70 107
15 80
62 64
37 182
63 117
76 119
51 183
95 166
82 33
95 102
87 112
63 44
27 245
88 233
32 94
24 42
35 262
20 232
22 59
48 228
40 195
64 81
25 79
68 239
30 197
55 104
88 52
84 65
97 48
84 112
60 289
32 95
80 213
46 160
27 284
81 290
79 291
42 262
62 158
60 131
54 59
36 71
83 128
82 39
96 179
79 17
27 164
91 120
21 11
12 43
41 228
11 242
96 299
67 173
38 19
60 74
30 278
82 273
83 133
82 22
17 262
28 35
74 271
86 251
23 161
87 246
57 89
43 90
24 270
34 13
92 131
12 40
79 146
12 199
32 5
28 206
97 79
31 180
7 103
56 229
32 37
38 185
69 277
33 211
73 88
12 235
66 180
19 136
7 247
51 297
6 159
27 154
58 245
29 142
100 203
66 298
9 234
14 100
3 16
32 121
73 30
77 43
96 261
5 240
99 126
62 163
49 292
72 32
70 165
34 138
87 219
3 34
34 48
67 115
50 4
80 236
2 299
80 297
20 147
92 198
91 58
22 80
33 74
82 274
83 76
34 35
6 116
16 20
36 68
56 5
1 87
74 275
54 195
77 173
39 224
49 295
4 179
43 286
34 124
34 253
35 7
23 91
28 133
4 10
53 141
82 235
78 220
2 231
72 79
1 202
89 122
10 282
36 118
12 39
21 103
27 76
9 118
4 76
84 158
96 122
46 247
52 89
4 240
43 28
11 6
60 270
70 17
31 253
37 2
57 80
68 117
18 125
68 59
19 219
76 220
76 217
56 91
51 235
99 190
66 298
13 260
29 279
83 60
24 230
5 283
15 241
76 53
91 110
30 148
84 236
3 62
51 87
6 40
99 133
83 62
98 173
69 153
65 154
26 283
92 279
54 210
62 169
50 239
81 84
58 192
56 191
97 236
54 231
99 90
27 55
40 193
56 121
15 126
59 138
97 94
63 298
83 158
81 270
88 52
52 167
96 296
35 140
86 42
8 251
57 98
3 32
22 293
15 281
39 246
16 129
90 282
54 187
99 199
97 230
60 275
58 219
8 259
24 254
2 121
58 249
51 283
8 281
77 257
72 30
77 210
44 109
3 178
9 188
100 266
6 194
65 72
8 264
38 273
4 194
37 296
44 166
97 289
26 2
57 86
19 80
81 9
90 15
63 58
59 75
29 218
83 190
34 56
5 65
10 62
58 241
88 300
25 146
99 261
48 119
74 130
99 79
19 95
47 103
61 146
61 62
42 211
4 265
97 10
39 259
69 275
83 24
45 207
53 100
5 65
43 239
8 112
17 179
39 248
42 281
27 207
94 59
51 261
90 189
17 34
58 146
37 123
79 98
69 43
37 214
15 236
14 292
8 140
68 299
42 245
84 13
16 20
99 155
76 149
37 116
90 136
71 266
87 246
53 270
49 108
45 206
9 195
46 156
80 27
69 32
6 89
80 214
52 106
36 1
89 46
44 87
76 41
74 231
76 13
90 95
7 76
100 233
51 32
59 236
38 268
63 6
97 244
87 253
91 168
56 191
14 121
88 298
35 280
54 116
6 83
9 254
1 9
15 287
53 62
80 84
24 135
83 85
25 271
28 50
21 282
3 251
88 236
16 229
59 298
88 106
67 117
42 111
49 107
97 196
11 161
82 7
12 77
85 269
20 25
40 49
30 8
78 10
61 282
85 47
40 250
47 85
25 97
27 18
41 80
7 59
2 134
4 35
8 257
84 161
56 122
95 142
2 179
5 4
2 44
27 106
66 36
56 277
66 5
42 46
60 122
65 278
84 148
67 146
54 147
84 34
63 71
8 212
58 210
99 169
64 236
77 80
94 36
98 6
57 116
3 153
89 100
82 159
67 231
94 273
21 232
15 269
44 247
4 260
12 26
65 44
9 133
15 294
10 239
82 299
13 267
39 149
50 131
22 75
73 272
50 272
45 206
94 139
27 14
42 6
49 261
99 207
55 139
26 96
3 48
4 222
100 153
50 31
54 170
1000
15 18:07
76 22:09
74 20:39
30 21:10
100 23:00
47 21:25
27 15:49
18 21:54
88 23:34
65 14:38
70 19:24
58 19:29
87 18:38
97 19:08
75 18:16
17 22:59
38 15:25
98 18:53
15 23:57
12 23:46
99 22:04
30 23:34
38 19:47
65 17:51
76 20:57
18 19:33
14 16:42
93 20:34
76 20:11
100 20:52
94 20:03
87 20:38
2 20:44
9 23:59
25 21:08
23 19:42
15 22:27
43 20:28
92 22:59
4 18:21
64 19:08
44 20:37
31 20:23
58 20:55
42 14:10
89 14:45
65 21:26
8 18:35
33 19:23
96 22:33
31 22:26
31 19:56
97 21:43
42 23:16
81 22:10
13 16:41
44 22:21
54 20:46
5 20:31
3 22:05
10 15:19
24 19:20
49 19:31
60 21:13
19 21:36
95 19:31
70 23:35
68 22:30
17 14:09
59 19:00
4 19:35
70 22:24
67 23:54
72 15:49
55 15:34
42 19:42
67 22:40
81 15:56
49 18:43
20 16:17
5 16:38
22 15:36
81 15:48
98 18:46
6 14:08
47 20:22
1 18:51
54 20:15
70 16:01
10 17:16
77 19:26
90 19:46
86 18:59
85 21:39
75 18:55
30 18:29
94 22:40
45 19:02
85 15:44
86 14:12
16 18:02
72 17:42
22 20:12
37 20:12
52 15:51
24 21:18
76 14:33
59 22:22
34 16:02
10 18:13
79 16:36
31 20:02
44 22:54
12 20:58
1 15:32
26 14:39
93 20:04
47 18:13
84 18:12
95 14:26
34 16:37
22 16:53
96 15:45
61 16:53
100 18:40
13 20:08
18 15:35
100 23:06
4 16:29
55 21:09
30 15:48
11 22:57
70 20:31
73 19:39
18 14:04
68 20:19
27 19:23
24 14:38
20 23:25
8 14:55
32 19:36
67 23:37
92 16:14
7 20:18
17 14:33
54 18:08
7 19:38
6 22:27
42 18:39
28 23:41
94 16:14
96 14:32
68 21:15
70 20:56
41 19:20
40 23:14
65 23:32
58 23:34
72 23:18
58 15:18
44 16:06
5 19:07
81 18:35
65 23:26
23 18:38
74 15:32
52 19:49
83 18:54
49 21:18
80 23:53
58 21:50
69 20:55
64 18:13
56 23:36
7 14:05
91 21:03
76 23:13
85 23:00
4 22:36
50 23:38
85 20:41
57 17:13
45 18:21
65 23:26
53 17:37
23 20:15
76 16:35
67 22:09
44 15:11
15 20:10
16 15:22
44 15:46
91 19:57
56 18:34
67 21:13
16 20:49
29 15:50
35 18:24
97 16:43
14 17:27
89 16:04
17 19:36
79 22:54
42 23:24
50 23:08
1 17:15
28 21:16
84 16:51
57 22:18
91 22:06
39 22:24
87 23:07
75 22:18
18 15:39
39 19:25
30 19:28
88 19:48
96 16:10
50 17:24
66 16:20
81 21:38
32 18:42
78 22:34
78 15:49
3 21:09
19 15:43
27 22:33
50 19:46
34 22:04
100 18:58
75 16:23
13 19:10
71 21:36
42 19:53
53 19:12
44 21:52
62 23:16
74 15:59
43 14:19
28 17:32
13 20:30
78 14:18
48 23:32
27 19:19
43 20:13
84 22:20
23 18:57
64 15:31
53 18:28
89 19:27
57 14:04
10 16:09
41 21:30
42 17:24
71 15:14
65 15:03
94 15:09
58 20:18
58 19:45
37 18:26
61 23:45
94 17:20
65 20:59
81 22:37
35 15:17
47 22:16
38 20:54
69 23:25
89 19:55
32 18:52
53 14:19
21 17:41
79 20:03
66 19:01
84 21:03
32 23:05
5 21:42
2 18:17
97 21:49
62 16:54
13 21:49
50 21:29
79 19:25
90 14:20
35 19:54
56 15:01
54 17:08
60 21:49
23 15:03
85 14:27
98 21:38
96 21:28
19 17:55
96 17:08
88 19:12
69 16:55
38 23:55
41 14:53
5 20:36
72 17:35
66 21:56
46 20:19
13 17:45
78 14:14
7 17:52
89 19:16
45 15:18
13 19:55
66 19:23
76 22:42
77 23:26
32 16:31
51 23:27
16 23:02
48 23:56
46 14:11
27 18:24
42 23:52
75 18:35
3 22:46
34 19:17
29 14:55
77 15:22
63 17:01
66 20:57
30 18:29
17 20:16
10 17:38
19 16:03
14 18:13
11 21:25
46 17:21
17 23:36
72 16:28
59 21:40
28 14:38
33 22:03
5 14:28
85 15:26
31 20:38
36 20:33
90 19:34
96 19:48
98 15:37
31 17:29
65 15:28
74 16:24
35 15:30
29 15:01
44 18:40
26 20:25
79 22:09
56 20:55
1 23:49
70 15:41
59 16:47
12 19:53
8 18:00
13 15:48
22 23:54
34 15:30
8 20:22
58 15:56
9 19:16
10 20:51
51 18:43
43 23:42
49 22:53
10 22:31
17 23:30
3 21:49
96 20:44
21 17:49
81 16:18
37 19:17
5 14:09
33 18:38
67 22:29
91 17:16
95 14:31
69 15:26
63 14:40
87 22:55
63 20:42
64 15:28
65 23:53
69 20:53
19 18:55
48 21:06
23 22:48
47 17:57
39 14:17
23 22:37
15 15:58
72 17:16
91 23:24
2 17:56
69 19:09
38 20:52
7 16:30
73 14:25
9 19:57
20 22:28
70 21:04
36 15:30
99 15:42
96 20:51
44 20:22
89 21:03
38 19:35
10 15:18
88 15:08
96 20:38
10 20:37
19 19:54
7 18:36
86 15:59
97 18:21
19 18:41
95 18:04
50 21:38
86 23:37
12 22:29
44 14:54
43 22:24
41 21:57
88 15:04
10 22:14
96 23:43
36 16:13
95 16:43
81 19:25
6 17:36
90 22:38
35 15:57
32 20:04
14 16:14
46 18:08
26 22:52
91 17:14
16 18:17
76 20:27
63 16:52
18 19:31
5 16:19
85 21:48
69 14:37
83 23:36
98 20:54
62 19:53
11 20:18
91 19:27
75 17:54
89 16:29
14 14:31
5 14:19
1 15:11
12 17:03
31 22:26
98 19:54
80 19:30
40 21:56
18 15:20
100 15:05
13 21:20
42 21:03
99 16:10
43 19:42
6 17:17
42 17:34
89 21:20
39 17:04
77 18:35
99 19:26
31 18:56
7 21:31
40 20:28
68 19:57
29 14:56
47 22:56
97 23:20
71 17:40
89 23:27
60 20:39
66 19:51
77 19:04
11 19:45
75 18:41
85 18:53
3 18:11
71 19:01
33 18:51
58 17:10
51 14:51
27 23:09
10 21:31
47 17:21
40 21:06
47 14:38
77 17:18
44 21:16
85 17:20
71 21:40
62 14:37
20 15:31
38 21:24
8 23:46
65 17:26
34 14:43
56 20:19
80 21:08
4 17:20
57 15:47
52 14:24
45 23:29
36 19:50
47 17:59
8 14:30
10 20:23
85 16:35
3 23:52
38 19:59
66 23:50
85 19:09
19 22:02
95 19:53
59 21:22
77 19:12
75 18:57
1 19:17
64 16:23
100 17:45
12 15:29
65 14:20
4 18:45
54 23:21
10 20:15
46 23:35
44 21:17
47 14:04
30 14:07
64 21:42
81 22:58
41 14:01
8 17:15
86 16:16
24 21:02
73 15:44
62 15:14
60 23:25
4 18:02
87 17:06
44 21:02
57 20:34
51 20:38
33 17:22
66 21:55
43 19:40
1 23:28
44 15:03
17 21:55
30 14:30
52 21:48
56 16:35
78 16:38
13 18:55
2 15:01
91 18:04
29 20:28
85 20:54
3 17:51
61 23:34
24 17:17
24 19:21
80 21:49
31 16:39
26 20:16
67 18:55
16 14:25
43 19:28
68 18:01
92 21:53
31 21:56
13 15:50
15 21:50
21 20:24
19 18:26
78 16:30
87 22:10
83 22:05
21 16:31
12 16:34
10 21:28
48 23:11
94 23:00
35 14:37
59 20:50
49 18:01
31 19:27
31 18:07
7 20:19
9 20:35
63 19:16
63 16:55
64 19:20
48 17:57
69 14:29
28 16:33
37 23:48
41 22:39
100 21:19
28 15:41
40 20:21
17 17:38
49 23:41
84 21:54
72 20:08
37 17:38
4 16:51
98 16:03
87 17:36
24 15:41
8 21:04
55 14:45
36 17:26
26 21:20
90 14:27
19 20:18
54 21:53
10 17:55
74 20:24
16 19:23
28 20:24
81 17:31
22 18:59
94 23:15
79 14:47
1 19:49
61 14:10
70 17:25
55 17:28
35 16:06
65 20:01
34 19:34
70 18:42
25 20:45
1 19:36
99 17:56
87 23:18
29 16:50
100 19:01
63 23:07
52 23:34
52 19:29
96 17:08
75 23:01
1 22:03
16 18:23
28 17:04
35 18:34
79 20:01
11 19:36
31 23:52
73 17:11
54 21:54
85 18:58
95 19:50
45 22:25
79 15:45
98 23:42
18 18:47
12 19:23
71 17:16
98 22:28
24 21:12
12 18:44
66 22:58
62 17:51
75 14:14
42 18:58
53 22:16
38 22:01
74 21:37
84 17:15
88 14:56
9 22:01
7 19:21
83 19:28
88 18:07
91 20:13
41 22:24
59 23:45
70 14:52
56 16:25
50 21:13
10 20:21
35 15:27
22 22:45
78 21:09
88 14:46
30 16:46
3 20:49
18 21:33
26 17:19
97 21:38
56 17:26
70 23:08
98 15:27
89 16:42
20 16:05
48 16:49
13 20:36
73 14:24
22 20:45
19 23:41
98 21:25
82 19:58
83 18:14
44 20:41
8 20:24
34 17:53
70 23:22
80 21:23
87 17:51
76 19:38
29 15:13
64 18:25
19 21:14
34 15:11
7 20:14
52 22:51
16 15:56
44 17:02
64 14:01
57 23:21
33 21:21
26 20:43
55 17:11
78 20:35
81 17:16
45 19:46
9 22:02
75 16:01
97 16:01
39 17:38
91 21:09
37 14:51
15 22:11
39 23:30
12 16:39
28 18:45
64 23:55
57 17:06
89 19:40
13 22:36
32 22:14
64 15:08
99 19:24
56 17:57
77 22:45
67 18:45
40 22:11
79 14:16
100 16:19
83 14:01
10 14:28
77 17:25
71 15:13
69 22:57
58 14:26
41 14:48
60 19:26
60 15:42
23 22:54
64 14:01
60 19:41
23 19:20
1 20:45
86 18:13
37 16:40
13 17:59
22 16:19
93 23:33
49 20:28
27 22:06
4 22:38
25 19:58
85 14:50
50 20:26
85 22:51
58 17:36
43 23:10
67 20:18
37 19:59
41 15:16
96 22:43
93 19:50
24 20:56
76 21:38
62 20:09
54 14:23
78 15:22
1 23:27
23 19:33
10 17:22
5 22:18
7 19:28
88 21:51
82 20:26
26 17:40
69 23:26
11 20:16
74 14:05
48 18:41
29 15:40
74 14:01
96 21:35
51 18:14
50 22:00
58 17:00
3 16:23
87 18:58
19 16:55
25 15:26
44 17:31
31 14:24
2 15:12
48 17:20
37 23:07
70 18:42
65 22:12
46 19:54
57 17:30
41 22:40
20 17:49
38 22:47
85 15:18
15 20:21
77 14:35
49 16:59
55 21:15
60 22:23
11 16:36
37 20:06
45 14:15
82 15:48
3 16:13
4 22:03
66 21:54
51 15:52
6 22:39
79 20:43
37 19:04
25 21:38
38 20:44
84 14:49
68 17:27
73 16:46
8 21:00
76 14:02
27 14:54
28 16:32
4 17:00
41 18:43
7 15:26
29 22:34
73 19:40
94 23:49
63 19:26
97 23:39
65 18:01
57 18:17
66 16:47
10 23:03
14 14:21
96 22:42
63 23:17
97 16:08
36 14:37
17 21:31
23 21:45
7 14:27
60 20:28
61 20:21
54 15:15
99 17:11
31 18:36
26 20:09
19 21:53
95 17:53
57 17:57
57 19:03
60 20:46
63 22:38
74 16:21
21 23:12
46 19:32
1 17:46
84 23:13
57 17:51
99 23:16
12 16:25
79 19:00
82 14:17
55 17:22
32 14:15
4 15:44
87 21:06
14 19:31
47 21:42
98 14:59
43 19:54
2 20:26
8 20:28
33 23:26
63 17:53
6 22:11
30 22:28
30 15:20
13 23:48
27 23:49
45 22:03
96 22:57
46 22:11
14 18:51
22 18:47
34 19:55
41 14:43
68 17:00
6 20:21
34 16:11
17 22:28
38 19:42
67 18:10
43 22:06
7 14:07
11 23:53
70 22:55
16 17:26
58 21:51
4 14:49
6 21:01
43 14:55
65 21:10
55 20:43
56 16:53
56 19:00
29 17:39
55 22:29
85 14:59
19 16:23
52 18:43
74 15:02
60 14:11
21 22:24
83 23:47
87 20:39
69 14:18
64 19:10
37 16:54
53 19:12
70 14:10
78 23:51
74 22:52
70 19:14
26 23:07
98 23:37
1 23:21
72 20:47
81 17:48
74 22:34
41 20:55
88 17:29
30 16:07
75 14:25
76 15:47
18 14:53
73 19:04
48 15:10
55 21:37
55 23:27
49 21:33
95 17:44
36 23:07
91 19:36
19 21:29
81 22:07
25 22:30
91 18:20
20 16:49
92 23:47
66 16:59
59 19:14
39 14:16
28 16:56
14 23:43
5 14:47
29 17:54
35 15:09
78 21:09
1000
33 246
40 286
83 158
53 279
3 74
57 62
44 166
90 44
44 98
94 164
80 46
86 261
5 4
56 271
9 177
75 217
94 124
58 241
70 240
14 192
88 124
4 88
62 228
98 187
64 113
76 158
76 145
75 214
66 48
5 189
26 277
8 193
95 253
3 112
66 149
25 159
35 171
77 73
56 252
5 62
68 171
75 249
65 255
49 21
89 32
28 147
93 235
59 81
47 213
25 229
70 107
72 41
24 151
36 169
71 273
23 286
95 123
94 82
99 21
8 111
29 214
29 96
31 63
42 90
52 224
15 111
59 284
5 137
58 40
29 293
97 117
100 250
42 258
53 88
73 143
20 95
39 248
96 217
64 160
68 131
99 42
53 243
81 41
7 231
30 46
48 288
62 158
13 194
96 32
19 299
55 73
17 258
55 199
29 17
23 47
80 200
6 90
30 300
54 190
25 180
91 252
69 295
38 261
72 266
2 5
46 239
23 183
64 163
40 199
80 64
84 96
56 133
13 98
24 22
45 294
41 155
50 239
52 177
32 174
86 127
96 109
33 261
90 265
55 222
83 147
50 90
60 235
39 83
84 64
26 142
88 7
34 4
39 227
69 230
64 100
99 216
1 139
28 180
15 130
87 87
59 217
17 220
39 139
69 110
5 288
8 254
96 267
16 288
81 108
81 78
91 61
84 49
70 136
64 137
28 75
57 259
73 183
14 41
49 78
54 152
91 144
27 116
84 31
31 177
88 6
54 270
13 299
79 223
74 5
51 103
33 20
55 81
80 54
90 269
60 66
98 127
8 271
85 80
13 143
55 22
2 16
14 53
1 43
26 177
46 219
22 210
11 69
43 141
65 14
3 145
15 112
41 198
16 12
39 57
46 103
64 116
80 71
95 35
4 41
59 295
73 193
85 218
46 278
43 240
68 110
67 76
64 40
19 274
1 116
89 187
92 58
98 133
9 76
83 17
73 161
84 174
68 142
37 48
33 258
49 221
20 132
40 126
31 225
68 169
100 267
88 74
30 82
65 156
98 164
80 94
73 290
36 121
67 117
52 51
73 174
48 176
73 2
100 124
82 69
24 249
16 149
2 247
49 129
69 245
82 282
36 194
3 38
15 256
97 7
55 71
5 74
27 105
45 13
38 125
22 54
20 90
66 153
49 233
9 244
83 177
83 5
50 269
8 163
88 76
74 68
55 113
46 230
44 121
65 61
26 113
98 85
22 142
1 141
59 184
81 123
9 3
49 148
70 200
4 14
21 87
75 132
7 12
84 198
82 216
64 14
87 232
95 18
95 72
87 39
14 249
38 149
17 283
53 96
28 163
46 159
45 80
64 59
14 64
18 86
61 288
92 39
95 91
76 97
72 21
20 48
9 203
99 292
73 162
91 269
100 28
34 149
92 184
32 252
34 58
48 157
65 255
89 278
1 290
75 285
48 42
85 204
55 118
89 6
15 191
82 159
18 129
6 226
22 209
24 148
2 213
55 28
10 172
20 37
9 59
100 200
18 136
58 10
82 226
3 36
37 134
71 225
90 57
7 48
100 210
44 287
2 241
23 167
13 111
9 261
4 156
68 144
76 47
2 212
33 88
82 42
41 100
57 165
76 136
92 196
48 287
55 213
2 218
11 162
20 53
35 202
20 132
3 6
17 161
42 284
32 160
6 139
90 76
33 245
52 183
19 2
63 149
5 206
54 81
84 56
12 157
66 107
6 203
100 130
64 12
25 111
87 224
26 97
80 94
15 134
42 241
56 18
69 119
7 81
22 293
85 11
33 28
68 34
62 10
32 143
79 211
56 109
22 226
71 70
39 299
74 140
87 51
80 51
91 130
93 159
86 47
59 273
64 280
54 173
69 224
10 295
81 215
63 134
77 37
8 99
95 142
42 38
41 179
71 258
83 128
86 296
46 261
30 279
79 75
3 185
89 109
87 88
62 191
65 41
4 261
78 80
8 291
41 274
74 155
84 120
35 203
67 184
78 122
57 181
56 117
81 234
36 126
91 111
10 51
38 259
76 27
32 25
2 258
12 130
8 103
20 266
1 23
75 251
78 35
12 54
2 224
8 87
68 62
53 4
77 51
15 152
11 26
59 101
69 64
62 159
45 141
46 15
35 266
39 65
91 174
37 92
24 290
69 182
99 1
81 230
84 96
56 188
10 75
22 198
33 44
12 81
35 251
75 106
88 158
79 257
75 38
17 109
28 222
100 25
51 52
24 35
49 297
40 167
58 188
26 154
14 210
49 24
80 273
90 262
12 234
70 136
72 23
43 38
53 205
64 25
2 222
6 221
21 279
40 133
53 175
83 130
37 251
79 279
27 109
88 160
91 243
81 74
72 250
13 199
71 166
46 30
7 11
54 209
53 212
20 157
45 140
12 238
84 170
34 280
76 193
33 300
4 140
3 251
81 2
99 32
82 281
21 188
38 48
73 39
23 110
99 24
97 45
38 145
44 180
67 261
7 148
64 262
37 265
16 246
89 127
82 128
22 35
94 87
19 288
7 71
81 233
53 146
88 84
28 5
2 3
94 159
16 31
98 286
33 130
98 77
98 298
50 36
27 290
53 146
86 151
6 84
5 51
19 211
48 280
23 288
73 145
82 181
47 289
22 59
9 164
7 166
31 181
30 253
29 225
13 226
91 49
65 247
9 146
21 207
88 246
38 287
40 185
60 5
96 166
33 94
39 170
99 202
20 43
54 132
92 121
46 23
70 91
14 13
3 146
42 257
100 161
62 282
53 116
44 109
71 266
66 51
68 133
19 145
17 5
4 144
16 48
85 269
7 12
94 120
97 253
55 226
60 229
91 205
91 109
76 47
96 126
98 182
72 244
35 159
90 257
89 216
97 145
14 263
2 77
52 292
34 253
23 278
92 118
28 171
65 176
91 269
15 69
48 187
96 43
6 243
87 110
40 91
32 200
12 111
4 108
77 179
54 273
3 181
4 257
50 289
25 182
75 231
17 155
74 289
42 246
48 166
4 141
15 134
79 182
12 255
75 63
96 143
65 254
39 139
84 33
40 115
78 294
9 127
72 101
73 298
19 250
71 36
25 20
22 265
68 198
9 172
96 154
46 105
39 111
98 259
4 235
27 261
36 96
32 119
69 218
19 108
68 162
68 261
42 114
6 152
57 4
84 142
64 259
70 169
80 240
8 119
16 38
74 23
39 116
4 141
13 214
60 168
56 230
30 253
36 248
19 55
4 1
77 117
90 148
17 159
60 249
18 233
25 18
54 53
96 27
79 259
55 258
15 277
54 187
3 295
33 44
56 281
32 32
87 48
65 157
47 55
47 23
72 150
13 243
82 54
13 280
31 214
94 213
45 93
100 271
55 5
74 17
82 231
32 189
35 228
67 208
23 20
9 293
65 126
18 178
11 283
95 36
28 277
16 103
54 122
25 237
47 169
20 147
40 254
58 173
64 49
87 195
86 240
83 131
54 280
18 182
37 184
14 133
59 298
88 17
17 225
97 14
31 116
77 139
79 183
65 26
79 7
64 33
79 249
31 126
19 9
47 39
63 53
7 161
7 55
22 134
82 282
15 44
46 170
35 60
86 13
5 111
39 270
56 167
59 40
55 241
62 142
19 34
30 205
76 80
78 133
49 98
10 29
45 182
25 230
65 206
94 151
98 25
29 38
34 272
85 156
17 252
78 209
64 106
21 146
23 96
65 120
83 177
29 150
82 125
91 266
54 201
71 192
92 286
88 118
50 280
26 127
15 48
17 246
61 163
29 162
46 299
90 272
51 8
78 52
91 116
25 244
40 62
28 53
39 49
49 119
76 23
90 3
75 24
56 195
2 1
85 262
15 85
97 285
66 246
38 297
30 75
62 241
42 5
18 270
55 287
36 85
96 258
92 21
95 60
26 294
98 217
26 78
25 296
86 154
86 84
92 263
96 170
31 33
92 268
100 131
20 78
60 100
11 4
24 69
66 245
52 225
75 230
100 122
7 118
48 12
84 237
37 114
13 178
52 131
42 121
39 211
47 116
26 248
3 242
84 191
80 42
45 266
8 193
26 297
59 250
99 263
88 81
5 172
42 286
32 189
24 231
10 72
82 73
93 148
5 146
73 15
96 131
46 138
85 49
65 24
8 5
80 15
3 24
39 244
5 30
72 157
18 255
26 28
70 263
14 61
97 22
74 156
4 269
82 160
15 106
16 11
82 266
55 108
83 35
87 117
91 55
27 124
88 279
11 48
88 148
64 247
44 102
69 51
27 254
38 190
16 96
24 86
41 269
75 221
1 241
39 240
57 216
14 218
14 253
24 52
79 200
76 270
56 177
86 220
85 69
26 122
25 252
4 97
9 58
21 171
10 166
24 277
58 249
36 267
57 189
1 279
82 101
41 130
31 34
26 207
35 267
77 221
30 161
77 212
10 22
28 210
45 163
81 280
77 99
90 234
27 122
56 227
7 113
73 98
8 292
97 204
91 86
16 219
32 211
42 182
37 60
21 126
57 211
19 252
36 25
1000
96 21:54
49 17:50
2 17:21
93 15:42
41 20:44
82 20:43
78 19:41
42 18:01
58 22:40
81 19:23
36 16:42
76 19:51
83 14:08
80 23:57
93 22:50
86 22:58
29 17:12
68 16:23
66 20:10
43 23:19
43 15:45
95 19:59
94 15:23
4 22:06
76 16:16
43 21:03
39 21:37
16 17:42
23 21:53
97 23:19
61 19:17
43 19:29
57 21:48
38 18:06
46 18:44
95 14:38
31 23:05
2 22:39
40 22:39
94 18:45
97 17:00
100 17:03
34 19:34
10 18:18
5 23:27
39 16:21
55 17:04
54 20:54
5 14:04
33 18:58
14 16:52
88 19:47
48 19:13
43 16:44
53 15:54
26 18:33
78 16:12
82 18:18
14 15:16
44 19:27
84 18:51
20 22:30
16 22:46
37 23:06
89 18:19
8 20:44
51 20:53
54 21:15
95 19:37
6 23:04
44 23:54
82 14:22
27 17:11
4 20:20
14 16:41
36 18:12
72 16:00
3 16:57
60 15:31
71 15:56
80 20:56
34 20:55
77 15:36
29 23:41
96 22:48
63 14:11
98 15:01
8 15:23
47 19:18
57 21:30
75 18:21
36 16:51
75 18:51
32 20:39
42 21:43
69 19:42
11 17:13
97 21:40
19 15:21
45 16:58
98 21:07
98 15:22
74 15:57
82 17:47
95 23:50
91 15:56
76 20:19
62 22:51
82 23:18
67 22:08
55 21:26
9 21:43
66 17:24
100 14:59
13 21:43
34 23:10
9 17:01
15 23:34
38 14:53
82 18:11
54 14:06
61 22:19
42 14:01
92 22:56
48 17:16
21 22:45
39 16:08
100 19:43
92 17:46
27 17:25
69 23:01
29 16:41
58 20:48
62 20:27
95 23:36
86 14:19
65 18:11
79 22:13
1 23:21
44 22:01
79 20:30
16 19:34
68 15:41
86 22:32
89 22:26
10 21:23
32 18:52
92 17:00
33 21:48
75 17:27
27 14:12
69 23:08
91 20:20
1 21:47
88 14:49
61 14:16
75 18:54
61 14:20
61 16:34
44 21:14
50 15:44
33 23:52
65 18:26
84 18:51
9 18:19
35 17:40
22 22:19
71 19:49
53 23:45
35 20:00
16 16:14
23 19:02
93 16:11
44 14:31
76 15:34
44 22:05
59 15:39
60 18:47
62 22:19
70 19:13
23 23:34
4 19:59
75 15:08
100 18:46
62 16:34
1 17:29
36 20:56
6 17:56
13 22:05
6 20:22
46 20:05
95 20:36
23 23:20
3 20:30
95 23:38
40 14:20
35 23:53
99 17:55
23 18:06
28 19:37
55 18:48
39 20:38
5 17:44
22 23:39
70 18:23
1 22:45
42 17:51
70 17:33
71 18:57
95 23:20
77 19:50
88 18:34
24 19:21
13 17:47
74 16:21
27 14:13
92 16:37
70 20:27
22 14:59
11 19:20
29 21:39
31 16:26
44 20:12
72 15:54
95 17:31
42 23:14
60 19:03
72 18:35
66 14:16
24 17:33
79 19:18
33 16:39
56 23:56
28 17:51
96 18:20
81 19:12
41 18:41
82 19:36
10 19:53
36 16:44
69 18:58
41 14:51
71 19:40
82 16:11
26 22:35
94 20:57
94 20:02
82 22:06
20 20:49
98 15:19
38 23:00
72 22:39
47 20:00
24 20:24
30 18:03
32 20:29
100 19:20
69 21:31
43 19:40
9 22:27
24 22:35
30 20:28
89 14:53
78 19:09
51 16:15
49 17:05
69 16:46
25 18:25
82 19:14
4 22:41
8 18:25
95 19:47
46 20:37
48 15:22
19 22:30
73 23:43
71 23:15
23 20:12
97 17:50
86 17:27
70 14:11
95 16:04
21 21:41
42 20:20
3 14:54
58 21:57
53 20:07
25 22:28
60 22:44
88 21:16
80 20:00
61 21:27
72 15:36
83 17:05
68 17:18
40 23:00
56 20:27
70 15:02
25 19:26
92 14:35
58 14:32
97 18:23
49 17:49
54 14:31
81 20:29
43 21:42
81 16:36
95 22:19
18 20:42
29 15:37
54 16:00
38 19:57
14 17:01
85 14:20
26 17:07
48 22:27
86 14:41
87 21:57
19 20:29
13 18:12
42 15:53
87 18:59
55 18:03
58 16:23
94 20:33
69 17:13
51 14:24
10 17:37
36 20:41
71 20:05
7 23:16
76 17:30
15 16:45
7 14:22
59 17:48
1 21:02
66 17:36
39 23:00
2 19:41
2 20:42
7 16:03
87 20:51
58 23:11
54 14:38
9 17:18
42 14:11
25 18:55
42 15:32
99 21:10
53 23:00
79 19:43
11 15:44
66 21:34
2 23:32
69 15:18
44 15:43
58 20:05
23 21:17
19 15:40
64 14:47
5 14:38
89 23:03
79 20:34
81 17:32
15 20:22
1 22:54
20 22:45
72 17:11
45 14:29
62 14:58
73 17:05
98 20:00
67 21:36
25 19:00
15 17:32
2 14:07
94 15:21
24 23:06
42 23:10
88 22:36
30 22:44
44 23:00
5 17:49
12 15:32
32 19:05
54 14:25
73 22:43
45 14:22
81 14:27
29 16:10
38 23:00
95 23:52
29 22:17
71 15:17
58 21:14
97 20:20
38 14:36
92 22:48
92 22:23
91 20:08
47 20:05
62 20:46
70 22:24
65 21:53
37 21:26
20 20:42
83 21:45
35 17:31
93 19:07
6 19:16
14 16:33
3 17:16
51 21:13
66 14:35
49 22:24
34 21:33
29 14:11
82 21:35
3 14:48
7 23:44
30 17:22
92 22:14
23 21:51
45 23:44
88 15:28
17 20:30
39 14:35
34 19:15
78 16:55
42 22:16
85 18:07
95 23:36
14 14:02
30 23:08
53 21:00
77 17:29
77 18:59
62 16:07
69 21:00
51 23:24
78 15:58
12 20:11
64 15:08
50 18:27
83 14:58
9 15:38
48 23:27
36 14:16
24 23:10
71 20:26
76 16:33
57 18:46
53 15:01
95 16:24
74 21:10
40 19:41
48 21:14
11 14:09
34 20:31
79 21:05
85 19:27
69 23:03
29 19:40
7 21:50
8 18:14
15 14:13
99 23:31
85 15:31
27 20:08
65 18:51
98 23:56
68 20:53
74 16:49
18 16:56
64 18:33
45 16:46
29 21:42
44 21:42
57 21:34
66 14:40
37 17:46
91 23:56
26 22:27
39 20:50
87 21:06
38 22:00
8 19:19
56 14:39
23 17:15
18 22:55
43 15:27
40 19:09
18 20:50
68 14:30
35 21:23
63 18:30
73 19:19
43 17:47
67 15:18
25 20:03
80 22:27
88 19:02
44 19:48
22 22:35
20 16:05
81 14:06
34 22:53
20 18:13
45 20:55
95 21:53
76 23:47
20 23:12
68 21:17
64 18:35
71 23:29
49 17:50
78 21:49
9 15:56
55 22:17
51 23:53
44 14:43
89 15:14
10 15:08
41 19:09
25 22:02
56 14:14
31 23:01
20 17:54
35 19:15
28 18:57
33 16:59
50 19:51
79 18:49
8 20:19
97 20:13
27 17:39
4 20:34
76 22:45
83 14:49
92 16:23
99 23:19
66 20:34
61 17:42
47 23:53
6 22:30
61 16:11
14 18:12
64 18:12
64 17:57
9 18:34
65 18:28
35 16:19
27 17:11
24 21:50
36 23:01
23 18:28
35 18:45
27 14:35
30 18:56
49 20:43
72 20:31
65 17:25
89 23:55
95 23:03
80 22:43
84 22:47
32 17:22
53 17:33
2 21:46
27 23:24
30 20:24
56 17:15
16 14:18
50 19:46
81 23:19
74 17:09
50 20:39
66 20:19
4 20:29
79 16:53
25 15:38
88 16:48
5 16:49
99 21:15
37 18:48
3 17:05
32 21:58
9 22:47
59 21:57
31 14:18
27 15:54
70 14:13
79 19:12
67 19:25
79 19:43
48 17:17
59 14:06
59 20:07
5 23:59
51 18:27
35 20:34
11 21:12
15 22:15
64 14:23
99 15:42
82 15:02
23 14:11
49 14:01
88 21:31
88 16:53
44 21:53
70 18:13
63 21:35
17 21:02
24 15:41
87 20:32
20 14:17
63 15:49
62 21:18
71 22:28
29 17:19
31 21:37
66 21:12
23 22:02
64 14:52
28 17:38
64 19:43
77 14:45
77 16:27
96 22:25
93 21:10
86 22:59
78 17:18
50 16:40
26 20:32
80 20:49
68 18:48
54 18:23
23 14:21
68 14:54
20 21:24
9 18:18
18 17:25
33 14:11
28 16:02
13 21:06
53 21:06
91 20:34
10 17:46
50 15:18
7 23:53
2 17:18
57 19:56
44 15:21
7 21:39
28 18:28
24 19:25
62 21:14
51 21:38
3 23:04
72 19:41
68 20:21
51 18:40
44 16:12
51 19:54
86 17:52
4 17:49
53 16:05
27 22:30
39 21:16
1 21:27
44 23:48
67 22:01
35 17:32
26 14:32
13 16:10
87 15:42
77 17:24
76 18:28
20 16:08
87 19:52
66 23:21
30 20:10
41 23:32
3 14:20
96 20:41
98 14:34
58 14:14
2 15:26
97 19:56
69 16:41
60 20:25
38 17:19
5 17:01
87 17:34
91 20:43
30 22:48
79 19:26
36 17:14
13 17:14
33 18:07
24 22:45
62 18:27
8 18:14
32 16:42
22 14:02
52 18:15
37 22:04
88 23:46
30 16:48
57 22:39
65 23:39
49 21:46
95 21:22
79 21:53
11 20:58
84 15:35
73 19:25
100 20:47
100 16:33
90 15:58
43 22:55
24 16:41
70 18:28
51 19:15
82 23:04
93 17:40
46 15:40
4 22:50
67 18:20
26 18:25
79 23:48
21 17:27
49 14:18
25 15:54
40 22:08
31 14:10
4 16:41
1 16:02
49 23:17
67 23:59
71 16:46
80 16:07
70 14:55
78 17:03
67 20:05
18 19:31
55 22:53
27 19:21
2 16:47
56 23:32
94 16:09
100 19:27
66 19:55
78 18:46
1 15:24
1 19:01
59 21:36
42 17:02
41 16:37
79 21:27
44 16:13
98 17:27
80 18:48
79 18:52
70 17:55
58 17:53
100 16:00
1 20:45
3 19:00
88 15:50
45 21:47
41 15:29
21 20:04
78 14:52
28 22:16
5 23:56
100 23:50
59 15:53
26 16:09
44 19:37
100 14:31
31 16:40
93 20:14
61 18:59
40 23:03
74 17:43
71 15:50
98 16:31
80 16:16
25 18:27
29 18:37
46 22:31
17 17:04
25 20:59
66 18:48
79 17:10
59 22:06
17 15:00
73 23:45
28 18:08
22 19:54
49 16:15
34 18:59
9 16:04
46 17:07
98 23:11
45 21:36
46 23:03
93 17:31
67 20:20
34 22:53
100 19:04
97 14:55
67 17:29
4 19:33
79 17:06
100 19:05
36 21:46
86 17:56
33 18:12
6 14:12
50 20:00
77 18:22
42 20:26
78 22:33
94 18:05
67 16:47
10 17:44
41 15:56
71 17:12
18 22:55
14 19:41
81 18:50
100 21:11
79 22:43
55 14:51
32 21:50
8 14:07
51 15:17
29 21:29
31 18:20
89 22:46
34 14:03
6 18:42
39 19:44
94 22:43
79 14:17
21 22:46
87 20:09
77 15:44
97 20:26
83 21:03
12 19:02
73 17:24
33 23:52
61 19:05
99 16:43
77 15:25
1 16:22
7 22:24
87 20:50
7 15:06
83 20:25
78 14:06
53 18:44
10 22:08
24 14:27
80 22:38
14 17:34
89 16:02
85 22:05
7 23:57
44 14:10
21 22:31
34 21:46
58 14:11
93 14:14
23 16:48
58 19:13
92 21:29
31 15:59
20 16:43
40 20:23
2 21:30
58 23:51
71 22:49
1 14:50
37 22:52
9 17:03
62 19:03
32 20:32
26 15:25
85 21:49
61 22:46
32 20:47
89 17:43
57 19:05
98 17:08
62 19:04
98 18:31
44 21:12
7 17:53
40 17:23
75 14:35
18 16:20
80 22:27
59 17:00
36 16:31
72 20:07
82 16:26
29 14:33
89 23:23
79 22:47
77 23:34
36 23:32
4 16:33
56 16:24
31 17:55
30 23:15
32 22:42
79 21:42
58 18:37
42 21:48
3 22:44
44 21:26
54 16:41
10 18:01
33 19:15
29 18:45
64 17:40
39 15:01
79 20:22
91 16:06
12 15:07
27 21:06
81 23:59
16 18:35
93 15:58
79 21:54
68 21:21
6 19:44
84 21:57
97 21:00
21 16:54
91 16:12
40 20:31
52 21:01
44 19:40
31 22:41
97 18:56
54 14:48
18 23:01
69 18:13
84 17:15
97 14:17
95 18:35
51 14:43
20 17:59
16 15:30
44 18:00
25 14:14
93 14:42
49 20:11
38 17:15
6 16:11
4 19:35
1 14:30
26 23:22
58 19:20
40 18:53
88 23:18
35 19:42
45 17:45
55 17:08
17 15:47
83 18:03
79 19:29
18 15:15
76 14:31
98 23:45
94 23:24
25 17:30
92 18:32
49 20:37
20 17:39
12 14:35
44 17:29
37 21:52
78 23:02
49 20:11
26 14:16
10 19:41
13 21:27
51 22:41
71 23:01
44 15:53
25 21:49
29 16:46
77 20:26
1000
21 139
41 99
21 216
57 282
100 189
84 114
9 89
93 20
19 110
40 205
38 105
76 24
91 191
5 237
24 87
9 241
99 173
22 293
98 142
84 180
85 69
49 81
44 33
40 154
65 68
50 11
92 120
98 22
12 260
64 181
89 85
8 104
34 193
16 53
48 172
11 237
7 250
72 173
6 196
82 120
22 269
53 155
76 175
73 294
66 186
41 137
48 201
90 112
59 205
85 222
15 234
63 208
43 259
36 87
90 156
3 131
95 21
71 59
83 290
40 33
42 49
27 204
99 224
40 67
9 19
15 168
18 140
25 29
89 197
39 25
92 142
87 278
71 36
46 141
24 273
69 83
47 65
28 247
76 123
4 51
2 281
1 292
18 157
15 212
32 164
28 46
89 6
46 233
35 194
64 281
9 47
95 158
18 53
99 153
91 261
32 24
82 241
54 117
46 71
19 182
21 164
67 3
29 151
96 176
58 278
31 149
26 61
50 292
10 203
76 174
29 253
66 288
50 215
40 131
11 120
87 142
23 105
100 111
31 199
81 168
37 277
66 83
37 280
70 192
40 5
47 190
81 130
24 61
98 29
2 219
60 265
69 40
35 263
19 214
60 128
81 80
27 247
37 278
75 221
20 278
80 124
80 242
80 245
13 34
77 173
32 55
50 282
80 33
4 285
4 152
51 267
72 61
5 216
64 27
50 259
30 115
93 256
92 133
34 138
76 248
24 77
6 282
77 7
31 59
75 120
11 90
49 132
30 137
7 280
11 49
46 117
97 46
32 136
49 128
90 269
59 118
38 203
16 129
76 87
40 201
80 124
49 23
38 158
64 150
24 138
94 24
87 274
18 92
76 170
32 49
69 149
33 4
40 88
34 94
24 263
14 184
6 217
40 108
73 203
48 148
40 228
13 160
68 127
51 15
58 132
42 86
98 212
6 147
42 235
16 232
8 159
33 14
69 127
90 127
90 5
56 194
97 220
12 198
61 196
93 265
5 99
89 287
14 8
18 297
11 86
34 227
17 19
73 106
6 249
85 162
95 197
58 192
89 59
55 133
47 217
69 26
66 119
70 26
29 242
5 185
75 183
8 128
86 175
42 89
45 148
98 153
65 191
60 62
40 288
55 94
10 14
70 200
48 75
30 177
22 274
7 248
19 143
7 6
20 11
48 1
5 261
46 266
91 223
96 68
63 225
2 67
45 98
19 265
49 289
28 40
21 180
24 208
15 114
49 298
98 62
99 93
95 25
32 135
99 181
72 15
25 220
41 270
85 266
6 176
22 83
39 273
23 259
93 292
94 216
36 234
77 53
32 26
83 83
3 15
57 272
19 91
55 162
97 15
37 35
54 2
13 50
57 266
68 28
12 144
81 172
82 272
85 260
85 42
24 146
61 295
10 57
73 158
37 143
44 204
18 274
83 290
94 154
53 71
67 59
50 149
20 144
53 168
89 215
95 192
66 293
21 22
5 16
98 194
10 23
4 75
83 174
45 228
20 195
19 198
9 208
72 270
82 126
63 232
34 97
99 272
50 45
11 204
36 117
58 82
43 234
16 224
29 278
92 221
12 40
23 121
22 119
40 119
59 251
42 78
35 80
63 123
4 122
47 46
64 279
85 23
23 75
99 137
60 113
76 279
78 131
89 275
37 287
20 49
72 255
1 9
17 150
89 132
15 180
53 246
64 212
75 259
31 19
59 36
87 196
45 297
13 74
17 57
66 98
70 291
61 241
36 190
43 16
76 295
92 146
77 167
45 38
56 113
71 238
47 300
27 231
51 44
9 50
95 57
90 154
88 289
93 55
86 248
22 142
55 189
70 154
43 294
30 38
20 214
70 276
31 270
7 270
38 34
11 239
87 293
1 44
1 132
57 207
49 107
98 276
56 100
42 198
27 213
9 280
95 108
12 113
59 181
60 124
22 126
91 260
13 149
62 276
65 19
100 10
96 16
90 185
78 227
88 219
54 35
86 280
74 118
42 232
99 33
25 255
48 292
8 35
2 232
10 81
40 262
95 152
51 285
27 190
13 247
83 89
62 264
2 213
11 244
60 218
31 150
51 241
26 181
15 286
4 178
24 9
14 17
2 285
87 256
8 235
57 214
23 115
40 37
5 168
64 163
21 64
51 253
94 187
2 220
20 210
80 219
57 258
79 217
40 32
90 165
10 80
2 127
61 279
29 81
18 62
55 234
74 291
7 57
13 245
50 213
90 203
43 284
68 53
55 9
85 190
65 271
48 105
40 99
45 95
43 288
38 20
6 289
22 198
60 107
44 122
12 213
81 33
55 24
58 234
62 250
38 56
64 66
47 246
63 285
74 116
24 43
36 165
35 109
30 116
84 205
100 148
95 179
74 203
26 123
35 296
20 175
91 95
24 170
34 186
59 285
9 198
19 293
57 268
96 185
50 212
8 153
97 233
38 183
73 86
15 294
14 153
13 196
23 178
27 96
82 270
53 43
66 197
95 278
84 216
72 85
25 259
41 279
27 214
47 246
9 226
61 39
16 7
62 73
75 212
39 87
3 154
31 52
20 8
38 203
46 258
47 157
55 233
5 237
20 275
93 294
99 103
58 61
72 179
77 75
10 104
74 111
80 154
46 179
67 265
75 199
75 254
69 194
34 110
6 145
51 224
44 138
86 233
9 221
19 41
11 49
13 171
66 133
10 169
19 36
64 166
90 190
10 124
54 32
7 205
67 183
30 120
36 227
7 68
38 177
100 21
45 255
96 225
58 248
56 217
100 16
91 84
11 232
68 204
82 285
85 168
91 157
81 208
37 159
49 163
81 112
100 198
89 30
26 254
13 208
95 72
7 22
15 90
82 174
36 249
33 279
93 121
100 201
30 221
47 9
97 79
90 207
79 142
25 157
96 14
9 197
6 159
54 166
97 66
99 159
43 104
83 21
22 53
93 114
78 113
30 198
55 276
1 269
68 135
96 60
53 228
73 192
78 90
59 141
24 54
70 192
92 97
44 191
14 292
90 253
35 52
18 288
54 54
98 266
8 18
77 148
74 25
13 165
43 165
33 118
69 140
87 39
28 112
92 218
37 34
23 137
17 200
76 257
47 212
82 298
46 18
14 68
86 237
21 82
68 267
24 245
64 10
59 163
34 285
4 173
21 110
8 46
16 67
30 193
77 92
67 122
2 113
78 16
46 32
69 5
66 1
76 182
100 184
8 253
35 171
50 9
11 193
77 24
59 18
10 294
81 232
82 225
74 201
77 96
29 282
13 125
52 259
33 234
89 160
71 259
31 112
40 116
17 187
42 208
54 205
42 70
50 177
44 123
96 204
51 61
8 127
25 58
19 85
39 284
37 265
73 28
25 70
76 72
3 36
100 197
46 132
52 245
1 275
79 25
12 156
72 6
75 110
58 85
34 179
70 193
69 62
48 32
2 126
100 260
57 284
61 215
87 223
98 249
42 42
1 202
71 17
8 72
45 12
82 45
2 21
98 300
8 56
82 276
45 147
11 277
90 15
86 87
4 253
38 64
100 233
100 254
33 233
63 210
27 117
14 143
70 50
31 89
27 219
10 255
83 91
12 62
38 44
20 28
98 156
27 178
31 37
54 242
61 134
6 116
20 245
23 73
27 223
9 220
61 290
15 293
87 164
73 35
98 28
17 183
44 46
20 57
17 115
54 221
60 138
3 266
77 119
55 197
33 216
1 170
100 283
63 110
30 160
25 61
18 59
55 22
23 59
39 183
23 128
40 175
45 147
87 213
13 133
80 299
59 93
45 222
24 112
37 23
64 25
68 47
73 65
88 283
90 121
35 111
12 179
36 16
69 154
91 220
97 281
9 293
46 169
11 172
74 294
65 139
12 27
34 81
96 41
54 225
10 175
96 246
66 67
78 185
59 34
45 131
57 164
37 257
77 250
97 229
78 117
27 263
39 88
19 227
74 25
76 73
87 280
70 299
93 299
54 149
16 53
79 67
44 49
78 262
45 254
41 112
55 205
19 126
48 78
19 294
24 51
21 46
64 121
9 230
26 252
100 205
84 125
88 259
35 178
27 241
13 26
5 117
18 118
85 124
20 27
30 173
13 60
43 88
94 166
93 207
53 202
68 276
10 187
67 83
25 258
92 53
86 194
91 189
98 287
17 9
42 145
44 293
38 264
9 44
100 139
7 279
21 233
26 50
86 263
42 295
75 200
33 154
80 274
94 247
56 177
91 34
39 133
90 100
51 274
3 81
19 111
25 73
98 129
90 71
41 261
40 196
28 285
90 260
10 33
10 255
40 260
64 242
47 242
22 16
59 208
57 63
54 148
64 93
50 177
92 252
47 177
17 30
93 233
87 152
40 160
34 57
89 40
42 6
41 78
1 41
63 152
51 150
90 128
1 220
90 202
13 160
16 26
97 151
61 63
96 1
4 163
96 210
67 29
14 260
33 67
16 53
54 127
17 63
79 88
46 49
97 300
15 95
66 77
4 129
21 1
73 208
43 102
19 277
96 70
53 234
84 222
21 142
1000
45 23:48
100 14:53
16 22:01
41 18:55
69 19:07
80 17:00
60 21:06
58 22:47
81 22:27
86 16:07
40 19:12
32 20:26
53 15:30
9 15:18
54 21:58
6 21:39
75 15:54
94 21:35
5 23:49
60 21:08
30 20:55
98 16:13
28 14:21
79 18:22
40 18:57
24 23:36
85 14:46
89 20:02
73 20:35
88 20:15
82 17:04
22 16:18
73 23:12
76 14:42
23 21:24
13 18:11
93 20:40
51 15:56
46 17:49
87 23:25
59 23:31
85 19:06
74 16:16
15 20:45
49 20:41
4 19:59
13 17:27
20 23:34
58 18:15
7 18:07
54 16:13
71 14:41
98 21:57
94 21:00
96 15:25
34 18:57
49 18:43
23 17:23
12 17:57
66 14:49
100 15:54
27 20:43
99 19:14
22 18:31
7 19:30
93 23:23
21 15:14
6 20:27
72 14:21
2 20:12
99 20:38
5 15:11
19 14:56
68 14:53
11 15:26
62 22:35
96 14:11
72 14:29
31 15:05
75 22:26
56 23:21
28 15:57
57 16:48
54 16:25
68 19:24
1 22:50
54 21:16
46 17:31
96 18:35
2 16:45
90 23:52
24 19:38
5 20:39
3 16:03
9 23:09
95 14:53
28 15:12
14 17:43
70 21:47
86 16:51
29 23:34
62 14:01
94 14:42
42 23:37
1 14:01
23 23:55
74 19:50
70 14:53
81 14:16
68 17:49
74 23:01
98 18:41
4 16:25
9 14:32
3 16:32
36 14:12
24 16:27
73 14:31
66 16:45
74 16:22
78 15:39
45 16:02
30 15:23
54 21:19
1 17:00
63 22:02
10 19:41
96 16:43
59 16:20
84 19:49
12 15:49
7 16:06
9 18:21
38 16:54
88 15:45
52 20:50
62 18:45
63 21:24
67 15:02
22 21:13
39 15:47
32 18:30
100 20:43
37 19:14
22 20:14
23 19:48
90 16:57
32 19:27
99 22:45
45 16:26
16 21:23
58 14:21
77 17:34
53 20:04
64 21:47
28 19:05
19 16:30
3 16:55
45 22:04
29 17:42
13 18:23
97 19:25
73 18:35
41 19:20
34 15:05
26 23:04
19 15:56
3 19:27
41 19:28
74 17:49
46 21:10
51 14:38
61 14:06
52 21:31
44 22:15
20 15:42
11 14:06
56 18:15
36 21:55
67 17:06
43 22:40
1 22:30
37 20:02
95 23:49
91 15:33
72 19:07
73 23:01
39 16:49
3 14:16
71 22:24
10 18:12
51 15:03
16 14:27
99 15:41
64 20:43
38 18:14
82 20:46
3 19:08
49 16:54
9 21:32
94 17:04
2 21:17
16 20:50
3 18:41
16 16:58
68 15:22
59 18:12
96 20:53
89 16:42
78 15:48
45 20:03
19 18:33
58 21:45
46 16:06
44 15:10
55 20:40
36 20:11
72 15:06
19 15:26
57 23:41
18 18:53
100 17:52
50 14:16
96 16:32
14 20:00
21 18:21
10 17:34
68 20:57
8 18:52
27 15:13
49 14:55
72 22:42
29 15:59
3 22:18
100 17:10
12 19:22
26 19:46
37 19:05
15 22:39
60 16:24
94 21:25
77 14:51
31 19:19
15 21:40
59 14:20
95 14:06
69 18:41
68 20:12
42 18:35
1 22:16
16 21:53
76 16:35
75 21:22
69 20:57
60 18:09
22 15:18
98 14:03
40 16:35
21 16:51
18 22:08
24 22:18
76 21:58
12 14:33
11 22:03
35 17:06
51 16:02
70 16:50
93 20:17
93 14:23
30 14:09
98 15:03
92 19:09
77 19:57
23 15:25
32 14:13
35 21:57
47 23:01
84 16:52
29 16:01
41 18:16
91 15:28
25 14:26
64 21:44
35 21:44
70 17:23
42 21:00
52 23:07
69 16:09
80 23:10
19 23:03
23 19:47
56 19:57
55 21:35
9 22:30
76 15:03
59 15:11
51 17:48
72 22:57
46 21:49
11 17:24
44 22:03
3 22:34
79 23:33
88 16:40
75 15:39
70 22:52
63 15:40
39 17:17
5 15:07
97 14:17
54 16:06
67 17:15
46 21:58
94 19:56
73 14:51
91 18:55
15 14:59
67 22:42
86 20:01
87 16:18
89 22:19
1 23:59
59 21:09
3 16:06
40 19:38
39 20:25
35 15:03
66 21:12
1 18:59
41 21:13
37 15:51
80 14:18
76 21:42
97 22:51
79 14:39
97 22:52
38 20:10
89 17:14
28 15:11
4 22:00
33 23:12
39 23:45
30 17:19
89 15:58
59 14:41
75 22:32
41 20:34
83 18:30
75 22:45
77 21:20
42 19:07
50 19:26
100 18:05
53 22:05
89 15:07
62 18:43
7 19:53
88 22:54
60 16:46
34 15:42
57 18:02
46 18:21
62 22:02
34 16:57
15 14:38
67 14:04
33 22:25
46 21:13
36 19:51
32 20:53
75 20:48
93 15:10
15 21:38
92 15:10
21 15:41
98 16:47
91 21:47
17 20:39
83 18:48
3 23:12
60 18:46
83 15:39
81 17:11
81 22:47
73 22:24
16 23:32
22 23:29
17 22:28
96 19:22
70 16:33
11 18:51
78 20:45
44 15:52
99 15:25
61 18:54
88 18:58
64 22:38
85 20:35
60 20:24
83 19:46
88 17:31
72 19:47
9 16:58
82 14:03
51 23:02
26 18:51
9 16:36
37 18:30
92 20:59
86 22:05
95 15:55
23 19:18
68 21:37
85 20:55
82 18:36
48 17:05
20 14:52
88 23:59
85 17:31
72 18:27
100 14:31
45 18:30
29 20:33
2 16:04
100 16:53
57 19:58
22 20:41
7 20:24
43 17:04
7 21:31
67 22:40
4 21:53
31 18:20
96 23:21
45 18:44
99 23:34
58 17:37
93 21:44
28 14:56
99 20:33
60 19:21
100 17:04
58 17:44
67 23:37
79 19:22
95 15:57
5 20:07
44 16:34
69 21:29
80 16:42
54 17:51
80 22:27
94 15:14
87 22:25
69 16:26
55 19:34
84 22:00
59 20:06
86 22:55
5 23:42
24 23:49
5 22:23
3 22:46
90 15:41
48 15:07
72 21:37
51 23:31
57 19:15
3 22:06
27 17:10
25 23:08
26 21:45
42 14:32
90 17:30
34 20:36
44 19:28
87 20:38
46 21:51
31 22:01
35 21:58
97 17:47
20 17:19
53 19:50
43 21:30
70 15:02
26 21:21
7 15:43
4 18:02
65 21:32
33 23:23
72 21:42
48 18:57
96 17:11
4 14:05
74 17:43
4 17:29
42 17:08
88 19:56
47 19:20
83 21:55
70 16:45
46 19:04
68 20:12
77 17:26
71 20:42
40 20:40
73 21:30
9 19:34
6 20:30
85 14:31
87 15:11
47 23:29
63 22:43
56 19:05
63 14:08
15 21:22
36 20:52
69 16:01
67 14:07
1 19:25
37 20:30
52 23:50
88 20:45
87 19:44
94 18:58
75 16:13
67 15:10
90 15:22
100 20:10
16 14:14
66 17:41
53 20:01
92 21:10
21 20:46
5 14:29
28 20:28
62 15:30
51 17:21
71 15:41
70 17:14
63 20:33
76 22:06
17 19:50
52 18:53
80 22:55
49 20:36
38 16:03
100 23:11
17 22:11
12 23:33
90 16:46
78 23:24
70 22:10
6 20:09
54 22:03
50 22:01
74 17:31
6 16:45
82 18:01
48 19:47
23 23:29
77 18:03
27 16:35
95 21:25
51 18:36
100 16:14
69 21:57
3 19:10
11 16:02
70 22:58
74 17:05
84 22:14
74 15:51
67 20:28
49 19:50
100 18:19
6 20:21
10 22:10
24 16:16
80 21:35
55 22:58
63 23:30
99 19:24
88 15:02
23 14:30
73 19:17
43 19:19
22 22:21
40 14:41
6 18:14
43 20:57
23 14:43
97 22:51
6 20:16
30 23:26
90 21:38
49 19:49
88 21:44
75 23:58
47 16:26
34 14:03
65 14:15
12 20:59
89 17:55
68 17:59
55 20:46
64 15:27
33 19:35
87 17:30
3 19:27
49 16:02
61 21:46
76 19:41
83 23:03
2 20:06
29 23:58
33 21:54
9 15:50
10 18:38
34 20:48
13 18:47
62 21:36
51 16:57
78 20:35
57 17:33
23 17:23
60 23:18
97 14:26
37 20:58
36 21:14
23 16:33
51 17:35
95 19:35
84 19:33
68 14:20
11 14:02
87 22:02
55 18:51
20 20:29
38 22:49
82 20:26
72 21:35
19 17:07
62 21:20
56 15:12
83 15:50
23 21:37
56 22:18
57 15:18
88 23:48
95 19:38
2 16:53
64 14:40
14 19:24
61 23:35
93 18:26
23 20:23
69 21:14
51 17:43
92 15:19
80 18:47
12 18:04
62 15:05
23 18:28
11 20:19
64 22:39
70 23:28
90 16:50
65 19:36
31 22:54
99 22:15
87 15:51
3 14:39
14 18:19
28 23:45
19 15:31
17 17:07
55 21:56
71 16:10
66 15:37
4 15:00
36 21:54
18 21:21
22 20:38
81 17:40
50 16:37
41 17:56
64 18:43
31 16:32
27 15:22
89 20:32
40 19:13
97 23:27
100 16:08
90 18:31
92 21:28
45 17:27
16 18:59
67 14:16
48 23:10
14 15:44
63 14:41
61 17:33
69 15:51
43 20:13
8 18:48
87 20:40
17 15:58
37 21:15
43 15:03
69 15:19
44 15:59
29 18:57
28 17:07
20 17:30
47 18:37
100 22:36
10 18:48
79 20:33
40 15:23
98 18:50
37 15:41
42 23:19
15 20:28
51 21:44
37 18:50
25 18:12
96 18:22
45 21:34
44 15:15
53 23:01
95 19:18
28 19:04
16 23:31
84 20:43
86 16:32
13 18:35
14 15:45
20 16:09
95 16:46
7 18:10
8 22:17
57 21:17
91 16:02
5 17:31
20 14:01
88 14:10
72 16:48
78 14:53
51 20:55
44 21:26
48 18:54
95 23:34
51 14:36
60 21:06
47 14:02
97 19:46
5 23:00
99 17:11
65 18:33
44 23:52
28 22:45
78 19:42
86 15:00
21 17:39
4 17:04
30 21:30
96 19:10
41 19:51
12 22:23
72 23:49
69 23:41
36 17:47
25 20:16
59 19:48
90 14:53
54 15:39
88 16:37
94 23:55
13 15:50
86 22:12
12 18:32
91 18:12
36 20:18
6 22:27
73 22:07
77 21:19
47 18:19
64 18:19
11 22:02
58 16:46
38 17:55
21 17:56
69 19:23
6 23:37
61 23:33
56 20:05
26 17:38
78 17:13
3 20:26
3 22:27
31 14:23
2 16:04
43 20:50
14 16:32
22 19:06
52 23:00
78 21:04
50 23:42
57 23:36
62 16:58
2 14:38
76 20:00
81 19:32
88 20:50
100 20:00
67 18:49
92 23:38
12 19:00
76 21:13
6 23:33
36 16:53
72 22:59
44 21:45
76 14:57
18 16:28
15 14:40
76 14:47
77 21:29
27 14:01
88 18:41
61 14:36
59 19:30
18 17:55
18 23:32
70 19:51
51 18:27
76 19:28
90 22:33
69 23:43
84 22:36
34 21:59
29 15:51
56 23:49
52 23:03
31 16:33
55 19:56
21 22:00
31 21:25
11 22:06
33 18:36
44 21:11
54 19:14
49 16:48
88 14:12
22 15:57
89 22:33
39 14:47
71 22:10
8 14:56
49 16:22
41 14:23
73 19:12
76 15:18
90 23:28
65 15:43
48 14:31
20 18:57
6 15:54
45 14:28
84 17:40
33 15:30
61 16:44
11 16:20
18 16:40
38 19:24
39 16:46
52 17:29
65 19:33
94 23:47
1 19:30
83 14:01
24 21:07
81 19:04
92 21:29
3 22:45
6 19:20
100 15:48
60 14:55
16 18:39
53 19:00
12 20:49
50 19:48
78 17:33
28 19:34
3 23:52
19 16:22
20 23:57
1 19:40
79 19:46
87 19:56
75 17:42
55 17:00
85 18:26
3 19:58
97 20:39
33 16:06
32 17:55
72 15:55
82 14:57
1 23:14
99 22:17
93 18:50
46 18:15
54 18:02
30 17:23
88 14:06
65 21:05
74 20:54
18 17:12
2 22:38
82 15:54
57 21:31
28 18:43
78 17:28
41 18:46
97 20:06
78 14:01
59 17:44
12 18:18
4 14:20
83 23:26
19 19:57
25 23:24
13 22:44
93 18:08
20 16:44
14 23:39
98 20:13
34 19:25
71 18:50
13 16:50
35 18:03
100 22:03
12 18:43
86 14:15
6 17:22
52 19:55
91 17:16
56 22:44
93 23:44
4 22:29
14 16:54
19 17:52
100 19:39
81 18:25
77 20:22
7 19:46
76 17:33
26 15:52
36 23:35
52 14:57
65 16:12
18 18:43
77 15:54
72 14:04
12 16:32
10 23:43
31 20:52
72 15:15
50 18:39
29 23:24
76 17:23
47 15:46
19 14:31
78 20:00
76 21:56
42 15:00
16 23:34
26 15:09
36 20:40
74 14:02
10 20:20
67 20:30
44 18:20
29 18:18
76 22:41
42 23:12
9 17:07
42 15:49
9 16:17
81 17:13
96 19:27
36 23:38
44 16:32
86 19:39
53 21:15
42 20:56
30 14:38
67 20:46
1000
13 277
63 295
12 11
48 223
40 7
10 291
58 20
60 231
87 67
98 11
100 6
43 15
71 185
73 252
25 160
66 268
57 202
28 78
67 250
71 206
56 13
92 265
25 239
1 168
30 221
76 269
18 210
42 43
23 240
45 263
23 137
84 130
20 11
93 293
56 81
71 151
2 87
73 178
39 280
62 37
64 77
63 224
63 61
54 164
65 131
88 45
23 72
41 205
67 34
46 66
37 272
40 51
45 114
55 83
35 59
58 219
50 269
1 281
45 257
86 108
12 296
77 78
97 157
25 28
58 72
88 249
38 110
66 269
14 18
92 259
62 15
44 237
76 131
19 171
52 40
80 14
100 105
3 7
99 275
20 11
40 129
69 188
64 200
5 285
24 23
15 246
4 106
38 27
85 268
90 222
71 147
39 67
27 171
44 207
46 60
11 146
86 276
23 293
95 238
46 156
16 256
40 17
84 74
23 101
9 288
72 91
3 230
3 194
10 274
55 274
36 198
12 170
24 190
96 300
82 36
75 185
54 82
98 167
38 52
15 88
10 71
39 29
20 261
72 271
28 194
76 140
41 130
41 230
9 120
54 7
18 93
45 217
61 270
71 156
39 56
94 123
33 261
78 80
69 67
82 83
47 118
95 294
37 283
76 286
49 12
76 140
2 263
73 110
50 289
22 272
35 189
8 87
53 177
92 53
2 29
1 192
23 4
48 87
75 139
99 275
81 18
57 287
11 184
78 166
88 282
27 64
49 277
69 107
32 40
3 147
48 44
29 77
41 174
23 232
47 28
20 12
97 196
75 30
56 49
39 100
72 224
82 43
74 26
89 287
90 274
46 94
43 298
30 19
5 93
88 72
54 71
53 257
12 136
57 247
62 70
74 205
17 62
64 146
49 201
12 175
40 171
37 18
94 263
4 88
78 125
59 107
68 176
5 83
67 100
11 77
57 247
30 284
100 113
95 140
15 18
15 236
18 263
12 272
18 197
47 191
80 169
4 1
36 299
20 104
25 154
29 253
44 95
19 117
52 297
52 185
60 144
4 105
47 181
51 3
6 46
88 48
57 167
39 15
47 87
37 219
7 299
83 69
35 187
20 101
30 138
23 273
39 205
20 266
11 63
86 88
23 107
53 160
42 125
93 268
96 274
66 229
24 70
29 184
80 215
43 171
82 60
49 121
84 7
40 116
52 247
97 130
5 232
72 102
62 188
80 140
52 110
78 188
14 245
39 279
4 191
31 211
43 226
48 108
4 279
30 226
31 242
81 193
99 293
35 298
67 268
62 44
91 300
77 191
34 166
34 36
74 243
28 81
10 270
26 174
43 37
100 216
7 127
48 105
90 278
36 181
61 84
17 183
96 136
36 11
70 214
48 262
96 191
7 122
66 258
33 188
25 281
17 215
90 52
91 223
5 166
30 194
77 190
39 89
27 130
21 266
94 5
34 125
82 270
74 49
24 231
7 13
40 67
48 230
16 135
55 26
13 287
72 129
3 208
3 259
81 77
69 123
73 95
25 290
21 205
34 127
47 228
95 41
27 134
31 13
46 129
30 94
85 223
88 219
50 199
100 12
30 298
12 151
28 3
71 216
9 272
27 226
96 31
65 225
60 111
97 29
64 262
90 200
74 246
61 110
87 59
72 232
21 29
87 108
38 27
70 287
81 235
22 168
83 250
28 279
23 246
14 253
45 26
57 43
99 146
47 261
9 188
6 68
7 26
88 257
8 25
37 120
78 41
21 213
79 106
86 14
41 71
78 105
54 153
73 219
25 98
62 105
33 154
42 54
15 69
49 238
30 198
99 90
19 164
94 103
17 19
50 199
10 106
53 249
14 10
89 121
88 297
26 24
99 96
100 165
14 285
64 8
91 50
70 269
93 222
71 92
12 13
80 268
69 126
35 262
38 234
8 64
67 60
87 141
38 291
16 258
48 292
31 98
64 284
45 290
67 292
22 176
45 247
88 112
31 188
52 199
29 165
16 128
47 223
61 229
74 183
42 95
96 92
8 252
16 78
32 11
10 238
10 297
83 187
35 56
15 176
32 161
16 83
16 89
19 74
96 266
20 88
46 59
83 242
25 190
4 106
91 191
38 40
30 77
83 31
27 146
14 118
68 154
51 64
88 184
84 120
73 114
80 157
77 298
72 118
5 113
7 21
62 243
70 133
16 79
60 116
89 264
32 170
18 204
77 59
100 276
81 59
2 277
81 12
33 289
36 15
40 101
98 171
37 249
30 6
95 216
23 82
61 14
40 235
72 11
59 89
32 90
59 137
97 169
8 211
95 267
86 183
54 72
4 180
20 80
24 299
59 7
68 4
32 30
55 75
20 217
88 175
48 81
5 23
32 84
68 279
28 233
75 56
35 32
78 135
99 136
57 76
36 284
82 96
40 210
100 164
84 216
45 142
61 197
16 237
85 30
98 284
42 209
94 155
7 56
64 233
78 50
80 181
18 27
42 172
71 10
39 3
18 208
1 121
97 82
92 118
62 221
18 90
67 121
80 24
54 168
93 71
10 9
83 250
29 225
19 253
59 80
42 243
44 271
53 211
1 141
12 64
73 19
43 268
77 149
5 290
96 273
58 47
29 102
94 170
94 177
38 291
26 170
87 290
44 163
20 211
34 173
61 53
89 164
46 259
34 71
52 267
54 182
6 233
52 207
86 246
99 196
83 182
3 120
26 166
4 255
12 262
34 138
26 18
81 6
86 239
45 293
10 89
42 188
10 35
48 66
71 174
33 172
92 149
5 132
52 216
43 160
62 204
95 61
44 47
23 143
84 288
34 14
6 77
77 257
65 163
28 151
32 298
17 139
100 294
66 40
65 204
73 269
64 81
55 125
51 112
14 14
83 22
4 299
13 271
76 7
60 62
91 124
98 53
1 213
93 183
97 67
72 214
78 118
98 209
36 142
94 272
58 140
52 161
81 203
42 199
17 298
71 116
51 247
100 125
7 48
52 53
30 270
53 50
38 92
3 71
9 153
61 241
55 48
78 292
32 210
42 8
82 96
65 177
3 39
15 152
81 150
12 180
41 196
98 67
97 113
12 188
94 125
45 185
73 182
14 276
13 200
41 264
49 187
3 233
22 285
22 259
77 99
34 171
26 221
68 42
35 123
9 16
58 22
50 21
77 226
96 273
57 214
70 185
96 63
64 243
38 60
78 194
5 185
69 275
93 253
2 71
29 202
73 183
87 36
15 188
29 249
55 251
82 123
69 212
66 62
24 168
58 236
11 53
83 214
26 277
3 89
74 38
21 213
72 253
80 152
93 112
94 90
44 42
53 56
20 204
35 202
81 9
6 182
92 223
54 33
37 95
26 160
68 79
20 24
67 157
21 185
39 39
68 205
42 117
54 271
76 275
42 10
53 63
90 256
29 173
66 271
57 17
55 186
45 281
67 23
6 32
6 44
18 198
80 59
82 253
82 290
68 255
97 191
20 237
99 285
44 31
95 263
34 5
95 20
37 154
100 3
96 150
84 300
2 141
88 263
91 294
15 161
62 230
71 32
19 106
3 18
26 205
17 261
73 154
100 273
47 192
93 71
70 223
81 49
2 40
54 205
18 152
19 226
70 138
36 25
42 145
91 269
42 195
40 57
34 95
40 122
92 12
16 11
47 127
10 87
71 251
32 218
71 147
36 91
41 103
97 146
4 135
63 277
98 217
8 292
36 265
33 197
23 246
7 20
8 78
32 103
36 85
16 49
45 162
92 188
67 39
20 48
82 128
72 246
74 274
57 217
56 268
49 132
37 17
33 173
21 195
89 244
29 8
61 118
28 191
65 111
47 109
42 258
39 244
52 173
91 23
64 193
94 47
71 18
1 66
61 154
81 231
6 122
96 66
23 262
1 292
45 150
17 264
63 121
32 2
85 49
45 176
95 226
73 80
30 108
60 22
93 127
37 114
24 110
15 164
54 292
100 62
39 288
27 273
84 19
40 68
69 26
3 61
23 2
73 213
8 49
94 295
28 69
32 4
98 43
42 225
73 132
16 132
71 70
94 196
67 286
32 300
54 89
10 129
85 285
3 199
4 17
30 21
30 299
30 196
35 81
42 127
2 118
2 208
77 3
49 208
14 30
4 231
67 245
81 214
79 13
23 158
62 185
97 254
63 282
89 128
21 149
19 296
57 31
30 292
13 223
90 207
51 173
71 33
87 266
9 274
75 176
20 182
10 215
66 100
23 261
55 202
59 166
48 117
20 62
67 129
79 291
93 175
8 145
45 41
76 16
89 250
4 170
71 63
28 69
86 285
70 224
96 291
69 76
49 290
40 80
1 63
63 265
43 49
48 125
24 33
9 24
62 238
97 169
43 164
72 71
40 23
1 203
77 7
19 23
16 7
33 267
46 110
65 231
96 85
26 134
29 219
46 214
8 54
52 95
97 154
55 268
57 79
38 43
14 162
88 176
47 239
11 118
71 54
1 105
47 27
40 71
11 48
95 232
10 297
100 279
13 1
63 172
4 172
10 299
1000
18 15:01
15 20:59
82 17:18
55 20:38
38 22:06
36 22:28
69 20:20
45 17:15
72 20:28
12 21:18
32 18:35
69 22:31
30 23:36
5 16:35
90 22:35
6 19:08
53 22:26
9 18:45
2 16:47
39 22:56
99 22:25
52 18:04
73 21:20
97 18:47
40 19:15
69 20:14
8 22:10
51 15:55
12 15:05
70 19:51
63 14:43
48 19:27
45 23:50
3 15:41
94 15:25
45 14:20
30 20:57
11 19:42
80 16:26
20 18:44
68 16:56
54 23:21
11 19:51
74 14:51
48 21:28
28 20:21
78 20:10
26 20:54
7 21:44
9 15:29
23 14:10
43 15:40
94 19:29
59 20:11
82 16:03
70 18:23
68 19:01
72 22:16
60 19:25
62 20:44
50 18:52
1 15:14
68 16:48
94 22:56
78 14:42
87 17:37
57 20:35
47 14:10
83 17:40
58 21:00
46 14:17
31 18:18
3 20:04
41 17:16
9 20:03
75 22:29
17 20:31
55 17:24
68 23:48
6 17:16
20 23:12
50 20:17
39 23:41
27 15:08
46 17:05
50 19:25
12 16:36
23 21:18
34 19:32
30 17:22
22 20:29
1 21:53
78 17:29
44 17:20
23 22:55
13 17:47
53 23:52
20 23:19
54 20:50
57 19:09
19 15:25
61 17:20
29 19:51
67 15:23
40 17:00
88 17:19
4 17:55
96 15:16
49 22:51
99 22:24
52 14:21
98 19:31
86 17:00
43 19:23
25 19:00
8 16:00
65 15:11
34 22:21
21 14:36
45 23:42
62 18:46
49 23:35
67 15:00
49 15:54
69 15:44
71 14:39
16 16:38
15 20:53
55 20:06
41 18:43
85 20:37
52 23:39
37 17:57
56 15:00
15 21:33
6 21:44
27 15:22
95 18:24
62 16:54
78 23:28
70 23:02
58 14:45
79 17:58
43 21:22
83 18:34
20 18:26
74 22:28
25 19:22
10 17:13
37 23:13
84 22:13
99 14:10
56 14:04
57 18:32
50 23:07
5 15:48
9 21:54
39 22:08
48 14:57
66 22:42
19 16:45
34 20:17
71 17:56
27 22:37
85 18:28
96 17:55
4 15:21
6 23:49
60 19:18
78 20:42
62 22:47
44 22:51
30 20:14
46 22:01
40 22:34
28 22:57
70 23:57
57 17:43
96 14:46
62 23:59
21 16:08
5 21:33
58 15:12
5 18:48
9 23:23
24 23:14
75 20:25
17 21:03
36 14:57
55 18:19
42 18:26
77 21:18
65 15:30
72 19:52
10 17:16
26 20:23
99 16:38
48 19:28
74 22:35
42 16:24
92 23:32
38 16:11
68 19:01
2 20:48
56 21:55
94 23:37
83 18:28
25 19:08
91 18:39
51 15:50
49 14:09
55 20:57
91 22:25
29 21:34
17 15:42
63 19:08
59 20:02
12 15:17
98 17:03
49 18:49
5 16:07
39 22:15
98 14:09
81 20:06
61 15:37
42 21:01
88 16:35
77 15:58
28 19:44
65 23:33
95 22:13
75 18:50
50 15:09
90 15:02
61 21:24
41 20:01
28 20:15
50 14:14
100 22:23
55 20:03
43 21:38
81 18:59
44 21:17
25 21:58
63 19:01
22 22:47
19 15:22
90 18:23
97 18:59
28 15:41
60 15:35
54 21:31
21 20:13
100 15:23
73 15:37
88 23:02
28 16:57
80 19:39
40 17:26
25 16:40
39 14:29
13 16:30
14 16:44
80 17:01
18 14:46
34 19:10
71 23:20
68 16:48
75 16:47
11 16:09
40 21:40
89 19:25
33 16:36
7 19:53
73 21:31
74 18:09
93 19:21
7 19:27
71 23:24
52 15:05
28 17:38
28 16:07
48 19:09
59 23:20
70 19:41
24 19:45
33 23:56
96 14:42
65 14:42
74 18:10
83 20:45
97 21:31
16 19:58
14 19:15
63 17:59
48 16:15
93 20:36
18 15:53
12 17:43
39 17:57
44 23:38
92 21:06
93 17:10
83 15:33
57 21:22
77 21:46
81 22:34
88 21:10
57 20:27
95 18:08
97 21:27
4 18:19
41 19:49
56 23:33
66 17:24
16 19:40
58 22:17
53 20:52
68 15:39
52 14:57
60 21:40
28 19:33
20 18:05
5 17:50
92 14:02
99 18:09
26 21:26
90 22:25
58 16:16
79 22:58
48 23:51
30 19:44
31 18:19
57 14:22
9 22:07
41 18:04
91 22:34
20 20:17
59 15:40
71 16:16
16 15:47
17 18:57
6 15:48
43 23:44
13 19:58
69 19:37
38 16:24
89 17:36
4 16:21
75 16:41
45 17:46
85 18:18
82 17:09
95 23:14
98 20:21
41 20:31
17 22:49
56 20:03
36 18:59
63 20:50
41 22:53
95 14:46
57 21:38
97 21:57
48 20:00
54 17:39
80 20:20
51 21:13
96 16:16
47 14:36
15 18:31
73 21:00
9 21:12
10 15:34
21 20:58
86 20:25
63 18:59
42 18:21
69 15:46
27 16:41
49 20:45
28 22:44
21 17:53
41 21:43
49 19:50
46 15:10
24 19:05
54 15:06
25 23:03
86 22:24
40 20:08
45 14:25
26 21:08
5 19:04
73 20:25
13 17:54
23 23:12
12 23:16
84 19:08
54 22:48
82 20:51
86 14:27
45 19:23
100 23:33
28 14:17
72 15:06
82 16:15
70 16:56
100 14:16
31 14:20
13 18:38
60 16:56
43 16:49
38 18:06
62 23:04
86 19:44
63 23:06
2 14:46
11 22:16
67 22:21
68 17:55
40 15:03
6 22:43
27 21:24
77 15:09
86 20:13
75 20:05
69 17:21
5 23:01
82 15:57
19 22:20
1 22:58
79 19:26
17 16:02
58 16:01
71 22:39
17 14:56
78 21:13
13 20:17
10 19:25
78 16:40
81 18:37
13 14:39
7 17:53
60 19:18
40 17:11
58 16:51
63 22:13
11 18:39
33 17:58
97 14:24
60 20:47
8 21:10
54 18:23
15 16:15
85 14:46
11 19:35
75 16:01
59 19:58
5 23:36
21 18:04
24 17:57
60 23:09
32 22:26
95 14:32
69 22:02
12 16:40
86 22:23
33 22:35
88 19:58
91 15:15
43 16:26
7 20:39
46 18:46
86 16:55
97 16:37
55 23:37
94 19:01
76 16:15
37 23:44
94 22:46
93 21:17
65 23:27
62 18:16
67 15:59
80 22:14
66 15:34
43 19:46
23 21:35
53 17:50
6 22:56
46 19:25
19 16:24
22 23:58
3 19:31
36 15:31
24 18:05
21 14:36
85 22:00
34 21:28
50 14:13
46 16:05
71 19:49
15 14:09
6 20:05
4 22:54
74 20:58
47 15:38
97 21:38
37 22:08
73 18:54
54 18:15
30 21:14
85 23:35
15 20:58
15 23:12
76 19:05
19 14:04
42 20:11
14 15:16
29 18:48
55 19:25
14 22:23
30 18:06
60 16:36
41 23:23
61 21:41
84 15:50
12 16:44
1 20:29
69 17:23
50 21:01
62 20:20
13 15:37
61 16:11
64 21:04
52 19:21
79 18:34
95 17:00
54 21:59
40 14:36
91 21:30
15 17:45
12 16:12
25 16:17
97 14:20
67 20:50
49 20:34
19 23:40
89 20:43
10 17:57
21 17:41
94 15:22
62 19:08
29 14:10
15 16:28
59 23:47
92 17:54
93 19:24
96 20:38
18 19:27
21 18:51
6 23:26
54 22:43
77 16:48
96 22:11
85 20:02
73 16:22
31 22:20
77 19:46
28 14:38
1 18:11
90 14:23
30 22:40
24 17:27
90 18:36
94 17:46
66 23:31
22 18:40
7 14:42
28 16:26
60 18:33
51 18:21
40 21:47
32 21:53
40 20:45
15 21:40
41 20:46
8 22:30
75 15:45
47 14:03
12 17:42
18 21:43
10 19:28
58 18:28
82 14:46
53 14:10
59 20:01
84 19:29
74 22:39
53 20:30
24 18:09
22 19:56
21 14:15
3 16:21
10 17:38
71 20:57
17 18:53
42 17:55
46 16:32
31 21:20
50 17:33
56 17:37
16 18:30
31 20:20
64 16:58
9 16:38
75 22:39
86 20:42
66 20:49
23 21:53
2 18:39
83 15:22
20 17:11
9 16:39
15 14:25
32 17:13
19 18:47
32 19:22
42 18:40
49 20:15
88 14:57
5 20:39
95 17:45
19 19:35
28 23:48
45 18:16
69 17:52
41 15:53
39 18:02
20 15:27
7 23:21
62 14:27
24 23:29
2 23:55
59 16:53
33 15:15
99 22:02
73 16:06
30 15:38
72 17:40
96 22:51
32 19:27
74 18:56
45 20:40
25 16:52
66 19:40
64 16:24
57 23:53
35 18:55
73 21:50
74 15:17
88 21:33
14 15:54
96 14:17
14 23:08
5 22:37
20 22:48
74 18:28
97 15:23
5 16:20
22 16:32
63 16:41
5 19:22
32 21:53
55 17:28
14 18:33
7 17:37
89 22:02
43 16:25
54 15:34
58 16:57
20 22:26
54 20:45
16 17:19
70 15:22
30 20:50
14 16:56
17 19:49
1 15:42
39 23:14
84 23:50
85 18:33
30 23:29
57 15:01
68 14:37
80 15:13
89 15:24
23 18:41
80 14:52
60 15:52
1 15:43
14 21:43
77 18:21
58 14:27
74 14:35
75 15:13
22 17:54
97 18:13
63 14:05
16 20:13
67 21:53
34 18:36
21 18:31
94 14:22
48 16:41
2 17:04
86 16:09
49 19:04
59 15:09
6 23:42
91 20:57
8 16:30
2 21:44
90 22:58
6 23:25
65 22:49
86 16:41
31 17:53
13 19:07
58 17:56
41 15:55
26 18:46
1 23:51
75 20:14
69 18:00
6 23:54
36 21:24
45 22:22
86 22:40
29 23:07
43 20:10
44 17:36
100 20:48
12 19:22
73 17:36
42 16:18
2 14:31
70 20:48
6 23:01
31 19:12
17 18:43
94 16:13
77 18:20
71 15:28
39 17:16
34 18:01
43 18:43
34 20:40
85 21:13
40 16:09
25 21:15
84 22:56
81 19:36
73 14:57
6 15:21
5 18:22
76 15:24
61 17:53
62 15:46
41 17:53
58 20:15
48 22:59
52 22:12
23 23:41
49 16:05
36 15:31
77 22:01
93 21:38
89 20:31
85 16:03
59 18:18
86 18:34
23 21:20
23 23:58
55 20:33
88 17:17
1 18:34
40 14:13
35 19:30
75 23:43
32 16:48
12 14:27
17 20:31
55 19:49
70 21:51
23 16:50
70 18:06
42 23:08
28 18:01
90 15:39
4 14:09
16 19:43
65 18:29
69 18:00
73 14:08
88 23:22
6 15:59
3 21:10
85 16:07
94 16:14
100 14:29
58 21:57
60 23:43
44 20:56
33 20:14
23 15:59
6 20:50
36 16:44
7 17:21
84 21:29
60 19:24
9 20:39
43 22:30
69 23:38
66 23:52
78 15:12
87 23:20
82 22:09
99 14:43
5 22:10
40 23:55
13 22:58
35 22:29
68 22:22
86 18:48
93 14:53
42 16:18
52 19:05
15 23:26
95 14:02
62 17:41
77 16:27
7 22:38
17 20:06
73 17:30
48 16:38
87 20:13
38 17:42
88 17:50
74 19:07
25 14:42
91 16:17
9 15:35
77 20:39
22 20:59
21 21:09
26 22:58
74 15:12
33 22:58
37 16:20
49 20:10
66 15:28
41 19:30
66 19:07
74 20:14
51 20:52
82 16:07
35 16:50
75 15:38
50 19:49
100 16:42
78 18:11
59 21:02
87 15:07
35 18:54
42 21:30
78 15:27
94 19:25
37 14:25
58 22:14
51 21:47
78 18:05
76 22:19
36 15:35
95 17:36
72 22:25
50 14:20
55 14:56
75 18:52
49 19:25
54 14:21
25 21:12
26 15:55
9 20:38
9 15:45
34 19:53
25 23:18
1 19:41
63 18:53
31 17:36
77 18:25
62 23:54
38 18:43
32 14:18
40 21:03
23 15:41
91 15:25
98 18:51
8 15:48
95 16:41
56 23:33
65 15:03
54 21:20
8 18:55
95 15:26
11 22:52
77 19:39
1 21:05
29 18:06
12 18:13
37 22:03
89 23:58
16 20:28
68 20:59
20 18:03
7 20:37
10 20:09
52 14:31
76 14:07
64 19:46
92 17:56
29 23:19
98 15:39
20 20:20
88 21:48
55 23:31
57 17:57
65 23:56
31 23:05
95 23:08
42 17:18
77 15:08
67 18:56
50 22:11
78 22:39
41 19:22
2 14:34
24 14:01
30 15:23
53 22:21
77 21:25
46 16:03
18 20:39
5 15:30
2 14:58
69 21:39
70 20:59
11 20:06
55 19:39
40 15:50
95 22:39
46 15:36
45 18:45
29 17:47
41 23:35
76 17:27
26 17:46
29 23:33
43 16:37
9 16:17
63 14:07
63 15:57
12 15:15
86 15:05
38 17:13
25 16:12
49 15:32
67 17:42
33 19:02
100 16:33
17 17:51
70 21:23
94 19:53
67 15:47
44 22:12
14 20:06
44 23:46
16 17:26
64 23:48
25 22:02
77 21:45
66 19:00
39 18:25
30 19:16
50 19:13
84 21:11
23 23:15
27 18:19
76 16:01
1000
85 108
13 139
35 50
43 59
50 25
66 2
18 296
62 192
83 77
49 96
100 201
40 272
50 58
11 98
10 62
30 210
30 109
90 298
58 201
23 216
81 272
42 55
1 81
18 168
51 159
11 22
84 202
52 68
25 111
13 290
24 266
15 75
39 21
67 142
8 212
12 42
50 148
33 250
83 101
6 81
3 299
5 22
96 102
28 283
62 140
10 198
12 175
87 57
7 164
48 279
23 56
38 163
85 96
61 121
12 46
12 41
94 54
63 182
92 238
46 212
36 38
96 218
31 262
2 23
87 229
21 277
43 158
61 210
9 30
96 231
11 297
94 274
9 248
30 152
33 298
48 191
48 105
21 208
37 11
16 117
23 278
90 233
84 137
5 228
99 64
92 36
9 150
70 80
83 176
68 244
23 221
76 205
86 272
75 94
65 234
13 63
46 273
76 238
100 24
62 72
90 151
19 257
45 25
30 137
81 240
86 192
37 269
37 281
97 145
4 56
55 223
49 66
17 83
77 108
26 238
88 10
43 79
59 273
96 225
57 39
55 6
45 167
60 256
2 27
21 62
67 104
56 25
41 169
47 176
46 160
64 156
40 286
73 208
14 224
81 176
3 253
80 79
51 126
83 47
13 92
19 268
71 112
92 78
39 133
77 91
16 201
59 170
4 125
21 297
67 82
93 220
83 160
24 67
98 27
39 30
37 6
79 175
6 179
90 100
92 292
70 241
34 35
62 160
33 62
87 11
82 144
32 190
83 219
80 150
56 52
31 245
14 112
40 67
47 170
23 132
85 128
79 3
31 159
33 258
16 9
90 187
39 170
37 34
82 266
96 140
47 84
76 83
8 259
7 295
14 272
99 233
28 201
48 195
21 300
42 83
67 291
10 227
34 146
25 223
60 17
79 188
78 92
26 226
91 45
68 217
43 137
36 185
71 213
12 165
31 46
59 176
8 211
85 203
47 222
47 215
97 297
90 215
65 114
76 36
27 213
74 155
22 245
97 154
25 282
28 107
72 46
68 129
50 249
40 297
70 241
4 152
38 145
85 45
11 45
59 2
48 148
61 174
19 37
76 193
33 200
47 76
6 43
22 86
76 98
62 251
47 275
27 63
93 78
75 238
2 146
86 127
86 80
95 38
18 148
50 74
73 237
10 3
40 77
52 115
36 161
89 218
2 25
65 64
39 287
92 58
37 32
6 273
38 55
61 14
52 79
98 257
20 179
44 217
66 280
96 263
73 54
57 50
11 18
97 127
16 12
33 36
32 187
10 46
98 25
37 276
3 117
9 22
82 153
38 254
56 181
95 39
67 269
87 103
31 43
53 203
1 37
46 10
83 151
95 15
64 256
59 230
68 286
10 32
67 32
39 17
67 271
67 268
94 47
59 105
64 18
94 237
64 59
38 18
7 197
65 264
58 26
19 21
28 198
70 140
79 99
48 216
37 167
40 223
98 267
12 15
68 189
62 57
11 281
6 237
30 156
67 297
10 291
32 229
77 266
68 286
90 150
25 193
51 147
78 239
55 26
7 203
77 264
37 111
80 23
6 78
65 21
85 170
42 181
6 206
29 25
85 226
4 25
53 29
81 121
87 67
5 263
27 67
45 177
6 267
9 82
16 291
4 214
49 94
48 210
38 203
74 43
81 240
57 45
73 76
44 89
14 174
56 94
85 248
6 26
30 181
65 96
39 94
92 217
88 235
47 102
16 145
90 80
87 123
85 205
84 18
6 249
81 285
44 247
12 253
10 135
45 292
84 188
37 208
19 10
49 107
62 155
51 160
68 125
40 128
21 245
7 247
85 227
49 212
78 131
1 260
24 290
94 161
29 219
59 125
59 263
78 147
47 251
80 8
48 298
55 159
63 154
89 186
11 243
21 183
56 97
64 19
28 141
57 36
70 31
12 73
3 146
63 278
57 13
30 225
85 5
53 140
12 195
99 268
34 143
37 214
52 173
8 279
86 95
95 185
70 79
97 184
54 119
69 146
40 10
18 11
85 192
25 247
65 77
1 25
81 5
51 108
64 104
93 28
78 257
72 160
93 128
69 289
2 240
32 109
84 21
51 173
3 190
8 144
16 54
42 257
63 133
53 222
62 5
9 190
32 126
91 268
35 285
9 193
14 227
31 152
69 6
62 252
39 296
78 46
31 224
98 71
78 293
71 196
8 76
98 93
92 262
33 34
57 74
20 272
78 159
82 143
80 133
39 128
81 268
82 258
69 166
39 77
1 211
82 262
4 126
60 264
50 253
17 174
85 127
63 234
25 113
47 38
63 287
29 49
62 261
12 136
90 201
50 185
56 178
61 32
13 74
56 140
50 216
36 252
48 153
90 127
41 24
23 44
31 123
69 166
64 284
98 188
85 228
14 76
19 75
98 77
63 252
65 57
48 30
26 288
2 243
44 298
26 288
53 159
64 281
86 169
20 251
45 177
48 191
1 70
46 48
50 282
50 204
96 119
85 267
26 253
40 29
89 5
58 233
83 261
7 110
33 180
11 261
64 285
34 215
7 119
9 272
55 60
1 51
13 238
47 228
20 141
48 292
87 98
2 112
33 87
34 37
17 160
99 82
9 82
99 98
17 282
64 12
53 232
78 160
67 257
76 176
66 262
52 219
16 106
70 240
68 157
59 166
39 109
98 39
4 253
99 55
75 253
48 266
28 185
5 208
39 61
54 167
89 281
38 146
80 224
58 194
56 110
20 182
55 191
2 55
18 110
86 107
80 62
11 157
34 250
4 118
96 134
87 254
64 249
92 86
8 118
43 212
8 276
91 112
12 145
21 10
91 212
81 92
57 110
58 237
70 14
68 90
99 264
57 184
100 240
33 230
55 22
15 260
73 101
47 164
82 176
45 285
6 241
66 189
21 32
70 155
6 150
17 68
63 211
34 165
84 276
13 78
30 9
52 134
42 50
24 87
95 65
20 83
51 31
62 254
77 270
81 18
87 54
76 245
97 34
97 266
42 102
47 115
69 219
76 88
16 279
94 12
68 285
33 172
56 203
50 160
20 266
73 162
32 138
27 188
65 135
14 86
38 82
85 295
59 164
29 8
66 228
24 211
80 223
24 280
91 129
12 286
39 65
9 20
1 234
91 109
54 244
29 149
81 232
10 225
53 24
29 238
73 52
20 4
29 66
49 64
32 73
29 292
78 51
36 151
60 261
53 101
13 134
73 211
87 124
34 218
22 18
50 52
89 269
82 256
7 233
76 143
100 278
14 115
4 144
16 75
50 92
63 299
9 13
24 53
75 45
69 268
63 299
11 184
77 9
40 6
63 217
61 30
18 246
14 170
41 264
60 209
54 287
39 51
3 88
78 254
10 208
28 246
95 23
80 133
70 157
95 43
69 82
36 64
88 163
36 85
7 2
60 63
26 158
60 182
14 77
41 151
60 42
53 300
31 186
41 256
79 252
79 229
88 192
21 117
47 102
94 297
7 124
60 144
94 237
74 263
83 226
74 43
67 260
89 159
7 284
62 72
85 20
20 243
8 215
80 17
77 86
95 289
8 124
16 117
63 107
60 74
41 292
17 226
86 101
76 262
46 180
59 161
47 171
15 170
39 254
66 257
66 65
15 257
60 70
4 44
77 41
64 11
13 127
27 256
39 20
23 58
33 215
60 267
94 239
58 144
82 86
37 192
9 169
58 73
11 4
76 48
19 32
97 243
79 194
42 218
59 124
68 141
75 226
49 159
66 6
43 176
64 155
78 102
43 184
100 22
62 129
72 182
50 253
67 189
42 87
83 123
85 10
17 21
69 154
86 104
74 176
96 118
67 141
82 264
76 48
77 131
73 292
80 56
33 139
86 174
31 172
55 279
97 126
40 82
38 14
83 163
70 275
75 207
31 228
27 117
27 118
93 9
95 138
1 112
9 41
58 5
97 218
9 255
85 40
43 150
59 253
1 186
16 213
2 53
21 203
75 25
84 73
84 207
68 251
53 186
94 126
92 66
17 197
80 214
7 171
93 3
36 90
82 227
77 88
3 79
25 156
33 117
49 79
18 121
58 219
5 108
71 119
26 117
58 149
50 180
99 265
90 292
96 246
52 198
64 14
65 186
86 281
61 216
23 18
64 227
19 297
38 36
4 64
97 235
77 221
54 242
38 112
69 214
55 281
49 33
22 196
8 120
9 39
62 170
24 95
20 78
99 47
51 26
31 25
10 103
22 126
72 210
8 193
28 112
91 287
99 238
10 257
52 172
21 197
30 260
36 234
51 5
99 295
91 88
57 250
67 117
64 216
67 99
96 243
66 238
65 163
73 73
90 7
49 11
71 93
68 24
87 11
90 248
14 110
88 68
69 174
2 186
100 11
53 242
70 48
47 124
4 43
90 128
66 240
83 84
67 97
96 65
12 289
64 232
30 292
21 37
88 222
49 261
17 203
25 73
68 283
99 247
17 165
88 121
16 273
70 215
8 118
50 212
19 153
36 52
88 248
49 228
81 170
42 174
24 52
27 219
99 239
19 294
1000
79 15:06
86 19:02
89 16:38
94 15:13
82 20:13
50 14:34
93 16:37
68 16:20
86 16:45
50 22:35
54 22:34
44 16:06
88 21:49
20 23:32
54 21:42
97 15:25
48 17:21
84 21:19
48 20:59
67 14:18
70 16:29
28 19:29
54 22:59
19 18:22
16 15:11
51 16:14
83 19:00
86 22:25
70 22:33
42 21:21
91 18:28
62 14:52
44 16:56
98 21:02
90 18:58
38 21:37
76 21:03
37 15:34
69 18:26
80 22:38
57 17:55
24 18:42
25 22:49
98 23:37
17 15:45
86 14:22
78 19:57
38 22:57
9 14:35
96 18:42
90 16:17
85 15:27
27 15:46
71 15:22
7 15:07
13 14:52
14 14:39
93 22:27
72 18:23
75 15:34
2 22:43
92 20:36
56 23:30
50 20:37
76 14:50
58 17:38
62 15:52
85 16:16
8 17:22
15 14:14
47 16:35
37 22:58
83 17:00
99 17:37
59 22:32
45 16:17
57 22:41
49 22:43
41 15:59
20 18:45
35 16:26
80 15:48
26 18:27
83 16:47
26 14:34
30 20:20
10 18:57
44 16:03
15 21:30
60 21:05
95 14:37
100 19:06
1 20:52
95 16:14
56 22:41
38 15:41
2 14:52
74 20:58
47 15:01
53 17:52
50 22:05
62 15:19
20 16:45
22 19:26
86 17:49
81 20:24
27 18:21
100 23:34
47 14:30
48 14:11
30 17:23
91 16:46
81 18:41
5 15:36
25 23:06
73 19:41
4 19:36
41 17:44
12 19:58
23 23:43
66 16:23
82 22:53
80 14:04
1 23:23
94 15:38
46 16:29
2 16:19
98 23:42
67 22:30
79 17:49
71 17:39
14 17:34
31 15:44
74 14:51
26 14:06
68 14:39
40 17:47
32 14:37
18 16:23
27 18:31
39 19:28
39 23:39
49 14:10
45 20:24
80 14:42
25 17:31
70 14:11
83 19:05
40 21:06
20 18:33
79 23:00
7 20:14
63 20:28
45 16:16
44 16:36
35 21:10
30 22:03
94 20:08
22 21:07
83 16:01
97 16:44
16 20:18
45 18:32
18 17:02
58 18:15
89 23:31
59 17:16
25 20:41
68 14:51
23 21:19
70 23:16
43 14:42
74 15:26
27 16:45
50 16:54
96 17:45
86 16:08
10 17:31
29 23:09
58 16:24
38 18:44
4 19:05
61 17:36
7 21:27
90 17:20
12 21:59
50 21:35
40 15:46
35 14:43
69 15:23
97 21:29
99 19:14
70 14:11
81 18:08
93 21:52
71 17:23
55 16:03
5 14:25
90 18:27
63 20:11
11 16:21
46 15:07
73 15:09
79 15:08
70 21:47
34 18:24
38 15:35
74 19:14
66 22:16
84 18:00
86 21:00
25 16:31
46 15:41
12 23:16
89 15:37
79 19:44
43 15:12
36 17:21
42 18:55
42 16:56
23 18:40
53 21:01
54 14:11
68 14:42
13 16:47
86 17:33
28 22:24
88 17:21
98 19:06
29 15:14
11 23:21
97 15:13
55 23:13
77 17:03
30 14:32
83 16:23
33 19:18
2 17:08
32 14:52
94 21:48
8 15:57
45 18:57
78 16:18
28 23:49
64 22:45
44 14:27
48 15:28
67 16:53
39 14:42
47 14:14
88 14:58
49 17:59
25 19:35
9 19:21
37 16:32
62 19:01
70 17:04
28 14:11
41 18:25
9 18:04
48 17:55
57 22:00
31 17:08
63 21:21
10 22:50
73 14:41
34 21:38
55 21:27
50 20:22
19 21:58
36 17:42
49 19:58
12 16:25
19 22:48
88 19:57
64 20:18
45 19:02
52 19:30
1 23:07
63 19:18
9 19:56
31 19:56
64 15:33
83 18:43
17 18:29
86 15:04
74 15:18
99 23:30
2 18:07
18 14:15
40 17:37
19 14:10
76 22:27
97 15:27
73 15:30
10 17:44
31 23:08
77 16:08
19 19:02
44 16:54
26 22:45
55 17:22
2 21:43
89 20:41
31 22:23
73 15:29
84 16:29
7 17:19
52 15:21
72 15:53
32 17:00
12 18:50
33 18:37
51 15:13
39 17:01
50 15:23
32 23:57
14 23:24
77 17:48
89 14:49
52 18:23
84 20:24
53 21:15
21 23:47
10 22:05
10 15:38
9 20:37
73 19:57
59 14:29
45 21:53
43 22:49
13 15:44
15 14:48
36 19:24
67 23:56
40 14:24
36 20:12
95 23:27
51 20:55
87 19:49
5 14:53
89 19:20
73 16:00
69 17:47
44 17:49
27 18:28
56 22:15
9 17:45
12 21:06
7 20:14
43 14:54
83 17:12
48 23:53
39 18:54
89 17:01
67 15:42
90 20:50
7 16:14
67 14:08
36 17:07
48 17:44
86 20:04
77 16:41
46 14:31
87 22:26
33 19:32
86 17:55
21 19:09
43 18:35
90 22:41
55 20:40
15 22:09
37 17:16
38 21:22
40 15:35
46 15:01
56 22:15
56 23:27
47 21:44
32 16:11
91 21:29
64 16:42
15 22:47
21 18:26
66 21:15
45 22:24
43 20:15
25 21:00
9 15:11
80 14:25
52 15:16
99 17:46
8 17:20
90 18:14
78 22:38
7 16:15
65 22:52
2 22:45
27 17:44
89 18:23
88 23:50
45 15:33
50 23:45
20 16:18
62 22:46
72 14:49
66 17:38
67 19:53
67 19:00
89 18:34
25 17:09
44 23:24
45 20:13
98 21:34
89 19:22
92 21:38
2 15:24
48 17:09
87 14:36
52 14:20
9 22:03
73 16:44
23 15:37
15 18:05
58 14:11
67 17:25
16 14:24
13 14:32
54 15:00
84 21:38
78 16:53
62 23:05
92 21:44
28 15:02
35 21:41
76 16:36
18 18:06
57 22:59
66 14:38
41 21:16
93 22:47
58 17:33
21 18:59
51 15:43
4 18:51
39 17:11
10 17:52
30 21:38
33 15:52
43 15:47
17 22:22
14 23:52
48 20:53
79 16:18
52 14:27
15 23:37
75 15:40
41 19:17
81 21:00
95 15:20
4 14:12
65 14:07
8 22:26
66 16:41
22 21:33
63 20:34
63 22:27
49 15:03
52 16:26
79 16:54
40 18:29
63 21:31
64 20:43
79 21:43
83 23:02
11 16:57
82 19:31
37 18:11
5 19:09
29 18:37
18 21:39
43 17:30
9 17:15
65 18:20
70 15:41
9 17:52
31 20:25
51 16:30
45 22:39
86 20:48
12 19:06
1 22:15
57 18:12
87 15:43
4 22:00
84 20:10
98 22:01
50 15:10
1 20:32
47 23:01
33 21:32
73 19:51
37 14:37
5 19:26
62 23:22
21 16:00
39 22:44
95 16:20
74 16:45
55 19:52
86 23:28
57 23:17
2 22:20
74 14:59
56 14:32
9 21:47
29 15:52
55 20:25
69 15:42
23 19:20
78 19:37
28 16:35
98 14:49
63 18:19
32 22:25
37 18:29
70 18:32
77 21:03
57 19:27
14 14:09
100 23:56
32 18:25
76 16:35
91 21:43
87 14:55
96 17:24
18 16:04
31 20:34
37 16:52
64 23:39
92 15:39
42 18:04
49 14:41
36 22:52
79 23:57
86 21:29
33 21:55
96 15:57
71 15:26
30 21:42
89 18:58
84 17:08
29 23:21
74 14:42
9 14:47
30 23:00
2 21:40
24 23:51
91 16:42
27 23:19
13 22:33
22 17:32
95 17:08
82 19:41
80 21:15
2 19:57
76 18:54
42 21:16
48 18:15
77 20:19
42 15:51
89 19:16
33 14:48
92 23:54
39 23:01
72 15:10
59 14:58
38 22:38
1 23:38
64 16:00
87 20:50
56 21:49
63 15:22
64 16:39
71 22:21
48 15:41
35 18:04
1 23:27
17 14:15
35 20:54
5 16:29
28 20:22
40 14:43
62 14:47
71 18:06
23 14:41
100 22:50
57 14:21
36 21:27
5 16:23
49 15:13
7 19:34
33 22:34
94 18:51
43 22:17
55 23:15
82 22:20
52 23:14
37 21:22
43 17:38
34 21:28
32 19:33
18 14:59
47 17:22
51 17:38
85 15:51
26 16:25
58 17:39
15 14:16
92 22:05
87 19:04
42 18:07
66 18:27
63 20:16
89 17:36
7 14:46
94 21:19
2 14:50
97 23:55
24 15:20
13 17:59
93 18:34
35 20:31
22 16:08
74 16:23
19 19:48
84 16:42
30 14:19
92 19:55
48 21:58
57 19:48
63 23:13
94 16:39
4 18:50
54 18:22
62 18:27
94 23:52
79 17:22
68 14:02
65 18:07
6 23:34
99 19:00
63 20:22
37 23:26
41 22:36
93 16:24
61 17:32
40 16:57
51 21:51
12 22:05
93 18:52
23 22:42
77 20:23
64 23:10
40 15:23
4 21:21
46 23:02
88 17:49
4 23:07
62 15:51
65 19:36
81 18:33
44 15:11
44 18:36
56 16:53
65 14:26
41 20:57
78 15:46
14 16:52
96 20:20
88 19:03
40 15:14
42 21:31
7 20:43
50 17:03
56 16:30
55 16:34
64 19:48
42 23:13
1 21:20
42 17:07
99 20:50
19 20:16
87 21:01
7 18:11
60 23:06
44 17:26
88 18:59
80 20:06
42 23:15
97 16:07
49 16:05
43 21:39
58 19:38
45 14:06
49 19:22
80 20:28
50 21:31
2 16:14
21 16:29
21 21:43
38 23:16
58 18:53
43 19:28
17 18:18
47 17:20
34 20:23
24 18:10
38 17:23
74 20:55
34 18:03
10 20:20
51 22:08
22 15:59
91 18:22
2 23:00
71 16:15
76 23:41
77 23:46
87 20:23
88 19:16
4 15:54
9 14:50
41 20:51
56 22:51
31 23:32
52 18:30
55 21:46
43 18:04
47 21:48
45 17:05
69 23:05
39 17:07
88 19:25
35 14:25
15 18:57
66 23:29
67 18:18
89 19:18
12 21:02
16 15:37
70 23:43
24 23:41
4 19:53
15 21:25
93 15:58
45 22:50
38 19:06
17 17:02
52 23:43
89 15:02
70 16:19
34 23:57
14 21:59
71 16:46
33 21:19
15 17:34
72 19:54
9 20:55
24 15:32
36 15:00
24 23:27
63 14:02
14 16:51
6 15:15
46 20:16
58 23:00
46 18:16
14 16:11
31 16:41
2 15:04
44 20:06
56 21:16
81 15:44
81 16:28
69 19:25
49 22:55
40 18:40
62 18:00
79 16:10
46 22:26
48 22:38
79 16:29
86 15:12
66 14:06
97 21:20
27 14:02
74 23:18
16 19:34
5 20:00
44 14:27
70 19:49
71 21:55
70 14:04
31 17:01
66 14:22
16 14:46
33 14:55
83 22:37
46 14:25
63 20:03
24 16:03
10 19:31
93 23:49
79 14:54
53 20:53
56 22:07
43 14:52
89 14:07
8 15:30
45 16:28
59 14:36
5 17:54
41 19:15
59 14:39
34 17:49
81 18:58
91 17:14
74 15:16
26 15:03
4 15:07
99 14:36
34 14:34
20 17:18
4 17:09
83 15:52
73 22:29
87 18:41
8 14:53
12 16:01
50 23:36
7 16:03
71 14:11
76 22:23
67 21:01
46 14:17
87 20:36
16 19:39
84 19:57
82 22:42
20 17:04
24 21:23
42 21:25
64 21:16
94 15:20
54 18:53
61 20:42
67 18:27
26 21:28
54 22:24
59 18:30
39 22:20
6 19:05
77 23:49
6 17:18
55 14:13
48 18:21
53 16:28
33 17:26
52 17:33
7 17:16
3 15:38
84 20:55
67 20:09
9 15:11
70 19:16
11 14:21
43 19:54
2 21:54
85 16:00
20 18:41
20 21:50
8 22:08
32 17:44
54 23:40
29 19:34
62 17:11
31 17:23
2 15:18
79 17:55
97 17:59
62 14:16
10 15:19
76 19:18
34 14:46
43 18:25
5 18:08
69 23:13
61 20:53
16 21:05
68 18:16
21 14:02
19 14:04
6 16:24
24 17:54
20 21:19
34 22:08
3 19:44
97 14:54
8 22:44
60 15:51
21 14:28
97 21:40
79 18:46
7 21:27
60 16:30
63 22:20
38 16:21
75 15:22
97 17:08
13 16:37
24 14:36
43 21:19
1 18:30
7 20:48
54 15:54
16 18:53
54 22:40
57 20:10
8 20:33
54 18:23
22 17:19
53 21:59
6 14:44
70 21:00
38 23:20
58 22:26
73 17:41
16 21:42
92 20:19
62 17:29
45 14:16
79 23:00
6 14:57
69 20:35
30 19:24
16 19:28
21 15:00
39 18:12
96 19:03
15 22:20
62 23:59
6 18:16
33 22:13
59 17:54
81 18:24
78 16:32
99 16:12
64 15:50
45 17:17
40 18:51
100 18:54
84 19:05
77 20:21
48 18:00
32 20:52
67 23:13
34 16:10
94 21:56
18 19:43
45 17:02
2 14:04
60 17:27
79 20:33
65 20:24
35 14:56
3 18:48
25 23:11
20 17:08
42 22:15
30 17:24
18 17:31
50 22:59
84 23:16
82 14:23
91 19:13
93 17:36
57 23:46
72 14:38
29 16:04
75 22:21
72 22:26
81 23:12
91 20:22
28 17:47
32 21:53
93 17:22
42 15:00
67 16:26
10 19:52
0
