100
91 64
23 298
98 276
92 209
36 23
35 259
2 6
2 82
1 1
88 102
94 254
14 282
48 27
100 135
49 220
39 263
69 232
82 161
36 219
30 223
19 176
71 98
85 287
11 141
98 210
89 185
15 88
90 260
38 118
47 97
21 9
12 50
18 11
78 127
66 29
63 15
7 194
46 275
94 242
21 211
93 282
31 88
71 177
9 215
65 290
60 224
33 48
40 268
2 146
100 232
47 272
66 202
63 173
92 146
21 72
47 175
83 124
79 106
16 247
87 150
81 218
6 16
88 182
29 1
52 143
59 37
93 132
28 175
97 242
34 186
45 123
49 118
4 46
95 128
20 238
82 78
78 252
70 66
41 129
99 140
6 143
100 290
98 3
11 296
47 95
27 232
31 128
68 171
59 87
37 165
76 72
100 46
12 267
38 150
67 30
40 18
34 87
58 198
83 102
61 37
100
26 19:37
83 17:10
32 14:16
54 21:26
58 21:12
89 15:48
92 14:27
92 20:48
14 19:59
89 18:59
63 22:07
30 17:23
49 18:15
33 18:12
84 19:04
2 16:04
46 21:46
83 19:48
86 22:23
38 15:05
43 22:17
30 19:17
36 14:04
83 23:19
18 19:33
63 14:47
41 22:26
53 16:14
26 21:01
17 16:55
24 18:37
64 14:40
59 18:22
94 23:12
50 15:50
57 17:24
95 22:49
100 21:41
55 17:16
79 22:08
22 16:42
97 22:42
5 19:25
35 16:35
83 22:22
67 18:44
17 23:35
61 21:59
16 22:30
84 18:47
3 23:02
65 19:18
30 21:44
35 22:41
55 23:13
66 21:16
67 18:46
86 19:46
74 22:33
86 16:26
38 21:56
98 19:29
57 20:36
80 20:56
78 18:46
14 23:52
11 17:33
25 14:09
4 18:15
32 17:13
58 21:57
72 19:29
28 23:29
22 18:53
26 22:15
26 22:36
12 15:39
54 15:02
29 23:08
26 22:01
1 18:01
39 21:05
88 15:33
45 17:01
37 19:00
18 22:05
77 20:21
4 15:01
83 15:58
25 17:09
51 21:41
17 17:21
97 16:45
76 18:21
69 14:24
74 15:17
17 22:32
43 19:01
75 18:14
78 15:26
100
24 276
77 15
71 268
78 279
46 170
44 251
98 162
69 209
21 85
95 300
33 54
84 47
26 105
38 51
60 106
55 150
94 161
26 109
26 59
26 172
2 65
86 19
34 68
1 63
80 145
43 80
64 293
57 237
96 72
97 35
55 97
52 139
79 14
72 3
76 130
21 229
71 58
24 256
13 112
46 171
77 24
9 193
60 117
7 52
98 44
23 24
55 111
90 290
15 97
55 280
79 260
18 75
45 83
89 16
42 58
10 43
81 254
11 281
67 129
92 271
9 273
77 251
45 252
68 211
74 40
7 148
77 243
45 173
84 206
41 108
12 282
20 120
32 227
64 84
54 181
84 279
9 7
18 104
94 102
94 119
99 169
21 277
63 290
46 164
83 58
68 203
72 244
5 93
10 239
73 95
12 41
62 67
78 162
98 130
24 130
25 238
99 246
20 120
88 93
42 228
100
11 22:36
55 23:15
18 21:38
43 20:39
91 16:17
76 19:55
15 17:04
18 18:08
68 19:15
97 18:47
43 19:59
60 16:31
26 15:05
21 22:03
86 20:54
97 20:13
36 16:21
13 19:45
5 22:30
89 22:26
26 22:48
4 23:48
57 23:04
92 21:08
66 16:30
92 15:13
85 17:39
11 22:42
28 17:48
3 20:49
79 21:14
53 16:31
66 19:49
15 14:18
39 21:56
43 18:18
37 18:42
50 14:27
56 20:21
65 23:48
65 23:39
18 18:11
60 23:01
66 23:38
61 14:38
2 21:26
8 16:16
68 16:37
77 15:33
59 14:55
42 20:28
86 22:32
10 14:41
32 22:49
42 17:44
64 14:10
25 22:15
75 21:18
73 17:40
94 21:54
16 14:03
90 22:52
1 21:11
5 17:23
12 23:25
11 16:43
63 16:39
5 21:53
38 21:44
69 19:55
71 22:40
61 20:48
10 16:29
56 14:11
44 20:00
74 16:35
19 23:43
28 21:10
38 23:53
45 19:13
56 22:33
95 21:56
98 22:48
36 14:52
84 15:23
66 19:48
85 14:41
41 18:54
20 18:31
48 14:37
17 19:18
95 17:24
36 18:44
7 16:30
54 20:15
6 16:08
61 20:33
93 22:50
67 14:05
92 16:28
100
14 51
33 200
42 294
63 104
26 119
67 141
52 17
60 148
64 225
80 163
35 52
59 92
15 278
55 278
73 83
96 68
62 287
1 195
60 90
35 5
69 59
26 227
28 270
49 231
42 146
25 171
23 291
81 24
42 43
89 46
74 148
52 171
33 59
62 94
1 7
74 47
58 67
28 148
83 276
86 29
44 275
20 115
43 50
30 269
5 97
29 276
80 39
40 265
3 50
77 33
22 199
42 260
38 249
41 189
35 61
8 37
12 226
1 90
74 146
73 146
34 193
9 200
24 188
85 250
48 76
25 135
26 276
82 251
60 140
62 261
93 96
62 228
23 17
98 17
86 110
58 48
31 249
52 73
54 43
90 101
84 53
22 117
75 89
11 66
43 276
46 297
48 237
8 77
97 158
73 240
61 85
74 142
33 151
15 208
41 264
72 131
94 25
73 50
47 45
59 293
100
10 18:36
77 17:58
50 17:57
83 19:56
18 19:05
77 15:10
41 20:00
92 17:13
48 22:36
45 22:01
75 17:21
22 14:15
31 20:32
12 21:43
43 21:18
69 16:06
18 17:06
35 15:52
29 19:58
70 22:38
74 14:46
63 14:09
16 20:03
92 21:59
19 15:41
54 21:20
66 16:06
44 22:04
55 15:35
38 21:49
79 17:18
93 21:52
31 23:11
29 15:14
74 14:10
93 15:49
56 17:55
38 17:42
67 16:11
67 14:39
92 21:49
78 21:16
43 17:29
22 19:31
90 16:03
8 14:56
63 16:47
96 17:52
81 14:44
94 17:49
89 23:09
61 23:05
30 18:04
10 19:55
57 15:46
19 18:59
53 22:01
86 20:58
22 21:04
17 18:29
68 18:08
8 23:06
50 20:32
21 17:51
100 22:47
94 15:21
2 17:33
52 15:45
22 15:05
43 14:57
40 18:54
99 21:41
19 21:38
37 14:50
7 14:23
68 22:35
20 15:22
53 16:39
90 22:04
89 15:05
95 15:54
90 16:44
57 20:39
33 18:39
4 15:03
2 18:04
86 15:28
32 20:46
14 22:17
23 20:16
17 17:39
23 14:59
51 14:37
52 21:49
9 18:45
98 17:30
7 22:53
65 17:53
53 23:41
73 20:13
100
78 190
42 5
20 197
56 190
97 195
61 118
97 72
79 186
66 227
39 295
96 152
94 154
80 194
4 261
43 39
58 105
87 236
48 252
54 289
22 1
98 217
62 269
75 270
43 116
6 272
84 33
19 237
97 218
94 80
13 224
31 78
15 209
74 281
99 171
16 281
23 300
15 300
34 206
31 237
31 285
86 287
11 154
69 39
41 107
1 6
34 8
9 32
53 248
52 230
35 9
93 242
97 260
85 252
14 48
69 27
8 212
53 146
43 239
92 216
4 12
20 30
99 178
89 291
22 114
5 17
92 42
55 290
31 28
44 213
97 204
9 70
81 26
58 216
60 156
82 145
42 202
9 7
66 222
34 101
20 238
21 279
35 168
56 27
18 293
36 288
7 73
58 88
34 162
58 296
10 32
92 19
57 284
26 125
93 283
29 53
23 25
55 116
87 8
77 99
100 183
100
72 23:18
33 21:06
77 15:09
100 21:27
77 21:34
98 23:44
90 22:06
27 15:49
68 21:04
31 18:48
78 18:01
82 17:02
1 22:14
36 20:40
77 14:19
92 19:00
65 22:10
54 17:27
14 17:09
54 20:39
75 17:24
23 16:54
100 15:02
11 22:29
2 16:07
57 19:30
5 21:43
29 21:33
21 20:06
31 17:31
42 14:41
94 17:37
68 18:30
14 21:21
69 21:47
80 14:15
52 20:29
49 14:49
65 19:29
10 15:27
98 20:00
46 17:01
86 19:17
4 17:31
80 15:52
47 17:20
6 21:31
79 20:37
34 21:18
49 21:12
62 23:46
46 22:13
39 19:12
32 14:41
47 17:18
70 19:30
26 21:56
30 14:10
53 22:20
32 14:19
50 14:30
88 16:28
95 20:04
66 14:39
54 21:08
60 22:26
100 14:38
61 23:21
9 15:12
25 21:57
28 14:12
86 17:08
95 22:37
41 21:58
21 23:25
8 14:54
66 14:20
86 21:17
47 19:25
87 23:56
55 17:42
38 17:38
8 20:51
12 15:56
2 16:22
40 21:00
77 15:37
91 17:22
53 21:54
4 17:28
59 21:53
44 16:55
6 18:04
38 15:16
59 22:31
83 16:23
100 15:07
8 19:22
2 14:39
32 14:43
100
94 120
51 108
49 107
35 252
80 83
2 211
59 253
60 43
48 3
63 206
14 256
41 258
90 184
85 101
78 124
31 126
33 149
96 132
22 273
9 203
28 189
20 29
61 297
93 214
5 69
46 39
46 281
93 268
61 64
45 248
24 300
67 154
34 85
38 168
54 243
53 46
84 185
28 152
28 207
51 160
97 2
98 232
9 227
83 151
53 289
64 261
11 211
72 292
82 89
38 84
95 65
80 262
41 249
100 165
10 200
56 61
12 26
59 245
80 296
32 42
74 155
75 236
65 111
56 220
37 215
46 103
79 71
53 275
91 159
68 143
41 202
78 35
5 29
29 165
51 77
7 250
71 286
73 160
64 37
45 131
55 253
80 138
26 73
76 76
66 21
22 219
10 195
28 9
73 299
41 68
38 274
85 190
94 110
50 146
41 146
39 253
32 21
84 128
46 32
66 237
100
66 16:19
52 16:32
93 22:59
30 15:43
44 14:37
14 20:30
40 19:49
21 16:48
25 14:19
91 15:09
11 23:18
52 23:53
100 22:39
61 19:47
29 22:19
50 21:58
62 20:20
42 14:38
81 16:54
85 20:42
54 18:33
4 20:58
79 19:26
83 22:56
57 17:34
75 18:48
16 18:38
6 19:30
62 23:31
79 22:34
93 17:35
36 16:09
28 23:05
34 18:29
60 20:10
8 18:00
71 14:48
92 15:14
93 19:04
15 18:36
77 16:15
78 23:59
78 18:51
72 22:56
55 23:27
30 14:47
36 21:46
41 22:02
6 15:58
34 14:14
60 19:37
24 15:05
3 23:27
49 21:47
11 19:08
10 15:32
83 18:59
36 21:20
74 18:47
31 14:02
87 19:17
39 15:52
43 22:48
28 14:21
41 23:38
78 19:52
70 22:54
67 20:04
57 15:03
15 15:08
12 16:48
35 16:05
5 14:42
14 21:29
36 17:49
74 19:07
70 18:07
57 19:24
89 21:15
37 17:13
52 15:15
24 18:44
98 20:26
19 21:38
82 19:15
55 23:50
62 20:11
2 23:15
44 18:36
72 22:10
80 21:26
69 22:15
51 20:22
60 19:03
100 14:34
20 15:25
57 23:10
66 17:05
4 20:33
8 15:05
0
