100
96 275
80 197
48 136
54 200
94 35
36 46
43 130
92 47
43 207
66 217
70 154
57 111
73 266
13 129
76 137
72 62
97 129
58 22
40 133
90 182
57 19
24 42
41 47
36 139
37 203
88 129
34 104
89 214
46 13
10 124
75 140
21 35
49 210
26 255
23 250
93 129
73 60
7 135
88 149
96 249
29 26
56 201
99 242
4 182
19 74
42 241
97 8
31 36
8 142
23 191
38 227
18 108
53 286
54 122
46 93
17 289
44 101
21 124
31 1
25 67
53 155
5 255
44 106
37 183
30 249
53 15
13 20
65 292
43 121
28 290
57 52
54 84
74 146
67 179
86 23
60 200
80 270
96 231
5 115
83 236
42 83
77 171
28 265
10 300
57 193
17 83
54 276
43 298
79 119
2 237
6 105
26 281
31 258
66 28
20 25
61 264
9 100
86 258
18 15
78 253
100
16 15:43
42 15:05
88 16:05
97 20:03
26 22:16
67 19:37
49 21:25
82 23:34
80 20:47
99 14:05
84 18:47
40 17:00
31 20:25
33 19:11
37 20:14
68 16:08
8 18:43
14 18:21
65 14:10
39 21:43
84 15:00
93 21:20
97 23:15
68 15:24
97 15:04
8 17:48
47 21:09
99 22:13
12 19:26
96 22:54
23 16:03
93 21:36
57 20:07
77 20:08
7 23:18
73 18:29
58 22:10
40 22:58
16 16:43
4 16:48
95 21:17
95 17:26
7 21:47
62 21:32
23 20:21
53 19:26
73 14:57
76 19:08
58 21:30
100 15:09
59 20:13
12 20:09
53 14:41
1 21:01
59 22:39
51 18:19
18 15:18
63 21:00
53 15:27
34 18:59
42 22:29
8 23:13
62 20:04
17 14:02
8 17:42
14 19:56
53 19:29
47 20:08
84 18:30
91 22:02
65 14:38
84 14:10
50 15:04
73 14:45
25 15:28
62 20:17
15 16:42
87 22:54
28 16:32
64 16:20
12 20:57
79 16:20
37 18:26
50 15:26
98 18:09
54 19:40
96 14:07
88 19:04
43 17:05
15 19:03
51 17:14
70 17:44
91 14:06
56 18:17
21 22:13
42 15:33
36 17:57
47 22:07
51 22:20
1 16:35
100
10 37
67 261
30 287
26 244
20 181
8 235
42 249
31 276
90 86
98 212
15 246
86 267
56 120
35 226
82 131
61 248
9 214
97 136
32 198
6 299
6 289
65 145
68 196
60 280
31 203
66 272
100 164
44 156
50 149
54 157
7 202
33 49
19 94
72 203
22 25
16 89
29 130
25 164
11 201
49 23
44 8
67 143
57 230
40 94
96 44
9 115
91 131
2 4
100 185
20 209
72 183
53 25
89 68
92 289
48 180
39 145
19 140
9 134
49 251
47 9
47 252
98 6
79 78
26 90
48 32
58 286
73 242
28 288
53 199
30 40
35 34
77 93
25 110
25 8
30 21
13 204
19 284
52 230
78 52
11 291
30 273
1 295
3 218
26 37
59 256
64 260
19 177
59 88
94 228
41 118
70 244
96 24
72 54
92 276
75 207
77 298
48 285
58 288
28 205
81 234
100
49 20:14
49 19:00
33 22:58
58 21:19
97 15:59
83 14:39
94 19:19
2 23:36
30 17:24
68 16:15
13 14:46
82 19:56
76 23:43
100 22:24
65 21:38
3 16:39
68 20:32
97 15:48
94 15:57
56 21:45
44 18:04
35 23:49
46 18:13
14 23:59
56 18:36
95 19:50
85 20:50
68 15:44
55 21:28
59 17:07
18 21:29
48 21:51
28 18:22
21 16:07
76 21:22
52 14:42
77 21:01
76 15:17
58 21:19
93 16:06
48 20:19
77 19:47
7 17:53
19 17:24
64 22:35
27 20:16
78 18:03
14 23:33
13 16:33
92 14:15
68 18:01
51 23:21
77 20:28
46 15:39
13 15:04
77 17:27
76 19:37
87 15:58
15 18:38
97 20:34
53 19:20
93 16:32
23 20:02
15 16:57
78 16:22
74 20:27
81 22:31
39 14:34
28 21:15
81 14:37
49 14:31
52 16:10
45 23:50
84 17:11
96 15:33
12 23:14
72 14:18
8 21:43
15 14:04
6 19:00
12 14:13
96 20:16
49 20:14
11 15:45
82 19:38
46 20:03
88 23:46
46 16:55
62 23:40
96 17:30
24 21:58
48 22:14
78 23:23
80 21:42
39 16:34
56 19:06
75 19:08
13 15:10
54 15:32
11 17:55
100
31 275
32 207
75 96
98 165
73 97
7 146
93 48
35 15
27 6
86 97
31 24
76 52
99 169
9 183
69 262
24 170
66 118
91 217
5 234
60 69
92 232
34 5
52 268
83 211
83 187
89 142
15 216
90 129
80 299
28 149
14 144
13 248
84 131
40 99
96 25
96 222
4 231
52 137
64 14
11 165
74 259
21 194
98 271
67 95
90 118
47 81
37 159
90 289
17 180
54 81
82 28
79 171
97 28
98 70
55 266
52 209
35 150
71 211
46 211
21 54
32 78
97 250
97 265
40 124
1 91
37 214
21 90
64 277
95 89
71 262
60 52
80 249
71 24
89 39
5 39
78 49
83 227
11 57
47 130
30 97
76 162
89 238
87 141
79 35
90 16
99 118
42 184
86 194
54 77
58 114
12 207
74 133
23 181
76 158
24 4
36 289
81 119
71 223
77 120
68 286
100
45 17:36
2 17:56
78 20:33
99 18:37
96 20:08
51 20:45
22 20:59
56 20:58
64 14:02
48 15:25
14 15:10
79 17:18
97 21:01
70 21:39
70 21:50
84 18:34
29 21:50
97 14:27
36 17:27
33 15:49
9 23:04
38 19:10
77 16:35
84 14:50
94 19:25
39 15:26
29 16:04
94 19:59
4 21:28
71 15:26
4 22:18
27 19:48
78 20:41
63 22:08
99 15:03
75 20:25
76 15:00
50 17:30
39 22:33
62 23:53
32 22:20
26 16:35
63 16:56
57 22:31
22 19:01
85 22:09
33 16:08
71 15:41
32 16:19
41 17:53
77 21:12
25 16:09
51 16:17
12 19:37
22 23:53
39 22:37
71 21:05
44 17:14
66 22:33
92 22:45
3 14:46
52 23:41
30 21:41
74 15:22
99 14:12
61 19:42
92 23:30
64 16:10
88 20:36
78 22:26
28 21:14
10 19:02
71 15:22
93 18:02
39 17:27
100 20:19
6 16:03
40 23:05
59 23:03
99 15:43
90 17:11
21 22:42
89 23:27
79 15:23
48 23:03
31 16:56
9 20:14
11 21:44
96 21:10
66 15:38
38 17:05
92 21:20
25 17:36
46 19:21
32 16:18
59 20:05
58 18:28
13 22:05
36 23:23
6 21:10
100
26 63
80 134
75 179
95 106
46 158
50 246
39 148
93 221
22 109
25 52
16 226
8 103
19 115
87 285
49 227
58 49
20 161
63 74
52 48
89 102
92 21
61 39
34 179
38 162
66 203
98 253
1 142
49 58
29 152
25 128
31 153
26 154
100 41
47 41
22 260
65 79
7 113
12 237
38 156
39 229
92 252
43 49
57 13
59 182
80 21
67 260
76 126
78 57
3 125
60 280
83 225
8 197
36 41
6 106
53 186
56 79
42 277
6 149
13 72
96 87
99 111
15 254
94 157
94 19
37 128
91 191
88 233
48 186
56 143
11 27
33 63
90 139
58 56
87 212
80 100
27 156
52 11
3 242
14 214
3 240
14 166
23 265
12 58
92 21
18 254
24 47
51 122
24 14
85 275
84 295
60 296
32 18
5 103
22 111
88 209
4 191
82 87
36 219
13 55
25 212
100
9 19:24
32 20:18
34 14:04
50 21:36
39 19:45
91 19:29
71 18:39
36 15:45
31 14:50
61 14:39
19 21:23
82 15:37
56 15:27
71 15:08
5 16:40
45 17:54
48 19:23
55 21:59
96 14:05
37 17:16
8 19:03
63 18:52
87 18:30
42 20:39
2 17:34
99 14:45
97 14:02
28 16:05
25 16:18
94 22:47
85 14:56
59 22:42
96 19:28
5 17:34
3 16:21
36 19:16
12 16:36
49 18:46
98 15:00
30 15:01
29 15:45
16 15:16
32 19:30
14 16:44
13 16:44
4 17:20
41 20:53
87 14:33
49 21:14
59 14:37
8 20:47
39 21:44
10 18:40
92 20:17
85 18:42
25 20:12
26 14:03
48 16:24
53 17:37
88 17:00
48 15:33
58 14:53
77 14:26
94 16:36
71 14:22
16 21:55
51 17:05
19 15:22
32 20:41
96 23:25
43 21:46
65 14:08
75 16:24
32 17:18
76 14:59
79 15:50
90 20:04
42 17:30
84 18:09
91 22:38
98 21:03
8 17:08
24 21:43
58 17:19
72 22:31
97 23:27
62 18:24
33 19:22
65 21:07
59 22:21
5 15:01
58 15:43
74 15:39
3 15:29
8 16:42
63 15:56
33 19:50
28 16:12
7 15:05
51 16:34
100
2 129
56 199
44 67
54 222
16 168
53 174
59 259
9 80
69 36
18 27
47 49
44 109
17 264
95 141
63 255
3 281
92 108
64 59
14 111
66 4
23 9
99 300
83 266
29 120
16 289
89 241
86 78
44 144
30 256
26 71
81 117
68 19
49 282
70 230
16 203
52 75
80 135
76 215
5 72
21 218
20 278
50 251
61 279
51 52
84 62
27 282
29 112
37 107
16 223
21 237
14 127
41 266
21 22
24 216
73 247
73 255
32 73
29 44
31 197
99 249
31 208
40 246
35 90
55 198
42 300
57 231
27 20
3 186
47 10
12 122
55 177
46 50
31 176
77 33
6 190
66 298
22 152
97 296
75 141
4 116
11 283
14 52
57 68
25 214
30 7
3 274
39 128
15 32
68 258
78 290
16 235
76 264
51 49
56 220
48 275
82 224
75 73
57 34
62 37
100 139
100
78 22:30
89 22:55
64 23:47
64 14:57
32 20:03
12 22:11
10 23:30
95 21:30
8 16:14
75 18:18
3 23:37
97 19:20
57 15:12
77 18:39
51 21:38
2 17:55
70 21:50
23 14:10
95 21:52
26 17:09
15 17:57
16 15:09
28 22:49
37 16:17
58 14:04
5 20:50
80 21:29
36 17:31
51 17:39
26 22:40
19 23:23
50 18:50
87 22:51
20 21:42
8 17:39
76 19:10
13 22:07
25 22:44
90 22:45
25 19:01
64 17:44
23 16:16
67 15:27
95 21:20
19 17:23
21 20:26
20 17:15
72 17:02
46 14:18
88 16:49
7 19:01
66 15:35
54 17:39
35 15:06
7 14:14
28 20:59
100 20:15
36 21:27
76 23:15
50 16:36
94 22:03
37 18:13
88 17:35
45 19:37
68 19:15
99 17:52
12 14:47
60 16:23
73 14:43
2 16:27
41 19:03
60 18:09
68 17:52
80 16:17
71 23:36
90 19:44
44 22:33
78 18:16
45 16:40
20 23:13
12 14:12
18 20:18
26 19:24
71 20:20
7 19:03
11 21:07
74 15:55
80 21:50
77 20:08
83 21:46
99 14:57
46 16:40
8 21:18
44 21:03
33 16:33
61 15:04
69 22:54
72 16:42
46 22:21
18 15:44
0
