100
25 282
38 157
2 297
100 57
66 290
24 51
68 240
100 195
58 7
48 278
64 117
18 73
91 4
96 78
78 255
78 63
100 23
9 14
34 276
77 40
54 160
50 242
69 167
72 298
9 84
36 198
69 235
9 212
77 3
5 52
73 42
1 159
85 150
66 29
75 214
8 58
92 274
23 57
40 299
53 293
71 238
55 63
39 7
51 239
96 221
65 262
94 53
85 12
43 162
45 211
28 95
63 56
27 287
57 276
69 228
14 9
73 183
52 58
6 254
12 161
77 179
82 184
34 300
86 134
95 216
69 114
9 142
8 172
68 19
14 299
89 16
96 275
66 53
90 147
4 3
96 250
7 189
78 138
63 1
63 237
27 60
80 111
15 55
16 280
85 276
79 138
11 202
79 217
66 272
90 211
55 159
42 46
7 86
98 264
100 245
14 161
18 261
4 191
85 8
99 50
100
13 20:56
24 17:13
87 16:25
7 16:25
18 23:53
88 14:09
18 22:50
31 18:29
20 15:43
41 16:28
70 15:19
69 21:47
40 14:12
94 22:29
71 17:13
33 22:02
9 16:42
4 16:13
54 16:42
100 21:24
57 23:18
44 20:49
69 18:41
8 23:30
22 17:41
25 21:17
47 19:58
97 21:06
98 20:57
13 18:06
2 18:29
33 14:53
95 21:11
1 18:28
55 14:36
9 17:59
83 19:58
70 18:33
25 22:25
22 17:24
81 20:56
84 16:40
14 20:52
38 22:20
87 18:58
19 14:11
53 21:38
20 16:28
54 20:14
41 16:30
14 20:02
60 23:40
93 22:21
61 20:48
85 21:30
96 16:28
62 16:19
43 21:31
99 19:44
32 17:19
31 18:12
18 17:02
8 16:31
15 22:40
98 22:41
41 23:47
31 19:27
11 23:24
38 18:59
3 20:52
22 21:01
53 20:15
56 14:44
14 23:52
11 21:50
58 19:57
18 18:42
39 16:53
100 22:20
8 23:49
32 15:37
41 17:38
19 16:58
27 22:26
6 15:30
66 15:51
54 18:29
16 18:42
83 21:13
57 23:16
1 16:01
97 22:44
29 14:39
62 14:48
35 16:03
59 23:31
91 22:00
92 15:08
69 20:14
71 22:15
100
5 183
75 273
83 86
18 116
92 100
24 137
97 235
33 107
39 17
19 257
68 212
70 90
3 270
76 1
50 54
49 95
80 131
5 177
81 186
55 52
90 222
50 108
76 120
54 39
21 87
66 225
64 173
71 237
25 86
19 245
41 13
63 99
94 237
22 243
70 209
99 268
17 231
24 27
89 106
52 169
38 130
42 167
65 188
36 47
75 282
70 265
2 252
26 157
48 132
40 275
16 199
22 158
5 168
22 189
100 56
19 28
18 127
72 295
94 6
3 84
68 161
65 49
1 292
14 19
29 172
64 157
63 235
63 216
15 32
72 4
86 143
18 215
49 209
73 1
47 79
48 140
77 52
28 265
55 56
43 166
25 238
82 57
29 10
35 105
34 248
58 199
66 179
82 260
48 237
38 93
5 265
21 175
72 107
31 93
55 145
65 210
16 34
38 291
52 219
54 81
100
15 20:55
79 19:20
72 20:32
51 14:42
94 15:18
26 20:40
55 15:10
69 18:46
84 19:52
37 17:19
74 18:53
99 19:48
11 18:15
60 17:16
7 23:06
4 23:27
1 16:58
93 22:30
49 20:22
61 17:30
92 19:21
72 22:54
66 19:39
79 23:18
6 20:54
27 16:04
90 19:50
6 16:32
81 17:04
63 14:23
51 23:35
73 16:31
64 17:33
38 14:07
15 19:58
56 23:37
76 18:37
35 21:31
12 17:53
40 15:29
56 18:15
69 18:39
1 20:17
78 15:48
22 21:07
16 20:58
19 16:46
52 15:37
8 20:30
43 19:21
41 19:05
15 18:53
76 18:15
60 15:03
87 23:37
44 16:17
53 22:56
51 19:35
11 22:59
79 17:38
31 21:06
7 19:34
87 18:45
67 22:31
94 20:03
55 23:09
100 21:08
20 19:25
16 16:23
47 15:49
59 15:23
55 17:07
70 20:07
13 21:20
2 16:01
45 21:20
59 20:47
80 15:21
15 16:20
84 15:17
13 18:11
76 18:27
50 14:11
57 22:50
14 19:21
48 16:00
70 21:09
36 16:42
49 23:52
50 16:06
4 19:15
11 21:42
90 20:57
27 21:29
36 22:47
100 23:19
85 19:14
92 23:49
58 15:46
14 15:58
100
16 24
30 133
82 118
24 124
53 81
7 170
56 130
51 278
69 152
63 149
33 143
55 201
23 70
44 213
68 255
49 44
33 289
23 1
30 69
92 44
78 184
20 87
43 11
75 199
67 20
89 155
95 245
20 177
34 110
24 77
73 104
93 151
66 267
33 204
59 139
9 299
13 294
41 3
60 77
96 157
52 162
93 80
92 85
73 257
90 149
48 232
40 197
73 298
46 158
93 137
96 296
26 269
9 4
10 292
15 232
29 124
53 253
15 95
38 236
92 291
56 244
12 212
82 259
58 271
33 151
18 216
45 11
54 238
10 162
19 177
93 87
96 200
92 94
83 56
61 105
94 125
91 71
71 295
21 225
88 20
48 26
82 37
18 100
44 18
92 75
15 93
56 298
83 121
88 44
9 199
63 213
62 273
47 29
30 11
31 300
67 63
5 150
71 244
12 285
17 189
100
56 17:19
63 22:28
50 22:46
52 16:51
54 22:07
92 21:32
26 15:24
22 22:45
77 23:41
81 14:47
23 15:09
74 23:55
83 23:27
31 22:35
62 23:08
97 22:33
98 18:29
15 20:02
91 17:31
28 16:43
64 18:01
53 14:37
77 18:47
65 19:17
56 20:50
4 18:43
90 17:57
23 17:38
19 22:43
24 18:15
53 15:16
44 23:24
76 21:14
43 15:58
46 21:20
46 23:04
53 16:16
32 16:48
89 18:40
50 23:17
24 19:20
31 22:48
3 18:22
28 16:27
47 20:55
31 23:22
75 18:20
54 16:22
76 21:44
74 22:51
23 18:02
5 22:58
21 14:34
21 14:37
45 16:22
78 14:41
45 16:16
45 14:12
10 21:56
78 21:39
62 15:25
23 15:29
39 14:52
26 22:02
45 23:15
18 18:19
42 17:53
12 21:55
57 22:53
99 18:22
37 19:38
49 23:37
84 19:55
20 23:52
4 14:51
29 14:53
20 23:35
22 14:49
90 22:04
66 23:09
28 15:01
5 19:42
72 21:49
73 18:46
84 23:08
32 16:23
74 21:03
34 23:37
96 22:42
78 15:35
56 22:46
72 19:11
38 19:58
2 16:34
94 23:42
44 18:04
59 18:31
56 18:14
20 21:23
66 22:41
100
83 57
70 294
39 89
75 215
34 39
32 199
50 111
37 147
63 231
60 139
54 254
69 4
72 158
39 245
10 231
39 31
28 32
86 213
28 29
82 56
40 118
45 176
46 147
58 298
67 48
44 66
58 163
20 232
95 215
13 251
75 36
42 282
93 49
40 187
13 32
68 80
25 152
35 144
17 155
100 182
87 222
54 120
66 258
15 282
79 272
56 56
26 101
30 262
78 235
7 74
15 222
85 59
90 118
72 224
14 215
39 239
18 30
13 171
87 136
36 292
76 265
30 169
19 163
90 126
41 214
53 252
29 130
85 262
65 211
81 181
65 48
15 177
20 4
95 201
41 28
72 197
30 185
52 19
91 61
51 64
72 131
28 112
31 196
92 87
77 56
70 33
43 118
71 65
14 267
26 9
90 147
15 61
14 285
26 109
16 12
9 63
90 22
37 26
74 66
97 235
100
10 16:50
3 22:46
35 14:41
25 14:16
11 19:53
55 19:27
76 17:40
93 19:59
95 14:03
8 22:07
57 20:59
64 20:33
72 16:28
4 21:33
21 17:50
65 17:08
81 14:59
64 18:06
70 21:09
91 22:18
55 23:47
14 15:31
54 23:37
70 17:39
1 19:18
41 20:10
47 22:26
83 23:28
57 20:18
73 19:27
48 17:05
28 17:59
64 21:45
20 23:38
86 20:54
26 17:56
50 19:51
58 23:13
89 16:23
13 21:26
24 19:14
86 22:22
32 20:55
7 18:28
49 15:55
71 17:09
44 16:37
54 15:12
34 23:28
28 21:40
73 23:30
85 20:29
97 22:22
93 17:04
56 14:42
27 23:00
81 18:07
95 20:19
39 21:51
13 22:07
8 14:19
52 23:05
72 15:17
50 18:10
52 16:31
32 21:17
94 17:19
98 20:51
87 18:01
13 23:32
43 22:45
84 14:21
88 18:29
36 20:38
37 21:19
43 15:28
95 16:36
82 23:41
44 20:45
90 18:31
48 14:23
24 18:24
58 23:08
59 19:04
77 22:19
63 14:51
82 16:29
96 17:46
15 21:48
29 15:35
72 18:56
45 22:48
93 21:00
86 15:05
49 17:14
20 22:14
77 14:38
56 19:49
84 19:27
38 23:41
100
82 291
43 217
86 44
75 205
68 202
18 49
74 36
41 33
19 281
40 296
18 214
21 292
56 147
95 20
72 103
1 77
14 151
5 233
42 243
4 234
78 74
30 171
79 227
17 68
11 101
39 242
63 188
45 249
64 300
95 153
31 97
88 250
13 260
20 124
50 13
37 145
70 25
14 237
33 203
31 105
43 261
64 111
40 244
12 45
5 144
98 202
84 45
45 228
80 18
49 144
91 70
96 160
62 117
70 75
34 83
77 82
79 240
20 61
50 67
45 236
15 96
65 219
95 252
15 103
42 179
4 99
52 169
74 133
40 27
54 234
86 132
20 81
77 236
25 210
72 85
42 210
91 68
43 76
76 137
81 135
59 252
49 75
69 7
98 22
80 230
6 72
71 186
91 172
27 273
24 248
31 229
97 219
88 259
34 26
16 254
96 249
16 108
68 174
55 187
2 277
100
53 20:39
17 17:01
19 23:36
64 15:59
45 21:56
76 19:21
62 20:33
11 21:31
94 16:02
24 16:59
50 19:57
80 22:38
24 22:30
1 18:33
33 22:48
20 23:42
23 21:27
72 23:00
70 23:59
9 14:55
41 19:51
63 17:09
9 18:51
87 17:03
22 14:57
54 16:33
23 23:01
92 21:16
27 17:33
3 15:44
7 21:41
57 22:55
54 14:23
35 15:46
38 22:01
39 17:59
21 14:44
19 18:23
64 22:18
99 15:31
15 14:46
16 20:17
89 16:15
62 17:58
61 23:53
87 15:48
57 23:34
89 15:34
35 21:49
26 19:06
89 18:18
66 19:52
84 15:44
97 20:43
100 16:03
89 20:22
73 16:59
58 22:24
54 21:58
84 21:41
23 15:09
81 16:19
8 18:55
60 14:40
49 20:19
53 23:35
30 21:04
38 19:43
95 22:02
73 21:36
28 18:48
70 22:24
97 17:17
12 23:59
62 20:15
63 17:36
73 16:07
73 21:39
64 14:43
18 21:46
8 17:37
8 20:46
46 21:00
42 19:55
9 19:58
7 15:18
8 15:49
26 22:48
46 14:20
97 22:53
3 23:32
35 18:18
65 18:41
63 20:03
39 14:28
78 20:36
52 14:26
70 21:53
68 23:29
36 23:12
0
