27 24 167395 401490 413885 3260914
35 47 72305 308876 733034 4980616
31 11 2061 109943 587916 3118038
43 8 226599 282521 2885580 4795380
11 22 123695 467622 2253118 3528302
30 12 33322 48708 2626063 2996875
26 9 218720 224047 2232349 4178779
14 7 276809 464753 449969 3724484
4 22 407632 487764 1208623 3220611
16 24 386764 399323 515409 893683
28 32 77192 214950 270228 2397329
41 34 363598 475403 1345368 3163415
33 9 13314 223382 1621375 2766244
13 40 52309 296150 1069646 1338061
45 49 376924 401810 282073 4322375
0 0 0 0 0 0
