50 17 225500 402959 375087 603885
10 6 236090 449004 2178705 4838131
18 35 351600 422545 1422578 3691256
46 4 280780 367656 459197 1694987
39 28 19673 226111 1067781 4263434
34 50 292804 346261 1074731 4845105
29 6 362825 485802 2674984 3795197
40 21 485114 492697 1089469 3070130
49 46 138508 216354 700712 4826320
12 21 113012 131727 39806 2150222
22 6 166284 446924 2395175 4379856
25 15 110159 271724 147060 700298
13 19 40920 346909 22105 620689
6 48 184033 430668 31175 3909568
33 10 3950 327269 1094193 3872698
0 0 0 0 0 0
