21 30 340878 428820 1729600 4824606
1 32 30867 159048 3232110 3848996
26 3 112437 418998 1047344 3126481
13 19 33438 458219 1906566 3705201
21 12 194591 336551 358063 4832187
1 45 148554 188713 1711219 3360932
10 6 60141 133942 2436459 4347643
47 43 16295 414982 4232536 4473243
5 17 11046 185431 316417 1539795
27 5 185920 464266 2144517 2687131
38 46 2264 106587 1422183 2987260
46 18 380205 384697 703874 1144144
32 12 8039 496751 1988138 4536264
26 16 104312 446743 1664051 3685788
28 1 271759 398250 228177 2173845
0 0 0 0 0 0
