40
949 287 957 312
456 186 472 193
223 183 247 207
314 592 351 623
60 313 71 341
780 90 783 113
723 659 727 696
775 750 780 756
966 842 1003 854
627 531 628 539
366 240 384 274
211 981 237 999
228 933 241 942
448 918 466 927
162 246 174 272
519 966 550 977
886 327 908 359
615 103 645 137
701 510 704 546
314 612 320 641
347 509 354 519
913 73 924 87
211 693 214 715
297 306 318 329
64 971 97 992
180 388 218 426
824 50 859 73
799 162 838 194
14 95 24 117
384 860 415 864
897 51 905 57
6 753 7 784
484 150 508 156
613 962 627 997
877 374 900 390
355 827 371 861
650 895 652 927
507 483 512 508
225 754 238 766
607 523 628 546
