40
490 643 503 657
777 557 788 581
217 407 232 426
540 517 558 522
875 611 899 622
387 315 400 323
479 209 492 230
417 220 424 237
227 70 232 97
916 165 918 171
345 550 356 568
614 511 633 537
427 979 436 991
703 171 714 187
657 753 690 769
675 427 701 439
569 14 597 36
224 12 263 20
221 103 257 131
739 304 766 332
954 259 956 263
163 703 202 711
101 257 105 271
227 526 264 559
318 957 352 989
339 2 350 23
408 954 430 956
640 203 669 216
802 808 821 828
1 984 18 990
76 531 87 546
975 274 990 275
158 321 161 329
984 293 1014 318
121 728 129 745
247 533 285 534
694 712 726 748
231 575 257 604
898 310 920 340
632 87 659 91
