3000
4555 3592 4660 3702
7889 920 7965 1092
2824 5620 2839 5653
1775 4692 1827 4874
3443 3031 3519 3226
6885 3824 7016 3885
5917 5499 5996 5504
4699 5589 4890 5653
6258 5452 6390 5535
7841 4551 7886 4560
2446 7055 2547 7250
2513 791 2671 948
1682 5149 1807 5238
5682 4287 5833 4312
1852 5065 2032 5153
6418 1388 6604 1494
1606 213 1715 293
2807 5242 2952 5324
7443 2350 7613 2417
3826 2132 3864 2327
236 5438 276 5481
3602 7589 3642 7672
1574 5999 1598 6013
1452 207 1529 222
6348 4871 6444 4931
7112 7065 7197 7225
5981 5262 6011 5425
4565 654 4713 764
702 34 847 200
1869 5224 2007 5415
5276 7088 5303 7196
393 4451 565 4544
6607 5790 6648 5802
6872 4341 6873 4380
1591 5322 1700 5366
5681 7253 5828 7388
5656 5872 5714 5904
2733 6983 2746 6999
4382 7566 4497 7736
6415 4782 6478 4911
6600 62 6760 255
4966 231 4978 300
7392 3683 7393 3815
1693 882 1717 901
7388 3034 7389 3091
3447 555 3591 742
3755 6220 3834 6234
6366 6850 6536 6881
4016 3349 4058 3484
2322 2975 2384 3146
6171 7655 6243 7819
2621 7107 2779 7227
247 1125 309 1127
3984 4985 4076 5022
4185 249 4373 261
5495 748 5668 822
7363 2355 7441 2439
1363 7155 1416 7291
7210 5948 7329 5970
1242 7527 1322 7562
2321 6978 2459 7156
2500 4303 2575 4384
7489 2913 7632 2985
853 7126 1037 7309
6041 6558 6123 6565
7765 7358 7800 7552
4904 1502 5103 1634
5027 3935 5171 4009
7795 5101 7815 5162
910 3467 1035 3561
3944 6921 4033 7118
2308 7484 2427 7667
7757 524 7920 690
7277 1751 7390 1866
2829 520 2907 534
4368 4531 4428 4671
5702 2785 5827 2860
7169 728 7346 808
2791 7750 2802 7810
2457 6806 2479 6969
3867 4668 4046 4842
4370 1382 4403 1510
1513 774 1549 884
1000 2417 1028 2608
3962 5223 4135 5250
5822 5895 5869 5972
6716 7740 6753 7809
4354 6905 4504 6923
2349 1863 2358 1886
4465 6033 4491 6073
1916 703 2000 879
725 1959 869 2071
3359 3116 3539 3180
1224 5186 1227 5380
4322 6204 4506 6291
3234 5784 3337 5836
6784 2037 6849 2201
6159 6070 6259 6257
2906 2515 2954 2637
144 7130 203 7168
5514 2271 5606 2347
6770 79 6951 178
4611 7524 4776 7719
2241 6977 2251 7000
5331 4778 5383 4815
3454 2298 3642 2348
736 1291 826 1397
7376 3868 7463 3993
6866 7206 6943 7351
4124 166 4184 318
1456 7253 1493 7366
6155 6909 6312 6953
1703 3932 1887 3979
5980 3807 6122 3921
6519 84 6606 158
793 421 951 598
2647 6747 2710 6805
439 2002 615 2193
4079 4218 4181 4279
1117 244 1189 371
144 2208 192 2405
5222 3830 5399 4010
1706 3021 1759 3172
1738 5705 1769 5819
858 1636 982 1689
7591 1958 7687 2124
5530 6622 5587 6703
358 3237 416 3419
405 3778 521 3943
6750 5590 6916 5709
7562 2405 7583 2490
5258 1653 5404 1752
6243 2125 6363 2155
7398 3072 7433 3099
3923 7084 4094 7150
2720 878 2829 910
441 2153 625 2244
4643 7817 4807 7953
830 5565 965 5674
6273 3584 6460 3781
6855 7900 6983 7957
1093 6045 1167 6089
398 5278 453 5359
6787 2411 6799 2475
4710 6278 4815 6279
6272 5217 6443 5238
3083 6460 3260 6617
7114 4098 7188 4282
7352 5370 7500 5429
4722 5257 4894 5374
2639 6954 2666 7075
4738 546 4873 685
733 2272 777 2279
6016 6046 6092 6147
4529 7430 4534 7595
7609 73 7739 261
7908 7630 7984 7819
1161 502 1248 604
5495 4248 5498 4318
120 3323 147 3350
4676 3840 4729 3926
7162 2325 7296 2351
2287 5990 2454 6081
7253 7833 7398 8015
2391 903 2512 947
3737 382 3852 419
1539 5642 1625 5690
4870 5252 4910 5370
5918 1934 5983 1973
6194 3762 6336 3786
2812 430 2939 526
169 7224 208 7394
2751 2335 2942 2532
6461 5481 6563 5609
6788 7319 6982 7431
6292 7916 6436 7918
3284 2609 3377 2764
2270 4847 2291 4895
4619 6164 4647 6333
3087 7216 3282 7301
241 6850 251 7030
6505 4474 6653 4492
437 6515 581 6520
33 2572 221 2670
3263 2871 3329 2992
697 1960 736 2120
7013 2085 7110 2086
5316 1502 5372 1654
646 0 737 122
4682 4219 4840 4321
2580 869 2767 1015
1061 2751 1075 2886
4243 529 4376 707
2410 4467 2496 4645
4809 6917 4909 7024
725 6105 882 6189
5512 4817 5664 4851
7917 5866 7958 5960
1940 5773 2123 5862
640 6864 662 6939
3447 7826 3451 7992
1068 5561 1121 5760
5717 2971 5731 3111
3366 2663 3554 2806
1729 6956 1891 6998
5592 1729 5633 1739
5306 2797 5488 2898
1586 406 1718 448
4423 684 4580 860
5814 5454 5991 5464
7207 5580 7273 5611
2950 83 3142 159
4704 5520 4748 5718
2695 3695 2893 3759
5846 6520 5943 6558
237 6928 428 6993
6014 5984 6077 6022
4768 6914 4873 7077
598 6539 659 6607
4442 1657 4564 1758
4970 6186 5088 6319
2211 4439 2359 4615
4273 6682 4392 6718
2919 5157 3055 5241
6425 4062 6492 4066
2070 7497 2213 7594
5757 7190 5851 7363
4686 850 4807 856
2681 4273 2804 4375
641 7891 672 7984
2803 7217 2913 7318
890 6697 1053 6781
872 1750 937 1787
1008 344 1178 386
4991 1210 5088 1338
4417 4867 4607 4906
6486 3902 6645 3965
7741 493 7801 573
2831 7943 2886 8011
4668 5063 4773 5084
7057 7479 7142 7634
2743 6537 2746 6573
3028 209 3204 290
1488 5498 1591 5587
7 6090 193 6232
2259 4551 2263 4621
5907 3164 6036 3200
2249 7535 2321 7665
4644 379 4753 402
7037 5446 7235 5449
987 5335 989 5436
2094 7977 2274 8105
6320 6855 6496 7005
1652 5589 1774 5645
716 6274 723 6320
7336 5013 7483 5098
4738 5380 4888 5570
6978 3083 7090 3156
4359 4877 4404 5057
2005 5828 2110 5915
2425 5314 2542 5465
5820 1697 5964 1845
49 4355 78 4360
5568 7860 5703 7873
1356 2315 1535 2502
1707 6455 1714 6610
982 5862 1051 5952
3729 5792 3785 5867
6830 6884 6935 6947
7784 2781 7798 2855
6744 3761 6894 3910
4910 5022 5009 5085
3147 7912 3154 8074
5019 3660 5082 3745
27 6315 160 6499
6519 5916 6528 6105
640 430 662 507
3862 7817 3984 7905
3052 5573 3118 5726
5681 6444 5854 6624
4726 3502 4837 3585
6931 1584 6966 1637
4566 3127 4672 3206
4436 2718 4541 2730
829 6238 864 6258
3262 3224 3429 3266
1291 5173 1299 5235
3295 5730 3393 5784
104 5319 145 5421
5458 493 5507 618
5723 3362 5782 3488
6959 741 7150 820
6322 6183 6501 6310
4978 860 5161 876
1102 1314 1203 1424
6198 5339 6333 5385
3903 7859 4059 8037
1593 6391 1705 6518
7518 2780 7664 2892
3875 6137 3957 6298
3117 7466 3141 7599
6996 5277 7033 5432
7193 5474 7253 5653
1136 2141 1214 2244
2430 4366 2438 4428
2560 31 2674 113
4903 4542 4957 4688
3756 6767 3819 6897
13 7967 170 7991
7270 4329 7360 4430
3567 1709 3604 1826
4632 4516 4719 4668
2405 5191 2552 5362
3789 4517 3806 4685
2986 62 3160 163
2442 2306 2477 2384
2332 3592 2438 3624
6700 1769 6813 1837
1744 4503 1859 4595
4457 3459 4617 3598
1686 2135 1867 2248
4892 2903 4984 3020
6259 7856 6278 7952
1508 4345 1633 4423
3652 5627 3786 5710
6107 3853 6155 4026
2993 6622 3048 6629
7112 1680 7172 1801
1999 6808 2080 6868
3642 1796 3648 1872
1823 2400 1917 2432
4749 6487 4875 6495
3526 4092 3587 4189
5210 7939 5235 7953
2557 962 2643 1122
7303 4704 7393 4713
7661 2975 7800 3141
7950 957 8117 1060
618 4976 635 5156
651 4455 660 4464
3217 5087 3369 5221
3603 1092 3626 1193
3877 4403 4032 4554
7416 5974 7539 6134
2309 4911 2487 4956
1836 4904 1940 5033
645 526 731 538
2870 2190 2934 2202
3418 6149 3468 6342
3730 683 3914 817
2820 3661 2840 3706
6997 5956 7068 5971
7624 5752 7626 5845
1414 4513 1525 4670
194 502 296 589
4710 3954 4820 4049
3981 5601 4133 5658
7865 993 8040 1126
5909 7138 6100 7320
2225 1235 2242 1431
61 7845 173 7903
861 617 995 732
5074 3718 5111 3909
7594 431 7733 536
5644 5902 5692 6099
1085 1810 1089 1825
2543 2774 2674 2812
3390 7617 3580 7658
5572 7102 5629 7168
397 5612 506 5780
5836 7204 5990 7320
3548 4827 3567 4949
5756 3003 5955 3115
248 7035 332 7060
3230 5901 3326 6033
6369 5235 6556 5237
4336 3349 4380 3442
4262 7055 4413 7116
4998 3054 5173 3155
7672 2977 7720 3156
4005 1695 4077 1830
969 1282 1111 1295
7808 5089 7839 5281
6105 5647 6158 5730
5482 4679 5676 4765
4692 5267 4885 5400
6276 1279 6382 1393
4618 1438 4769 1463
2145 960 2264 1032
6598 480 6786 648
7677 6003 7792 6162
4080 939 4088 1072
3819 1804 3869 1943
7895 4935 7968 5100
5810 6661 5909 6847
1067 5598 1200 5742
5721 5327 5735 5434
3195 474 3319 665
6021 5251 6179 5305
1794 2826 1811 3011
2560 404 2694 517
6027 712 6101 797
1385 5599 1563 5601
208 7774 387 7791
3795 6218 3924 6367
507 7627 516 7754
37 6240 77 6322
4240 3752 4263 3805
6049 7483 6203 7593
7169 4819 7281 4946
3665 2966 3672 3096
2209 1315 2215 1363
6676 5304 6748 5329
2946 7419 3122 7464
5160 5022 5171 5218
1383 3996 1400 4163
6490 3715 6552 3912
3308 4650 3481 4676
1416 4958 1525 5069
6698 4704 6762 4824
5643 7854 5708 7987
6562 7053 6750 7217
1292 2148 1327 2256
7633 769 7802 840
4669 5803 4829 5980
4304 2367 4308 2449
731 3946 865 4137
1238 7655 1422 7674
6673 2087 6853 2225
6025 56 6083 94
1027 521 1208 667
7324 3316 7325 3473
685 2822 744 2836
1877 507 1927 563
2259 5327 2443 5436
7804 7221 7889 7318
2167 4524 2185 4642
3595 4875 3706 5052
7875 5246 7948 5414
6192 2022 6205 2089
2675 6576 2758 6677
7575 5583 7616 5713
4431 376 4607 506
3259 5893 3378 6082
679 3341 721 3507
4104 1485 4199 1617
494 1482 674 1601
4846 3509 5005 3631
5539 7948 5670 8137
4756 1682 4792 1789
688 5098 758 5232
1831 3698 1906 3880
2638 7717 2799 7750
3931 5989 4079 6012
6912 6293 7076 6338
6252 3738 6428 3765
3668 7254 3847 7412
6563 6069 6668 6135
2703 5080 2831 5226
3590 308 3619 336
2079 3189 2240 3220
5976 3216 5983 3334
4758 2500 4831 2649
5672 6588 5714 6624
3900 6791 3969 6861
1614 6341 1658 6468
924 7135 970 7148
6367 5002 6552 5178
4641 1327 4717 1385
7483 2533 7671 2639
3801 7578 3974 7751
3104 4183 3281 4261
3409 6274 3502 6388
3243 183 3352 188
3013 5434 3143 5509
1924 1459 1993 1649
4802 414 4940 559
589 2281 701 2300
927 7728 1089 7758
5187 6754 5331 6837
3446 2925 3564 3059
1331 2047 1359 2208
6313 2408 6337 2573
1957 3276 2081 3421
2790 3103 2907 3165
7859 947 7982 981
7724 7899 7763 7995
3541 3854 3651 4026
4059 6740 4213 6796
758 4358 955 4526
7023 1305 7089 1374
182 6933 345 7096
1364 3156 1457 3212
7579 6894 7742 7088
5071 1275 5154 1358
2911 225 2920 231
2963 895 2980 1002
2771 3383 2786 3554
7569 5522 7650 5596
6553 21 6744 186
2688 68 2853 239
2765 5504 2847 5661
7059 2993 7219 3075
5891 2149 6039 2213
1518 1357 1636 1521
213 4078 273 4206
1077 706 1219 788
4987 599 5119 666
3311 7675 3475 7792
5391 1020 5529 1170
2468 5236 2664 5434
7654 5799 7716 5959
4702 6481 4803 6638
6748 2941 6853 3031
5851 2857 6015 3034
1091 2545 1101 2572
7140 753 7158 764
6618 4408 6756 4590
2244 6344 2351 6393
672 3593 697 3615
7095 4613 7224 4743
87 4864 274 5003
5848 4428 6004 4474
7889 2903 8077 3048
416 7616 580 7762
5015 7200 5047 7307
976 1909 1149 2014
5453 542 5459 652
4847 7688 4875 7825
3215 1985 3347 2160
5156 2425 5281 2463
1549 7240 1592 7251
694 4723 706 4750
4789 5352 4949 5479
4370 1877 4434 1954
7255 605 7331 695
1659 6838 1730 6840
7617 2538 7735 2684
4470 4512 4494 4600
7107 4993 7208 5092
3818 5279 3876 5327
10 1089 155 1249
2729 1655 2847 1818
6825 3038 6888 3198
762 1989 780 2107
2507 5706 2607 5847
3569 5110 3725 5189
2196 2826 2219 2847
4895 5831 4943 5848
840 6763 880 6810
2427 3206 2491 3342
1115 746 1179 764
6886 1463 6892 1571
6051 2471 6128 2589
5791 3502 5812 3563
6773 3976 6802 3997
5277 6875 5469 7018
5759 2702 5879 2713
3386 6153 3585 6242
6015 4638 6211 4727
6245 7580 6328 7701
2595 2468 2606 2561
514 7928 533 8044
6843 5607 7030 5727
5531 3457 5558 3515
7787 1058 7917 1229
2555 883 2570 905
1079 5973 1090 6168
4508 4261 4509 4453
3625 1694 3628 1768
188 6162 332 6284
421 1774 550 1875
2717 7666 2891 7764
7383 3645 7456 3734
4249 4714 4395 4793
2777 2627 2831 2673
4337 7058 4433 7113
4003 7270 4080 7353
4092 6714 4199 6768
7884 5771 7963 5814
7339 1889 7405 1918
3297 5653 3430 5738
4582 7881 4616 8060
7564 603 7726 750
169 1842 342 1973
7995 389 8041 412
1068 6317 1141 6385
4002 5752 4076 5821
7664 6472 7787 6599
3180 4189 3305 4378
979 5903 1039 5951
2768 519 2784 526
2725 7940 2774 8043
5887 2154 6009 2326
6586 7360 6702 7547
3983 973 4177 980
5155 7395 5162 7582
2846 3700 3023 3859
2910 6964 3080 6992
3650 4708 3711 4848
3651 1018 3706 1025
4390 5137 4461 5260
2797 6914 2916 7020
1136 247 1248 253
951 3721 973 3726
2516 2906 2608 3074
1139 1361 1264 1537
812 5113 951 5174
2135 2501 2190 2597
5105 5478 5118 5633
2261 6088 2410 6122
3849 547 3906 611
6092 3451 6151 3628
6296 7897 6369 7996
4454 7853 4466 7886
2171 6887 2344 7034
4130 428 4245 606
1012 4992 1090 5033
1674 5380 1774 5579
2563 7604 2594 7615
5751 5374 5940 5543
7652 7235 7752 7321
6390 2013 6588 2059
4936 5992 5044 6129
7581 301 7605 305
6934 7265 7035 7387
1594 2024 1759 2212
2750 2512 2822 2645
5454 6920 5565 6944
891 5057 1044 5163
1959 6577 2097 6623
1587 801 1688 888
5654 5939 5715 6037
4026 7760 4204 7782
4166 5348 4342 5502
3890 6327 4053 6383
7311 6008 7354 6128
2629 177 2721 195
6373 7800 6408 7966
3849 5705 4005 5878
7959 2327 7978 2373
6240 1916 6304 1927
4852 6121 5034 6176
4447 2670 4449 2743
4242 4902 4308 5086
3277 7185 3457 7246
3773 1805 3916 1821
4667 2706 4680 2853
7782 4469 7854 4499
811 3250 835 3276
2154 3906 2237 4064
845 6328 853 6448
202 59 328 209
510 7550 571 7736
1957 2934 2084 3039
6189 7025 6280 7066
7304 4238 7397 4252
2727 7460 2863 7596
1345 4414 1455 4597
4446 5856 4639 5867
407 5984 477 6055
2750 6723 2933 6780
1101 6101 1170 6216
1735 6703 1805 6822
4834 7232 4862 7412
7209 6524 7249 6582
4190 2851 4351 2955
4525 4179 4592 4292
3564 1076 3709 1154
2637 5235 2715 5322
4491 7143 4617 7166
7780 197 7915 280
33 7619 146 7629
187 4804 327 4927
675 1271 855 1465
5248 5191 5257 5267
4096 3487 4239 3678
509 3804 595 3934
7247 1172 7285 1246
1924 3990 1982 4116
1140 4995 1284 5022
2776 5145 2831 5240
2737 3930 2926 4056
648 2359 723 2372
4364 4968 4559 5146
5876 2431 6006 2457
3052 6924 3135 6927
6875 6185 7020 6224
2200 7229 2397 7403
5751 4980 5870 5016
7985 6636 8158 6752
7599 1326 7663 1455
4903 2723 4917 2792
900 1503 1042 1691
874 5115 958 5225
423 2112 442 2271
2290 3321 2487 3376
2029 2429 2162 2451
5429 4099 5441 4226
4798 4507 4828 4705
4639 1259 4833 1371
1869 4898 2012 4946
3698 6790 3768 6970
3413 7925 3469 8105
2744 2249 2885 2265
5139 4401 5304 4514
7207 7287 7266 7400
1738 5698 1787 5793
3122 238 3271 423
2674 1082 2836 1227
5247 3674 5427 3734
1728 4209 1809 4212
6383 1824 6545 1907
5702 4695 5705 4858
2313 6770 2490 6885
5684 2671 5711 2844
4750 331 4863 390
285 2214 303 2282
4713 525 4733 602
6262 1575 6363 1615
2739 7538 2793 7684
1908 4104 1962 4199
320 2081 339 2096
6650 3779 6817 3872
994 3066 1176 3169
6230 5245 6375 5294
7484 1485 7557 1599
2894 4268 2988 4440
3281 5418 3320 5615
7990 514 8084 523
5106 1059 5266 1187
4379 4557 4463 4660
2630 4681 2638 4730
4068 3021 4132 3023
3864 6430 4018 6561
471 7763 521 7909
6644 877 6831 887
704 5006 777 5162
6588 5207 6669 5261
5315 6323 5479 6490
4869 5385 4982 5403
5807 1325 5923 1464
781 6372 837 6409
5853 3565 5940 3647
3802 3959 3964 4110
5580 4779 5760 4924
1034 4166 1087 4258
688 6276 711 6378
5642 6573 5653 6598
2526 2839 2564 2986
5553 6221 5718 6235
6511 3149 6567 3188
5822 1433 5975 1624
7955 4616 8113 4637
1897 4727 2012 4730
43 834 183 1002
795 7367 890 7386
7306 3949 7452 4109
1231 5526 1286 5677
4009 1855 4134 1868
3111 4985 3240 5131
852 4111 935 4292
6792 3255 6957 3367
1391 4500 1498 4580
4522 6041 4606 6065
3590 2124 3786 2274
447 952 465 1014
7902 956 7914 1137
1621 5358 1671 5406
3291 5731 3363 5875
4398 3312 4411 3426
605 2116 789 2260
2628 4424 2691 4606
696 7026 851 7052
6056 3613 6067 3692
2698 5032 2787 5213
3335 6633 3339 6811
7879 4735 8059 4878
6056 281 6100 356
449 3030 476 3076
203 4189 248 4290
762 7160 846 7208
1440 7122 1451 7204
288 2473 443 2522
4627 663 4755 703
5785 3774 5852 3922
3992 5213 4056 5360
6058 2194 6174 2245
6341 1206 6515 1334
4731 5474 4851 5644
1729 436 1906 569
418 3570 604 3705
1993 6421 2130 6575
5715 5492 5825 5643
3549 6685 3745 6808
6410 7267 6435 7304
4869 5891 5053 5961
4320 960 4441 1012
3033 6712 3111 6874
1169 627 1308 695
7774 7357 7887 7463
6894 7131 7061 7224
1408 6646 1427 6699
5806 3720 5960 3910
7073 1561 7181 1729
2 4259 153 4370
5663 4155 5820 4257
3883 2743 4011 2791
6035 5131 6228 5173
5819 2272 5989 2374
1346 1930 1449 2077
2427 786 2459 905
4977 7259 4995 7283
7362 874 7415 950
1383 4471 1471 4627
1536 5031 1671 5072
6322 1728 6421 1751
2824 1817 3007 1876
2405 6287 2500 6470
7316 7736 7422 7885
3154 2697 3219 2781
6528 7729 6698 7759
6964 6815 6966 6988
6970 7199 7065 7256
4382 5560 4449 5659
4485 2461 4672 2559
4109 2298 4166 2356
3767 6535 3965 6673
5125 5762 5130 5766
7446 5186 7543 5207
4355 2435 4380 2485
5179 107 5338 131
3265 2269 3381 2364
3114 2166 3164 2356
2811 1679 2953 1785
169 7615 172 7803
2142 5697 2157 5867
3508 166 3586 314
2454 5195 2630 5264
1633 7845 1738 7974
3418 7097 3530 7282
7491 5527 7662 5690
5572 1468 5679 1644
6006 64 6204 116
2092 7397 2160 7542
2443 4899 2577 5042
1351 5577 1458 5620
2011 5087 2024 5243
3665 7495 3698 7606
1101 7622 1233 7631
1631 1118 1770 1142
581 1980 634 1982
3475 3015 3601 3042
5545 1774 5570 1776
806 783 864 816
1921 4441 1927 4536
4178 3717 4263 3790
6351 3863 6533 3913
7887 5603 8016 5758
7741 820 7827 974
3384 1561 3559 1606
4894 6190 4974 6262
2723 2834 2776 2946
2632 1803 2655 1986
3458 3429 3517 3478
6805 1850 6997 1992
4373 6516 4374 6632
4607 7753 4776 7793
7473 4504 7592 4526
6590 3409 6649 3596
7633 673 7792 857
4797 3705 4855 3708
5312 2304 5463 2483
7404 3220 7448 3363
7732 5177 7817 5211
298 2014 385 2046
1942 7373 2053 7446
7975 7408 8051 7460
5164 4268 5341 4317
4182 669 4223 702
3826 6629 3849 6821
695 3501 771 3515
2695 5727 2840 5739
4657 5251 4803 5265
7509 3362 7658 3525
859 1728 1027 1806
6517 2710 6519 2831
5390 6558 5556 6602
2344 1901 2460 1990
7060 1962 7239 2150
3559 2233 3614 2400
6981 5879 7008 5984
7388 4925 7496 5031
748 2329 864 2399
6951 4319 6969 4512
5593 3928 5673 4074
2444 3435 2456 3500
4937 5465 5077 5640
5658 7792 5781 7914
4744 5433 4841 5464
5265 3384 5297 3411
6072 2437 6185 2597
6250 6741 6401 6797
4249 3379 4357 3466
2914 4960 2967 5055
7053 2315 7091 2339
2847 5628 2915 5778
2324 2914 2488 3063
5276 2528 5350 2586
7410 7401 7493 7593
7205 1055 7377 1217
6839 905 6981 907
731 1224 928 1384
2644 2116 2731 2152
6972 6195 7021 6360
3734 5150 3817 5272
1982 6212 2061 6308
6715 7541 6769 7700
88 1868 131 2013
6586 1250 6753 1260
2035 4592 2174 4717
5689 5617 5821 5734
5350 2281 5485 2441
7340 7137 7359 7172
4344 7964 4373 7972
6544 998 6719 1087
5131 7421 5255 7604
186 3255 236 3315
3104 7652 3171 7723
1129 566 1322 764
248 6107 283 6211
2598 6399 2743 6575
5704 6582 5829 6666
1281 2593 1467 2770
5000 1691 5019 1710
5531 3211 5697 3241
5336 3814 5418 3886
5098 7566 5160 7653
2351 429 2426 508
771 3333 779 3386
3759 7737 3891 7876
2366 6668 2506 6842
7274 6490 7353 6514
1440 213 1522 291
221 1913 279 1937
7149 7916 7292 8100
2248 3641 2269 3716
3662 3567 3794 3636
6536 3577 6698 3648
1523 7947 1691 7966
4919 7568 5073 7684
5381 3506 5473 3541
4319 2806 4475 2933
2481 1473 2632 1514
7904 873 8059 903
6337 6306 6412 6354
372 2324 487 2385
7981 382 8086 509
2767 2713 2959 2838
1200 1844 1397 1900
236 1981 423 1990
2162 2500 2219 2670
4137 5099 4141 5219
1854 2687 1992 2886
7889 3878 8056 3910
7706 2007 7861 2131
5991 3855 6081 3866
4847 6835 4983 6951
7603 2153 7631 2263
5362 5513 5439 5618
2093 230 2205 335
3988 128 4108 278
3967 1420 4078 1568
4626 1787 4637 1818
2583 1166 2782 1295
4104 2296 4175 2454
4049 3867 4131 3977
5574 1141 5699 1255
2727 6224 2797 6339
7957 682 8084 694
1729 1010 1869 1182
7855 4474 7882 4574
3827 1162 3894 1310
4310 7604 4427 7699
179 6100 372 6104
6841 1970 6943 2126
2276 2180 2466 2278
1152 5388 1182 5493
4508 3192 4598 3258
4924 5453 4962 5554
6780 2805 6830 2820
4086 7046 4212 7096
4552 864 4564 900
1985 6399 2025 6492
7734 3447 7764 3552
7859 4621 8029 4756
7831 2595 7958 2646
1004 7599 1029 7653
6748 7603 6902 7775
5065 1174 5182 1235
6656 1802 6660 1880
835 4490 938 4640
6336 4719 6506 4756
7988 2444 8104 2452
3392 5530 3478 5636
4135 125 4177 141
3759 7712 3900 7737
7616 4152 7777 4177
1884 2798 2004 2854
4448 1819 4472 1846
1024 5141 1066 5174
1800 2963 1872 3074
1029 1600 1086 1723
4449 3435 4627 3554
3042 41 3121 99
574 3111 685 3209
2513 2571 2616 2601
5339 5331 5344 5388
7934 3408 7935 3521
4632 6673 4768 6703
4699 1294 4728 1407
3401 3973 3584 4023
1504 2348 1645 2349
961 7501 1147 7641
2677 7280 2731 7405
5708 3186 5769 3203
7863 2869 7916 2940
3626 813 3631 938
6460 3592 6632 3652
4993 3080 5128 3272
207 7344 268 7389
1348 3127 1398 3235
5667 2615 5680 2804
3755 2623 3785 2637
4450 7718 4583 7870
6441 5565 6621 5587
1002 3839 1161 3843
2843 2798 2872 2909
5425 4062 5474 4206
3308 2955 3507 2973
1464 5769 1596 5840
170 6631 189 6785
34 7168 172 7306
2821 5979 2878 6068
6204 7934 6402 7995
208 1633 253 1798
2038 6883 2076 6970
6130 6852 6289 6898
1709 3573 1747 3708
762 2805 797 2858
5287 4741 5349 4841
7809 2894 7966 3078
7603 6493 7636 6629
4687 2029 4806 2213
4605 5136 4675 5145
5150 4751 5253 4813
5607 3575 5648 3614
7761 120 7909 229
5829 6167 5901 6187
1615 1269 1686 1388
3656 4946 3808 5083
6721 5528 6846 5703
4999 2130 5068 2298
447 5033 574 5229
7175 3799 7311 3886
7443 3709 7500 3811
4716 1673 4740 1741
431 6557 599 6655
5503 1875 5572 1967
5289 5133 5387 5172
7642 1602 7714 1666
5818 1128 5936 1194
1479 597 1529 737
5608 7967 5728 8151
7167 343 7232 418
6404 4314 6585 4388
187 1864 283 2049
385 7406 570 7495
3229 7066 3382 7105
3756 4118 3819 4174
850 6499 983 6676
1060 7655 1088 7777
7290 2462 7386 2517
7614 5797 7660 5945
3886 6353 4046 6393
3490 578 3540 595
464 7169 476 7292
6425 5333 6445 5383
5119 6066 5226 6166
1079 2996 1207 3182
809 5872 879 6051
4053 7564 4243 7590
5141 6486 5216 6542
2054 4643 2176 4752
3773 3038 3775 3171
6635 4962 6759 4967
5839 1740 5898 1743
6903 6780 6907 6874
7791 6323 7952 6520
3598 1080 3671 1205
6074 1967 6134 2164
5968 3463 6062 3576
1043 5631 1056 5650
2825 2645 2876 2828
514 5698 596 5773
1197 5466 1298 5470
1371 7824 1532 7933
3988 314 4159 437
1625 5907 1735 5926
44 6868 125 7023
1341 3094 1347 3158
2031 6081 2170 6112
823 1702 1001 1867
6479 2992 6622 3085
804 7343 823 7509
772 3682 788 3846
2490 2761 2502 2867
2644 2108 2837 2240
869 1626 1012 1733
2848 4949 3041 5139
3882 6331 4025 6478
570 3410 737 3482
5442 3955 5538 4077
1757 1775 1790 1865
5386 7214 5473 7412
1562 7241 1632 7405
509 6897 559 6960
7303 3926 7324 4120
54 7682 66 7794
345 7971 380 8112
1088 1246 1255 1328
5162 4575 5239 4666
5071 2302 5169 2428
7652 5372 7801 5443
1755 258 1796 321
5209 2482 5365 2554
6481 5235 6583 5274
4702 3226 4770 3346
5914 5534 6025 5698
3073 1566 3148 1755
4230 5690 4269 5698
5506 2993 5642 3097
854 2564 871 2645
7320 4054 7380 4057
6357 1780 6487 1849
2985 4417 3133 4507
4943 5398 5079 5432
7677 3384 7770 3393
5919 7746 6052 7817
6763 6765 6844 6829
563 6304 601 6446
6650 0 6729 116
2780 4549 2977 4624
2365 5459 2519 5545
1982 1680 2068 1829
7311 7809 7431 8003
2556 6108 2691 6256
4577 5360 4621 5521
6375 7632 6495 7644
1229 7297 1237 7300
4713 5207 4766 5269
965 6707 1136 6849
4 5201 141 5234
567 1296 584 1478
7828 3055 8022 3240
5538 7717 5672 7861
7550 3250 7593 3285
6330 1407 6443 1433
3999 6491 4130 6562
2584 3835 2597 4025
4609 7005 4808 7097
4771 5083 4843 5204
6417 4866 6604 4912
649 3646 675 3822
1335 256 1384 354
3949 7370 3953 7532
2090 2560 2286 2659
676 1438 731 1498
5248 1209 5381 1305
2454 3293 2650 3331
1726 7170 1824 7327
2305 6426 2426 6595
3192 3998 3379 4037
6276 914 6435 1006
6772 1348 6835 1422
4320 4631 4449 4768
6453 1854 6478 1969
1836 1031 2018 1085
1606 6294 1663 6298
3266 1410 3431 1568
3027 7925 3136 8032
1175 3549 1280 3692
6893 913 7036 992
2203 4653 2261 4717
5058 5759 5160 5865
3296 4489 3493 4538
6084 4618 6098 4700
1636 624 1740 755
3413 1437 3523 1510
3662 3673 3703 3752
5088 7795 5149 7816
591 6468 635 6565
1431 5369 1535 5514
7853 3046 7992 3228
5085 1925 5163 2018
3842 3369 3849 3481
3818 3739 3847 3930
5378 7673 5492 7817
4507 1359 4611 1515
7309 2366 7420 2473
4700 3611 4802 3726
3640 1372 3675 1428
2165 4753 2261 4945
5602 6825 5626 6910
2833 3691 3022 3699
6067 5025 6211 5179
5540 4154 5676 4219
1719 3565 1906 3601
7974 6742 8145 6784
2383 5526 2479 5660
230 5747 313 5833
6911 2648 7108 2823
2396 5660 2590 5683
7053 7397 7058 7433
4546 2259 4695 2329
2693 1813 2741 1814
5576 3201 5680 3279
5873 3059 5884 3065
5272 5011 5384 5196
5014 7577 5145 7656
6718 1751 6761 1773
2576 3638 2648 3750
2589 4988 2692 5035
4268 464 4456 601
6449 1118 6553 1224
85 1456 120 1648
5379 32 5481 174
3023 7761 3092 7887
5974 1443 6133 1534
103 2491 136 2565
7232 2701 7268 2853
4474 7889 4494 8070
5468 2544 5603 2622
0 2158 77 2318
2679 2714 2701 2802
2744 6827 2745 6849
7745 3324 7877 3380
1747 1604 1804 1754
5887 5897 5978 5979
7512 5576 7688 5731
1788 7975 1933 8170
6609 1702 6668 1884
6783 7480 6822 7483
2439 2844 2633 2957
7000 4702 7033 4774
7238 456 7248 547
817 3209 952 3383
6238 3949 6403 3969
3488 3540 3573 3686
4651 4601 4713 4747
7216 1394 7275 1584
3427 3153 3486 3179
2956 2801 3070 2980
5362 6798 5389 6881
1166 4917 1211 5071
2101 1001 2260 1130
1928 3340 2001 3464
1470 2042 1627 2102
2832 862 2867 931
4521 2201 4717 2373
7037 2558 7215 2701
3705 5480 3806 5486
3912 118 4054 221
3584 1771 3617 1845
662 6336 799 6367
3474 1387 3499 1459
1349 2643 1534 2744
3446 5840 3602 5872
7715 623 7848 766
1064 797 1068 911
6200 4377 6223 4428
3586 6682 3606 6795
7999 3781 8158 3867
7650 1817 7815 2001
3320 2928 3469 3060
3244 7991 3321 8071
3558 6390 3624 6458
202 6250 368 6289
7744 139 7822 250
7493 802 7669 902
1442 257 1560 265
6003 7635 6117 7795
132 6427 200 6463
2385 4354 2487 4416
6606 842 6761 932
342 4144 437 4297
3765 437 3821 628
7792 2744 7892 2746
2238 4347 2281 4374
291 5368 440 5549
4213 506 4381 691
3130 6453 3284 6568
2904 5280 3027 5449
517 5162 521 5173
3047 56 3125 220
6242 5528 6356 5686
1839 6677 1856 6821
236 163 343 276
7719 1644 7906 1836
5433 2425 5572 2588
403 2979 493 3091
5332 1957 5358 2052
1585 1667 1687 1781
4672 500 4869 634
3688 3569 3768 3719
2101 1729 2230 1909
1933 162 2012 213
2284 4962 2466 5013
7319 7584 7468 7723
3159 2652 3239 2805
712 6683 779 6751
197 3647 291 3702
552 2013 733 2189
5589 1161 5672 1338
2681 5657 2803 5669
4932 5600 5056 5794
6170 4351 6364 4514
3814 1206 3923 1340
1517 6127 1633 6200
7721 4434 7776 4602
1611 5395 1799 5414
4662 3956 4766 4111
5869 3357 6066 3554
5918 4218 5991 4252
5959 6672 5985 6831
2334 4438 2366 4460
7497 1265 7684 1343
7540 2953 7594 2980
4155 4202 4296 4371
1527 6841 1661 6965
2554 2515 2674 2557
5972 4693 6082 4890
6368 5915 6395 5943
4719 6471 4807 6576
6038 2260 6049 2394
828 335 925 510
6509 6724 6520 6906
7599 6362 7784 6432
7385 5542 7543 5638
4962 1056 5141 1208
3919 5256 3937 5418
6664 548 6678 616
7233 356 7321 510
1638 412 1799 604
4196 2237 4207 2283
6969 7984 7126 8135
3331 2358 3358 2447
7864 5093 7935 5252
3194 532 3220 613
2031 1129 2226 1230
1609 7236 1626 7353
7871 2327 7983 2500
6166 2850 6252 2986
1891 5188 2012 5323
405 6741 560 6799
750 3950 818 4031
6069 3090 6173 3209
1331 3997 1399 4071
7849 366 7930 477
6256 3127 6326 3185
5023 7361 5088 7389
4250 580 4291 674
395 6685 584 6804
754 7730 781 7758
2931 640 2933 799
4195 4353 4363 4498
2522 6351 2601 6386
3328 2372 3343 2380
5249 7103 5298 7260
5044 4987 5194 5130
3584 4746 3732 4835
4052 3098 4175 3169
5914 103 5999 120
5854 925 5886 961
3811 2286 3818 2430
2403 732 2464 771
5433 1803 5492 1933
1857 6560 2034 6597
1482 4393 1520 4554
7843 4880 7875 5070
4120 471 4225 550
5617 2065 5769 2206
5236 3106 5425 3155
6552 591 6712 688
6496 1427 6629 1510
4339 5878 4363 5882
3553 6365 3653 6389
2318 5668 2493 5748
845 7648 863 7834
1342 1851 1512 1949
7382 6939 7445 7100
7582 647 7651 836
5919 6032 5982 6128
1678 5046 1768 5090
1935 7017 2059 7056
4642 7418 4644 7423
4810 3310 4866 3479
1918 6191 2054 6197
3626 6456 3637 6650
1011 514 1179 676
4083 6797 4131 6866
2174 6676 2178 6735
6930 7051 7062 7152
7386 3751 7431 3786
1740 4921 1742 5006
7862 2226 7901 2336
3042 7324 3157 7456
7924 2000 8014 2129
6252 7597 6321 7688
7948 3989 8092 4093
6219 61 6363 193
1815 739 1992 938
5183 1910 5363 1911
4232 2062 4346 2179
5545 4329 5710 4490
4303 6609 4475 6615
858 742 962 811
7789 276 7907 357
4453 2107 4465 2201
4447 365 4474 542
5083 7159 5220 7186
2846 6380 2990 6496
5026 1501 5160 1691
5087 397 5213 421
3819 5882 3994 6043
2449 625 2643 692
5957 7892 5981 8004
3210 6903 3259 6966
1513 3543 1520 3545
1612 134 1622 150
5954 5661 6016 5733
6774 2028 6861 2070
2468 528 2664 726
3883 4419 4055 4540
4575 6614 4748 6780
744 7715 845 7814
5468 7216 5509 7223
21 7448 35 7568
6496 3900 6665 3994
6567 4838 6763 4987
7204 7662 7308 7667
5262 7272 5303 7342
1316 2700 1335 2854
6758 2603 6799 2737
1094 7719 1260 7823
4542 5185 4664 5334
2453 1669 2458 1716
715 1534 852 1600
5259 2813 5376 2886
3900 1540 4044 1613
5201 49 5273 76
685 3117 861 3261
3654 5377 3730 5425
10 218 30 259
3935 2425 3984 2535
3890 6099 3917 6146
4357 7939 4416 8088
7897 1759 8061 1854
486 1143 561 1153
803 1446 827 1541
3014 5870 3079 5951
6783 5146 6904 5156
7652 4384 7741 4532
7592 1954 7656 2142
7440 3782 7556 3835
114 6244 174 6248
3890 1894 4014 2079
6706 6521 6726 6533
7372 1588 7484 1661
1720 4899 1748 5068
3138 371 3208 392
7628 7067 7783 7088
5391 4216 5433 4373
150 690 208 818
3819 4502 3856 4631
7782 2119 7842 2213
982 2979 993 3104
1153 5339 1201 5351
4978 3669 5166 3813
1590 5048 1778 5205
3767 4602 3785 4704
319 3777 407 3836
5594 299 5767 496
1693 2961 1801 3046
7883 7904 8040 7918
1871 3862 2027 4004
7035 3875 7069 3972
4327 6253 4489 6426
3521 4138 3680 4314
7624 2766 7695 2875
6678 2607 6782 2667
6847 814 6889 896
5622 4986 5795 5077
4089 1998 4095 2053
2678 4749 2868 4835
1423 6889 1585 7045
7728 6210 7798 6342
7739 3106 7800 3116
5900 1585 6035 1670
4875 596 5033 607
986 2961 1183 2993
4430 4014 4627 4173
7004 63 7078 115
678 6108 862 6206
6315 4744 6368 4809
2980 32 3010 104
6686 1086 6755 1265
5112 2474 5234 2613
3723 6034 3734 6065
6899 1513 7083 1578
1072 7460 1104 7494
5578 1116 5588 1248
2786 4559 2952 4691
4283 169 4391 352
6280 1501 6312 1567
7066 1966 7232 2004
2274 7226 2300 7277
3859 41 3905 146
6122 296 6208 473
6777 270 6914 297
2947 3716 3077 3842
1184 5131 1258 5200
2976 618 3117 645
4904 43 5048 51
5494 7726 5606 7848
7009 7683 7103 7804
7806 1501 7934 1695
7570 6183 7721 6310
5635 1872 5721 1973
5790 5125 5879 5316
5341 4468 5363 4550
1919 7234 1951 7372
6381 6245 6461 6333
361 1667 498 1753
2413 3422 2576 3496
3370 821 3524 968
3444 2629 3643 2669
2760 6552 2848 6658
3443 180 3626 212
3015 1721 3090 1748
3806 6366 3824 6370
7215 966 7412 1154
5095 1681 5099 1727
3187 4609 3226 4619
1449 1889 1569 2070
5281 5606 5301 5672
6076 2832 6107 2967
1177 1445 1372 1591
2233 1896 2299 2080
7137 4898 7207 5056
4097 7025 4117 7211
5103 1530 5119 1670
5937 2201 6030 2392
1041 3879 1172 3953
7990 300 8132 349
5950 2207 5985 2266
5451 4217 5508 4318
6934 5729 7073 5777
4979 3174 5104 3251
5747 2228 5935 2235
7129 5117 7236 5302
4210 1962 4319 2151
7113 4113 7296 4126
1918 5768 1983 5853
4296 7638 4489 7771
1632 3273 1673 3333
4845 2677 4875 2801
3774 5107 3951 5219
3911 5543 4020 5546
5414 3044 5482 3121
7781 6303 7860 6388
5176 1954 5305 1975
6384 4745 6562 4907
1452 5497 1629 5525
570 762 699 872
5341 7438 5344 7472
6556 4085 6615 4215
3713 2516 3900 2536
1963 2257 1996 2283
1811 752 1862 854
3829 3758 3833 3777
4786 7117 4865 7261
7024 3187 7077 3193
7582 2453 7585 2574
1455 5408 1491 5477
490 7566 689 7601
376 2418 456 2440
6979 7874 7156 8060
5173 2204 5190 2341
5302 92 5359 128
86 2454 101 2483
5840 2585 6037 2752
3859 2813 3994 2846
2277 4881 2474 5017
6364 1572 6559 1769
132 4626 139 4766
281 6785 353 6891
4948 5850 5017 6032
374 7908 573 8023
4513 3445 4697 3529
1780 1841 1880 1909
5553 4762 5638 4771
6693 1305 6749 1391
3274 5230 3406 5386
2874 3443 2914 3637
4183 4920 4367 5068
3375 2553 3487 2632
570 2931 750 3047
2897 4868 3019 4913
5086 4529 5268 4613
4172 5279 4174 5432
7797 5941 7905 6088
5796 7920 5797 8040
130 3698 138 3866
4902 6500 4941 6555
4131 5444 4149 5616
6084 2316 6121 2439
7413 5116 7543 5182
5986 3827 6092 3915
2227 7399 2260 7569
4947 1716 5080 1874
1043 4367 1097 4435
3129 3330 3294 3485
7064 1202 7200 1393
4509 4417 4539 4564
61 5919 82 6048
6167 2055 6239 2126
7955 3985 7993 4153
255 2695 425 2860
531 4751 714 4927
2067 5200 2070 5255
7711 587 7899 608
7607 4814 7623 4820
2777 1651 2940 1796
2076 1946 2265 2033
4959 7170 4972 7341
6658 1683 6782 1745
1786 163 1890 244
1041 7943 1107 7986
5618 6498 5715 6635
1061 2167 1149 2201
755 5192 856 5365
4873 2457 5003 2555
3532 6868 3723 7011
3076 5069 3115 5229
3808 3263 3925 3309
2169 4168 2170 4274
6257 4701 6420 4716
7860 440 7946 634
3998 1626 4002 1678
6009 6787 6189 6867
3390 7412 3401 7555
5636 1902 5740 1967
3834 6365 3989 6439
3758 4185 3781 4342
4847 7049 4952 7190
3857 1165 4053 1259
5649 670 5706 828
2493 5782 2539 5938
1420 6034 1470 6127
4568 6978 4747 7156
4163 4 4172 15
5630 7507 5687 7669
7563 3377 7711 3432
1637 7856 1740 7960
1252 2086 1275 2282
583 5202 629 5327
5897 1631 6090 1803
4393 6287 4573 6312
6504 2635 6556 2690
3490 7148 3533 7196
7349 7461 7447 7629
4442 6578 4538 6658
1944 1756 2069 1844
1097 2248 1105 2413
5444 865 5511 1017
1615 374 1628 436
2902 4996 3004 5110
1792 7865 1858 7892
4765 5052 4808 5108
5094 1820 5244 1860
3047 7046 3171 7155
7803 1319 7967 1495
7552 4976 7655 5165
5679 386 5729 405
7574 2106 7663 2109
548 3039 624 3165
2475 6525 2599 6541
3219 3347 3261 3501
6545 906 6568 1067
7142 3369 7175 3500
5199 3919 5369 3929
4389 2374 4466 2410
4060 1032 4154 1094
3225 2477 3350 2497
477 7052 604 7223
5559 3976 5576 4061
5956 5252 6107 5324
7597 7242 7634 7272
186 4876 242 4970
342 6697 483 6768
7643 5530 7713 5693
1819 1333 1932 1451
5784 1809 5936 1921
2827 2686 2920 2713
7218 1078 7277 1233
5638 2148 5676 2346
4270 5315 4409 5400
1031 5559 1124 5757
2355 5906 2543 6047
3096 4947 3218 5040
7177 7354 7258 7411
3750 1566 3877 1720
2395 2634 2580 2695
932 5299 1123 5313
4134 2140 4192 2225
5719 1560 5748 1676
1906 2200 2003 2365
5868 3979 5927 4029
6 291 162 326
5957 7390 6000 7392
2343 1820 2425 1970
5725 2752 5901 2789
2884 5409 2983 5571
6453 4279 6622 4366
5088 4605 5167 4752
1809 3701 1895 3800
7753 5904 7943 6031
7553 536 7694 732
679 1012 746 1119
2506 3306 2641 3501
7549 1233 7644 1305
7195 2585 7241 2642
7444 3909 7488 3955
584 6795 720 6893
382 2794 531 2966
1284 1649 1469 1688
4304 4297 4479 4315
1658 156 1797 185
4905 5474 4969 5629
5232 86 5293 90
1718 3691 1910 3807
3801 3806 3975 3845
7851 5858 8000 5955
4655 1389 4658 1529
6798 7148 6955 7334
4320 3910 4401 3943
7714 7091 7856 7283
7223 7830 7358 7935
6571 4966 6657 5135
5685 5368 5815 5516
6596 6394 6748 6582
7662 5779 7828 5941
5399 3024 5533 3190
612 2442 731 2613
2202 1243 2210 1244
5926 6655 6049 6665
560 1789 598 1911
4307 7055 4372 7171
0 2198 122 2199
2511 3558 2631 3577
3976 7973 4096 8011
1861 2739 2034 2774
1532 390 1691 460
6930 7540 6990 7700
2109 2850 2261 2853
6807 4235 7000 4423
4877 5668 4898 5800
7349 7535 7521 7662
2005 7229 2184 7373
2828 2759 2896 2813
5284 7395 5321 7451
1373 1957 1454 2124
7494 7082 7501 7089
4624 916 4775 1009
7943 5907 8008 5941
3990 1935 4110 2032
1552 7823 1594 7881
1935 5278 2065 5432
929 6625 934 6749
4675 2224 4843 2254
2812 5258 3011 5457
6720 4606 6836 4639
4294 4821 4314 4901
5642 3755 5775 3841
241 5174 408 5196
7492 1744 7523 1817
7310 5050 7481 5188
1262 3855 1423 3868
1961 7596 2092 7664
2809 7156 2985 7275
5883 7224 6040 7310
6631 6113 6719 6308
2237 7697 2295 7721
5923 6127 6006 6243
111 3351 179 3453
3295 5912 3313 6077
6615 1359 6661 1490
581 7617 734 7671
4000 4935 4050 5004
6131 3604 6279 3717
7220 7402 7243 7525
3991 2772 4173 2939
7341 1017 7517 1072
7390 1356 7506 1448
204 6456 323 6642
931 5090 998 5160
5741 2886 5770 2958
1888 3644 2084 3665
1361 499 1550 533
1028 248 1031 400
6807 3444 6906 3451
1355 1401 1370 1587
7887 5045 8085 5063
7183 1578 7243 1691
491 7219 573 7244
1947 7830 2066 7967
6301 1994 6469 2144
3158 7203 3205 7349
1590 7044 1784 7183
4906 5862 4967 5950
6528 1133 6714 1286
4318 6834 4482 6910
6380 3284 6516 3393
2125 6295 2293 6325
7527 2213 7661 2347
1523 2340 1565 2374
401 7508 443 7527
4676 2178 4761 2240
4202 5220 4324 5309
2849 260 3036 357
7012 4010 7195 4083
4338 5812 4493 5933
4525 1635 4670 1657
6667 3071 6845 3249
1562 6414 1663 6565
4541 2691 4624 2703
4808 4552 4863 4603
2949 221 3052 242
5146 6243 5292 6385
6846 3558 6918 3695
6017 1457 6039 1556
790 5292 854 5388
4206 2315 4292 2341
5966 1840 6056 2016
7450 6954 7636 6969
7995 3272 8164 3459
7291 1802 7433 1959
6928 3752 7025 3848
3570 1152 3579 1294
2837 4477 2956 4623
2967 4950 3132 4984
4410 7045 4541 7226
4001 5709 4005 5736
5954 1134 6072 1254
6888 1440 6937 1525
215 4419 373 4607
672 5527 821 5711
415 6618 604 6777
2024 6423 2099 6556
6920 7586 7100 7703
6125 110 6215 116
7939 5347 8134 5430
38 4197 131 4266
1665 7993 1764 8107
6970 4575 6996 4693
5264 1330 5343 1463
3830 3548 3867 3570
2110 6201 2160 6388
4504 4316 4686 4401
4684 1375 4691 1466
3227 748 3304 869
4540 1919 4628 1976
2485 3330 2648 3490
6733 951 6859 1123
7836 6203 7943 6367
4135 4691 4270 4707
2060 2197 2157 2388
5027 705 5054 891
1052 2762 1115 2836
5385 5250 5474 5369
7849 5713 7913 5872
7262 1641 7286 1720
3218 7681 3404 7742
2671 7516 2864 7714
1187 188 1288 272
4376 6947 4516 7090
7949 2245 8055 2422
7000 5257 7165 5450
4523 388 4632 546
3853 2487 3956 2684
3603 5042 3681 5215
2889 3403 3075 3511
973 2143 1099 2185
3195 7941 3246 7986
3919 4898 3955 5044
7420 21 7470 117
1030 4610 1131 4612
3548 2606 3600 2709
3799 5464 3995 5557
3433 4941 3605 5093
4430 2185 4473 2379
3477 1853 3606 1950
257 1465 345 1523
6891 3041 7051 3187
5177 6081 5236 6082
909 240 1006 384
2516 2596 2636 2768
393 2188 433 2257
3718 3556 3898 3666
7219 1280 7331 1370
3271 5086 3458 5187
846 1835 898 2031
6283 2798 6346 2839
5489 1865 5515 1900
3097 2907 3100 3093
1289 6271 1386 6360
7373 7469 7465 7498
901 7350 958 7471
4020 2647 4098 2822
6882 6538 7029 6643
7408 4904 7556 5045
7312 1287 7378 1384
243 6039 271 6104
1040 6987 1153 7125
5533 3963 5714 4115
5962 1824 6104 1981
2030 4136 2142 4268
5735 4507 5817 4582
3575 6545 3625 6609
351 747 357 896
739 3159 857 3221
7944 4402 7945 4487
1165 4751 1330 4924
3274 5197 3388 5252
7025 5988 7097 6069
4260 4922 4392 4945
2002 7713 2201 7894
0 2021 178 2071
6182 1312 6272 1491
7655 2459 7817 2515
3291 6070 3490 6135
3623 800 3816 825
2657 4440 2718 4574
4403 5387 4475 5405
4322 6106 4489 6284
6554 7521 6632 7611
5707 1767 5772 1802
1157 4572 1228 4752
6216 1539 6259 1655
183 4904 205 5051
6181 529 6268 681
6817 6974 6976 6990
2685 7398 2730 7432
2711 4375 2833 4569
4744 3235 4860 3432
2752 5005 2836 5019
2993 2817 3060 2959
6407 5222 6572 5262
4659 605 4797 680
2638 2974 2797 3118
917 644 1104 654
3584 5917 3593 6052
3994 3618 4080 3727
7447 3394 7451 3578
3432 6987 3503 7170
987 3200 1102 3357
4923 4100 5100 4271
2034 4018 2160 4175
5106 2191 5260 2244
434 457 530 532
5746 1169 5854 1260
1811 7569 1911 7738
4699 5107 4849 5271
4577 5782 4652 5932
7059 4329 7065 4519
6582 5128 6621 5235
5911 4016 6079 4112
3811 5691 3999 5734
4079 1221 4118 1258
1540 1174 1592 1244
6287 6211 6435 6228
4348 6490 4467 6600
1131 6037 1325 6160
1407 4285 1594 4349
2277 2238 2374 2249
5438 3303 5612 3306
4284 585 4387 752
5746 3490 5895 3519
6458 782 6497 860
1754 755 1938 820
4152 4006 4193 4140
5414 6283 5534 6409
906 2224 1084 2327
6931 1312 7075 1337
844 3159 1022 3243
4184 6286 4334 6450
6726 2846 6897 2949
6260 5274 6357 5357
3070 3651 3259 3790
3512 4578 3552 4658
1739 1689 1740 1735
2535 2428 2673 2536
5410 5527 5544 5602
2473 669 2483 827
2325 6080 2500 6217
7067 7355 7131 7370
3733 3622 3819 3656
841 5142 889 5251
1425 7798 1550 7881
3842 6398 3998 6453
4777 558 4804 622
1331 5938 1379 6026
6693 5911 6807 5939
2841 4275 3037 4370
1876 4409 1976 4584
6998 4312 7033 4471
6807 264 6970 324
2520 6363 2539 6558
860 7011 989 7032
1793 4432 1959 4548
5943 7618 6022 7811
1437 4627 1534 4816
4091 2941 4176 3047
6266 644 6296 785
2391 455 2491 575
7043 3208 7111 3364
4672 5137 4697 5147
4443 6385 4563 6406
3343 4431 3389 4470
5627 7672 5717 7764
2804 5189 2992 5329
1837 763 2033 962
7825 6492 7903 6541
1414 5910 1546 5994
301 2276 447 2375
2639 4778 2676 4965
1792 5639 1966 5664
825 694 929 767
1258 765 1378 950
6042 3215 6112 3231
1377 2354 1388 2413
1891 1895 2014 2018
6883 4463 7040 4571
1740 4184 1929 4221
4296 2683 4453 2862
818 6349 824 6428
479 3527 542 3555
574 319 635 493
5410 973 5482 1010
3717 1386 3822 1518
6583 6029 6782 6049
333 3631 343 3747
444 1264 468 1334
7486 4014 7665 4189
4263 6178 4301 6237
2718 6019 2912 6186
5859 1342 5869 1377
1845 3756 2038 3816
2569 5200 2747 5228
5457 5440 5621 5472
2885 7443 3076 7460
4533 5145 4692 5195
2145 869 2263 921
5576 5732 5681 5793
1706 3616 1838 3623
5661 5878 5774 6048
6989 5701 7086 5747
1831 2089 1900 2124
5805 7742 5966 7901
1214 2622 1330 2779
2379 1799 2467 1994
292 4204 378 4205
461 2209 588 2218
7718 4479 7727 4587
6947 4356 7000 4411
3083 5057 3148 5113
1405 7245 1482 7420
6057 2105 6242 2225
2915 5817 3077 5986
283 3362 462 3538
7633 4900 7773 4930
2454 490 2557 522
4482 4692 4550 4809
974 3676 1006 3870
6373 5699 6493 5742
2596 7385 2642 7555
4373 3027 4518 3103
3459 6159 3578 6186
2210 5933 2311 6028
6927 5397 7124 5575
2540 537 2723 556
4623 5988 4684 6035
2366 7619 2527 7684
7091 7731 7255 7787
1023 5384 1071 5403
4458 6433 4592 6538
2136 1116 2235 1313
3534 1594 3568 1683
958 1625 1152 1812
1738 1589 1913 1687
6483 2388 6548 2515
260 7250 323 7431
5757 5300 5904 5430
863 4756 1046 4943
3784 4930 3794 5025
4743 735 4847 817
2431 5194 2470 5224
1839 6486 1935 6642
7741 2354 7778 2373
5001 229 5064 238
5071 241 5175 290
1436 2282 1493 2313
3437 5621 3607 5772
7818 82 7919 257
4496 1592 4536 1744
1485 5948 1553 5982
6125 4495 6184 4601
4038 3335 4162 3392
4343 4605 4463 4795
4761 2309 4865 2336
7543 4862 7573 4923
1505 5875 1694 5879
7504 3355 7627 3442
2217 736 2394 752
73 761 230 805
1284 7968 1453 8018
1377 3606 1481 3676
4284 4087 4384 4106
2952 4612 3120 4737
4605 3410 4694 3595
6213 7050 6217 7249
1358 5611 1485 5778
6653 1980 6805 2123
5967 2386 5994 2555
188 1304 341 1345
2870 7119 2905 7177
6054 7538 6118 7660
7710 1474 7846 1673
6650 3195 6783 3213
442 6807 604 6827
2757 4694 2822 4766
753 2302 772 2386
511 3713 634 3912
3199 5749 3251 5891
4561 4861 4563 4960
3480 2862 3648 2922
5802 2615 5834 2655
5235 5041 5250 5221
2095 6392 2215 6491
2790 5489 2956 5604
4386 686 4504 860
1241 5597 1328 5632
6611 1169 6719 1334
1297 5482 1440 5625
3823 1657 4013 1801
6281 6609 6397 6713
919 852 1100 1034
4392 3774 4485 3964
3732 6660 3774 6664
7499 6773 7602 6892
7244 3957 7329 4048
5270 1036 5456 1214
1378 3490 1475 3659
5748 7501 5780 7626
1497 714 1530 725
5869 6073 5964 6252
7654 4420 7666 4435
6400 53 6514 170
6076 1233 6143 1400
6325 2691 6383 2887
4058 3439 4195 3626
7094 6763 7201 6932
5675 6039 5736 6093
3147 74 3302 211
5708 937 5871 1107
1099 3812 1231 4011
1203 6173 1258 6233
21 633 141 774
6062 6099 6229 6273
3195 5408 3271 5454
74 4415 212 4593
5770 5521 5808 5660
713 3629 827 3688
663 1162 854 1299
7470 5798 7504 5979
5815 5094 5938 5258
1732 7911 1809 7982
6912 4962 7095 5024
2725 3256 2761 3450
4478 10 4500 19
423 4208 570 4281
5098 7708 5233 7856
7091 898 7224 995
6904 137 6944 214
7563 5794 7758 5887
2751 478 2793 544
667 7075 678 7235
6488 7515 6679 7578
6195 7731 6244 7894
5733 2045 5786 2227
1833 1275 2015 1387
2554 3125 2564 3160
4448 986 4646 1079
1471 33 1481 140
148 1577 238 1676
6169 3877 6335 3909
5512 2210 5544 2340
349 734 402 801
405 5749 412 5933
2107 6248 2286 6377
2773 7169 2889 7200
3251 7576 3434 7766
5839 2016 5852 2112
6974 4592 7124 4674
4096 7836 4099 7855
3265 4260 3344 4287
499 5472 658 5607
1277 5133 1352 5278
1542 2534 1624 2720
6762 4155 6884 4265
2933 4347 3053 4365
637 5335 764 5480
1309 6641 1350 6829
6020 2777 6055 2818
7712 1707 7844 1794
6782 4126 6961 4222
44 2414 154 2474
6511 113 6523 204
6135 2125 6190 2198
3518 2315 3548 2482
7799 7026 7812 7154
6311 35 6360 98
3309 4779 3501 4956
7918 1204 7961 1374
7685 7404 7752 7557
7484 4220 7505 4355
4199 4299 4211 4450
1546 5619 1607 5627
6514 7294 6579 7375
5380 6499 5431 6638
850 3662 1007 3803
6844 6587 7016 6708
3594 2978 3709 3088
5105 869 5283 968
7756 5742 7805 5859
670 3679 863 3708
1678 3660 1830 3855
5126 7161 5322 7271
5398 3514 5411 3677
4986 7005 5185 7079
80 4493 270 4551
54 6365 248 6426
3922 4922 3929 5066
6717 6865 6902 6920
5931 4275 5986 4309
6565 5604 6630 5718
6990 392 7049 439
6752 3055 6913 3124
3608 7793 3672 7827
4491 4777 4603 4802
7774 5010 7902 5106
2111 1835 2298 1877
6306 827 6475 958
5058 4847 5091 4863
5115 3352 5169 3485
1265 548 1301 608
1776 5809 1839 5878
2286 5792 2481 5881
3831 974 3968 1152
4607 3893 4806 3896
4210 6141 4350 6335
3538 6206 3628 6302
3189 2552 3208 2612
2089 3863 2210 4028
290 7164 315 7276
7239 565 7316 615
1525 687 1694 707
9 7333 184 7517
1392 5786 1546 5946
3734 2138 3845 2322
5031 3354 5123 3541
954 3300 1022 3460
5942 769 6062 781
3315 7568 3470 7633
4683 24 4820 50
4902 1794 5087 1873
3931 7668 4007 7764
7399 3096 7575 3139
5342 6425 5365 6484
3482 4427 3647 4455
3587 2430 3692 2575
6864 448 6896 611
6998 7969 7165 8130
3381 6613 3399 6723
4203 5642 4242 5800
3538 2379 3675 2387
6179 5837 6309 5959
2917 3435 2985 3595
7118 7446 7165 7541
2850 5870 2865 5875
5510 1710 5578 1901
5768 3174 5809 3323
4860 1104 4940 1294
5632 6985 5673 7054
3433 5171 3529 5259
3849 4490 4030 4688
442 1214 519 1398
3080 3378 3139 3473
81 3745 142 3927
5351 5261 5457 5345
4811 2598 4842 2782
2867 6463 3064 6469
7306 3617 7330 3773
7939 7081 8032 7220
460 3826 472 3873
2424 3238 2583 3275
2870 983 3024 1015
1099 3409 1206 3462
3192 3416 3248 3594
1358 7762 1459 7938
785 76 918 152
1648 3377 1704 3451
2041 4675 2053 4739
1048 6294 1246 6343
1814 1842 1982 1914
6396 7256 6585 7361
5348 1201 5390 1215
3378 84 3574 233
4122 7264 4237 7331
1966 1574 2086 1770
4998 3051 5095 3090
4639 5821 4680 5943
6097 7357 6111 7455
3767 1893 3768 2027
6806 3547 6840 3688
4582 1738 4684 1927
5309 3808 5439 3988
131 3246 245 3285
3066 2751 3176 2882
2628 7372 2705 7401
5636 276 5651 348
5599 2219 5609 2262
3252 3598 3377 3667
1236 4986 1317 5181
4551 351 4613 470
3364 6701 3441 6882
6878 672 7008 699
4423 2634 4442 2824
4551 164 4639 221
4874 5287 4923 5458
2511 5655 2705 5727
7443 2899 7597 2981
4752 3656 4767 3761
6589 4331 6731 4524
4942 1418 5076 1595
5627 1275 5770 1451
641 505 806 517
7893 663 8027 830
6518 4777 6615 4923
2369 2209 2445 2228
3980 6703 4048 6897
6165 5960 6235 5990
6618 1899 6732 1971
4275 800 4462 873
6866 3800 6939 3831
5002 6771 5116 6880
3299 375 3401 383
7469 6156 7624 6269
5953 4793 6030 4836
7607 201 7633 288
7091 1934 7128 2104
3050 6401 3143 6493
2820 2675 2877 2712
7319 5248 7500 5327
947 3825 1126 3979
5714 7345 5830 7489
509 5647 628 5774
3317 5801 3335 5892
2354 851 2415 931
5518 4807 5521 4838
206 2976 360 3099
5461 5293 5489 5481
7596 60 7735 220
6819 6593 6849 6745
2087 1514 2089 1517
308 5002 484 5054
6178 4091 6375 4277
6350 4137 6454 4318
6316 874 6343 1017
2270 6022 2326 6066
5400 7177 5421 7217
2468 1785 2542 1856
2201 7263 2209 7294
1934 6881 2018 6940
5093 7806 5116 7935
7548 3752 7671 3842
5506 1967 5538 2119
7540 818 7568 898
6508 2035 6641 2080
3540 2720 3698 2735
3918 4495 4019 4633
7611 712 7775 842
3363 1463 3409 1600
4676 6105 4746 6276
6673 2379 6823 2481
2743 7680 2924 7802
7042 7860 7178 7982
7338 7969 7530 7983
2334 7634 2506 7669
6548 7312 6654 7418
5961 4448 6081 4449
7082 6595 7115 6760
4731 3864 4889 4044
3756 5580 3935 5595
7074 7845 7263 7860
6814 7720 6818 7916
7050 4037 7192 4119
5473 4392 5625 4397
3549 661 3651 768
4127 1416 4152 1466
87 6906 148 6907
5589 808 5714 904
598 4750 729 4771
1793 4636 1908 4663
2649 93 2766 102
2356 5911 2382 5924
7453 3123 7627 3236
4119 5822 4281 5871
1108 7331 1121 7446
7514 2508 7638 2701
4206 4701 4359 4895
7172 5321 7354 5398
2143 7428 2264 7564
2998 7916 3179 8114
6652 1863 6845 2031
1764 5136 1803 5145
3597 5819 3735 6012
5311 2075 5434 2214
4598 2477 4654 2577
2473 5452 2598 5550
6685 2084 6826 2133
7648 2628 7737 2721
1435 2313 1523 2419
4320 4591 4476 4715
4481 5762 4573 5961
920 5944 1054 5992
7315 7653 7510 7759
5413 2793 5521 2880
6771 3636 6893 3708
7034 3439 7188 3553
5616 5595 5625 5699
7577 787 7658 876
7628 7385 7672 7441
2630 5373 2789 5455
600 4378 737 4438
7179 7914 7230 8067
2642 4744 2783 4834
5979 6296 6007 6324
1220 4371 1242 4510
7099 1898 7256 2037
311 3317 334 3402
3043 156 3103 223
1095 7719 1204 7744
5865 4285 5896 4343
7589 3050 7623 3113
4676 1054 4677 1206
6626 6640 6651 6655
7941 3527 7995 3613
1586 5361 1711 5489
6998 1668 7057 1693
5284 2385 5357 2566
3171 1731 3223 1902
3428 6923 3516 7071
2915 1322 2919 1332
6042 2846 6165 2951
7378 5059 7506 5203
2271 6103 2317 6167
796 3718 851 3879
3969 2829 4000 2920
124 1786 250 1804
5474 2063 5581 2190
6312 4319 6359 4368
981 6975 1033 7118
3625 4014 3656 4213
2922 6508 2997 6660
3425 3397 3617 3499
6746 3345 6920 3366
2813 5043 2820 5122
1517 101 1640 193
2535 724 2650 917
7742 3655 7799 3720
6570 397 6735 533
5810 5523 5937 5566
7788 7934 7871 8108
4481 2173 4565 2272
6106 4507 6278 4541
4803 1202 4962 1367
3530 2528 3645 2586
880 1265 899 1364
2498 3050 2689 3059
897 7682 935 7712
3929 3544 4007 3691
5791 3603 5973 3743
3385 4945 3441 5011
5004 6665 5049 6751
1746 883 1816 894
2689 7028 2716 7139
817 6005 1003 6068
1811 700 1908 853
4261 6284 4445 6297
3515 6069 3548 6175
6267 4240 6396 4243
1199 1528 1278 1562
364 5960 527 6039
6674 4118 6682 4308
2787 6831 2836 6842
3825 7085 3864 7239
6790 2897 6823 2920
7192 259 7288 288
2333 740 2367 860
4851 3163 4993 3277
5523 793 5553 904
7028 2759 7030 2858
4241 2992 4400 3142
7835 1728 7918 1808
344 5671 447 5849
5540 1210 5661 1380
2856 2609 3021 2793
4779 7886 4841 7967
4547 1135 4657 1324
6112 5329 6197 5485
320 6194 405 6336
6331 7516 6348 7654
3798 5288 3988 5442
2932 2414 2939 2456
4522 7183 4623 7337
6142 3551 6165 3669
2168 5308 2200 5393
7928 5459 8079 5641
192 2738 329 2768
3380 923 3521 1121
3301 5674 3422 5772
1868 3918 1965 3991
1163 6316 1250 6444
7405 156 7441 226
2758 2055 2827 2229
5598 5136 5729 5230
3782 3872 3961 3989
4596 3620 4649 3769
3503 4852 3636 4907
3458 2424 3589 2549
5480 1736 5649 1877
3329 6442 3376 6562
2552 4394 2575 4590
2837 1803 2911 1942
4498 2139 4581 2220
1122 71 1208 170
780 1794 865 1853
1895 7393 1942 7453
770 6395 944 6407
5933 498 6034 616
7876 5463 8055 5524
5434 1464 5505 1660
1959 1737 1997 1894
3606 1138 3608 1173
6464 5272 6597 5337
4931 3144 4965 3297
6654 7818 6796 7861
3484 6360 3641 6522
7372 379 7464 495
6725 1781 6757 1889
719 2860 826 3011
6173 5680 6297 5803
65 4709 109 4844
358 960 387 1125
2801 5460 2810 5626
1464 4610 1615 4635
2226 2086 2262 2136
7074 1180 7185 1258
2993 4057 3025 4177
407 4157 535 4219
4502 7030 4673 7107
4477 5184 4547 5237
6656 2052 6795 2193
1550 4985 1659 5019
6395 3204 6493 3259
3342 1948 3523 2061
3390 6582 3484 6673
7325 230 7407 322
3325 3518 3398 3640
581 5324 680 5468
1169 4957 1276 4964
6593 972 6704 974
832 3888 954 3928
4372 7340 4534 7450
1630 4743 1651 4778
7351 2362 7482 2404
3947 2659 4125 2728
7431 2155 7439 2298
516 5517 646 5689
3589 6410 3694 6414
1713 1671 1819 1760
460 4674 657 4676
1278 2257 1417 2347
300 1421 341 1460
6865 997 6977 1062
5729 3817 5876 3825
5831 410 5981 580
4660 6095 4829 6102
2665 7322 2706 7490
6834 6440 6911 6588
2468 6599 2656 6630
3347 6281 3527 6343
891 3988 950 4027
2596 7920 2663 7979
2929 6997 3094 7050
2030 4381 2054 4531
6990 6694 7004 6788
5129 5394 5245 5568
4629 1353 4801 1552
3007 1424 3172 1565
375 846 566 1038
2052 1646 2178 1796
2035 676 2049 716
5000 3779 5001 3851
5893 4576 6038 4712
6866 3666 6945 3731
3211 569 3283 637
5111 2540 5254 2559
4435 5399 4563 5528
1486 3848 1626 3933
7508 6232 7515 6249
6926 1558 6977 1650
6711 6547 6898 6626
6925 3857 7083 3966
4416 1108 4612 1179
6783 2131 6918 2181
6180 2939 6245 2985
6139 5150 6222 5232
5570 7191 5576 7272
2193 4352 2204 4390
7134 2824 7303 2963
3026 2144 3220 2228
1917 995 2112 1065
2417 5112 2438 5265
3940 3072 4078 3236
5578 6055 5613 6145
2031 1169 2192 1311
5196 4757 5309 4881
3436 2118 3524 2233
1200 7379 1360 7482
3592 3775 3705 3858
7650 2408 7829 2428
6489 6573 6533 6588
170 1041 360 1200
6017 1224 6106 1392
7313 7931 7467 8013
701 3480 760 3484
7271 6191 7352 6297
4246 859 4344 913
5344 2564 5519 2734
277 6235 390 6412
5564 4664 5664 4717
7694 7208 7802 7292
7881 4202 7985 4343
1048 2157 1153 2220
4330 2089 4342 2287
340 3878 498 3954
5559 1339 5660 1386
6649 5721 6673 5783
3161 7661 3339 7779
5997 3120 6115 3240
7178 7663 7350 7716
1857 5441 1863 5557
4211 562 4275 606
6715 7036 6884 7101
3531 1311 3694 1493
5079 416 5258 561
4597 7048 4650 7246
6357 4456 6491 4464
1391 778 1512 955
4000 2524 4190 2638
4968 4182 5048 4292
3321 7459 3452 7539
3647 1480 3765 1671
2391 280 2510 338
6217 6228 6382 6231
4425 3559 4493 3589
3601 980 3627 981
6063 344 6142 493
6355 1703 6517 1857
3943 3546 4018 3648
5422 4864 5587 4898
7988 6694 8184 6812
1547 1084 1566 1208
3800 4975 3962 5092
2754 1276 2848 1405
572 5443 655 5555
3295 7167 3340 7333
6925 3324 6949 3372
7479 4108 7562 4222
3079 7320 3170 7434
3780 88 3868 188
3756 6800 3825 6995
4640 847 4763 953
4224 7811 4273 7812
5364 5000 5488 5164
3902 2799 4096 2852
5520 1079 5538 1115
7906 4945 8093 5093
6244 6400 6402 6536
4967 34 5152 219
2870 5649 2888 5745
2112 6747 2260 6834
2265 1119 2395 1150
6521 6303 6578 6489
306 4473 430 4480
6967 338 7150 449
884 1966 1020 2033
1236 1931 1268 1981
7849 7014 8000 7027
5947 6701 5975 6821
3301 4028 3357 4037
3171 852 3216 879
7632 5410 7680 5504
4246 1096 4417 1122
6734 5626 6829 5803
5219 3355 5311 3445
5757 2256 5937 2358
2293 7133 2294 7324
6858 7927 6989 7967
5707 4491 5816 4577
6308 3044 6379 3168
439 503 587 532
4397 5212 4576 5277
4154 6124 4240 6219
7523 1265 7631 1428
6786 2361 6882 2402
3876 1804 3928 1962
2180 4651 2302 4732
126 156 223 197
4181 6372 4375 6380
523 3648 675 3808
5584 6368 5691 6509
3804 3115 4001 3148
363 7410 508 7434
7331 4546 7383 4676
7561 2499 7705 2555
1849 762 1939 873
5269 7908 5352 7991
5089 3878 5093 3912
1956 6664 2090 6783
3490 5872 3624 5985
3705 6033 3735 6181
4466 3289 4587 3444
3175 1712 3336 1883
5893 549 6053 698
1833 6849 2015 6945
4006 5458 4019 5471
1018 7154 1059 7322
389 3748 584 3914
2467 6244 2597 6416
5888 711 5936 760
2724 2290 2833 2429
5862 4823 5919 4875
6826 7849 6954 7951
5163 6275 5202 6371
683 2813 826 2918
1260 5306 1313 5337
7550 360 7709 476
7918 3248 8092 3251
4009 7819 4021 7984
5827 7200 5891 7232
850 2370 1046 2399
2597 5214 2785 5290
4277 3459 4354 3565
2512 6928 2630 7038
6824 5858 6897 5957
474 6524 533 6525
7412 3260 7469 3295
4512 6940 4659 6947
5924 6330 5991 6491
5288 6227 5438 6401
7735 1097 7790 1228
4990 968 5020 1137
3577 3620 3669 3747
4028 7657 4109 7778
4165 815 4203 841
5937 948 5957 1052
2971 1350 3170 1515
6882 5683 6915 5812
6578 6524 6663 6626
2197 5595 2253 5789
1987 1034 2073 1076
4333 5607 4528 5762
4322 1528 4410 1540
4646 2625 4709 2674
2296 2857 2423 3010
5419 5725 5459 5878
4888 7931 4912 8060
2525 651 2657 760
2603 1091 2799 1199
1146 3535 1284 3618
2738 6885 2809 6897
4058 2183 4073 2186
1057 5615 1064 5741
2287 3503 2387 3698
5480 1503 5642 1632
7816 5489 7924 5546
2958 5146 3047 5342
3045 419 3062 421
2076 4171 2260 4205
754 6669 811 6793
3801 3092 3981 3136
6912 4019 6983 4100
3908 6887 4064 7063
5343 3736 5527 3914
7721 5046 7894 5114
3630 3309 3646 3471
5546 6981 5680 7062
5686 1764 5812 1834
3230 5718 3283 5833
2392 5457 2432 5600
4222 4770 4252 4903
1697 4250 1732 4309
1571 5093 1591 5273
1607 3981 1756 4167
252 3043 440 3152
3448 3131 3525 3142
4222 4233 4268 4343
4823 3595 4940 3744
628 4192 678 4355
1667 3461 1815 3640
7559 746 7731 940
6800 1712 6885 1743
5756 1008 5762 1169
6393 6742 6489 6789
679 3904 716 4064
1748 2608 1882 2757
7353 5125 7479 5186
5792 4912 5951 5063
374 1420 515 1490
1714 4231 1825 4357
1505 5130 1588 5169
1118 4987 1223 5161
7260 1880 7406 1883
5129 1677 5139 1688
4872 2320 5028 2389
1842 362 2028 372
7070 4834 7184 4881
7514 3318 7541 3338
6057 120 6076 161
932 4768 939 4871
5098 6541 5267 6623
2330 7585 2490 7781
130 7160 150 7295
6289 884 6485 1042
1796 5367 1909 5427
2 409 84 503
6305 1997 6343 2139
4340 7607 4532 7732
1535 2849 1591 2941
5086 1319 5249 1509
776 7511 805 7536
3787 5973 3825 6127
3595 2195 3756 2303
706 6939 865 6976
3516 7744 3603 7770
3846 7702 3891 7882
4485 2675 4556 2853
7381 1576 7397 1656
651 6640 767 6795
1747 6692 1883 6805
3294 2225 3321 2233
4506 6133 4521 6151
2779 239 2933 298
2961 7284 3006 7478
7941 856 8118 1038
7672 1743 7752 1772
325 6520 440 6531
3269 2690 3355 2709
2673 4507 2679 4689
968 2632 1089 2747
7074 7075 7219 7230
7198 417 7266 591
6176 7076 6202 7107
4755 439 4940 488
4868 4969 5045 4971
4866 921 5046 1010
3842 1111 3968 1270
6596 6200 6794 6279
4441 1258 4640 1449
5988 3912 6100 4019
6189 5159 6268 5353
7341 1981 7539 2055
2425 6168 2553 6200
7045 6322 7160 6362
5436 7767 5545 7936
2367 6169 2506 6188
6499 920 6697 1030
7599 3921 7689 4044
2239 143 2264 204
5976 425 6169 583
4705 6224 4859 6295
7768 597 7784 672
2581 5471 2587 5614
2951 2286 2981 2372
2917 5418 3079 5498
6863 5288 6878 5430
4817 4881 4966 4949
7263 7424 7449 7507
6460 6271 6584 6317
7172 4570 7316 4624
4878 4082 4962 4251
7940 5568 7958 5574
5895 5439 6000 5561
2906 2903 2938 3072
7627 4641 7766 4722
6090 2072 6227 2091
2955 3574 3126 3755
6301 6533 6349 6652
376 3927 547 4121
3078 1151 3113 1223
637 3099 772 3263
2872 3050 2972 3099
4558 3709 4713 3728
7862 2762 8053 2798
1453 626 1567 819
7829 4600 8008 4764
1551 7404 1587 7586
3483 1146 3647 1319
3647 6760 3772 6819
664 1991 803 2129
4717 5031 4890 5095
2684 254 2819 382
2790 3059 2932 3220
5278 577 5314 690
2875 3483 2934 3564
121 7558 218 7648
7592 3164 7730 3321
1140 5614 1320 5774
1763 1418 1898 1522
327 2717 431 2774
7300 2720 7305 2849
2814 784 3010 827
4802 770 4819 960
6589 4652 6706 4752
263 4843 397 4924
2295 7526 2423 7573
5297 3313 5444 3399
6485 4810 6645 4825
5288 1272 5347 1434
7768 2235 7923 2237
7869 7141 7964 7235
3227 2180 3376 2227
2143 5179 2292 5275
533 2101 590 2138
5038 805 5185 986
7159 968 7289 1162
5221 3630 5241 3727
6082 3617 6232 3769
963 7106 1044 7138
7415 6929 7444 7105
2363 1708 2558 1900
3330 1736 3506 1854
6346 4541 6375 4703
7727 2359 7735 2543
2830 2289 2920 2327
4008 5690 4063 5881
478 2409 593 2572
2399 7729 2540 7824
6435 5473 6475 5606
2206 7458 2403 7618
455 1571 649 1583
423 1994 507 2058
1835 7674 1896 7806
6080 2896 6152 2902
1543 4870 1700 4981
5766 1546 5837 1736
5972 4369 6014 4523
3705 5520 3850 5613
699 1202 839 1390
5806 5827 5918 5974
4676 494 4753 683
3094 951 3160 1127
3251 7246 3356 7387
3922 5594 4026 5691
6421 505 6452 611
6369 6007 6392 6141
