5000
5553 3415 5565 3464
1671 3359 1701 3381
1296 2027 1344 2049
629 5813 642 5831
5220 5455 5248 5492
7331 3386 7340 3411
1266 4591 1289 4635
6060 5561 6063 5602
4854 7903 4873 7940
4379 1488 4409 1522
2362 2463 2395 2476
5328 2244 5367 2272
4105 4627 4150 4671
5522 7368 5534 7416
4129 6138 4133 6150
5442 6482 5481 6490
4192 755 4205 765
4364 4011 4398 4060
1009 7004 1015 7033
4148 1402 4188 1413
3800 1204 3828 1225
5007 922 5037 968
7003 204 7042 212
3985 3592 4017 3622
7024 2410 7032 2455
3058 2240 3080 2256
5570 6233 5581 6237
372 5498 414 5506
1124 7071 1144 7119
2533 3470 2563 3514
2863 3616 2886 3636
5227 2871 5261 2875
7298 6263 7332 6288
3442 5399 3446 5446
7906 2400 7932 2418
6592 5139 6603 5149
3804 2769 3824 2804
1491 3843 1503 3867
2663 4348 2685 4392
6645 6500 6692 6510
2694 6481 2695 6498
3106 2619 3134 2652
6852 3627 6853 3651
471 1520 500 1545
319 7336 359 7370
7894 3568 7900 3584
3874 5200 3903 5227
2597 5510 2637 5540
7124 5298 7173 5304
5645 969 5670 993
4877 1911 4906 1930
1235 4833 1262 4880
1933 4295 1941 4296
5815 4350 5840 4386
5589 290 5620 319
3286 5700 3305 5740
582 2820 592 2837
3513 7156 3530 7188
3912 1276 3916 1310
797 439 830 467
5929 7946 5938 7957
6135 7733 6177 7769
4132 3315 4160 3355
2077 7891 2078 7900
757 3147 772 3188
2178 3318 2212 3344
456 6324 495 6369
1305 1306 1346 1324
37 3630 76 3636
3880 465 3897 473
6546 263 6593 271
7372 11 7390 58
1982 6852 2019 6882
4302 3709 4316 3724
6908 3771 6946 3796
4038 248 4051 294
5261 5515 5271 5562
5677 7818 5699 7829
6621 1931 6669 1976
7285 692 7322 698
4239 3088 4259 3091
2775 1573 2799 1576
5089 553 5132 560
7712 1499 7755 1518
6243 3870 6270 3911
5314 3087 5324 3095
1830 1007 1841 1036
1950 4888 1971 4933
2874 5573 2876 5617
6295 3566 6301 3587
5120 5249 5162 5256
3335 6445 3337 6469
3955 1101 3971 1121
7717 3300 7725 3339
306 4791 334 4832
5796 6916 5821 6921
2298 3748 2300 3780
4993 6487 5023 6512
5080 2712 5104 2740
6796 1787 6821 1800
588 5795 597 5831
4597 7562 4643 7595
3037 1905 3084 1936
4666 6935 4673 6944
1432 5320 1447 5345
6520 2596 6534 2636
379 5195 418 5201
990 4564 1028 4586
6249 3305 6271 3351
3518 5110 3559 5137
4096 2976 4124 3007
1978 2025 2010 2056
771 7593 793 7596
1719 3173 1746 3205
6579 6882 6610 6925
1560 7900 1593 7902
2612 2622 2657 2665
6764 6739 6771 6771
4848 6236 4871 6263
3801 7304 3834 7335
1902 4421 1904 4449
1661 7354 1695 7396
718 3607 757 3641
6996 2835 6997 2866
479 2012 492 2057
2370 646 2412 671
5020 4080 5065 4112
6900 7946 6939 7976
2018 2086 2045 2119
4571 3753 4604 3762
7251 3686 7263 3710
7505 4636 7533 4683
2194 2194 2206 2196
3459 2274 3492 2284
3250 4366 3284 4392
2851 665 2868 691
6876 477 6920 506
2568 6760 2586 6802
4907 3465 4948 3499
5868 6314 5888 6325
2348 5929 2364 5977
7630 6728 7676 6748
1572 5185 1609 5205
1464 2212 1470 2217
3361 5408 3374 5433
2470 1845 2481 1894
7897 4844 7934 4886
287 2061 330 2106
4164 205 4179 220
6244 4326 6245 4343
713 4463 760 4503
6097 2436 6145 2448
4198 5551 4207 5590
3727 6251 3751 6278
5639 1261 5659 1307
7809 517 7819 564
5569 7187 5612 7213
5763 3359 5795 3371
7356 3454 7361 3464
7268 7207 7314 7239
5981 4044 6016 4064
1618 2959 1637 3003
1545 2489 1548 2528
4799 5708 4817 5715
1428 5906 1452 5925
1225 7475 1258 7519
140 5427 148 5460
6669 5109 6718 5149
4558 6980 4589 6994
1740 4072 1767 4100
4994 4639 5001 4675
664 4575 696 4597
6590 5770 6614 5804
2049 6395 2070 6439
6383 5045 6401 5075
3125 6981 3154 7028
2820 5200 2866 5230
358 3807 370 3827
7541 4195 7546 4239
4703 2545 4738 2594
5876 4443 5918 4467
5137 6623 5151 6636
5654 1824 5668 1830
619 5698 623 5736
2926 1614 2975 1638
1520 6502 1553 6530
6342 552 6387 562
7142 3096 7144 3133
1094 2737 1114 2769
7999 1833 8015 1875
6032 1669 6078 1715
1333 7175 1344 7208
7405 4801 7435 4816
3152 4170 3201 4194
1513 1381 1523 1384
2062 7354 2096 7400
4536 359 4579 395
2173 7867 2201 7892
1845 3155 1854 3189
374 4557 391 4568
3052 2053 3092 2064
1241 2865 1264 2910
3105 1011 3129 1014
6872 3258 6894 3307
3680 1673 3689 1674
925 3004 942 3009
3183 3345 3230 3374
4139 5063 4163 5100
1612 3744 1626 3755
622 5873 641 5901
4594 5278 4623 5279
188 7824 198 7838
4839 1647 4866 1680
21 184 29 202
1333 1548 1378 1597
2947 6277 2954 6311
6517 4266 6556 4308
1754 3921 1768 3950
7772 6221 7784 6224
3361 5173 3392 5206
174 2575 212 2586
3479 3142 3504 3153
1992 218 2038 241
77 2342 106 2361
1416 3530 1444 3578
4349 7409 4371 7454
6483 4835 6492 4850
3818 389 3830 402
7491 1146 7513 1167
5392 1388 5393 1406
6282 3408 6302 3447
4679 7351 4689 7372
7656 2007 7659 2015
1833 5754 1839 5791
6218 6343 6264 6351
2211 5994 2216 6017
3920 6236 3953 6255
6128 1258 6173 1275
7589 946 7608 991
1982 7646 1998 7664
5730 3599 5766 3613
3038 1337 3043 1370
5860 2784 5908 2808
2155 573 2199 619
7688 1124 7735 1142
723 5247 749 5272
5393 4577 5404 4596
6109 4875 6157 4905
2300 6268 2303 6275
5878 3728 5913 3756
7220 2625 7267 2652
1082 5919 1110 5968
7754 1600 7797 1634
6890 1203 6934 1204
5826 760 5851 762
2848 2301 2893 2327
2732 3024 2735 3041
1037 2504 1074 2528
6987 3835 7006 3845
4251 5534 4274 5560
5710 136 5754 137
6618 4740 6667 4742
2840 3124 2863 3131
4538 4493 4576 4531
1669 6068 1708 6097
6669 954 6706 958
2931 450 2974 480
4332 4050 4363 4076
42 4622 75 4641
781 2797 798 2828
821 7486 862 7526
3091 2474 3121 2494
542 2166 579 2176
7374 6257 7399 6275
3612 5091 3615 5113
4665 7753 4667 7801
1861 3433 1875 3462
615 7352 655 7372
1724 5572 1751 5592
478 2244 480 2264
5592 364 5634 401
1653 4884 1661 4886
6621 994 6622 1024
6075 2686 6117 2725
2273 7201 2322 7225
2726 5716 2738 5730
1872 1648 1882 1681
561 3188 606 3225
2115 3517 2131 3560
5241 2057 5246 2075
2080 6735 2106 6752
6852 7019 6857 7048
1138 35 1173 81
5817 6506 5833 6531
3319 5228 3331 5241
398 3275 436 3285
4157 6111 4182 6140
3046 59 3086 60
7499 3118 7522 3136
6710 5988 6757 6015
7485 7409 7512 7446
1677 3214 1721 3251
3192 4969 3220 5018
430 6241 471 6288
7899 4490 7912 4528
4880 6906 4895 6940
3387 6939 3422 6987
327 7115 354 7160
3624 2655 3652 2665
7200 5745 7208 5769
5130 1752 5138 1767
855 2489 877 2514
3289 1603 3302 1627
7727 3432 7743 3442
7900 5199 7947 5207
101 7133 122 7156
1241 6153 1256 6169
5787 7992 5832 8041
7934 2130 7961 2173
2996 7700 3000 7707
7885 4499 7915 4546
4667 3528 4668 3553
1586 5965 1621 5990
2560 4256 2582 4297
3057 5989 3078 6027
3370 6517 3404 6520
1712 3748 1753 3778
7166 2332 7207 2361
429 6444 438 6485
4406 2631 4446 2660
7097 6723 7102 6756
5849 7518 5869 7543
2945 4999 2946 5026
1606 91 1625 92
900 2451 932 2463
3639 2574 3688 2604
5288 4486 5316 4508
7975 3552 8021 3598
6138 4447 6146 4461
2924 7090 2936 7132
7379 7338 7410 7344
7573 518 7615 529
6849 7661 6870 7667
2904 3030 2907 3035
3425 4292 3441 4303
2410 7671 2439 7708
745 2603 765 2614
2879 7050 2900 7052
5466 5453 5512 5496
558 1940 571 1974
3583 5198 3589 5228
2237 3403 2239 3438
2518 3866 2560 3873
6555 2561 6583 2580
1472 1467 1501 1490
5455 2641 5488 2665
2293 5223 2332 5268
7051 7073 7089 7076
3208 3430 3238 3457
7431 2118 7458 2147
7104 981 7152 1029
1662 3193 1695 3225
53 5645 76 5666
3568 7647 3582 7670
4887 2124 4911 2138
1701 3814 1748 3820
1149 6999 1166 7024
3440 1546 3457 1594
7418 2565 7458 2578
1464 1710 1509 1758
2002 3198 2037 3236
7009 857 7052 870
3324 4016 3348 4054
181 5833 188 5877
1247 3635 1272 3655
1626 3122 1671 3171
638 6791 677 6795
7813 5688 7829 5736
456 2607 470 2649
6230 6117 6251 6135
5622 4296 5629 4307
766 2822 800 2840
2984 6069 2999 6096
3564 4108 3599 4126
2628 3044 2643 3062
7840 5919 7872 5928
4440 4645 4473 4658
2985 208 3004 254
936 2038 950 2042
2591 1809 2615 1841
20 5881 46 5889
6920 2694 6949 2725
6996 2329 7011 2375
7300 2494 7316 2517
6137 2432 6163 2437
2509 3763 2550 3777
5698 1028 5720 1041
5488 2708 5500 2755
3645 7753 3691 7754
5660 1162 5662 1193
391 918 411 921
6140 3573 6148 3612
2801 1062 2849 1073
1126 4808 1144 4842
5778 6950 5813 6993
728 538 741 561
3674 2786 3687 2829
4552 5989 4600 6006
5845 7456 5867 7477
3276 6849 3291 6853
1549 99 1595 121
5818 1893 5830 1894
1448 4556 1451 4595
2618 7621 2655 7660
7805 2910 7829 2912
6155 7120 6194 7125
6675 3039 6714 3086
2048 87 2093 100
6221 368 6248 377
6570 6201 6601 6227
7308 1079 7340 1117
6958 6290 6998 6301
5080 3924 5110 3964
4080 3749 4105 3751
4803 451 4815 479
5769 3002 5802 3045
5254 7396 5285 7412
5094 7788 5143 7821
941 3051 953 3085
3846 42 3884 57
431 1361 466 1368
7528 6162 7556 6210
4071 3556 4113 3603
128 7445 170 7490
6380 1081 6404 1128
4950 5460 4959 5480
2395 5614 2420 5648
3794 3159 3826 3183
3251 3955 3262 4001
759 484 769 513
4277 1561 4304 1582
6954 1274 6980 1277
2893 510 2895 548
4395 6238 4422 6265
5582 7679 5623 7691
5375 780 5393 803
5221 2914 5243 2942
5578 4460 5612 4461
55 6974 81 6996
7234 2863 7261 2892
7596 7029 7597 7053
2579 674 2605 698
4719 3495 4764 3503
1912 4721 1917 4739
7252 3989 7290 4010
527 3781 536 3808
318 178 367 198
4805 5923 4806 5948
744 5313 750 5329
7738 4176 7778 4221
6777 222 6806 253
431 5546 432 5573
2085 2400 2087 2428
1706 4000 1755 4003
4050 6320 4056 6328
7992 6437 8018 6479
7392 4323 7428 4368
5094 1119 5114 1153
4969 2637 4981 2661
3862 2855 3870 2892
4027 283 4065 327
4341 4944 4378 4989
4538 6191 4571 6208
7972 1011 8016 1017
4414 968 4432 1016
7140 1066 7163 1093
5792 4588 5824 4613
3706 454 3717 498
4001 294 4007 320
4080 1920 4113 1925
7847 7669 7895 7689
820 6070 828 6114
3430 3559 3463 3602
2233 1464 2280 1471
5331 4265 5373 4302
5230 6095 5257 6122
3465 1768 3499 1799
731 6058 769 6066
6901 7174 6943 7204
3664 5389 3665 5403
7494 1358 7520 1389
6652 6097 6675 6135
2590 3515 2603 3516
3508 4014 3531 4015
4999 4735 5032 4778
1628 1582 1629 1620
3564 6557 3612 6582
5072 7239 5088 7287
7838 2162 7839 2186
2730 316 2752 355
2677 5984 2714 5991
4714 1077 4763 1080
4667 2596 4710 2607
1838 2885 1854 2890
3196 574 3238 588
6963 636 6996 642
6081 2722 6111 2766
2991 7969 2997 7974
4233 3709 4262 3710
6776 5031 6788 5077
1643 5905 1668 5923
4237 575 4257 604
2945 6195 2962 6236
1957 2184 1964 2204
4872 4545 4904 4581
2558 2382 2562 2398
7856 7118 7873 7152
1102 2437 1114 2463
2073 6698 2091 6732
5846 1617 5891 1636
4205 5229 4250 5242
585 1694 592 1700
7203 1226 7217 1251
7899 6467 7939 6508
3330 2859 3350 2885
6570 6096 6600 6127
2770 1478 2797 1501
2448 2016 2471 2030
4078 2367 4120 2380
2059 2224 2080 2250
2758 3505 2793 3538
220 6715 253 6751
6248 7119 6257 7129
6964 4841 6986 4879
1588 6804 1626 6824
5030 389 5032 405
67 6998 80 7046
3221 2152 3222 2201
5108 5591 5151 5640
903 7765 924 7789
7697 444 7716 473
922 2609 949 2634
3616 2611 3625 2615
2230 5540 2261 5574
1490 3240 1514 3259
2909 1477 2930 1496
2953 973 3000 1019
5965 561 5989 562
5373 5535 5397 5582
4782 6020 4830 6053
6587 4712 6588 4717
7802 4711 7812 4753
1095 3267 1140 3307
444 6983 451 7007
224 1195 250 1239
8 6893 31 6933
5008 225 5018 238
3963 5707 3998 5717
4393 454 4426 478
5561 7314 5564 7345
74 5491 83 5513
3966 297 3979 332
2237 894 2239 910
2178 4427 2207 4472
6488 672 6498 698
4034 5372 4073 5390
4253 2644 4272 2692
7580 3398 7601 3411
924 7427 931 7437
2067 3847 2081 3893
2044 1844 2065 1859
1800 1522 1830 1570
692 2249 737 2261
2109 1472 2127 1518
3028 982 3038 983
4587 5421 4618 5441
4700 1563 4732 1579
7662 2693 7675 2732
3209 2595 3250 2601
3141 3402 3179 3424
1509 7608 1533 7616
479 4750 512 4793
2377 1822 2394 1851
5066 3209 5096 3243
668 4945 681 4949
6781 1372 6795 1391
6748 5761 6795 5777
5117 236 5149 260
380 2321 418 2363
3147 1730 3151 1775
4343 5486 4363 5534
620 236 652 251
5069 1633 5105 1682
2456 7910 2466 7959
1573 282 1603 322
4938 568 4954 601
1968 6436 1969 6446
3863 926 3880 963
4837 7418 4864 7450
6957 5974 6985 5999
4743 1976 4780 2025
2805 3261 2806 3306
7169 5444 7194 5456
610 2882 653 2886
150 6748 167 6752
1037 5936 1055 5976
7904 7018 7935 7019
431 247 451 260
1716 7603 1760 7621
4702 4120 4730 4121
5381 1271 5407 1282
7136 4920 7152 4936
6462 6365 6476 6387
6432 1258 6433 1290
6674 1701 6704 1708
7240 7549 7270 7560
2645 5995 2672 6037
3476 1744 3485 1763
2358 3592 2366 3598
2704 7007 2709 7028
543 4281 549 4316
7863 4114 7909 4138
6303 6976 6315 7001
2615 5362 2635 5409
2262 7054 2272 7062
4601 6775 4640 6824
4501 5113 4521 5121
4890 1366 4916 1380
2581 947 2587 963
5892 6267 5921 6279
922 6513 923 6528
4021 2482 4052 2497
824 1672 864 1708
5397 55 5399 89
4406 6484 4442 6516
4847 3441 4877 3449
3761 5839 3768 5871
4518 5847 4555 5878
580 212 591 256
6352 7332 6377 7342
7552 2302 7579 2335
2721 5452 2770 5481
811 1373 828 1401
7504 5218 7508 5249
2707 7033 2730 7038
3880 1164 3885 1187
4189 6276 4209 6292
7120 6289 7167 6316
6084 5532 6126 5581
2664 4676 2696 4698
4539 3535 4578 3554
1760 2544 1804 2569
3925 6768 3970 6793
2946 2533 2948 2555
1659 2 1706 24
1912 4649 1939 4658
248 6104 253 6130
6447 3883 6481 3884
4681 447 4706 460
2257 3023 2267 3054
4213 6096 4259 6141
6900 6240 6915 6286
4314 1708 4326 1740
7832 4213 7851 4254
1117 3594 1155 3624
3365 1557 3403 1571
3691 4459 3739 4490
1318 5083 1345 5089
4399 1634 4414 1638
4654 6687 4684 6725
7640 5561 7657 5575
7391 4629 7426 4663
5237 1309 5278 1319
2051 4993 2059 5008
4772 5931 4809 5948
1943 3112 1963 3144
3140 6399 3175 6419
3553 2734 3577 2780
7595 4943 7627 4982
327 4712 348 4754
587 541 588 545
1126 2997 1173 3013
2658 1359 2670 1375
636 3722 672 3728
5684 4924 5703 4934
3007 5147 3040 5160
6735 4793 6777 4797
2018 6263 2033 6276
6858 4522 6892 4528
7027 1815 7069 1858
1029 5702 1040 5747
6012 3543 6021 3567
3587 2849 3610 2878
6965 1416 7001 1452
3414 3919 3450 3923
4927 4636 4945 4661
1148 1253 1193 1261
3946 199 3967 243
2707 3702 2739 3727
1243 4796 1284 4816
5410 2739 5430 2767
2854 3825 2876 3860
6047 5307 6076 5342
5652 4320 5656 4343
5784 6481 5793 6502
1851 7203 1890 7220
4503 858 4545 883
5412 5906 5439 5927
6527 3522 6528 3562
6935 530 6964 537
4346 2450 4394 2489
1366 7716 1401 7719
6085 1643 6098 1662
2154 2474 2180 2507
3415 3838 3454 3872
2246 229 2295 250
5211 6589 5254 6625
211 1882 257 1906
212 7501 245 7550
3775 6659 3790 6691
1991 387 1994 412
5037 3529 5081 3576
3494 2144 3535 2178
3653 5972 3688 6006
6448 116 6472 135
4283 4888 4322 4922
4898 7732 4922 7761
4552 4416 4586 4441
4182 2204 4203 2242
7842 3445 7884 3472
6594 54 6610 55
1162 3607 1163 3618
1042 263 1070 283
403 6528 413 6530
3971 6820 4002 6862
3252 5120 3278 5160
825 446 865 489
4033 7685 4055 7707
7353 3287 7392 3291
2778 7633 2784 7659
8 6341 32 6381
6794 5577 6820 5621
2750 3418 2780 3433
3514 1396 3557 1399
1387 5416 1390 5440
7636 6572 7678 6594
1509 4873 1554 4913
1835 6925 1837 6952
1759 3724 1785 3736
4225 7157 4269 7174
7222 5337 7233 5345
985 7219 1017 7243
6936 7917 6957 7918
7809 7671 7841 7678
1265 3897 1292 3901
6169 4054 6194 4075
6278 475 6317 491
239 5625 265 5670
1427 2470 1441 2476
7061 4692 7085 4706
6149 7693 6183 7741
4215 3899 4262 3919
1377 2576 1391 2615
3204 4351 3231 4376
124 5755 157 5775
2995 4537 3031 4554
4089 2172 4117 2210
2205 6537 2244 6571
4023 2154 4062 2190
4207 120 4216 131
1777 2046 1822 2092
3400 5558 3408 5572
3647 6436 3666 6438
5877 2222 5888 2264
7305 2136 7314 2181
5940 6391 5968 6393
7462 2525 7492 2562
4738 5082 4754 5105
3558 6052 3581 6064
7317 6660 7348 6701
2735 2660 2784 2683
350 7024 368 7031
5400 3921 5401 3949
2843 146 2883 193
2643 2670 2649 2705
4089 3735 4114 3758
796 1910 799 1957
5155 828 5170 877
2415 6769 2438 6814
6174 4068 6185 4083
2967 3299 3003 3305
7750 3460 7776 3478
498 5887 528 5932
714 386 728 424
1575 1071 1615 1118
558 4666 574 4701
763 1530 796 1565
795 1426 816 1460
943 2043 983 2082
1539 583 1574 623
7733 7178 7741 7201
7594 3702 7601 3729
5300 6523 5342 6535
4314 5024 4335 5046
2849 7203 2894 7209
1530 1437 1549 1438
3061 3499 3095 3537
5827 4175 5830 4219
1766 5327 1790 5330
7436 7025 7483 7062
2138 1363 2174 1388
6042 3825 6087 3873
4678 6609 4715 6629
5773 6028 5774 6068
285 2159 289 2162
7663 5126 7677 5138
3678 963 3715 978
5866 2699 5893 2724
6467 3368 6503 3403
3894 883 3937 902
3142 206 3190 207
5180 37 5203 78
5266 7226 5295 7236
6224 4378 6238 4416
1154 4638 1190 4687
6622 6382 6664 6431
4318 1563 4351 1574
4248 2722 4284 2741
7957 7155 8003 7171
1874 527 1879 576
779 4189 801 4209
5513 6742 5559 6784
1432 6891 1442 6934
4757 3373 4800 3380
6824 6793 6866 6840
7403 1397 7404 1434
7617 4391 7619 4403
2633 4111 2682 4133
2175 6391 2213 6436
1049 722 1092 726
6247 6320 6280 6347
5827 932 5840 937
1663 291 1675 335
3275 3314 3290 3320
1334 3694 1364 3710
7089 272 7105 315
1821 4599 1862 4629
569 4335 603 4346
4773 7654 4782 7688
7087 2593 7088 2618
1092 4054 1116 4059
984 2760 1022 2767
5923 2682 5937 2684
3547 6578 3577 6623
6715 926 6727 936
575 5823 605 5841
4690 495 4705 507
4450 2400 4460 2411
5089 5187 5105 5206
3052 2268 3094 2304
5057 2523 5063 2560
3093 6656 3128 6697
1740 4995 1755 5028
547 4026 592 4065
2881 1694 2918 1717
5488 6561 5525 6600
204 1096 207 1115
2582 955 2627 977
3856 3806 3879 3842
2553 5296 2573 5315
6191 2017 6213 2039
5864 1803 5906 1813
1190 487 1232 519
5930 5229 5961 5256
3774 7798 3806 7843
7315 4693 7356 4700
3615 2255 3624 2285
4923 1106 4972 1111
7629 731 7659 742
1861 2144 1878 2185
7226 5764 7262 5776
638 5513 666 5550
263 4818 288 4821
6031 2222 6053 2233
3249 589 3264 613
287 6369 320 6399
5889 166 5920 173
4583 853 4620 861
7780 4735 7799 4756
7530 6767 7532 6777
3551 6604 3580 6620
4014 4248 4022 4256
716 2331 742 2338
5638 2575 5668 2581
4532 730 4535 775
6061 7287 6103 7315
2137 6548 2173 6583
6508 2108 6512 2156
4250 2587 4263 2618
732 1458 737 1482
4719 3047 4736 3096
4711 7333 4731 7350
188 4885 202 4921
6178 1956 6224 1971
568 606 616 634
7849 4735 7871 4776
4728 4550 4737 4563
1741 2379 1753 2411
252 4941 278 4957
6751 5933 6772 5982
3126 4385 3131 4388
4658 1442 4685 1470
4934 5807 4939 5856
4446 3765 4471 3792
7572 5779 7610 5827
2735 3861 2782 3866
6574 4341 6594 4342
2964 5952 3002 5955
6903 4048 6949 4049
3003 807 3022 856
4304 4528 4336 4552
3821 744 3827 752
2395 7789 2396 7827
2947 192 2989 202
504 188 506 192
290 7318 322 7323
7253 3032 7298 3034
7881 2879 7929 2913
4984 3812 4996 3861
2013 1724 2026 1748
6868 6826 6890 6873
2035 1499 2076 1501
3011 473 3031 508
372 2743 393 2771
473 4350 489 4376
1623 3183 1660 3224
6767 7207 6803 7210
19 36 23 66
3096 6528 3145 6562
6519 4072 6549 4087
3631 2528 3649 2548
6835 7240 6838 7271
3099 1353 3106 1398
5656 7629 5672 7655
963 4245 975 4260
2356 5544 2383 5573
4482 1476 4527 1479
1469 6484 1518 6523
2922 7817 2955 7847
3218 4801 3267 4809
3214 2325 3223 2374
1358 3815 1373 3857
3318 5239 3342 5264
1645 2176 1658 2206
5601 6753 5633 6759
4184 6251 4227 6282
6489 457 6493 462
6959 2314 6967 2332
4683 223 4727 227
1805 318 1837 350
220 1317 263 1361
128 7048 131 7071
6659 521 6672 534
7631 4405 7646 4446
4678 43 4703 81
5341 2637 5389 2681
7350 1999 7394 2014
4218 268 4262 278
1396 2246 1434 2247
2615 4530 2657 4566
2686 2351 2695 2387
5892 4063 5894 4109
2271 4468 2277 4503
5436 3669 5443 3674
5231 3919 5272 3928
403 911 447 914
6609 4249 6652 4252
3428 2317 3467 2326
6733 1535 6735 1545
5611 2995 5624 3044
2185 6739 2186 6760
6052 7420 6061 7454
2711 884 2731 904
5203 3186 5235 3195
7344 1500 7382 1528
3068 7412 3116 7461
7440 4201 7465 4246
7162 5805 7205 5821
3675 7080 3710 7095
6939 7292 6954 7303
4547 636 4595 652
6372 5686 6415 5731
5480 4472 5525 4512
7468 3369 7511 3397
419 88 441 129
1027 6650 1068 6681
7855 2260 7883 2271
3215 4012 3258 4023
3566 1816 3605 1864
2930 4746 2946 4747
4731 969 4762 1011
2589 2714 2596 2715
5967 3208 5969 3231
4234 6308 4257 6312
2565 5521 2581 5543
1229 7391 1230 7394
2224 2741 2226 2760
5831 3987 5851 3997
534 7789 567 7797
921 1521 927 1548
1518 5593 1546 5615
2176 7370 2190 7385
6501 478 6520 500
2948 3526 2954 3548
585 6786 602 6812
161 4131 203 4136
18 2533 56 2538
5472 2690 5488 2715
1734 3859 1777 3894
4009 7714 4010 7725
6351 4076 6386 4100
945 7607 976 7630
7894 3074 7933 3093
2201 3546 2226 3565
5545 2882 5576 2919
1554 3160 1573 3186
6684 7154 6706 7157
434 5778 440 5794
511 374 542 381
693 4027 736 4067
3527 4547 3566 4553
617 4565 623 4571
155 1164 175 1194
2476 729 2490 754
3787 4229 3809 4247
1528 4112 1554 4119
3264 2196 3292 2232
3936 31 3950 54
3660 5812 3668 5841
7013 4925 7033 4957
1244 2875 1285 2924
6729 5511 6769 5541
544 6283 576 6305
6021 6364 6038 6391
3590 4314 3600 4336
361 4516 364 4523
6851 7497 6854 7518
4254 5577 4275 5600
6564 1153 6597 1174
3457 2721 3474 2738
5743 1703 5752 1737
5316 3443 5350 3455
5925 6210 5974 6223
3724 833 3753 856
1416 574 1426 612
2988 6133 2995 6151
1347 150 1362 182
6884 5367 6885 5401
2797 2583 2829 2618
1183 823 1230 842
289 6632 319 6657
6915 4776 6936 4791
3706 1982 3746 2027
390 3361 391 3367
5309 6096 5332 6117
4036 2196 4080 2207
4884 2663 4918 2690
3491 1497 3501 1530
1459 6223 1504 6250
3148 7524 3181 7549
3055 1603 3082 1626
7875 1546 7911 1556
3258 3952 3296 3954
3362 1377 3370 1382
7715 5624 7759 5635
2533 7679 2547 7717
2509 7103 2523 7109
6223 940 6226 946
1724 1720 1757 1742
433 3884 448 3888
1450 1962 1478 1976
2416 2118 2429 2125
5531 5146 5561 5184
1900 5788 1934 5802
5708 1014 5728 1024
5751 7649 5756 7651
4073 5908 4076 5930
3955 1615 3957 1616
6920 7938 6951 7941
4775 7241 4818 7287
4397 1423 4421 1437
1395 5692 1427 5720
3939 1950 3963 1979
3405 3492 3427 3526
2146 4480 2163 4516
558 7643 565 7654
7752 5933 7753 5952
527 2369 548 2392
1974 7035 1975 7062
3913 3259 3950 3300
4514 6196 4561 6235
5812 2587 5839 2631
7500 219 7528 262
3203 5594 3225 5643
5648 606 5655 645
5449 7512 5465 7553
923 4243 929 4277
7191 3116 7226 3141
5980 3260 5983 3286
4907 2578 4953 2624
670 826 697 845
4438 5403 4452 5448
5894 1679 5922 1715
732 6244 748 6293
1073 4159 1098 4169
1119 4356 1122 4357
5533 6536 5566 6563
5373 6483 5406 6486
6077 2401 6079 2434
7020 5919 7057 5940
1039 2797 1040 2831
984 5704 1006 5705
1612 7558 1658 7590
4714 4119 4739 4143
2589 5769 2608 5801
2220 4767 2251 4796
560 7679 591 7685
7499 4955 7525 4998
1452 6138 1498 6179
5143 3928 5182 3936
6052 7368 6087 7382
1101 7628 1132 7645
2576 5417 2603 5456
1874 4784 1907 4798
1570 4076 1605 4123
6438 3102 6472 3117
6416 33 6456 43
1162 336 1164 369
6730 3061 6732 3109
6005 7026 6018 7067
3941 2999 3988 3006
6283 7678 6318 7694
308 3330 324 3350
6278 5177 6318 5221
4686 3122 4707 3137
2968 7203 3013 7248
6300 3113 6307 3117
168 7440 201 7448
5822 1739 5849 1784
3020 4860 3049 4902
1486 6320 1510 6345
2271 2986 2294 3017
3 5894 47 5940
3216 7776 3221 7792
3455 3981 3482 3991
1836 1593 1860 1602
3872 6718 3889 6749
5230 7889 5233 7913
1249 7819 1278 7866
4416 3188 4431 3196
3182 1642 3219 1667
2554 6565 2575 6592
21 312 39 335
5649 1001 5653 1005
4184 5022 4223 5051
6175 2924 6224 2940
5368 6500 5417 6515
4262 1596 4282 1621
594 4218 618 4265
663 2734 684 2744
4783 4516 4821 4540
7771 7077 7796 7083
5291 1809 5301 1850
2982 4672 3000 4706
1678 658 1720 675
6694 3682 6738 3699
1989 2491 2022 2532
5196 2474 5212 2486
841 2765 844 2775
762 7778 778 7784
6576 6322 6605 6366
1199 3704 1217 3747
2791 6748 2811 6753
3158 2384 3182 2390
3489 5507 3535 5556
1469 5037 1507 5079
3171 4626 3191 4635
2790 226 2820 253
1119 4717 1151 4731
7856 88 7905 125
1167 2118 1172 2123
592 5330 593 5333
2244 4932 2293 4978
400 7761 436 7792
4956 1746 4959 1750
3861 5140 3895 5178
5501 2815 5518 2840
4182 5137 4190 5162
6194 3482 6240 3486
6619 5166 6644 5167
204 890 219 893
7525 2920 7571 2944
13 6168 44 6179
4301 5232 4334 5251
3131 6985 3134 7033
741 7869 771 7907
3944 2219 3979 2266
6087 4396 6126 4411
4303 7166 4315 7211
5512 3200 5543 3232
4303 7105 4335 7145
3926 7640 3939 7665
2053 2282 2099 2329
3537 7072 3554 7092
1347 1669 1350 1697
3943 2795 3979 2807
6752 2788 6791 2793
1407 5363 1435 5375
3855 382 3858 388
5813 7844 5851 7881
48 1974 80 2006
322 453 369 487
7928 7977 7934 8017
4613 4594 4625 4606
6667 1816 6670 1839
5914 807 5963 834
12 7700 37 7705
5321 4085 5340 4121
6755 5 6785 45
6392 4258 6413 4300
6275 4606 6315 4615
4696 2466 4714 2496
3413 934 3424 962
7597 1498 7611 1513
2985 3544 3003 3579
3553 1782 3556 1806
6191 7969 6209 7980
2216 802 2262 820
7220 7648 7259 7661
4606 3730 4615 3778
2317 2707 2335 2752
4644 7046 4692 7071
5337 6938 5342 6967
3951 773 3977 808
2870 6254 2883 6257
1100 17 1132 24
5909 3786 5917 3824
7470 4138 7506 4150
7396 7681 7418 7699
1769 7876 1777 7896
4094 4745 4122 4749
4792 5975 4793 6001
1194 3424 1220 3434
7650 6796 7689 6822
5242 6258 5278 6272
2721 4042 2744 4082
2681 1563 2729 1596
3601 5358 3624 5391
3281 2149 3296 2189
5741 836 5779 852
6202 2552 6242 2590
747 2561 772 2610
2379 6862 2410 6908
763 6846 774 6883
4681 7993 4713 7994
7841 426 7851 466
2743 5965 2776 5977
722 5795 753 5813
3877 4661 3926 4668
524 1472 547 1483
7903 4489 7913 4491
4284 3754 4303 3786
5226 2180 5240 2217
1642 1749 1673 1755
6446 2493 6478 2505
3947 7459 3970 7500
1784 623 1793 650
1074 4701 1111 4749
6600 86 6626 122
3211 6646 3215 6674
7283 4854 7320 4892
6927 1757 6930 1796
7806 6537 7826 6539
6777 1908 6808 1930
3211 5389 3254 5399
7744 462 7760 465
4318 1904 4365 1908
3782 2092 3830 2113
7931 1807 7951 1839
1758 130 1770 178
830 7203 834 7215
4062 3217 4110 3263
7824 675 7844 717
1171 7040 1178 7062
4144 3105 4174 3129
3449 937 3464 985
2471 12 2473 53
7462 5153 7475 5181
2859 5165 2881 5211
7859 4285 7892 4331
1731 6366 1758 6408
3099 3581 3131 3599
7825 4379 7867 4417
5624 1935 5651 1984
2073 293 2075 336
4266 3487 4270 3508
2321 5432 2360 5447
7981 7583 8019 7615
6831 1775 6860 1795
1630 4030 1633 4067
2728 5864 2771 5906
3783 764 3788 792
149 447 151 488
412 3413 424 3418
5178 6057 5194 6060
1107 619 1148 666
6312 4501 6356 4546
1634 7995 1660 8037
6928 225 6936 228
4381 99 4406 101
28 350 52 368
1978 222 2003 255
7553 151 7574 176
7365 7758 7396 7805
4534 6765 4578 6787
7605 4938 7630 4981
6375 7903 6390 7928
705 6724 708 6761
7539 2356 7572 2365
4735 7620 4780 7660
5923 3073 5950 3102
2531 1205 2543 1233
5202 5584 5247 5623
3251 2151 3298 2187
1422 4561 1446 4590
4079 2520 4119 2569
2132 7297 2146 7317
5343 4115 5369 4158
316 2873 324 2894
2344 6664 2376 6678
3431 7807 3460 7856
7170 1628 7200 1671
3818 6964 3829 6967
3768 7402 3806 7450
2762 2494 2807 2513
5571 7701 5603 7739
2499 1607 2542 1614
2953 902 2972 916
2443 7937 2471 7975
5790 2133 5814 2179
5902 3294 5928 3342
4415 1886 4457 1932
5587 4584 5622 4592
2244 6931 2262 6970
6183 2666 6217 2715
3358 3324 3397 3361
258 7948 277 7959
317 3271 338 3301
7800 5477 7816 5517
1490 3655 1495 3688
3665 335 3693 352
3187 5981 3201 6014
7210 89 7241 118
5862 1539 5874 1567
2392 7106 2417 7141
7682 3558 7685 3603
6738 2137 6749 2154
5171 7723 5201 7763
1753 1885 1778 1915
2509 6933 2555 6937
4552 1794 4592 1837
7484 492 7533 521
3650 1718 3658 1750
3618 7071 3629 7087
2468 5479 2501 5480
5859 6797 5877 6841
2508 7355 2509 7380
3536 239 3557 255
1333 3325 1336 3334
2933 622 2938 656
5545 5207 5553 5226
753 3075 773 3103
3053 6457 3068 6487
1749 680 1751 711
894 2412 895 2446
3814 7107 3816 7119
4909 1768 4910 1793
3803 7619 3820 7649
3533 53 3542 86
7374 2224 7402 2273
4121 2756 4134 2800
3244 4900 3252 4939
7294 7675 7295 7697
3368 4348 3396 4360
2603 3686 2609 3696
2764 2610 2792 2623
4295 5557 4299 5584
983 1386 1026 1430
5002 7915 5030 7925
5454 138 5462 184
7227 354 7232 366
5354 934 5386 949
4703 5198 4738 5229
3706 4923 3751 4963
7974 4209 8009 4256
1015 980 1023 1021
6919 5125 6922 5128
5743 2317 5778 2331
2486 787 2501 820
4882 4837 4931 4844
1933 7663 1965 7686
5926 7012 5965 7061
1852 4527 1889 4565
7514 1064 7540 1096
1245 2090 1263 2099
6026 7235 6045 7237
962 4350 1005 4359
3412 921 3417 950
3746 458 3749 479
7541 463 7557 494
7200 7874 7208 7883
2342 1356 2346 1360
7931 5585 7966 5605
3031 4681 3071 4694
5169 6186 5202 6187
1692 5522 1719 5527
2137 5584 2149 5618
5446 7127 5489 7130
3866 829 3910 878
816 6917 847 6929
2791 4784 2840 4803
5373 5114 5422 5162
2699 2521 2704 2534
2839 5985 2864 6023
32 1872 50 1893
1870 3500 1877 3510
3829 7246 3831 7280
1094 7581 1107 7598
4289 5449 4292 5482
586 1412 590 1431
2524 3868 2546 3886
6095 6799 6097 6815
3294 1363 3316 1401
4694 5936 4706 5959
5180 4907 5209 4916
5925 6590 5943 6639
3775 4822 3776 4839
3629 1374 3637 1398
7993 1025 8009 1056
6811 4164 6857 4208
5787 5065 5803 5075
4786 1446 4824 1464
1560 729 1563 737
5910 2379 5945 2408
1531 0 1580 30
3171 5344 3176 5365
1370 5151 1410 5177
1924 4773 1958 4782
353 1748 394 1754
7040 4032 7053 4066
4329 5354 4352 5375
4765 2134 4769 2172
5789 2709 5811 2741
566 4079 567 4097
3305 6167 3347 6202
235 2588 254 2636
4627 2173 4666 2206
7546 1017 7554 1065
7719 560 7759 564
1742 5233 1765 5264
4012 1450 4057 1482
4127 2235 4166 2255
2159 2539 2206 2552
1053 1295 1084 1330
573 3539 613 3584
4576 7405 4584 7446
7025 6581 7055 6611
6069 6816 6070 6818
5589 5324 5624 5342
4069 6434 4100 6458
5209 5596 5233 5601
1638 2877 1668 2894
2179 2303 2182 2342
6524 6952 6525 6958
2802 7424 2819 7431
5398 3351 5427 3366
6529 1849 6539 1851
5454 7332 5458 7364
3837 5856 3863 5871
6648 6183 6679 6223
5149 999 5183 1045
1858 7235 1888 7243
7058 6194 7077 6198
253 209 263 210
4157 4780 4165 4811
7140 3693 7149 3711
4727 5340 4762 5379
7582 7499 7627 7502
2601 1060 2609 1064
3062 721 3068 734
3453 2412 3499 2461
472 5235 519 5242
6723 4457 6760 4470
7061 3897 7080 3918
4228 3118 4250 3139
2765 5638 2775 5665
4578 7840 4616 7870
5490 3333 5509 3358
7653 311 7654 331
7527 5002 7537 5042
7481 812 7490 815
5715 3522 5723 3525
4106 1908 4118 1955
670 424 701 471
6759 2056 6776 2066
4714 5271 4759 5313
7599 2936 7606 2979
6758 3380 6786 3388
3324 4264 3339 4298
4451 6676 4475 6682
7915 7888 7957 7897
7850 468 7883 480
1808 4934 1829 4946
905 917 918 930
4765 1789 4771 1831
1042 7979 1057 8027
5736 6704 5760 6739
7117 608 7150 618
4976 4792 4978 4801
4030 3000 4055 3003
1725 7210 1755 7241
2276 4657 2317 4705
2703 6303 2737 6350
4714 7051 4738 7059
720 6483 725 6486
2837 7674 2885 7678
2681 6643 2720 6681
2827 6250 2874 6257
4254 3867 4302 3908
3665 7897 3710 7902
2503 2234 2531 2259
3597 10 3644 33
3746 4481 3756 4528
1213 1659 1222 1705
1934 6323 1955 6368
7442 6269 7465 6273
826 7199 874 7237
6731 380 6750 389
3247 5232 3291 5238
7695 3249 7725 3258
4694 2175 4712 2224
5511 2094 5520 2129
6601 6142 6613 6170
358 3748 382 3772
2507 5884 2524 5901
2153 1507 2174 1538
4444 4409 4480 4438
1892 1962 1928 1984
2800 1711 2846 1741
3868 2581 3916 2627
2950 2409 2955 2439
7035 4838 7073 4841
3939 6056 3968 6096
1818 5658 1848 5683
2484 3915 2532 3963
2647 7963 2676 7987
3600 7977 3613 8019
2477 5108 2514 5138
5102 4004 5123 4010
1601 7974 1617 7987
5289 2370 5300 2400
1026 1512 1035 1551
5079 2500 5099 2545
4686 7510 4704 7529
1880 667 1910 673
4787 373 4811 394
6472 4943 6495 4983
6555 689 6570 738
4195 7079 4236 7101
6676 1366 6711 1392
7709 7092 7713 7109
1699 7120 1711 7164
6613 4357 6653 4381
698 6105 724 6116
5215 6957 5249 6994
2455 6442 2466 6474
5707 1099 5753 1129
3467 458 3506 484
4065 364 4108 380
1039 1395 1078 1425
3914 573 3946 577
5757 3380 5783 3414
7673 4053 7701 4075
7618 5430 7648 5448
2238 7083 2251 7105
2091 2285 2102 2288
6502 6303 6519 6307
409 6837 437 6854
1978 1861 1980 1895
6352 2945 6387 2960
1819 1091 1847 1139
7812 1415 7841 1444
3501 4489 3524 4500
1430 5924 1441 5930
4473 5782 4515 5802
6567 1671 6569 1711
6029 7858 6076 7898
2905 1538 2914 1566
4704 2351 4717 2376
7955 2543 8004 2579
4466 6651 4500 6659
750 3353 752 3384
4985 6131 5027 6146
15 3665 51 3688
3262 3363 3311 3397
7075 4207 7114 4228
7899 2104 7944 2109
5806 4159 5832 4175
3294 3848 3327 3883
5896 2770 5934 2818
3038 706 3065 747
5694 5953 5718 5985
5793 6404 5837 6446
943 631 988 632
4943 1183 4948 1211
7666 5636 7686 5643
5289 4379 5295 4382
5489 5916 5507 5964
2071 2460 2106 2467
5684 2848 5693 2850
7601 6315 7634 6350
2217 7440 2251 7469
4789 1554 4828 1594
6066 5188 6113 5232
4842 5625 4847 5631
5118 3389 5122 3431
4410 7512 4447 7561
5896 1670 5927 1681
7473 7798 7494 7824
3419 535 3445 568
7246 2883 7269 2895
7469 4695 7501 4734
1374 7130 1421 7145
7540 3974 7583 4004
3710 719 3714 727
766 4563 797 4593
1953 4999 1961 5025
1088 1409 1122 1440
4428 1110 4459 1139
5961 518 5983 553
2873 1954 2886 1986
3403 3246 3441 3272
3955 315 3973 344
4282 5578 4283 5599
2968 5470 2982 5484
195 5016 222 5054
6948 327 6960 347
5895 284 5937 290
789 2436 815 2458
5142 2135 5154 2183
1039 6179 1042 6225
1347 775 1379 824
5210 353 5234 397
7604 6799 7612 6812
4853 1915 4880 1917
1395 3435 1399 3476
712 670 754 710
7246 1878 7273 1919
209 7694 251 7711
3561 2251 3605 2268
349 2636 368 2662
2808 6019 2837 6066
6786 5987 6828 6016
4015 3368 4060 3373
5148 5983 5174 6012
4962 4501 5004 4527
7132 4333 7153 4358
6566 6227 6579 6259
2209 7260 2234 7293
2349 7145 2374 7176
3829 4321 3877 4346
4211 4025 4250 4069
1834 550 1864 580
4800 2173 4830 2179
2360 7724 2387 7727
2757 2539 2782 2568
2494 6528 2540 6557
4988 5400 5007 5445
3151 241 3198 275
4297 3836 4319 3848
7924 6023 7958 6035
5230 5938 5276 5969
1852 2956 1889 2991
4547 2225 4573 2227
5219 5038 5248 5042
5974 5827 5983 5843
3927 934 3953 939
7033 1188 7062 1202
5949 5085 5991 5109
1565 3398 1581 3418
4701 4951 4717 4957
5527 4184 5536 4188
3198 5811 3232 5843
494 5175 526 5216
4380 1688 4418 1717
6722 6684 6726 6727
2283 1599 2287 1623
6286 3672 6320 3695
5209 3875 5237 3916
4109 3509 4123 3545
5639 3945 5648 3989
6092 6222 6139 6254
2140 5732 2142 5772
617 5988 621 6030
538 451 560 470
7707 2683 7752 2716
3633 6585 3680 6614
6120 6231 6152 6268
751 2827 757 2861
6671 2577 6686 2592
2394 3757 2432 3795
6045 4026 6047 4052
7295 2052 7329 2091
7135 6993 7143 7018
27 271 50 314
216 3064 228 3065
353 7592 382 7626
3373 6415 3409 6447
2580 940 2583 954
5216 7721 5248 7753
7252 2011 7254 2033
1809 3576 1858 3625
393 846 437 889
2135 7286 2166 7319
406 2647 407 2660
150 2312 199 2321
7323 6927 7366 6960
968 1741 990 1753
5843 6623 5868 6633
5145 7438 5160 7478
757 3514 792 3561
2575 167 2609 184
4867 7748 4879 7768
6240 3477 6248 3515
2659 1275 2684 1295
6135 2125 6159 2172
3032 6955 3078 6966
5620 1816 5641 1849
352 7131 371 7176
495 7049 498 7065
1119 1441 1162 1466
3078 7847 3120 7893
3519 7662 3522 7682
3155 3344 3183 3356
2908 2655 2938 2683
4229 50 4267 86
5675 2877 5724 2900
1456 3946 1502 3977
6837 7230 6858 7239
4001 2550 4038 2585
1121 3884 1143 3911
6705 7410 6727 7430
4979 1207 5022 1238
7896 490 7909 501
3542 2547 3575 2580
7056 2050 7102 2079
829 4150 842 4152
5635 7803 5649 7824
5474 5002 5509 5030
4277 1125 4293 1153
2284 3351 2326 3376
7761 98 7781 147
1876 4720 1914 4724
2919 5177 2968 5198
6698 4172 6725 4213
4821 3250 4854 3282
5702 3610 5730 3622
4514 1885 4515 1926
7960 6912 8003 6927
5581 5529 5611 5553
7496 1652 7544 1678
2814 7461 2824 7510
5617 2213 5643 2238
6279 1259 6283 1296
3030 7065 3058 7086
50 1576 95 1592
4016 4985 4025 5021
6901 2007 6922 2025
4959 7005 5001 7007
228 7813 250 7862
5485 2873 5530 2921
6493 3305 6505 3348
2521 6793 2568 6809
7458 3653 7493 3668
1537 7250 1570 7262
5504 6902 5542 6909
1256 5674 1259 5717
1308 7993 1311 7994
6117 2745 6148 2768
3158 6545 3193 6574
2768 1111 2808 1144
5195 6199 5221 6218
6871 7298 6896 7337
507 1604 541 1628
3805 4680 3816 4686
6447 6745 6480 6761
6621 4382 6654 4430
3590 4046 3629 4090
1545 3005 1552 3013
5832 7946 5847 7973
7552 7560 7579 7607
4654 3610 4692 3616
2024 7542 2035 7560
5716 6426 5732 6469
5332 5039 5380 5078
7729 159 7762 190
568 2635 596 2681
5889 562 5909 564
3754 4912 3774 4918
159 5201 175 5217
1765 3307 1773 3347
6670 297 6703 330
540 5360 563 5387
2042 1498 2077 1536
366 2383 391 2408
5648 7000 5654 7024
2698 6395 2719 6438
5271 1833 5314 1864
4760 152 4767 199
7462 7226 7482 7250
3694 1732 3724 1749
3409 6919 3438 6962
6634 7833 6651 7850
882 1467 908 1496
7859 5544 7884 5588
6170 4177 6172 4207
3327 7380 3357 7396
3289 6434 3311 6435
2867 2350 2892 2397
2310 5849 2353 5853
2010 3519 2019 3556
7832 1152 7838 1165
2426 4669 2458 4709
6808 7293 6829 7329
4065 6955 4079 6982
5439 6102 5451 6107
1591 1724 1611 1746
7446 7197 7471 7217
4943 3500 4966 3518
2108 3696 2141 3713
3277 2977 3307 2996
7925 5440 7974 5473
419 7665 422 7695
4187 2507 4218 2515
3121 7966 3128 8009
732 1791 769 1814
5391 4460 5435 4488
2175 1443 2207 1477
6188 2182 6221 2227
881 1934 897 1963
3754 7680 3784 7685
6981 2539 7001 2540
7868 2618 7870 2656
5686 6021 5734 6046
1307 5723 1343 5727
6210 278 6257 294
7790 847 7821 880
4559 7766 4566 7800
1687 6928 1692 6944
4481 7446 4520 7466
4777 7635 4795 7682
2851 63 2872 92
5335 4462 5379 4476
7778 1517 7803 1523
828 3084 858 3105
7711 7131 7756 7170
3499 719 3506 725
3830 3569 3839 3592
2130 4306 2171 4322
3990 3206 4024 3248
3256 7267 3301 7298
6524 5730 6535 5750
5107 6630 5151 6644
4161 1744 4177 1771
7579 314 7622 335
350 7161 361 7183
283 7172 286 7204
2427 3713 2447 3721
4872 2561 4873 2603
4436 913 4469 958
5992 1160 5995 1209
2869 7497 2892 7543
7239 7212 7286 7248
1650 6888 1669 6914
519 7433 545 7446
2237 5937 2268 5963
6717 2550 6728 2582
5573 7123 5587 7166
2748 7101 2780 7104
4311 7146 4358 7154
7263 6267 7284 6273
6571 3696 6596 3719
7295 4535 7330 4567
6540 2199 6553 2246
2120 6950 2133 6992
3173 286 3204 307
2626 7766 2660 7805
2454 7244 2473 7264
3334 2101 3368 2111
3207 7415 3220 7444
6112 462 6142 495
2008 3551 2030 3554
2729 1329 2767 1346
3674 6160 3686 6174
2074 234 2091 261
1804 2258 1817 2307
83 131 115 180
3050 6725 3069 6772
3086 1952 3128 1975
2863 4498 2871 4516
5522 3152 5567 3161
6982 2411 7012 2425
1279 24 1282 26
2962 3439 2985 3442
5970 7576 5973 7585
4012 6148 4045 6162
5407 740 5442 772
1423 6110 1434 6126
3562 2701 3584 2728
7881 2088 7890 2134
1289 4123 1310 4157
7928 3753 7973 3791
3101 7055 3140 7101
1864 7722 1869 7758
7269 1302 7281 1303
3372 6705 3397 6730
536 3035 563 3083
5136 2528 5169 2555
4718 7425 4759 7450
746 3821 777 3856
480 5085 496 5126
1165 7158 1190 7206
3564 6095 3612 6116
2042 2416 2083 2419
2753 1397 2783 1430
4144 5148 4170 5150
6850 1341 6899 1362
7204 744 7252 785
1957 5154 1994 5203
3449 7162 3495 7194
6329 5125 6338 5131
4089 3288 4104 3327
6127 5770 6161 5780
5085 4368 5106 4373
4527 2916 4559 2930
171 6789 201 6812
5423 754 5451 799
7188 7520 7217 7561
3251 5719 3269 5750
4931 6530 4965 6570
7328 2943 7349 2966
2382 6655 2393 6697
1072 6851 1093 6893
4494 6630 4510 6661
7165 4588 7208 4600
5799 3096 5804 3135
6928 1044 6941 1054
1125 3344 1155 3357
206 258 235 303
4709 4578 4755 4621
6024 7999 6061 8013
6981 1494 7011 1497
6316 6275 6353 6303
4992 4586 5040 4606
6919 415 6938 443
632 2674 634 2691
4484 5311 4527 5350
1089 5569 1127 5581
6311 1451 6326 1481
2274 1700 2281 1726
3750 3938 3759 3950
7420 867 7462 905
7910 965 7943 979
5084 6833 5102 6880
6023 1392 6046 1409
2193 1347 2224 1358
1733 4892 1755 4925
2396 2345 2443 2351
6582 6423 6626 6435
6009 5144 6043 5169
3987 4821 4019 4846
5842 1385 5878 1421
4984 3295 4990 3314
3177 518 3223 557
5014 7601 5039 7633
6186 4605 6235 4630
5041 5669 5060 5689
6280 2488 6301 2512
185 1305 191 1340
1812 2004 1818 2012
1488 6486 1511 6493
6382 5821 6425 5868
7493 1116 7508 1118
7635 4501 7645 4547
2106 1334 2134 1347
4101 3220 4136 3253
1186 5576 1225 5609
1880 1693 1896 1742
6471 1329 6507 1369
6707 2066 6747 2102
3575 5856 3596 5874
4542 3837 4556 3838
5892 1084 5924 1122
4893 4702 4899 4716
5463 5718 5467 5745
2267 506 2271 543
956 2524 958 2553
5223 4352 5236 4385
388 1160 426 1195
2171 7038 2176 7049
1560 2644 1563 2670
2122 2355 2131 2402
7054 7404 7101 7407
297 7753 307 7790
4539 3862 4585 3863
4948 5555 4966 5602
2475 2998 2522 3040
4805 5523 4846 5568
1213 6200 1242 6242
2224 5996 2249 6016
360 2817 407 2848
5913 4536 5942 4551
3524 5082 3558 5108
1516 4938 1536 4944
2305 1907 2344 1948
4822 750 4829 753
2800 3324 2812 3348
5881 4084 5906 4085
7898 5355 7904 5400
6310 6493 6358 6532
6664 3100 6679 3125
2068 704 2082 723
76 5807 115 5847
5977 1985 6021 2012
6405 1725 6408 1729
6280 1924 6323 1950
7516 6512 7563 6528
7512 5401 7541 5432
7380 2969 7404 2999
5959 7549 5999 7580
56 5908 105 5925
2000 1455 2005 1477
6455 7904 6484 7950
5142 3733 5167 3771
1253 4519 1258 4525
468 5277 513 5315
616 7290 660 7292
1316 663 1343 691
1179 4276 1187 4297
7196 1254 7223 1267
725 3491 734 3510
7177 5901 7225 5919
4549 1716 4553 1746
4237 685 4255 717
4672 7830 4694 7839
5561 773 5572 819
6800 7504 6820 7549
3280 1717 3297 1758
4186 2351 4204 2382
5029 7722 5074 7757
6510 4651 6559 4654
6484 5255 6491 5266
5634 6550 5658 6575
142 4801 186 4829
5483 7551 5490 7596
4634 3517 4670 3545
5358 2046 5382 2076
4854 3596 4898 3607
3953 6694 3970 6708
7178 7103 7209 7125
5348 1413 5363 1462
62 6063 67 6107
2276 3767 2310 3794
1937 2541 1951 2568
7191 7898 7240 7931
1638 6274 1676 6305
996 2732 1007 2747
7542 529 7586 572
3806 4435 3830 4449
7811 1700 7832 1730
7253 6991 7264 6993
5421 5109 5440 5140
5266 3082 5308 3102
1929 3201 1959 3205
4165 2870 4183 2905
1473 3601 1481 3605
4393 6280 4424 6292
2297 2821 2301 2870
2146 5575 2154 5578
1061 1399 1063 1404
5190 1002 5201 1045
5239 4246 5262 4294
3156 6288 3180 6307
2871 7990 2920 8012
2576 6774 2617 6812
964 3090 965 3115
6954 2957 6983 2990
5802 4504 5810 4527
156 2234 191 2237
4476 6704 4511 6734
1384 7619 1411 7620
885 792 894 794
6032 6221 6034 6223
1509 1529 1511 1573
4697 2258 4734 2282
232 2038 265 2041
2629 5394 2674 5413
5490 7967 5505 7997
3898 7181 3925 7216
3025 902 3028 950
6565 4380 6568 4406
5542 2793 5560 2839
1129 1945 1135 1953
6524 7196 6568 7243
6545 2460 6579 2501
4080 6795 4102 6817
2114 7088 2115 7097
7293 4778 7341 4827
2031 5739 2071 5741
4432 650 4454 695
383 7836 407 7876
7507 91 7544 96
5607 4381 5635 4406
4336 7607 4350 7618
1227 4061 1249 4098
3850 5037 3890 5039
748 1995 760 2044
6914 3987 6959 4019
991 5541 1011 5559
976 2949 997 2969
5116 4934 5138 4942
639 2544 684 2552
7577 5188 7601 5232
3712 533 3732 574
702 1376 737 1389
2953 690 2963 735
6471 7017 6510 7025
6098 232 6127 263
6015 6947 6059 6956
2770 1343 2797 1349
6719 1997 6721 2007
2638 6238 2676 6247
3438 864 3478 870
6242 3534 6266 3583
5764 2922 5812 2927
7645 4771 7683 4782
3132 7418 3166 7438
1620 1281 1622 1299
2377 478 2416 516
5974 1939 6017 1976
143 7260 183 7291
3071 5253 3101 5284
3007 310 3050 334
1157 4023 1199 4050
7271 1953 7314 1954
1919 232 1933 276
6368 3676 6387 3725
2071 2357 2100 2405
5199 3065 5232 3089
7252 3883 7294 3898
4670 6076 4697 6088
6525 7775 6536 7810
1714 4424 1755 4460
1746 3732 1779 3741
4077 3878 4111 3881
4086 6962 4090 6968
5158 5224 5195 5248
3 5286 15 5327
2919 7344 2922 7377
6915 2673 6919 2701
4913 2681 4937 2703
448 7324 497 7334
4677 6501 4717 6528
917 6163 941 6192
2053 3865 2060 3914
7854 2116 7863 2129
3405 2115 3430 2144
4199 4977 4223 5020
4114 2310 4154 2356
7342 3019 7386 3025
4490 6449 4510 6469
2466 5526 2507 5566
5361 3261 5373 3264
1462 4043 1502 4048
3635 5358 3675 5391
708 6116 712 6137
2120 4506 2128 4521
4989 1303 5032 1339
6835 1248 6852 1275
3307 7685 3326 7702
4572 1581 4573 1623
4551 4050 4582 4059
348 3446 371 3492
2972 129 2997 152
1427 2422 1476 2428
509 2026 547 2045
2039 6624 2057 6632
6890 7229 6924 7231
5047 3766 5059 3780
5070 698 5108 701
729 6971 775 6999
5176 3335 5194 3355
5954 7098 5995 7141
3226 1620 3256 1629
5024 5380 5057 5415
6925 5191 6962 5205
3477 6146 3491 6177
4788 1153 4837 1172
4901 7895 4917 7920
4566 5096 4599 5118
7581 1195 7588 1198
5610 4744 5617 4793
2235 7396 2249 7419
5628 4350 5657 4352
670 4438 676 4454
6375 2256 6419 2285
1173 1517 1209 1559
3611 6163 3612 6184
439 2514 482 2562
5846 5513 5893 5557
886 1658 934 1691
1745 2560 1770 2573
7909 3882 7928 3915
3070 6161 3095 6165
6218 6782 6247 6799
5514 3585 5533 3599
4920 4129 4940 4135
5186 2378 5202 2403
6700 2572 6715 2597
5808 6339 5834 6352
2616 1571 2644 1590
6918 369 6943 384
7770 4366 7795 4371
5350 4990 5382 5031
3170 1742 3187 1762
4278 7312 4294 7314
3032 386 3073 435
2107 1220 2136 1251
4823 1606 4861 1630
7486 3573 7528 3582
5321 6206 5341 6223
732 3199 753 3209
3966 3287 3967 3298
3935 1445 3970 1462
4796 6756 4808 6778
42 1100 49 1138
6241 5340 6283 5371
3180 2428 3211 2458
2058 5855 2077 5865
521 3138 566 3160
2686 7549 2717 7587
7957 1032 8003 1077
310 3272 334 3275
3861 143 3869 166
2902 1261 2920 1292
3240 7121 3283 7130
539 7330 584 7375
526 6666 538 6709
1256 5240 1277 5263
7323 2776 7327 2812
3737 7025 3761 7072
5356 6607 5390 6614
111 7067 158 7081
4935 5700 4969 5716
144 3690 179 3739
1194 7390 1210 7411
6094 6062 6109 6109
6390 3148 6411 3170
5532 2181 5549 2203
2554 6656 2592 6684
3387 1735 3435 1748
4760 390 4797 410
4514 5600 4563 5640
3308 3490 3350 3524
4056 3780 4085 3826
3087 3706 3124 3732
4886 1548 4915 1589
4416 2186 4440 2223
3408 3588 3430 3598
3626 5912 3674 5923
7001 7905 7050 7917
5681 4534 5704 4565
4381 7296 4384 7326
4173 6149 4211 6156
5533 2645 5557 2646
2962 6369 2973 6381
6061 1807 6082 1841
2113 6198 2145 6237
4854 302 4873 303
2639 1713 2649 1721
4117 2974 4154 2984
5395 6791 5414 6804
2819 2850 2842 2875
5885 5312 5902 5341
5403 6756 5430 6796
6956 7392 6980 7420
4787 3606 4788 3607
2670 7410 2709 7442
5924 2125 5956 2167
625 3635 672 3650
6206 2811 6211 2847
10 1209 46 1234
2995 2897 3023 2939
4682 2289 4684 2291
4559 7107 4565 7143
537 5111 567 5153
6699 2981 6743 2999
4454 3767 4466 3778
3341 5549 3350 5571
6113 6482 6115 6507
5380 6148 5391 6191
1935 4153 1939 4185
4060 6142 4104 6161
2465 6953 2492 6992
1160 6345 1185 6372
440 4769 443 4802
6280 918 6329 964
857 5253 904 5288
7498 2526 7531 2541
294 1275 322 1314
3687 7536 3714 7564
4790 1562 4831 1567
4769 4029 4808 4044
1546 4288 1592 4292
4187 7423 4231 7433
1737 3415 1758 3442
1881 6470 1914 6471
1719 7549 1739 7551
6041 430 6045 466
7904 5116 7934 5117
7924 6178 7954 6215
589 3607 602 3611
6023 4042 6034 4081
2026 702 2047 736
7997 3041 8038 3076
3618 1096 3632 1141
197 2422 229 2432
4161 6582 4206 6609
2689 5214 2724 5218
5245 47 5271 74
3722 4759 3764 4769
2693 825 2707 836
6189 4554 6228 4578
512 3759 556 3799
8 1980 31 1991
4343 6007 4372 6031
3706 4373 3740 4379
2503 2823 2537 2866
4898 3093 4935 3119
4069 2208 4104 2235
4101 5417 4111 5421
3565 5060 3594 5061
4860 5507 4886 5523
2694 6698 2710 6745
6332 3688 6371 3737
2603 1742 2612 1766
7312 7283 7335 7300
3579 1999 3598 2031
2749 665 2788 703
6933 768 6982 802
5819 1749 5865 1791
339 7717 364 7741
3847 5714 3892 5749
3905 4145 3909 4169
6352 2736 6396 2766
264 6381 281 6414
1501 2509 1524 2514
5959 3115 6008 3142
7247 330 7289 339
7410 6446 7418 6462
5443 5547 5451 5558
6736 2417 6781 2439
5198 7137 5219 7166
724 4826 731 4847
3772 1189 3801 1217
6216 2092 6227 2118
7278 7100 7280 7122
7200 4958 7248 4991
3485 1230 3498 1245
4889 4811 4910 4851
4990 2830 5010 2862
2060 6401 2071 6427
3051 5003 3077 5006
2952 4738 3001 4764
7976 1957 7981 1975
5007 2017 5053 2051
549 1918 550 1953
6021 3145 6037 3153
5314 2335 5355 2369
591 3120 610 3146
3030 6208 3064 6227
5420 7789 5434 7838
1418 4341 1438 4359
2404 199 2450 232
3245 2728 3262 2773
2933 713 2943 750
6917 2593 6927 2603
1104 2408 1110 2440
876 2849 908 2891
2113 4550 2115 4593
3070 779 3104 792
2130 924 2137 928
6790 708 6799 755
5913 5788 5928 5824
137 2440 142 2473
2459 2247 2490 2292
4427 7262 4436 7304
4967 3827 5014 3865
6784 1280 6800 1287
7393 6014 7440 6032
227 5866 261 5896
7887 6568 7893 6606
2520 7017 2545 7066
3378 3357 3397 3396
7072 1382 7114 1389
5601 532 5604 577
5162 6759 5166 6797
2850 7788 2890 7837
4776 6827 4811 6853
1717 3513 1741 3559
5336 1910 5362 1938
5125 2612 5130 2632
1597 3541 1645 3542
918 3756 935 3765
4005 4613 4020 4655
5301 879 5311 882
781 6898 804 6905
7394 5671 7397 5711
5029 5718 5066 5760
7209 5861 7250 5867
4137 1540 4158 1559
5298 2079 5303 2105
6758 6288 6765 6323
4385 4061 4423 4074
649 6144 675 6189
5237 4989 5238 5037
4655 4627 4684 4628
5076 2754 5079 2788
111 7722 147 7724
795 2900 837 2919
952 6850 962 6858
1277 4061 1305 4110
3801 1453 3844 1485
7084 644 7132 681
1333 977 1336 978
5802 7554 5821 7578
4178 4040 4187 4054
1331 1750 1346 1781
2655 2557 2675 2585
1382 5387 1422 5420
1617 4608 1634 4622
1490 1353 1495 1358
7689 7833 7726 7869
5794 5965 5800 6013
2174 1126 2202 1157
6892 1616 6934 1647
6911 2425 6914 2434
1029 2142 1066 2167
378 6360 393 6395
4921 5701 4960 5744
3300 5557 3349 5581
2480 7947 2501 7972
7061 3365 7103 3410
7725 2260 7769 2287
4190 1803 4199 1848
169 7847 204 7864
6213 6495 6241 6496
2952 460 2954 470
138 4377 159 4419
5 6537 26 6557
4872 7962 4881 7990
6529 7541 6571 7588
6831 5942 6839 5989
1068 7263 1094 7299
4045 5906 4069 5951
5458 904 5490 917
6021 4958 6053 4985
930 2674 971 2681
6657 6014 6669 6024
2655 2731 2661 2761
5489 7562 5515 7565
1004 6209 1012 6229
2537 661 2558 676
7813 5136 7825 5147
6051 971 6058 1005
7925 13 7954 55
6428 1581 6464 1598
2299 5843 2323 5874
7579 6427 7583 6471
2962 3383 2993 3427
1035 2077 1054 2094
2083 6405 2122 6426
2066 7665 2097 7681
3462 1748 3509 1755
5100 754 5108 779
6697 943 6723 978
5719 6915 5733 6941
4327 4181 4376 4200
6513 2789 6558 2815
6223 7426 6236 7467
6080 4436 6099 4440
3515 1435 3551 1441
4445 2727 4492 2754
2320 1475 2348 1512
4182 1582 4219 1605
3582 4520 3624 4568
4523 817 4536 824
7271 4702 7300 4739
3733 7397 3739 7412
1250 7806 1286 7838
3029 867 3056 871
1072 3581 1106 3617
7335 4741 7343 4770
1004 656 1051 700
4135 1641 4177 1688
2544 6844 2585 6885
7731 7951 7772 7954
726 7596 754 7635
2162 1783 2170 1806
2482 5419 2485 5454
2086 28 2104 59
4883 6270 4922 6272
2833 6889 2865 6896
1295 1358 1344 1401
4586 2359 4618 2393
5842 6400 5861 6433
5903 4487 5926 4497
6331 1969 6366 2005
2585 7969 2632 8016
5716 1309 5762 1315
5599 4623 5645 4662
3608 1308 3616 1320
3754 7290 3774 7316
6700 1024 6717 1057
701 4939 709 4977
7397 7558 7427 7575
2516 1739 2520 1777
7934 7035 7982 7078
2166 6900 2205 6923
1255 487 1286 529
1131 4046 1172 4083
5946 6417 5989 6465
6460 2910 6506 2949
6491 5822 6510 5838
7549 6138 7598 6176
4141 7463 4180 7490
2922 5965 2959 5991
1671 5155 1687 5181
5288 7562 5296 7595
3313 865 3317 886
3166 5832 3182 5860
1141 5391 1163 5403
3350 4426 3358 4472
1188 2416 1200 2419
505 7768 510 7772
589 7709 597 7758
2163 6879 2212 6889
5005 5249 5018 5261
7412 5757 7431 5792
1641 71 1668 74
7554 1124 7567 1126
5117 5600 5164 5603
7009 6292 7045 6322
7480 1255 7499 1276
757 3956 777 3999
1639 2114 1675 2131
6589 2676 6604 2707
1503 414 1523 462
4451 5837 4474 5884
108 4669 132 4684
5170 7867 5217 7889
1003 4181 1022 4208
4192 741 4200 781
7080 5841 7106 5863
5893 3287 5920 3311
1690 3072 1693 3106
1421 3298 1465 3322
5568 1495 5603 1542
6448 6725 6479 6764
2585 6768 2605 6789
1948 218 1960 257
4457 5081 4462 5130
6086 3441 6106 3483
967 4059 988 4081
6347 1253 6351 1300
1818 3167 1819 3194
7180 7547 7223 7587
2389 2416 2421 2419
2439 2508 2454 2533
3679 130 3692 139
3901 7084 3935 7112
2726 4568 2774 4577
3149 462 3153 465
7768 6184 7805 6198
2089 4297 2119 4308
6439 3293 6444 3294
1395 3518 1416 3545
1282 7938 1290 7969
6157 7453 6202 7471
4851 737 4885 786
6008 5082 6053 5109
692 5480 711 5505
1029 2187 1072 2217
6476 274 6481 318
2686 2176 2721 2195
1577 0 1626 17
5108 2378 5123 2387
3362 6884 3398 6897
3970 7576 3974 7581
2488 7939 2506 7977
6269 560 6275 594
5475 77 5487 83
268 3493 308 3504
2847 1670 2858 1671
896 5858 940 5892
3112 3333 3122 3361
7889 774 7905 797
2872 4715 2895 4719
3936 5462 3961 5504
2130 7640 2165 7643
1539 1485 1557 1492
1994 5629 2034 5665
6478 6231 6498 6248
3374 7953 3394 7973
4571 1557 4593 1577
5458 4213 5473 4259
4597 1168 4614 1194
237 1014 275 1060
6462 6483 6486 6518
3650 2734 3695 2747
4062 3370 4069 3378
1733 2899 1749 2915
6524 3124 6528 3136
3015 5972 3048 5975
6096 4494 6110 4526
6477 5312 6525 5332
6979 3524 7006 3526
334 5095 366 5120
7382 4007 7400 4012
4920 7984 4956 8025
5070 7308 5085 7343
6977 4315 7007 4320
2698 2361 2732 2407
2607 595 2632 624
7208 2613 7235 2653
180 7082 185 7093
3571 2685 3573 2700
4478 2231 4502 2263
5150 1553 5179 1584
5355 5800 5363 5846
4977 1013 5010 1019
4193 2368 4217 2415
6211 2214 6219 2234
1436 3083 1456 3104
66 1050 80 1098
6488 7389 6527 7430
1499 1178 1534 1182
5247 4537 5292 4551
6914 1456 6935 1476
6564 4639 6568 4676
4193 4578 4218 4604
2908 3075 2921 3079
7312 7676 7350 7700
2510 7999 2512 8010
1840 1692 1874 1696
4276 6762 4307 6799
1587 286 1622 309
4750 5001 4784 5025
2696 1057 2709 1104
403 2195 444 2216
7450 7883 7462 7920
6531 1468 6556 1469
4084 5122 4131 5148
4044 1406 4063 1455
6875 501 6904 504
7431 7691 7456 7732
6796 7429 6843 7464
1176 309 1216 316
5015 7556 5042 7598
5909 2135 5950 2174
7520 326 7555 341
1571 4663 1603 4669
5145 329 5166 372
4880 4670 4898 4698
5296 5214 5320 5228
375 7582 415 7584
2320 7346 2368 7377
2013 1318 2053 1367
6744 2563 6781 2596
4953 43 4959 62
2910 6687 2944 6732
714 601 716 632
6702 5522 6722 5547
7200 7585 7223 7596
5761 7540 5797 7556
737 2785 770 2800
2821 4351 2861 4354
2521 7751 2568 7773
2782 5193 2804 5240
4148 2959 4168 2996
4200 2230 4224 2234
6577 5005 6583 5022
6513 1382 6556 1428
7340 3203 7365 3205
3250 148 3267 156
7760 1494 7775 1506
2999 4399 3018 4432
1111 251 1116 274
6229 1190 6246 1221
6347 5915 6365 5961
3568 7172 3583 7173
4572 4784 4611 4818
779 7890 798 7912
5594 4022 5598 4042
203 942 244 984
1832 5654 1862 5681
957 1760 976 1773
873 5342 879 5343
2161 818 2194 855
1941 5708 1984 5755
3481 7025 3493 7031
7577 3998 7613 4039
7263 2100 7269 2101
3804 3864 3852 3877
4542 710 4559 742
4052 7046 4057 7060
1211 5134 1218 5136
6138 6728 6165 6752
6629 5263 6636 5303
1569 6362 1587 6409
4941 694 4979 725
2454 1732 2461 1753
3404 7704 3435 7705
5316 2042 5362 2057
5999 7901 6015 7950
5067 7811 5101 7833
2592 5305 2624 5350
6437 1348 6461 1380
1957 671 1974 692
6145 7607 6185 7631
2910 5806 2914 5822
1081 5175 1105 5180
7856 6690 7858 6726
7785 5205 7833 5228
1028 2156 1038 2157
505 2053 514 2091
7682 6929 7709 6948
5119 5405 5129 5449
559 5794 587 5828
4191 5684 4203 5727
5868 7681 5905 7700
6455 6513 6502 6515
3082 6449 3086 6474
4000 4004 4040 4007
6835 1137 6868 1180
6444 2679 6459 2694
1190 6484 1234 6489
7363 7779 7369 7825
6561 2485 6605 2502
1580 5763 1592 5774
3493 2733 3532 2748
178 7551 182 7596
6955 692 6967 714
2166 5050 2169 5070
4634 1206 4653 1207
1604 2960 1643 3000
5475 4454 5511 4474
7225 7946 7265 7982
6345 5344 6382 5370
7209 839 7223 841
205 6484 253 6530
4577 1344 4613 1365
6805 5820 6845 5857
3501 6038 3531 6063
7167 4687 7210 4711
4792 6433 4821 6460
1158 4085 1198 4125
1408 6944 1413 6966
2431 4215 2470 4241
2885 6155 2897 6168
3286 539 3311 578
1383 4168 1393 4217
7320 3568 7361 3605
212 7920 223 7968
2381 879 2389 889
5851 7831 5868 7840
3541 7994 3558 8013
2220 7996 2234 8035
315 3924 332 3964
3918 4093 3928 4133
3090 1002 3138 1005
496 1087 545 1117
6536 940 6558 977
7564 2329 7603 2351
7938 1621 7979 1652
7257 1707 7260 1726
956 6377 964 6408
5619 6425 5631 6430
7629 483 7639 498
4181 2985 4222 2997
1877 2379 1883 2389
7500 6238 7508 6271
1204 1649 1223 1695
230 5286 253 5320
1409 1827 1415 1854
1058 7878 1085 7904
7564 7330 7609 7358
778 3080 788 3123
1511 7307 1540 7309
1790 0 1838 11
175 3189 192 3229
2301 6352 2305 6373
976 709 1022 714
2511 4635 2532 4650
4613 1183 4642 1195
65 1707 87 1737
3503 4834 3527 4873
53 5552 70 5586
2158 930 2176 958
2841 991 2863 1001
1790 1529 1829 1556
7004 6151 7048 6166
3402 1608 3421 1612
2659 5451 2685 5489
5673 6351 5708 6376
4464 4888 4489 4895
7900 4391 7935 4428
6284 7768 6285 7796
7845 4227 7893 4259
5845 1408 5874 1435
5506 7563 5541 7581
242 6883 290 6884
1697 1129 1713 1145
1780 3242 1819 3269
5885 1699 5889 1714
3564 3070 3595 3117
336 4950 347 4959
3324 2541 3329 2585
3520 7907 3522 7951
4873 1590 4895 1632
6007 6625 6009 6641
2988 666 3018 669
3714 209 3762 233
858 3373 860 3408
949 4480 956 4499
48 2689 64 2707
7609 2174 7626 2202
1504 2856 1534 2892
817 4470 866 4492
4892 4729 4921 4738
7276 618 7318 656
3539 4377 3583 4426
629 6444 632 6459
6274 697 6297 721
6093 528 6121 529
7438 1845 7441 1861
6663 2822 6685 2843
4344 6240 4376 6276
7158 501 7207 521
6388 3813 6392 3817
6709 6206 6725 6213
5735 4729 5771 4756
2805 885 2830 894
418 5156 429 5164
7522 5653 7527 5693
5725 3506 5762 3511
4504 6397 4524 6410
1610 4378 1654 4385
175 6269 197 6298
5963 6781 6012 6807
1561 3697 1603 3724
7813 3175 7819 3187
6582 1779 6588 1791
7712 1168 7721 1197
2236 4470 2238 4482
1620 3197 1642 3209
5439 7885 5448 7917
380 4745 412 4761
3332 7370 3335 7390
5426 767 5437 776
292 1513 304 1519
400 2583 437 2625
4286 2400 4313 2417
2544 2936 2555 2967
5883 1168 5888 1209
164 7992 170 8000
1227 654 1259 658
4431 1075 4443 1124
241 4900 286 4918
5805 899 5810 904
3351 1321 3361 1369
3381 3103 3390 3135
4004 5290 4037 5305
5400 3842 5420 3890
4265 6943 4272 6971
5251 2247 5278 2257
776 5970 801 5998
3212 498 3237 510
4357 2190 4378 2239
2219 6332 2257 6336
6520 3669 6560 3699
3964 4734 3971 4755
204 4184 234 4224
1567 3607 1569 3614
3974 3797 4017 3825
7140 4204 7166 4232
1006 4337 1050 4370
2501 5095 2502 5136
2104 1552 2143 1556
7322 6459 7351 6506
4055 5733 4084 5754
5004 7477 5046 7484
588 4569 619 4577
4549 7606 4554 7643
5230 36 5253 79
6713 516 6728 534
7328 5086 7366 5122
4721 7482 4761 7511
529 7926 537 7932
7833 6994 7839 7010
994 1658 1034 1661
6025 3375 6031 3381
6628 3076 6656 3102
4083 7198 4101 7228
2605 2387 2626 2395
7390 6263 7406 6290
476 3649 495 3660
3666 7930 3675 7948
4133 5694 4174 5741
5916 7333 5941 7349
279 4042 303 4084
6142 2613 6150 2616
6725 575 6773 604
3339 5907 3376 5938
2148 4517 2195 4554
6854 50 6886 91
2371 3335 2383 3378
1098 7064 1102 7067
5878 5029 5894 5058
6496 4827 6536 4876
1590 1396 1599 1436
5653 5262 5678 5264
886 5809 887 5838
2292 6602 2326 6609
7276 4839 7294 4872
6166 219 6184 240
5434 2084 5467 2091
1036 5384 1065 5411
3983 4772 4032 4808
3727 51 3751 53
6358 7459 6401 7505
3366 5394 3382 5436
4633 4218 4656 4220
54 476 65 508
3434 5884 3447 5930
0 2728 19 2737
3057 5570 3094 5611
1722 3516 1760 3533
2274 920 2317 956
2556 4225 2574 4251
3738 2563 3775 2577
2284 4548 2326 4550
7615 1919 7647 1933
2596 6730 2636 6766
7856 4677 7890 4710
7973 6269 8010 6313
2142 2311 2157 2344
7272 7743 7318 7771
1143 1571 1146 1573
3098 695 3107 696
5903 5639 5942 5650
6776 6756 6818 6798
2227 171 2273 181
6226 1802 6266 1821
4356 5002 4404 5007
3996 6904 4042 6925
6191 6297 6222 6346
765 3872 788 3882
4377 1931 4393 1963
1564 5167 1579 5177
3500 2874 3507 2902
4027 1958 4028 1971
3700 3371 3746 3417
1929 4112 1940 4159
4963 6683 4999 6710
7314 3894 7340 3905
393 3192 423 3206
469 1159 475 1163
7049 5822 7055 5832
6367 225 6380 239
7624 7378 7654 7389
5278 2552 5304 2576
2924 7261 2943 7268
4906 841 4931 878
4531 7564 4551 7573
7090 5698 7100 5728
246 2050 253 2057
4931 7381 4932 7397
4883 4921 4930 4954
4371 6722 4382 6745
3163 7137 3170 7186
982 2193 1022 2215
337 4418 345 4424
3514 5676 3553 5715
4615 5831 4642 5870
943 4547 952 4596
1654 7326 1655 7329
7470 852 7491 886
5397 2998 5431 3039
6762 1351 6775 1386
7527 4855 7572 4876
2702 2208 2750 2230
1838 3875 1857 3903
1941 6113 1956 6148
5789 7143 5817 7155
3527 7620 3574 7653
3526 7824 3551 7870
895 4464 937 4467
658 2787 685 2822
3493 6670 3538 6692
7061 6629 7089 6678
6002 4901 6044 4940
5778 7957 5820 7993
1846 7314 1872 7357
5715 4874 5759 4889
650 3698 662 3711
630 5942 659 5979
3904 3501 3937 3544
5632 1888 5643 1891
1719 5613 1755 5625
5835 3329 5847 3356
1727 3290 1770 3323
7359 4158 7362 4202
3985 2956 4017 2962
6209 4970 6245 5003
2160 5679 2191 5727
4334 6273 4361 6292
5276 6088 5325 6094
4135 3306 4149 3342
4308 1513 4344 1524
2711 207 2712 253
1900 6140 1914 6147
1119 7340 1121 7359
1487 2955 1521 2988
5933 3552 5938 3598
6108 254 6149 267
2383 7135 2413 7145
7191 1507 7217 1527
345 1289 357 1304
1581 3360 1595 3387
489 5850 524 5883
5106 2542 5142 2543
1830 5084 1839 5105
953 2480 990 2502
5995 3305 6037 3318
3140 4380 3152 4383
7476 2122 7490 2132
1363 1572 1375 1601
1137 7077 1138 7117
3497 5894 3534 5897
284 5466 307 5509
2040 894 2067 900
4550 3124 4575 3152
4772 6640 4774 6664
2897 1948 2901 1980
7919 2906 7944 2930
3011 1948 3035 1993
89 3528 117 3540
363 1598 393 1613
7287 703 7322 733
2226 4282 2229 4309
7932 596 7970 622
7461 979 7489 1012
635 2311 680 2330
6964 3845 7008 3856
4497 5517 4541 5533
1006 5287 1010 5331
7376 4558 7393 4593
2932 3220 2969 3232
555 7507 603 7539
2541 7949 2567 7996
1554 664 1594 684
1360 734 1409 782
2376 87 2418 113
445 3057 449 3081
5204 7189 5211 7219
786 4938 829 4944
3284 2465 3329 2506
3931 574 3973 606
2613 2516 2625 2545
2206 7474 2233 7514
6357 738 6389 776
5718 2117 5755 2130
2268 2897 2307 2923
4253 4635 4270 4658
1386 2366 1424 2381
1355 6296 1378 6327
2304 5803 2323 5812
3844 3585 3856 3614
5272 6065 5314 6094
4080 4637 4098 4659
2436 1127 2444 1139
2242 3835 2285 3838
472 7785 487 7816
5896 2322 5906 2358
5919 4938 5938 4961
2152 2242 2184 2276
1471 7218 1517 7267
3676 455 3680 487
7533 7752 7574 7800
7840 1545 7844 1583
5291 2842 5302 2884
6304 7863 6344 7876
3611 1338 3619 1352
288 2428 337 2462
6025 3491 6027 3497
2845 6424 2862 6428
4090 59 4105 89
3383 7116 3415 7159
5410 4461 5430 4463
7748 1930 7785 1945
2593 4740 2618 4780
5130 6504 5141 6525
7424 4142 7448 4176
3076 4479 3089 4491
4545 1068 4567 1099
1902 2812 1903 2830
915 1190 944 1237
5769 6400 5805 6414
5324 4524 5339 4556
1720 7780 1768 7799
6269 216 6301 245
7945 1708 7960 1751
2434 3848 2466 3867
6565 4381 6608 4399
6098 6024 6117 6054
2218 3090 2241 3100
5715 7033 5727 7044
1716 4082 1764 4097
3970 2363 3977 2402
65 4423 77 4425
1586 1846 1623 1871
4127 3623 4145 3670
7161 7223 7185 7245
7205 4825 7243 4870
3315 2893 3337 2909
5830 5329 5859 5330
1442 657 1450 681
29 2231 40 2264
7322 5200 7360 5229
371 963 373 964
1903 1132 1914 1159
3044 510 3082 536
3513 335 3549 376
277 3096 313 3128
7797 6419 7804 6443
7359 2102 7369 2108
3647 3061 3661 3069
1556 20 1590 54
1423 3005 1439 3010
6198 6199 6220 6218
3730 4513 3766 4561
3222 6188 3265 6228
3040 39 3068 82
7445 442 7478 452
4446 7915 4483 7960
5861 4179 5891 4207
1810 3818 1852 3831
3223 6165 3246 6167
5614 6823 5644 6849
1220 6210 1244 6228
6769 791 6775 834
4497 5160 4520 5174
2680 5902 2688 5909
4831 7160 4833 7194
5840 1100 5863 1105
717 7973 724 7999
5238 229 5278 251
7666 1139 7694 1151
4863 2656 4870 2703
485 3741 534 3775
1582 5137 1591 5157
2822 1585 2869 1605
6671 7741 6672 7787
5260 3547 5300 3592
1293 4578 1298 4613
3239 4889 3264 4915
6184 143 6191 160
87 5316 115 5338
7850 6030 7853 6058
6447 5555 6492 5585
5541 6822 5552 6859
5365 4241 5376 4249
5283 5923 5329 5938
6346 2888 6353 2928
5266 109 5301 136
1636 4733 1644 4742
2845 5606 2860 5652
19 3217 39 3229
3418 5911 3444 5916
5724 1840 5772 1874
1570 5644 1580 5685
3017 3580 3050 3593
6060 4622 6073 4637
3784 3825 3794 3859
3000 7332 3013 7336
2900 4488 2941 4525
1628 3986 1633 4025
6334 754 6380 768
6111 315 6151 330
5408 5568 5431 5599
3832 7475 3833 7492
6935 3903 6978 3937
1443 3849 1462 3880
7508 1554 7519 1590
5970 2532 6016 2581
2232 7253 2262 7269
2238 283 2254 289
175 4894 212 4915
3914 1707 3946 1744
4817 6635 4838 6652
1439 2473 1472 2491
7782 7663 7808 7712
127 1332 134 1381
6132 1415 6144 1461
7725 720 7752 749
7506 11 7516 55
703 5730 709 5767
5389 6708 5406 6749
4563 1238 4578 1255
4777 1139 4814 1171
1444 948 1483 985
4538 121 4541 144
4306 161 4352 164
4745 2816 4787 2843
6972 2026 6974 2051
5250 7029 5263 7056
1315 1073 1324 1112
3796 5414 3826 5458
6864 1796 6905 1798
3942 381 3943 384
4114 75 4124 119
5080 6481 5091 6495
823 1213 865 1242
4830 3041 4870 3083
6573 6377 6605 6383
6088 1849 6134 1860
4880 5215 4904 5219
6129 6432 6144 6454
2244 3264 2248 3307
2626 4117 2634 4146
1592 1044 1637 1093
1031 3586 1053 3600
2542 4556 2562 4558
5476 535 5512 554
6804 159 6805 176
2622 1276 2642 1302
5206 4334 5223 4358
1965 5842 1989 5847
1218 6517 1221 6531
1383 1218 1415 1233
74 2153 77 2185
6931 4213 6974 4214
3600 4295 3612 4341
2869 5593 2874 5626
6587 1843 6590 1886
6814 6437 6825 6467
4091 3076 4130 3125
1865 7907 1883 7941
3481 597 3507 607
3782 7536 3822 7573
7254 391 7290 408
2764 3490 2767 3513
5344 3991 5349 3999
2098 1598 2129 1602
185 3552 190 3561
1970 5908 2016 5941
1831 3601 1836 3626
2707 7576 2746 7580
4402 5250 4442 5271
7747 4848 7756 4887
5140 2648 5149 2675
600 934 646 937
1352 3465 1357 3500
101 535 103 546
6532 7172 6535 7219
4213 3831 4244 3838
934 4911 963 4922
2691 6680 2714 6683
5874 2735 5914 2772
854 1836 892 1850
1062 7997 1106 8046
6776 1956 6819 1981
6214 662 6261 705
161 3170 195 3217
2258 1340 2287 1376
7185 2011 7195 2018
1389 5804 1410 5843
7595 4479 7614 4495
1273 5789 1275 5814
2328 9 2334 51
667 5839 686 5881
3959 3147 3987 3191
7745 3997 7765 4033
2228 3699 2242 3721
6413 2105 6439 2131
6953 4132 6981 4152
7882 1512 7902 1557
595 5024 633 5027
4794 5956 4822 5975
2759 1331 2772 1362
7178 7408 7205 7456
2922 6253 2962 6268
5509 4660 5515 4669
7653 1487 7694 1495
4165 2439 4211 2445
2619 2646 2645 2694
6554 4821 6589 4845
7654 6617 7677 6625
3190 2734 3216 2757
5171 5655 5220 5688
16 5333 30 5352
4202 6976 4247 6980
339 6650 345 6654
6903 7869 6941 7912
1868 4552 1871 4564
3716 7344 3724 7353
6375 5180 6388 5227
996 4897 1002 4910
6092 7092 6109 7127
441 3420 484 3454
6287 1766 6304 1803
5745 5230 5772 5241
2958 4655 2960 4693
433 381 448 421
4123 7218 4158 7228
182 5107 231 5152
4992 4707 5019 4735
2903 2155 2917 2163
5286 496 5319 512
5876 4802 5925 4838
7003 1734 7028 1771
5211 4336 5235 4380
4892 7090 4923 7114
6917 2770 6956 2773
7942 5396 7985 5443
867 6595 900 6597
4141 5938 4188 5975
2928 3320 2961 3363
6803 3208 6849 3226
554 616 562 627
2739 4873 2759 4897
551 5755 556 5767
196 1571 202 1580
3336 602 3356 613
1312 7424 1341 7449
4076 2431 4118 2446
4045 7117 4047 7141
0 3217 35 3242
4160 3368 4162 3404
191 7721 201 7735
2808 7935 2810 7958
2730 1233 2778 1249
170 735 179 742
7648 2005 7677 2019
5982 7167 6020 7189
5934 5807 5957 5823
7194 2896 7201 2904
2118 3134 2155 3170
1251 3632 1282 3643
5314 919 5347 941
1652 7107 1668 7153
1889 220 1937 267
5660 1982 5666 2000
5682 6853 5700 6894
6042 6860 6049 6864
4485 3775 4509 3777
6595 1472 6611 1482
3176 6762 3201 6770
3723 4806 3746 4848
6820 3182 6825 3215
2370 4958 2387 5007
4999 7626 5023 7670
571 7499 578 7529
4657 6201 4691 6210
6916 7125 6961 7149
5192 1383 5198 1431
6508 7246 6524 7281
6763 2721 6807 2728
3158 3321 3178 3327
3218 1057 3236 1074
523 2475 540 2480
3530 578 3553 582
1283 5653 1332 5655
2947 7233 2967 7257
2223 5671 2248 5702
2086 4275 2089 4301
1921 3778 1949 3806
2030 5863 2075 5869
3579 3746 3592 3762
3480 3346 3488 3364
7306 6284 7325 6314
5230 4006 5258 4051
4114 4556 4145 4605
7253 4042 7272 4043
1913 7586 1949 7599
1681 3583 1729 3624
3791 315 3824 319
952 5502 964 5528
4856 7118 4884 7164
2416 5816 2435 5823
3921 3541 3946 3584
6674 1458 6708 1484
4317 7043 4363 7058
929 3196 967 3237
4109 7536 4110 7575
4644 3476 4658 3525
2004 493 2018 516
4766 2989 4802 3017
7226 3400 7237 3449
3642 2352 3683 2394
6149 6266 6173 6286
4419 1563 4437 1575
1544 3241 1570 3250
7495 6559 7526 6573
7629 2470 7631 2475
145 5866 170 5910
2919 1943 2953 1988
2775 7512 2779 7550
1241 162 1289 167
876 5378 891 5385
6944 2601 6946 2604
3888 5395 3899 5417
6024 7450 6038 7468
2213 6726 2250 6741
6894 789 6920 803
749 5378 755 5382
5421 1541 5468 1550
43 148 64 162
5028 6361 5063 6364
6403 2660 6437 2673
4248 5269 4295 5303
1224 728 1249 767
1965 6605 1973 6616
5829 5164 5846 5182
5684 1354 5733 1376
462 4493 493 4540
2366 819 2410 828
3487 4377 3520 4393
5676 784 5711 814
1712 801 1714 816
7053 2573 7070 2599
2067 5463 2093 5471
2304 194 2322 241
2220 22 2259 41
3930 3893 3978 3901
2921 7073 2952 7077
1316 5486 1317 5494
123 1008 163 1048
5093 2210 5135 2253
6140 568 6146 585
1930 5907 1954 5936
7148 6849 7156 6856
43 6306 48 6329
6278 4556 6313 4568
3709 3192 3728 3238
7617 6278 7639 6311
5062 233 5065 255
6369 1569 6370 1611
3449 7258 3468 7301
4476 2615 4485 2652
631 3758 661 3785
970 4269 996 4288
2113 2404 2118 2440
4349 6236 4366 6280
873 1342 907 1384
4239 7185 4262 7221
1641 2576 1689 2593
3023 7651 3026 7685
7040 3977 7058 4005
4674 6092 4709 6096
5650 3659 5679 3672
4940 1595 4943 1608
3085 2240 3115 2262
2110 2535 2141 2564
2730 3169 2779 3197
6642 4904 6676 4907
103 7830 122 7867
5622 4011 5659 4013
1474 7039 1510 7052
7874 5229 7907 5268
4041 6729 4086 6749
4011 555 4043 569
4928 7585 4973 7615
5706 7778 5752 7792
4297 4435 4344 4461
2465 7027 2466 7029
1845 1157 1885 1177
4172 3482 4217 3526
3983 6891 4012 6931
3710 7040 3718 7046
4959 5337 4992 5366
7921 1694 7940 1737
3223 2931 3239 2977
7185 3430 7190 3437
4301 7653 4324 7684
3919 3414 3924 3422
3476 278 3497 309
6252 3242 6299 3273
7536 1834 7575 1844
7173 7052 7219 7065
4894 7053 4924 7090
3435 5261 3479 5287
3340 3594 3368 3596
6482 2721 6519 2742
716 2827 759 2876
7696 2069 7712 2091
3802 1946 3805 1974
6231 7055 6232 7101
4680 7204 4722 7244
1732 629 1764 632
1863 2048 1900 2049
202 6565 250 6608
3481 1929 3490 1962
3314 1409 3325 1422
7780 3579 7794 3594
1433 5525 1453 5561
6250 6530 6272 6566
651 4030 656 4054
624 6651 649 6666
4092 6387 4109 6419
3070 7497 3074 7539
5787 3448 5818 3488
6814 1243 6836 1288
4520 983 4563 1025
5671 179 5689 206
7531 728 7573 762
6252 1042 6275 1056
1397 3993 1442 4002
2016 7623 2065 7641
7677 5187 7722 5201
2599 1397 2622 1415
4140 4785 4175 4819
5790 7118 5810 7119
7962 2055 7967 2084
5212 6738 5235 6762
4227 7788 4272 7811
2712 5149 2736 5151
5525 1513 5571 1556
6733 1555 6769 1594
921 3959 930 3988
7959 6236 8003 6271
2583 5573 2631 5621
5494 4495 5531 4511
352 5839 389 5863
6887 3566 6908 3603
4524 4215 4528 4251
7251 4261 7281 4287
7139 1449 7145 1458
2782 5148 2796 5165
6046 52 6054 100
7947 5030 7948 5072
6035 2729 6050 2730
7631 3506 7649 3510
1313 1527 1341 1547
1508 1411 1520 1458
1603 498 1626 544
3942 4894 3969 4898
6152 4644 6168 4645
670 6933 710 6944
7927 5946 7965 5947
1580 2055 1589 2062
277 7226 318 7250
2834 4060 2876 4084
351 6663 352 6707
1644 6502 1666 6509
1543 3705 1558 3749
959 3742 984 3752
1254 1194 1271 1203
7368 329 7406 344
4240 4450 4286 4482
7849 4130 7873 4162
6060 3563 6079 3603
1402 3614 1432 3654
3250 1014 3281 1040
6019 1722 6040 1765
6067 5037 6107 5051
7164 3523 7177 3532
3548 308 3556 336
2185 6037 2211 6042
4774 800 4792 832
3143 3593 3149 3602
1066 3388 1086 3425
5197 3638 5240 3641
3635 56 3679 88
4844 5772 4858 5797
1969 2459 1981 2474
2267 2794 2281 2830
2231 2637 2241 2639
4111 528 4123 540
2963 3664 2988 3683
4926 7231 4953 7274
7362 2 7406 17
7598 1349 7638 1356
5413 5351 5442 5381
5174 3772 5220 3817
7276 3791 7324 3795
2472 5869 2476 5872
707 296 715 340
4311 1797 4336 1814
6970 1049 6979 1091
7257 4901 7258 4927
4557 4775 4573 4785
2099 5746 2131 5777
4928 4058 4953 4106
6048 2326 6051 2335
1594 7445 1611 7454
5768 2241 5775 2256
420 6133 427 6180
521 6609 532 6634
1426 57 1458 69
694 3511 710 3528
4370 130 4419 166
7012 729 7047 763
395 5436 441 5455
5686 1583 5735 1601
2019 4147 2043 4151
813 5629 823 5639
5752 948 5775 994
3287 6004 3296 6028
7618 3753 7641 3787
1499 5208 1514 5209
1865 490 1891 532
7150 6743 7166 6792
7282 836 7298 874
6462 3020 6490 3040
290 2715 294 2733
1092 6438 1101 6467
6403 7403 6418 7433
4901 3610 4919 3632
6716 2620 6732 2666
7196 1498 7216 1532
5553 2901 5575 2910
6472 7037 6476 7082
5643 4260 5655 4273
3313 4284 3315 4327
7322 3533 7351 3543
2735 7901 2749 7911
3073 2186 3098 2191
6241 1736 6278 1781
4681 4359 4695 4360
7882 5278 7917 5309
6265 4946 6275 4981
2602 794 2623 801
4499 5467 4543 5510
1135 7897 1142 7925
7272 1533 7281 1540
7761 2345 7787 2378
4089 7680 4094 7692
7174 1856 7177 1905
1493 3348 1497 3389
766 3700 770 3704
4777 5793 4812 5835
6595 4870 6610 4897
5276 5708 5310 5754
3323 1604 3333 1616
2520 7339 2552 7366
404 3039 428 3041
4530 874 4532 882
2803 7779 2828 7795
7535 889 7549 890
533 6161 558 6182
6389 6623 6435 6645
3279 995 3323 1004
978 5884 989 5912
6400 1567 6442 1579
5890 2338 5938 2373
593 3675 608 3713
637 7994 683 8011
3487 2493 3530 2521
7697 636 7709 681
5459 7030 5505 7073
7674 11 7683 50
3957 2978 3999 2995
2844 2529 2867 2530
6592 4722 6597 4726
6379 4276 6400 4311
5305 3297 5316 3317
517 112 546 119
5871 3067 5916 3116
4973 631 5000 645
7031 5923 7050 5955
6864 6783 6869 6822
1531 3759 1551 3785
1431 3907 1479 3953
1350 2026 1387 2072
2838 6997 2876 7004
3391 3133 3421 3162
6338 6942 6384 6990
5934 491 5950 509
5069 5550 5111 5578
4108 3955 4154 4000
6783 1129 6788 1135
6685 7481 6718 7486
5770 4392 5771 4441
6463 3744 6488 3746
6532 524 6547 547
3672 6971 3710 7006
6684 3627 6687 3668
3694 3323 3698 3333
274 5129 294 5169
1989 6115 1991 6161
1792 1722 1811 1753
2278 1276 2285 1301
7438 5942 7442 5968
1420 7439 1422 7472
981 7059 1013 7074
3633 2086 3646 2120
7178 423 7220 466
178 4280 220 4314
7778 3757 7816 3776
3206 7061 3247 7108
5047 4176 5056 4198
5773 5328 5820 5350
224 2296 227 2331
6747 121 6793 140
1479 6861 1492 6871
1512 3543 1561 3553
7081 2985 7104 3016
5532 6915 5578 6935
6713 1803 6737 1819
586 7116 633 7139
3196 5181 3238 5200
2817 3611 2839 3628
1933 5266 1956 5286
877 6958 915 6994
5323 4643 5327 4673
2442 5573 2484 5605
3452 4907 3489 4949
2324 1396 2339 1412
7906 4227 7909 4248
4928 7904 4972 7917
5835 528 5867 577
6405 1122 6444 1165
7492 2463 7509 2478
2616 4613 2627 4618
2288 6959 2319 6991
5376 6086 5421 6108
5407 569 5446 571
3643 3759 3651 3774
6826 7925 6871 7969
3947 7590 3976 7636
6964 690 7010 699
5323 7156 5368 7164
3234 7810 3255 7839
1787 1827 1801 1864
5495 7959 5530 7964
2724 2050 2733 2086
6227 4066 6247 4095
5056 5358 5083 5394
7900 448 7945 488
7699 5419 7724 5458
1956 364 1985 406
777 3099 824 3136
2582 5344 2587 5351
7531 857 7566 876
7132 7486 7137 7497
7084 7889 7106 7920
5327 2652 5339 2679
2386 4820 2423 4827
6492 6344 6495 6349
3574 2711 3612 2750
3072 5169 3075 5204
4673 4342 4696 4387
4686 748 4726 790
2918 7581 2946 7583
6855 1721 6867 1760
3030 5537 3068 5546
6935 3026 6950 3062
5692 2501 5739 2503
4057 5922 4079 5948
2951 7739 2972 7740
605 3108 632 3139
1536 620 1576 626
3958 164 3983 166
3852 4323 3876 4332
3817 5708 3837 5720
6951 4882 6969 4896
2386 40 2423 62
1751 6376 1792 6395
701 6061 748 6107
4792 3028 4840 3042
6376 4253 6395 4267
4793 3001 4835 3026
2055 3484 2096 3506
7846 5445 7862 5469
2800 4153 2838 4154
1245 2888 1285 2935
2294 6556 2297 6596
6853 2014 6862 2025
7837 5321 7838 5333
1864 4375 1906 4400
533 6723 542 6739
2914 6889 2922 6916
3520 297 3568 321
5453 696 5490 727
7467 1638 7496 1677
4707 5318 4736 5361
4968 4483 4970 4488
5819 3802 5841 3803
5199 2641 5206 2658
7440 3174 7443 3216
2190 3177 2199 3203
7094 2423 7119 2445
4708 7294 4731 7313
2007 4284 2030 4309
7300 2020 7319 2033
243 30 284 33
2822 975 2840 986
7095 4116 7105 4161
3477 4879 3491 4906
5324 1301 5354 1311
5741 4197 5766 4235
5309 4556 5315 4570
1916 2385 1962 2401
3415 3166 3445 3211
7962 6681 7977 6711
7699 2078 7737 2124
4933 3300 4974 3344
1460 5885 1462 5890
20 4704 68 4747
1533 4919 1536 4945
637 5472 654 5506
3176 3677 3195 3698
682 973 699 1021
6521 7688 6524 7707
6248 4627 6292 4669
871 1611 877 1660
2074 1535 2087 1564
1121 1343 1127 1359
2006 2256 2010 2265
583 910 631 942
760 2514 798 2522
2504 4937 2525 4955
6262 619 6301 631
6550 3463 6598 3483
5846 2377 5850 2411
1599 1279 1644 1316
1716 4863 1744 4874
1822 6807 1871 6828
3992 3166 4016 3215
274 3986 281 4032
6226 678 6251 687
7717 794 7741 825
6988 4174 7018 4190
226 1088 251 1111
1859 3622 1908 3651
6452 1350 6489 1352
4928 2289 4958 2333
7989 4443 8016 4454
4001 1720 4023 1766
3231 757 3266 763
3192 242 3240 251
3025 1511 3031 1551
2188 2771 2211 2772
376 3012 377 3052
3478 1706 3508 1755
6502 2632 6511 2668
4799 2687 4808 2716
7512 5294 7537 5318
116 3012 163 3026
1990 1255 2026 1288
6386 472 6434 501
1771 1953 1816 1984
7408 404 7414 413
181 6703 201 6733
4032 6740 4053 6780
2034 7040 2044 7071
2002 821 2013 828
3652 1458 3691 1482
2737 1771 2775 1817
5205 3362 5212 3379
296 210 323 214
3645 2986 3657 3026
5843 7081 5860 7113
4511 6073 4534 6074
2872 5377 2915 5414
4892 2093 4919 2134
2479 2544 2507 2575
5836 4787 5843 4819
1967 7358 2010 7362
2462 5805 2463 5830
4052 5027 4054 5039
6090 4235 6115 4272
7970 6333 7986 6371
2640 4790 2672 4794
5751 568 5752 572
1602 7445 1618 7493
2949 4063 2987 4102
3845 5301 3859 5335
5101 6080 5110 6113
6551 1454 6581 1483
1214 7859 1245 7865
5566 1657 5577 1664
1534 588 1562 611
5422 5551 5455 5552
4909 2089 4958 2117
1345 5251 1386 5257
4999 1997 5046 2009
3500 2059 3533 2082
2635 3208 2677 3240
7777 6096 7785 6117
1599 5389 1617 5438
3387 1633 3413 1645
7105 2322 7150 2346
5550 6891 5557 6913
265 2858 270 2899
7561 7105 7575 7120
7828 7287 7872 7291
4512 5629 4536 5634
4453 867 4488 897
2955 7852 2992 7884
2828 4335 2847 4350
4775 2731 4779 2761
879 7143 906 7171
3576 694 3615 733
1391 3231 1408 3248
1840 4713 1853 4751
1283 7099 1304 7130
3150 1327 3192 1374
1847 1965 1890 2012
7763 4383 7794 4402
5222 5794 5260 5832
1801 2290 1844 2323
4377 2971 4418 2972
4350 5566 4374 5614
7899 3413 7936 3459
6756 1451 6792 1493
6857 4880 6892 4883
377 372 381 394
1022 4290 1070 4296
3094 1044 3097 1057
3733 5803 3749 5804
4851 6981 4869 7003
2686 7456 2700 7462
2510 5213 2530 5244
7922 6146 7960 6189
295 3967 317 3986
302 6718 304 6723
6120 4113 6163 4114
3751 6958 3755 6991
66 5152 108 5165
2542 4270 2561 4279
5298 4518 5302 4566
2920 7805 2936 7821
1706 6991 1709 6998
4325 1840 4331 1872
539 6981 578 7013
7508 179 7526 221
325 4489 341 4507
4828 5358 4857 5368
2354 5507 2378 5509
3992 438 3993 457
2008 7647 2029 7677
2535 7166 2541 7167
2204 5776 2248 5782
316 6280 360 6308
1263 6443 1298 6462
3310 5753 3332 5777
5452 1879 5472 1921
5980 740 6001 778
6497 340 6514 370
5507 3023 5542 3027
2357 3596 2378 3611
7164 7727 7168 7759
5517 326 5545 353
6109 7094 6135 7134
1099 6207 1126 6244
4882 3088 4901 3119
3071 7490 3087 7535
7893 4626 7917 4660
6824 2824 6861 2853
6415 4125 6453 4129
7640 2689 7678 2736
6736 3265 6761 3284
2289 5111 2292 5152
2916 1361 2927 1398
1361 149 1376 162
5209 7451 5239 7492
4 4175 13 4190
5678 3332 5682 3362
2563 4594 2608 4621
931 1342 940 1374
3834 3264 3879 3274
3208 3874 3210 3893
6089 3396 6111 3424
3374 3476 3416 3513
1727 674 1744 678
7571 5566 7587 5571
3637 6392 3642 6403
7807 4434 7814 4435
4996 856 5010 870
2213 4826 2222 4851
430 1861 454 1882
299 6348 320 6365
2110 1681 2116 1692
6063 1224 6077 1248
2752 3308 2755 3348
1950 7743 1977 7791
111 5809 156 5832
1692 6475 1700 6482
2235 6587 2256 6589
4306 20 4315 31
6774 2319 6788 2339
3524 3079 3530 3109
5608 4355 5624 4378
947 3626 977 3674
5200 1969 5213 2012
6198 3980 6246 4019
1366 4466 1405 4478
6800 317 6814 341
4980 2695 5026 2714
2458 4983 2493 5017
4880 2851 4925 2896
1165 4139 1186 4187
3526 4006 3548 4045
2578 2979 2624 3017
5243 1500 5286 1548
1561 5756 1578 5765
1822 7317 1845 7339
3292 2944 3308 2977
7160 5706 7193 5725
2965 3349 2976 3361
4665 6841 4705 6885
3068 2857 3073 2865
693 7382 716 7402
934 3726 941 3735
5888 4016 5909 4031
1162 2747 1206 2755
125 7811 173 7844
2749 3439 2763 3470
4368 317 4402 326
3104 1611 3134 1654
2297 1456 2337 1470
6188 2395 6197 2438
3227 2580 3233 2599
1765 2018 1788 2029
7511 5905 7547 5919
3041 2109 3060 2132
2738 7122 2769 7128
7581 6894 7589 6910
1419 3370 1445 3403
6358 3479 6389 3496
4526 2505 4570 2531
6382 1077 6386 1091
4085 1811 4094 1851
6248 6197 6277 6199
3158 5751 3163 5795
2819 1166 2823 1214
804 6749 836 6775
4304 1293 4342 1318
2636 3062 2652 3066
1726 1345 1769 1363
3492 4516 3514 4518
662 6308 684 6342
1461 4019 1463 4031
4724 4608 4769 4626
2384 3182 2390 3192
4908 5083 4939 5127
6132 7844 6167 7845
7111 6501 7142 6518
7923 7276 7954 7305
4076 2400 4086 2445
1970 847 2016 874
65 6022 90 6048
743 1930 761 1936
6521 2139 6559 2175
5114 6835 5139 6865
1026 6539 1063 6552
6684 6549 6694 6560
3809 7956 3826 7977
1553 1053 1584 1093
4107 1236 4132 1252
6647 2498 6648 2535
1183 3651 1224 3659
6537 3096 6576 3114
613 7447 623 7481
6844 5146 6868 5149
2905 4690 2923 4711
3140 3405 3187 3446
3868 6420 3914 6439
5301 4289 5324 4326
2742 4677 2749 4711
835 6797 837 6837
4024 6811 4032 6857
6028 136 6035 148
999 6622 1012 6627
1178 2825 1204 2842
2250 6111 2272 6151
4206 2051 4222 2067
4444 3643 4492 3677
2929 6068 2930 6113
657 2281 683 2316
4263 420 4300 469
4652 761 4667 806
535 6157 569 6193
7993 5057 7998 5096
636 191 676 214
3345 1963 3360 2000
701 2132 705 2169
5356 2273 5403 2274
1104 5259 1130 5299
2366 5775 2377 5814
3386 1634 3396 1657
803 4449 826 4481
7817 4980 7835 5023
1317 4503 1345 4504
4953 7888 4973 7908
3887 4973 3926 5002
7422 4408 7426 4416
4409 5478 4427 5480
7016 3596 7036 3641
2988 1883 3037 1899
3440 155 3453 179
1231 3508 1278 3539
6847 728 6862 761
2856 982 2875 987
6363 1789 6402 1836
3572 7984 3614 8000
1375 2436 1402 2479
4100 4521 4132 4567
864 1852 898 1862
643 4537 676 4579
2072 5246 2121 5281
1777 19 1816 60
5071 4555 5091 4564
7454 1966 7466 1988
692 4651 710 4687
1617 1278 1635 1323
7293 6362 7338 6373
6607 127 6635 129
5458 5256 5477 5269
7121 7631 7130 7633
3985 6933 4030 6971
1750 3951 1770 3965
295 2754 326 2797
824 7334 857 7366
521 4135 535 4139
5825 3856 5835 3886
7577 190 7617 196
7670 5664 7698 5690
7465 1510 7511 1557
3124 1488 3128 1512
2125 6862 2157 6890
6647 5215 6682 5217
3091 3573 3130 3575
4938 2287 4975 2310
6243 2401 6252 2417
3461 3732 3471 3747
1936 5656 1968 5705
4248 3581 4254 3613
4784 1370 4831 1386
4235 5472 4272 5521
1384 6276 1429 6315
1439 6215 1464 6264
4256 6401 4292 6416
6240 2095 6261 2107
2286 6035 2293 6065
1051 5708 1059 5757
7949 5863 7998 5888
1664 7090 1695 7103
3598 5051 3642 5064
7554 6944 7578 6952
7096 4053 7141 4055
6404 3728 6421 3772
7068 2924 7108 2925
163 2394 203 2440
70 7932 82 7937
5890 2553 5922 2590
3938 5229 3957 5275
2680 5863 2708 5877
3609 6383 3636 6423
5949 4394 5981 4428
3690 540 3738 568
4363 1780 4371 1822
4067 2000 4089 2036
687 918 711 947
4815 7988 4822 8005
7835 6008 7846 6046
4709 3410 4717 3426
5414 710 5457 730
7614 7352 7655 7364
19 2194 45 2241
5023 6133 5027 6176
6594 4882 6624 4922
1038 3672 1049 3673
2103 5641 2119 5651
4072 5959 4104 5972
827 221 863 261
7547 6406 7586 6447
2540 2720 2557 2750
7878 870 7886 893
6864 5855 6897 5861
6013 7110 6019 7133
1077 1812 1087 1854
4829 1484 4832 1522
6651 1469 6692 1496
642 7647 677 7693
7816 7771 7838 7811
1128 6037 1134 6067
3407 5030 3426 5077
7936 6938 7963 6966
1305 3935 1307 3940
264 7889 308 7908
728 63 753 81
5686 6233 5722 6261
1664 1655 1689 1698
2519 7570 2530 7600
2732 4449 2761 4483
7990 4920 7991 4925
6738 1358 6760 1381
4507 1348 4519 1358
7223 4752 7227 4776
6305 6862 6312 6900
3279 5148 3318 5172
2741 6336 2790 6345
3898 82 3916 99
4537 1267 4544 1299
1170 4930 1185 4961
5233 6124 5266 6138
5574 7489 5581 7507
149 2088 178 2120
6670 6068 6672 6113
7124 4950 7167 4955
4457 888 4496 901
3316 5957 3353 5985
2691 2574 2733 2611
6351 2391 6396 2403
1432 3509 1449 3535
2096 644 2122 666
4113 3835 4155 3855
7335 4597 7354 4639
396 1891 422 1901
5640 4057 5667 4078
123 4858 125 4867
707 4051 708 4059
3610 5394 3619 5431
1439 1761 1482 1768
3592 54 3639 58
3068 3856 3084 3888
4090 7251 4137 7280
6587 3040 6633 3066
3475 4560 3483 4573
773 2561 815 2600
3026 3145 3038 3172
1090 3485 1139 3488
248 7075 252 7116
1748 7513 1758 7551
237 7327 259 7334
3198 2111 3247 2146
379 2246 409 2270
7345 745 7372 784
1650 6253 1677 6291
2769 5007 2810 5051
5820 2570 5864 2596
4219 5389 4220 5390
7815 5758 7858 5788
4671 3520 4716 3544
2542 1836 2545 1873
4240 622 4266 648
3449 7767 3462 7796
2203 2970 2222 3010
93 6097 99 6125
440 1152 458 1180
16 524 36 567
4558 1890 4581 1909
6190 173 6228 177
2986 1220 3012 1267
7330 6367 7359 6396
2316 5803 2338 5804
4343 5679 4353 5706
7185 3147 7211 3189
2199 7022 2226 7028
2960 7530 3003 7552
2510 2596 2518 2620
1524 6401 1525 6430
2090 6435 2134 6451
4433 2029 4453 2048
4782 6364 4822 6381
3735 1207 3738 1252
7834 3133 7854 3162
6720 7762 6760 7768
6100 510 6136 557
898 2677 942 2683
3357 4120 3363 4162
1467 2595 1495 2618
6004 806 6051 817
5572 1480 5600 1525
444 4295 455 4305
7622 2234 7661 2249
5411 6956 5414 7001
7954 3036 7961 3081
4536 7414 4562 7449
5118 5186 5144 5215
6428 5825 6436 5847
4076 7246 4106 7291
1553 4572 1560 4605
2581 250 2613 286
3192 6181 3202 6224
31 4756 44 4802
1756 2221 1780 2227
3069 548 3112 572
7746 4985 7793 5031
4223 1739 4227 1781
633 7722 650 7762
7846 4079 7868 4102
2940 1206 2956 1213
3661 5229 3681 5273
4817 424 4850 442
6181 4808 6186 4849
2369 5162 2395 5172
275 4965 305 5004
7043 4273 7049 4274
3187 2285 3210 2324
5339 7402 5361 7408
7263 3783 7267 3816
2128 1959 2152 1983
1684 5795 1727 5808
2867 7112 2906 7152
1478 4525 1493 4553
7983 6587 8016 6599
6096 5041 6123 5055
6709 55 6738 79
3835 5496 3838 5540
7660 6884 7696 6894
4380 7358 4398 7389
1421 2043 1445 2069
3759 434 3802 451
431 5935 462 5973
3982 1455 4015 1461
7451 7939 7460 7986
3654 3024 3678 3066
5889 5451 5914 5454
3264 2189 3304 2208
3417 3940 3452 3982
1095 3566 1108 3603
362 6882 398 6918
6493 887 6520 936
969 415 979 450
2740 2172 2756 2218
5562 3644 5583 3654
6128 1373 6177 1395
4824 6347 4850 6370
2353 3775 2389 3807
7061 254 7090 276
5732 3357 5772 3360
6694 6933 6716 6970
6531 1893 6558 1920
4246 1056 4277 1068
5688 1582 5702 1587
6115 5834 6118 5877
2202 977 2228 978
6406 7392 6429 7432
482 2008 531 2055
3110 876 3143 885
2923 5865 2926 5894
3009 1537 3024 1568
2885 4275 2889 4311
4203 774 4223 806
3418 2333 3441 2368
3920 7265 3935 7278
4553 7400 4590 7445
3863 1811 3872 1846
4121 4434 4125 4482
5991 3263 6006 3301
1887 6061 1915 6096
3423 3028 3435 3064
12 2645 27 2651
1530 4895 1570 4917
113 2334 123 2370
2526 3998 2564 4000
3190 3868 3209 3878
813 4659 818 4704
4723 2916 4738 2957
6384 2929 6409 2954
3192 6750 3219 6790
3548 5571 3560 5612
2329 2006 2331 2040
2266 7307 2299 7353
5362 6335 5395 6357
5378 2068 5421 2074
1543 723 1576 766
5007 2068 5038 2069
3243 5245 3281 5267
3408 449 3413 495
1886 3056 1907 3095
7558 7305 7576 7336
1010 3390 1029 3399
4763 2847 4787 2888
6737 340 6759 351
557 5504 598 5515
1927 2219 1934 2268
2185 6731 2233 6738
4304 4266 4350 4305
943 6313 987 6351
6836 3490 6873 3500
656 7939 701 7959
634 4424 648 4466
5589 4838 5601 4845
2681 6579 2699 6588
3047 3243 3054 3274
4643 6372 4684 6393
1975 5477 2024 5504
1060 317 1089 328
6810 4443 6859 4453
1193 2246 1198 2275
7891 3280 7895 3309
2810 1362 2837 1385
7692 3997 7715 4012
4188 5888 4230 5926
166 6840 191 6864
4621 7098 4656 7141
6483 181 6499 223
1704 4517 1744 4549
434 2720 446 2761
3684 3065 3719 3113
6797 5771 6817 5784
5153 6925 5197 6968
1930 1408 1931 1429
4368 4925 4375 4968
7883 4273 7914 4302
6477 206 6494 224
6931 2957 6940 3002
4466 1669 4488 1690
7371 3014 7384 3045
7529 7226 7572 7253
6258 5078 6259 5105
5619 1705 5620 1715
4541 3357 4590 3371
4635 6404 4661 6410
4670 4701 4701 4720
6991 921 6992 969
6020 5445 6025 5491
2549 1338 2567 1364
138 1900 183 1943
1340 5918 1378 5934
3760 6631 3774 6666
3528 2188 3554 2235
7697 1345 7718 1366
5174 6474 5205 6486
4196 6391 4202 6398
4998 4317 5014 4346
3178 1287 3222 1305
4425 4549 4434 4568
6653 6052 6662 6059
3189 5827 3219 5839
594 3123 636 3124
2786 4379 2821 4420
1538 5638 1545 5650
54 5771 87 5772
5207 3871 5254 3905
3152 5456 3171 5459
6424 3598 6461 3642
236 896 249 935
5614 4169 5650 4186
5097 4039 5114 4041
7153 6079 7164 6119
2054 923 2072 970
873 3808 920 3843
6378 7198 6389 7231
7976 1721 8023 1769
2525 2348 2573 2386
2660 4799 2679 4808
4473 7381 4492 7394
2725 1992 2743 2019
4419 4784 4451 4789
449 1968 467 1975
2151 1519 2194 1545
7009 7045 7018 7075
5342 1831 5352 1865
5733 5083 5756 5084
5072 2666 5121 2685
3456 5115 3503 5156
4850 6473 4854 6511
3273 512 3285 554
7414 160 7439 182
3966 1439 4003 1481
1598 3012 1637 3031
5375 413 5423 434
1541 321 1571 339
1014 715 1032 748
519 5533 524 5580
5201 7457 5221 7466
7692 7683 7711 7711
3976 3084 4006 3118
2029 2896 2048 2918
1113 3077 1146 3106
7709 6750 7713 6758
4480 1654 4528 1696
1271 2261 1302 2306
46 3251 94 3299
2792 4291 2793 4303
2804 1545 2828 1563
1385 7146 1407 7180
3909 1823 3941 1837
7285 159 7286 207
3288 468 3294 491
4813 6017 4814 6055
7026 5340 7074 5350
6498 2647 6534 2669
6793 6841 6797 6886
2631 7404 2635 7405
601 3437 611 3483
2551 4374 2570 4393
4175 3428 4214 3449
5915 5553 5933 5579
4212 6739 4235 6764
262 2697 281 2708
6808 4516 6843 4560
3138 610 3167 640
349 4307 393 4353
1057 4664 1077 4678
7599 5329 7635 5340
7966 4604 7996 4629
908 4488 925 4510
2187 708 2233 736
6880 2323 6920 2324
3082 3998 3127 4013
4318 1559 4353 1588
1308 5997 1353 6020
2395 6798 2407 6828
2318 6987 2360 7028
2679 5222 2712 5226
6631 6043 6638 6044
1943 4817 1974 4845
6510 2671 6544 2691
2042 5481 2084 5505
3258 5907 3296 5912
6789 468 6817 515
7132 906 7149 919
394 595 422 598
157 528 178 540
3733 5391 3760 5433
3162 515 3167 538
5719 3001 5757 3044
5316 1056 5341 1059
1070 2610 1074 2643
4445 3518 4464 3529
7749 1173 7766 1194
415 5118 433 5132
3358 4228 3370 4235
1762 6581 1809 6624
4511 7781 4512 7817
5237 641 5279 660
5496 7478 5522 7511
1409 2176 1445 2194
7743 3051 7746 3058
270 5295 314 5298
2916 1888 2957 1906
4567 4407 4606 4454
3074 3892 3082 3907
813 6968 860 7011
1371 3647 1404 3691
4235 2772 4256 2808
62 4788 103 4822
921 1585 953 1618
6109 7342 6145 7376
448 4895 453 4907
662 2829 699 2855
6285 3562 6293 3570
2692 5907 2714 5954
1232 7143 1252 7169
5065 1331 5078 1356
7198 686 7234 709
3340 7015 3355 7055
584 6763 606 6767
3557 7984 3591 8016
2554 523 2557 558
1317 5985 1321 5989
1488 3560 1509 3595
6419 7541 6445 7542
6877 4356 6890 4401
5342 7238 5363 7240
7961 3101 7996 3104
3856 1021 3883 1051
4380 657 4384 698
6032 2271 6050 2296
6125 1452 6167 1464
3953 3462 4000 3503
6062 6089 6105 6135
6378 4167 6394 4168
2321 3443 2331 3449
670 4194 677 4217
5825 6039 5828 6065
248 6640 291 6662
2241 6473 2273 6496
3858 5642 3898 5650
7634 6684 7638 6726
6930 7602 6931 7633
7105 1834 7138 1836
7319 670 7343 679
7699 2587 7746 2609
5696 5271 5717 5289
6857 5577 6890 5601
2882 4448 2903 4494
7695 7823 7708 7844
6401 2807 6447 2833
6400 2902 6434 2904
4527 850 4529 877
7008 2636 7048 2639
4120 1471 4169 1496
860 2085 871 2090
6524 7391 6548 7418
2014 7632 2048 7644
5805 2332 5840 2369
7882 1929 7905 1965
7617 6686 7620 6700
4394 1499 4443 1511
4978 4488 5004 4521
954 4757 994 4798
1229 4446 1256 4469
2472 6257 2517 6275
4463 3832 4487 3861
3765 6922 3795 6938
7706 2004 7724 2036
5588 46 5618 93
3132 4339 3148 4348
5596 2862 5605 2869
586 7370 629 7403
7506 5434 7522 5440
6702 5890 6705 5928
5740 6678 5755 6679
2902 822 2913 825
846 5271 860 5279
2545 4625 2567 4636
6951 7248 6982 7254
5519 3023 5545 3047
6546 1832 6583 1871
1929 4863 1968 4896
7496 1673 7524 1676
2403 861 2409 873
1976 1355 2004 1371
4832 5411 4855 5418
6486 4691 6521 4726
2510 7751 2552 7770
6413 7551 6415 7582
3822 75 3870 110
7161 7925 7183 7951
3912 7769 3956 7784
6678 3763 6722 3768
6644 6570 6688 6571
3674 1401 3684 1447
4149 6437 4193 6452
5812 3329 5856 3357
7228 7917 7243 7935
4146 2097 4179 2101
5892 2783 5916 2784
2087 1130 2105 1145
5334 732 5381 743
5191 5248 5208 5249
4594 1911 4636 1921
36 5654 85 5672
3217 5067 3266 5068
469 2186 507 2231
3175 7095 3212 7123
1525 3605 1544 3609
7333 7763 7374 7786
3267 4709 3313 4715
1745 3406 1749 3436
4856 5039 4878 5074
7067 3350 7086 3396
7117 7981 7127 8010
6347 873 6360 915
7891 5025 7904 5048
6502 463 6524 488
443 7967 475 7998
4737 5168 4767 5204
3221 1848 3254 1882
1209 5805 1239 5811
7237 5390 7275 5407
1198 7831 1237 7833
1356 3733 1381 3743
78 5630 85 5640
5770 232 5799 254
2376 22 2398 27
5950 4111 5973 4156
173 4760 198 4789
1333 4754 1347 4780
6161 5801 6188 5816
1059 1403 1099 1438
6620 7135 6659 7175
1005 7057 1009 7095
5587 2947 5596 2970
2426 3347 2446 3369
5530 5896 5569 5930
6462 1169 6493 1182
3767 7299 3768 7334
804 3854 842 3871
5949 2991 5951 3012
4804 7663 4841 7698
3862 4641 3911 4683
1297 385 1320 402
2842 6322 2864 6362
1427 810 1463 834
2080 6100 2126 6126
2752 7876 2776 7924
1103 420 1146 468
2917 2257 2955 2281
3703 7095 3724 7140
1164 1180 1211 1189
605 6646 622 6663
1977 1246 1986 1248
2149 5804 2169 5843
5122 6048 5156 6082
2273 4931 2288 4937
387 1352 415 1389
5066 5164 5069 5194
3282 6638 3306 6642
7193 1041 7205 1083
1995 5764 2038 5776
7451 2410 7478 2450
7877 1557 7921 1598
4752 3381 4781 3411
3740 1089 3763 1093
2252 4434 2282 4470
1807 1319 1851 1337
4702 7689 4748 7712
3336 884 3338 905
4430 1022 4474 1035
883 5053 897 5092
5187 554 5232 602
4137 3292 4157 3312
2718 2834 2724 2872
3415 7000 3432 7013
7845 701 7887 712
2474 1731 2483 1732
7332 1310 7361 1357
2000 4722 2048 4745
812 5105 843 5139
1046 3503 1058 3539
6062 2514 6075 2543
5703 1381 5745 1382
6895 7161 6897 7174
4298 5564 4303 5572
3968 2360 4016 2389
6375 3726 6421 3769
2773 7683 2789 7726
4767 772 4769 774
7099 2378 7127 2379
2017 5609 2041 5633
243 4425 265 4430
4450 3675 4460 3686
2255 6000 2270 6035
1163 1037 1171 1038
5493 4140 5514 4180
3215 3820 3251 3849
772 7384 793 7416
4308 6750 4336 6761
4397 5169 4420 5202
6230 2604 6275 2626
6339 769 6375 818
6350 2333 6390 2346
1859 2557 1865 2584
6434 1649 6456 1682
6849 6359 6878 6361
79 7859 121 7873
7172 3707 7181 3721
2034 2712 2065 2719
2282 4740 2325 4772
691 7063 716 7064
1416 2562 1454 2602
5037 7120 5070 7129
616 7824 624 7852
7331 50 7346 52
2889 4314 2931 4358
4806 2748 4853 2757
1768 6334 1769 6350
1667 5525 1678 5571
2561 653 2578 668
2658 6515 2681 6523
5573 5808 5605 5814
5571 3541 5592 3564
1481 6422 1488 6458
7788 3145 7801 3147
3417 1928 3438 1929
6741 5518 6758 5541
2393 7113 2406 7148
4131 3675 4145 3694
427 4857 440 4866
135 6541 169 6577
4428 6974 4472 6987
6345 2762 6394 2784
4695 7469 4702 7488
2643 7354 2685 7358
3248 6758 3271 6804
2305 7941 2346 7950
1262 4633 1263 4678
7593 5386 7606 5394
898 5745 907 5781
142 1582 174 1602
6807 3399 6840 3442
398 5188 433 5214
6582 5431 6618 5455
410 93 422 95
7448 7952 7478 7980
239 7390 250 7394
471 747 504 753
4280 5639 4321 5674
5561 2097 5573 2107
3768 4199 3783 4200
552 2817 563 2823
5759 6412 5808 6425
3647 5281 3670 5327
2853 1424 2886 1435
4496 1233 4542 1239
3954 5417 3974 5420
1211 6137 1219 6150
345 7035 355 7046
2564 5878 2577 5904
7353 1794 7364 1838
690 1569 715 1612
3889 6244 3922 6264
1542 4266 1563 4276
2148 675 2152 699
2400 1359 2401 1389
1747 7135 1762 7137
7709 6423 7715 6444
581 7566 614 7574
522 2316 541 2319
4675 805 4698 826
4837 5294 4852 5332
5329 3265 5337 3298
111 7942 120 7957
5812 51 5816 89
3217 680 3223 681
5913 7310 5922 7319
3146 1644 3156 1693
6609 583 6658 600
3721 2714 3754 2744
3144 1955 3169 1995
7606 5469 7641 5517
792 4766 804 4782
896 2860 897 2884
1595 682 1605 723
7572 4370 7592 4418
348 7897 367 7941
5085 4448 5088 4486
6113 1244 6154 1277
3551 7013 3575 7059
7582 4736 7611 4782
2348 3234 2390 3271
6756 2070 6804 2104
5011 4227 5018 4236
4818 4510 4826 4532
5329 6190 5336 6228
6079 5159 6100 5173
3761 600 3787 643
5580 1206 5600 1226
4058 230 4095 278
552 7156 589 7197
5370 538 5375 572
1255 1576 1294 1587
6146 1222 6176 1269
2499 5160 2512 5201
6092 6727 6117 6755
7114 1868 7116 1888
2473 6473 2511 6491
3044 1594 3045 1615
2618 3556 2621 3584
7882 2966 7902 2972
1479 7925 1484 7967
2414 7305 2436 7353
6767 4587 6784 4604
5903 118 5916 149
1538 3713 1549 3760
5700 4286 5711 4306
4466 2166 4514 2195
1510 3066 1514 3081
4870 130 4895 138
1986 281 1995 286
7933 3069 7935 3092
1908 2497 1925 2515
3417 2805 3437 2848
2241 5945 2267 5962
1135 5492 1181 5539
6476 281 6506 312
7657 954 7672 996
5997 7939 6026 7967
5177 2661 5193 2671
4009 6667 4028 6696
7188 568 7234 579
6779 6895 6787 6941
6001 5781 6032 5830
2058 5298 2087 5304
5074 755 5087 776
325 3588 367 3596
1325 4914 1339 4941
7974 5633 7998 5653
858 5941 891 5955
5902 6369 5907 6393
994 6006 1027 6050
7798 3278 7819 3283
5877 6696 5903 6704
2386 7226 2408 7274
936 6447 945 6482
1931 7428 1942 7444
5493 6242 5542 6245
5270 7327 5280 7328
4793 5369 4830 5381
5658 2177 5698 2221
4737 3014 4766 3036
7706 3092 7730 3132
6597 7473 6632 7487
3698 6359 3739 6406
5003 760 5037 786
5565 795 5576 796
2470 396 2471 431
6791 3913 6801 3926
3761 2163 3774 2177
6544 7701 6569 7744
3354 5598 3388 5608
6309 4783 6330 4823
5305 6007 5325 6053
3295 3734 3343 3750
4778 6791 4799 6817
6535 3858 6539 3861
2584 1668 2603 1689
5653 7893 5692 7931
5209 1417 5236 1447
1766 4292 1809 4309
2491 7864 2509 7867
96 512 114 537
6491 2652 6493 2668
2570 643 2603 689
1629 7523 1648 7557
2290 4967 2311 5002
3450 5666 3489 5703
4651 6290 4672 6303
4404 2483 4438 2510
4373 4836 4411 4858
961 546 982 554
1746 1468 1754 1506
2300 1537 2332 1581
7355 3035 7400 3068
2886 5943 2923 5987
2567 3615 2598 3653
7198 7289 7199 7318
1074 3433 1094 3460
4901 3696 4928 3710
6759 1250 6775 1266
4727 3538 4761 3577
1175 1989 1215 2034
5369 3983 5379 3985
7908 3383 7925 3411
3126 7433 3145 7448
6233 4998 6255 5011
3564 451 3585 476
5249 734 5268 745
1262 7467 1296 7475
7944 3169 7975 3203
304 791 347 822
4821 1160 4831 1179
4863 4501 4909 4526
2423 1902 2442 1933
1822 2643 1856 2692
1104 1531 1106 1532
7258 4925 7306 4967
45 6854 83 6866
58 1682 82 1725
5804 994 5828 1000
7970 5903 7991 5930
6671 3739 6701 3758
5346 6084 5387 6091
5130 3357 5168 3366
3879 7707 3884 7730
2689 2673 2719 2713
7602 7118 7607 7124
1364 192 1385 223
1431 7578 1467 7627
108 1035 130 1082
543 5281 591 5286
6456 2476 6462 2486
5862 3116 5910 3132
5669 4872 5702 4875
933 7948 948 7968
7662 4748 7693 4794
7471 1208 7504 1224
5993 832 6024 836
2864 2567 2897 2573
908 4480 933 4500
